Delta_Power,Theta_Power,Alpha_Power,Beta_Power,Gamma_Power
0.6792076560374329,0.19299570923527495,0.09148086066167678,0.029215887379985633,0.007099886685629904
0.8860477703081692,0.05462487352630866,0.03542514598612104,0.01879906779668212,0.005103142382719226
0.8706705674062545,0.07303404724430858,0.034407781867361056,0.0159976502268258,0.0058899532552500735
0.8022074919849329,0.12493415213768706,0.04542980699798865,0.020594317430839594,0.006834231448551669
0.8269825732339644,0.1070280142576345,0.0438196964237669,0.018372564201074536,0.003797151883559792
0.766751151972747,0.12009774946938931,0.07843830329896047,0.02560982829866078,0.00910296696024264
0.8104165450331957,0.10118656512840696,0.05167429740687039,0.029109673973038236,0.007612918458488727
0.6758066736641826,0.229018606957503,0.0551909256418028,0.030600424721681636,0.009383369014829971
0.692022075307858,0.20884638459135701,0.06970949832099822,0.02263678171164138,0.006785260068145223
0.6023591411042236,0.23385756884886316,0.10666612942007876,0.04808951382264285,0.00902764680419185
0.549750076087392,0.32624470213810797,0.07714994548585113,0.037754994435136253,0.009100281853512499
0.726227083997929,0.1857565352179038,0.04495427506814513,0.03569670359652726,0.007365402119494831
0.8892623805512616,0.06487228594785387,0.030037388295083327,0.012204516702775474,0.0036234285030256642
0.7521710582548089,0.15043727955726366,0.0610435873036825,0.029238551745531437,0.00710952313871354
0.8042681005942045,0.12131951164956861,0.040374055035141576,0.026416352718873652,0.007621980002211949
0.7345180814096227,0.1736277049334403,0.052310498458269655,0.032048664969834585,0.007495050228832608
0.5388959083964612,0.2706594215542678,0.1322937178395152,0.049253152647643655,0.008897799562112015
0.7160357273117622,0.17246684386848796,0.07295123930313423,0.031230040646187195,0.00731614887042835
0.7057955570794184,0.1666738437674858,0.08168275367964234,0.036064433974844275,0.009783411498609309
0.8336097407490863,0.10202406053291234,0.038376075977678586,0.021259004379131523,0.004731118361191199
0.8430740209003686,0.07938548422393957,0.052283238268063366,0.02028349981227864,0.004973756795349796
0.7356745190444515,0.13033120104609075,0.07650284398059459,0.04402799167152834,0.01346344425733501
0.7746153668630579,0.09790353797246107,0.07951672299231524,0.036366963985397745,0.011597408186767872
0.864715320309413,0.07231422154609955,0.03512568624756054,0.022271755493124545,0.005573016403802286
0.7137476256630131,0.14726261647368913,0.08884741127941287,0.04168766907087534,0.008454677513009445
0.8184218318241449,0.10160062792786634,0.05259825381936152,0.022037577739626845,0.005341708689000555
0.6007720868298208,0.2769013080726448,0.07271164649373549,0.04100959743909492,0.00860536116470398
0.7447120655005862,0.14231918850111278,0.0703643471086388,0.03462944687620643,0.007974952013455917
0.6808730411943374,0.1680061965560185,0.11310526089944027,0.03009588122183691,0.007919620128366677
0.7894691354722909,0.10823653553863823,0.07621274446249418,0.020245219218705483,0.00583636530787136
0.761448247421907,0.1357299949399448,0.0701896981289138,0.026129824620616898,0.006502234888617455
0.7406104568661036,0.12752615155734023,0.08231458308089178,0.03947987982271363,0.010068928672950717
0.782303013736697,0.1252656302027479,0.061266244671371685,0.025488904757772202,0.005676206631411255
0.6504770117553819,0.20672118046658597,0.0854173488758089,0.044490934926334734,0.012893523975888544
0.8781874590559771,0.05652849830839455,0.04462987154745889,0.01643985126863149,0.004214319819537986
0.7726145413977324,0.12676220258515017,0.06145038026697956,0.029765155184452087,0.009407720565685783
0.801347101587571,0.1138977265326856,0.05754798432186177,0.022069707167567443,0.005137480390314146
0.6678537021199101,0.21340081658791535,0.07090839156899349,0.03631826902544356,0.011518820697737306
0.6253810897021395,0.17361751073685358,0.1366056358360447,0.053253558955756404,0.011142204769205692
0.7334438872581613,0.16298181241793078,0.060129565654476955,0.03478867205393234,0.00865606261549854
0.7549637661876729,0.14353446060591166,0.07352035788965587,0.02313477371004758,0.004846641606712061
0.6940876657221556,0.20886885406080552,0.06582427435777945,0.02538840964549494,0.0058307962137646545
0.8303267622908674,0.09978598881022864,0.039149150405310675,0.02465142232660002,0.006086676166992974
0.7685983179813157,0.15097990204027376,0.04910297649730095,0.025715938028785225,0.005602865452324391
0.7105813045274698,0.20477003806236024,0.05184902929925498,0.027325729847490793,0.005473898263424157
0.6844061436361959,0.14727130410508352,0.12539434839606364,0.03475407217174915,0.008174131690907818
0.7869458096183108,0.1216235618990694,0.06327958825340439,0.02169368000237408,0.006457360226841209
0.7406207418952878,0.14970182099260007,0.07871217883905184,0.024675855030418376,0.00628940324264178
0.7140292111781431,0.18985408117031052,0.06409392089090472,0.02511907002366079,0.006903716736980903
0.672977254902548,0.17658687491230596,0.09004573541625552,0.050013111715162914,0.01037702305372763
0.634376367057239,0.21515680455657205,0.09254952588713398,0.04672978343789927,0.01118751906115577
0.8061973728515816,0.09811249040251199,0.06504380874655948,0.02310801956463887,0.007538308434708074
0.8019080841629151,0.11441823914471116,0.04568399764266453,0.03060633039169276,0.007383348658016297
0.8455043482366528,0.07523448752376709,0.053467438822502864,0.020486944086563808,0.005306781330513494
0.8614150996338742,0.0744842161846455,0.03477689339051425,0.022888696978124057,0.006435093812842217
0.8385054434498309,0.09033840671999283,0.040141523350332844,0.023842640241990964,0.0071719862378524495
0.8132027610119279,0.09258666715247721,0.060715393234180084,0.025596675771721745,0.007898502829693083
0.6575685101861027,0.20603138664700402,0.08433228173389674,0.040570553802867435,0.011497267630129109
0.857076165055575,0.0742477680608019,0.046121131454243444,0.01647125831663346,0.00608367711274623
0.7387762618038327,0.1219498932044823,0.09537573864555424,0.031975301323783054,0.011922805022348009
0.7073553265612359,0.18097556499410167,0.07235592579047495,0.02873909097689072,0.010574091677296931
0.8089678812257264,0.10274812980640381,0.05677932565374076,0.02472458532063979,0.0067800779934895205
0.6525562585637236,0.17726944547888757,0.13183627694468034,0.028695874466783833,0.009642144545924533
0.6813648544985956,0.1546193787200117,0.1146694250149403,0.03985471185313624,0.00949162991331605
0.85493085329248,0.08923498347637476,0.03753904778405655,0.013655650321017149,0.004639465126071578
0.7928056629386014,0.09756387195877729,0.0731778910731942,0.028292904739758186,0.008159669289668936
0.72060243281704,0.13408267737611015,0.10252385207189994,0.032437909037637276,0.010353128697312652
0.7076863287333798,0.19696540530298923,0.06194185537824443,0.024975173641897528,0.008431236943489094
0.6998125833263514,0.1985372432256544,0.06305770339456333,0.02934089172149998,0.009251578331931035
0.7861197656886477,0.12663186362764367,0.05378862245907531,0.026361781385198263,0.007097966839435133
0.7513759888845227,0.1485348484603116,0.0689924511580484,0.02492951969913741,0.006167191797979752
0.7861863523420858,0.1214839954399014,0.06165332751137246,0.023916122888450336,0.006760201818190029
0.8237998977501235,0.11816013225278096,0.03344057327944907,0.02073796899767616,0.0038614277199703396
0.7831579124287211,0.13206670246588603,0.054022896204659554,0.024632034294760984,0.0061204546059724025
0.7449754544096816,0.14530702302342385,0.07696357879918243,0.02511650227779751,0.007637441489914515
0.8571262429404951,0.09239514572605083,0.027884298792505518,0.017768640328595868,0.004825672212352732
0.6867811261520108,0.17683634999845121,0.08234847953424344,0.04073288539883065,0.013301158916463955
0.8349719267440824,0.09850261485985985,0.045745187543911305,0.015979183046731037,0.004801087805415706
0.5147728627373532,0.24759409621503037,0.16951626736449987,0.055624101746806674,0.012492671936310089
0.7336242750439497,0.1311686987451369,0.09127668191771908,0.03585161529043807,0.008078729002756434
0.8185565884642733,0.10104035829537993,0.05651490709683914,0.019019019398689517,0.004869126744818004
0.5779000825803781,0.2720798581656877,0.09177598995738599,0.0456289623292778,0.012615106967270619
0.6641613396728062,0.22303464438692602,0.06104887274354981,0.04001839485707501,0.011736748339642987
0.8484977670281688,0.08712016052397097,0.03052450839781248,0.022662616154861044,0.011194947895186694
0.8177089293012954,0.06335972353992865,0.059896331543841524,0.03452439848229487,0.024510617132639398
0.8129182997104459,0.10553662305878908,0.05705756230374757,0.01792819382687614,0.006559321100141188
0.5027656199881978,0.26863416882218083,0.14583564553820935,0.06789516184629088,0.014869403805121069
0.6883268768004939,0.17766309688989013,0.07933161657436032,0.04647383130807025,0.008204578427185312
0.8346204377165513,0.1045270676717204,0.03423589576480157,0.020846422218455524,0.005770176628471321
0.7340938022292802,0.14964954975187528,0.06477750975137968,0.03902364949994028,0.012455488767524591
0.6760649055670024,0.17659614175943483,0.09173806313776448,0.04353725408474596,0.012063635451052457
0.8042516364848286,0.12162143952999305,0.04343834547201344,0.025411669850075664,0.0052769086630892505
0.7383977970830442,0.15559745174268447,0.07137177192062087,0.0272031430377195,0.0074298362159311085
0.8293273084742601,0.10238386035172524,0.047326518606732766,0.016143213646234382,0.004819098921047445
0.6875196434676782,0.1646491300599885,0.09515431850080626,0.0413277388253047,0.011349169146222299
0.6492004061631811,0.20509139703069051,0.10148735881642224,0.03444834492311622,0.009772493066589982
0.8995016208858927,0.06647904802597741,0.021228825813993525,0.010090957329725533,0.0026995479444109323
0.7626019387412394,0.13375004760712045,0.06161811116650037,0.03094005473862567,0.011089847746514146
0.72834351534399,0.1531218171358577,0.0762341413054026,0.03295883387459508,0.009341692340154476
0.5526195380481582,0.27320342386955054,0.11202955605259185,0.04758188964252171,0.014565592387177652
0.6396239900951014,0.24282432777425061,0.0668455821467654,0.03710234472979167,0.013603755254090934
0.7199369559209284,0.16798467286414223,0.06881022173451978,0.0345726146185101,0.008695534861899328
0.8005878749008478,0.12544098084481384,0.047106952384351364,0.020651595793116737,0.00621259607687017
0.8237337181284963,0.10965288471198799,0.037092637135627694,0.024356657341780063,0.005164102682107959
0.7129456354422067,0.16173578643881723,0.07991126831457501,0.03469682389056812,0.010710485913832841
0.8295384395945113,0.08568283636310213,0.058700520961098374,0.019896132363070973,0.006182070718216977
0.7676289304114667,0.0987967097726447,0.09270718902909858,0.032840910470795764,0.008026260315994158
0.6320129142041244,0.21104028177401787,0.09398136896036133,0.05289729256487728,0.01006814249661913
0.792401483622861,0.14461005057736667,0.035324359675774186,0.021753074598537387,0.005911031525460634
0.773932221848085,0.1269622863698636,0.06133941391979789,0.029868606589682933,0.007897471272570532
0.8115447925098379,0.0988034788552493,0.05812567088784928,0.02537605693555271,0.006150000811510946
0.8221483167271273,0.11267635668214449,0.038362393799816576,0.020750181207664038,0.0060627515832475274
0.7012405552590549,0.19848431512781786,0.06341771914180967,0.02948900833005049,0.007368402141266976
0.790706061318,0.12777205716802684,0.04726489012658668,0.026281747153243735,0.007975244234142902
0.7706857681170858,0.1315348857982863,0.059701328412270355,0.02948137472601977,0.008596642946337904
0.8334150668135021,0.08917054453969728,0.051274981437928496,0.02066262343372066,0.005476783775151552
0.7822422616510208,0.12184932204194472,0.0591096210930177,0.028191638022978756,0.00860715719103789
0.6035721598434893,0.23192081174042686,0.10755538257622196,0.04416684502169075,0.012784800818170999
0.7552462904085973,0.14570909541034555,0.05370496909618586,0.03795787057057938,0.007381774514291918
0.7528491631635389,0.16697404767831803,0.041534781554156214,0.030419275253517748,0.008222732350468961
0.7400883382837832,0.17882700918468464,0.04972384605141918,0.023725431355682974,0.007635375124429865
0.8483866353700324,0.10380728487646095,0.030228814253282145,0.01275267269257014,0.004824592807654376
0.8096456457388627,0.11386926530752609,0.04260380387210704,0.026560867767856468,0.007320417313647815
0.7795152633078246,0.1401313196569036,0.05543902281807068,0.02003016920449456,0.004884225012706618
0.7912302359493316,0.1182556952528494,0.05869957016341168,0.024987724727445954,0.006826773906961363
0.8155443018363481,0.118321684943964,0.04003024466722795,0.02125389622333993,0.004849872329120052
0.6959137235819891,0.16419813535336483,0.08857048766042228,0.041901586653443595,0.009416066750780338
0.7562834585507963,0.17429330435297932,0.03724647027001248,0.02503586040337056,0.007140906422841515
0.7493506448793444,0.1606729254103822,0.04983479474069989,0.03348127346890985,0.006660361500663463
0.5568246607222923,0.26982757409771024,0.11746218559438064,0.04523016577015533,0.010655413815461548
0.7257514523245472,0.18353572849991834,0.045111305507284226,0.038428953432773146,0.007172560235476998
0.841403591077337,0.09020274234398544,0.036379078999272806,0.026842455306920355,0.00517213227248434
0.7687150702980645,0.1347401555097461,0.0634659729883789,0.027227102649322384,0.0058516985544879345
0.655107700556068,0.21849100812072222,0.06227208289938678,0.05230398362647504,0.011825224797347853
0.8264446110525663,0.09190402961508755,0.04776925809527988,0.026416029581839383,0.00746607165522676
0.8517884041421915,0.07217961958545666,0.04419526090264862,0.025716445561921552,0.006120269807781553
0.7473150498113907,0.1692726135074456,0.051753196795062996,0.022950478077205714,0.008708661808894921
0.5712680898969491,0.24321495767032397,0.12080062391250913,0.05166933193813566,0.013046996582082297
0.7133862398129233,0.18269758781701487,0.07102719056402271,0.025819292001976895,0.007069689804062355
0.7844979853259131,0.13113368439332254,0.057756104996017535,0.021068770673237786,0.0055434546115089205
0.7327892641918443,0.16272749626921792,0.07011374281919316,0.029235342197953876,0.005134154521790808
0.833239205199792,0.0943543113681129,0.04254897944053186,0.023735075289766698,0.006122428701796432
0.6689213188320488,0.21257543023024753,0.06573171426031975,0.040225131600164374,0.01254640507721935
0.8316180567854621,0.0962123476171254,0.03408862396873903,0.03197528128557167,0.006105690343101825
0.6354199576650718,0.2307994003257819,0.07491875244356361,0.04659014264837819,0.012271746917204505
0.6165621914039651,0.19839981212258995,0.12943280048988445,0.04484092882286633,0.010764267160694108
0.7076633186688727,0.13672559606462267,0.10915581374333601,0.03585844097067849,0.01059683055248996
0.8593594201533542,0.07548414656231534,0.04034094770024162,0.017614200318188233,0.007201285265900728
0.9179919069998966,0.04231337840106913,0.02481436041747154,0.011086273575179216,0.0037940806063835506
0.6969374810995163,0.17688725468640665,0.08134308612302717,0.03440526791257573,0.010426910178474344
0.7888218423351913,0.1268600029176704,0.05305165124749304,0.025304835061579257,0.005961668438065918
0.8569956741651774,0.0745269594779733,0.045444208021738194,0.018614055125934857,0.004419103209176084
0.7613463075959416,0.1436064225114661,0.06061713848446144,0.027732232528242515,0.00669789887988836
0.7293287395451751,0.1795432406073381,0.05831602673073215,0.02640061011769183,0.006411382999062815
0.7119141162966169,0.17945219519733574,0.08175086877614468,0.022298632078529317,0.00458418765137344
0.6593074884060663,0.2010054984737423,0.08788418156289764,0.041827589518627584,0.009975242038666173
0.6490344252502535,0.1875653500821989,0.1055035073784486,0.04799645610145276,0.009900261187646094
0.7913927937385005,0.13203874366287768,0.048580814326235185,0.02255393833514014,0.005433709937246237
0.9291185528438851,0.04204810119116354,0.01838018594751516,0.008094933057234016,0.0023582269602020665
0.773525446083421,0.12224943928105995,0.06473059129524816,0.031119665700274517,0.00837485763999642
0.767374142331166,0.10929717438576997,0.0915401451850882,0.02133581036688263,0.010452727731093174
0.7379040407611168,0.15251579899803652,0.0725041296577899,0.028234034435404294,0.008841996147652475
0.7785503918708235,0.1419848023530773,0.051076304823110076,0.022674281100140435,0.005714219852848507
0.5806924364328654,0.2439082343128703,0.12069913446641595,0.043667971274489126,0.01103222351335926
0.7117990021886844,0.12723759350444497,0.11915004142419228,0.03252447483836166,0.00928888804431644
0.8197485080783501,0.1007935857923544,0.05346043130635273,0.020303549483186047,0.005693925339756897
0.7693488828869901,0.14967924374553915,0.05154142588300607,0.023450319542393936,0.005980127942070816
0.6984644418856873,0.16984773899613306,0.08147009166048637,0.03989193807812639,0.010325789379566658
0.8111715229559864,0.11902128335869647,0.04200441703576145,0.022835713016013566,0.004967063633542032
0.690218437778355,0.20737950830664492,0.059769594399171774,0.033544098928501416,0.009088360587327001
0.6843115997756054,0.22355573751179586,0.049716475721684715,0.03415744657839494,0.008258740412519047
0.8450720680583409,0.08739969578677771,0.04547597696373794,0.018676109975178577,0.0033761492159648226
0.8354025256391666,0.0973515349254931,0.044932383614174565,0.017390430333593533,0.0049231254875723865
0.6966168107583103,0.19519949192101518,0.061907241012892994,0.036197918119201124,0.01007853818858046
0.7964811008101038,0.13562237773745814,0.04080889301020237,0.022302664761032816,0.00478496368120264
0.8448942924785625,0.10443593654899894,0.02902159955922804,0.01737575879378064,0.0042724126194299
0.7458759962328604,0.14921331635305027,0.0719435222721389,0.02608021246890819,0.006886952673042327
0.7615123656524789,0.15746736264054007,0.044965659888798186,0.030349076712423435,0.005705535105759345
0.6959114358960238,0.16284015199739574,0.10914940943396405,0.02525069775530902,0.006848304917307501
0.678428511250752,0.20526884226937894,0.07845842577641532,0.029797945386543036,0.008046275316910786
0.6485208505805742,0.20191744099936754,0.09129847047088327,0.04771890709171749,0.010544330857457693
0.5713125746253576,0.2963179763423562,0.0760549597478406,0.04362495797431617,0.01268953131012951
0.59209597597217,0.2633453712836849,0.08948399430944178,0.04450515488044739,0.01056950355425564
0.8276644554516833,0.11009790478115189,0.039757997013527724,0.017089138140727277,0.005390504612909953
0.7739397361213094,0.14764349742962968,0.05232042149141194,0.020686644221708524,0.005409700735940462
0.7552894526379537,0.1492087543648454,0.0624070521064695,0.027425830000449382,0.0056689108902820235
0.7674140847397037,0.15178833514193427,0.05014129479340043,0.02411695734141157,0.006539327983550157
0.7385681329992603,0.1371131705836393,0.07492484221393922,0.03910583468384037,0.010288019519321102
0.8510484999592172,0.07562202643461689,0.05068593890447491,0.01684035597432072,0.005803178727370167
0.6073151276686621,0.18912670158323108,0.14438329262339333,0.04419130840992981,0.014983569714783585
0.7795629374709618,0.1303073188344387,0.05309469823746875,0.030445367372860615,0.00658967808427012
0.7271930437254454,0.12776061167035818,0.1016849090748537,0.03622308342602093,0.00713835210332198
0.8221052170620249,0.08973772787254918,0.0625978169363313,0.019890264996316572,0.005668973132777961
0.7093221705036209,0.192190419996246,0.06744904515915248,0.02280449838275759,0.008233865958223016
0.9083010876989766,0.04533072352642828,0.02863102409268259,0.013778997998199977,0.0039581666837127305
0.7662591814054901,0.13666267668677864,0.056409929216936654,0.031233149658520337,0.00943506303227421
0.6028109903252901,0.2134382584570663,0.11810800282469563,0.03697831055867829,0.028664437834269817
0.717688205301752,0.15411754828018787,0.0829526525743174,0.035663175208719186,0.009578418635023327
0.829489961964992,0.09398191116136008,0.04901085657787693,0.020626998373720454,0.006890271922050645
0.8537313348898691,0.08056418853854304,0.03543423738023633,0.024764018332964207,0.005506220858387226
0.6435263680865958,0.21317129596685908,0.09687274241454702,0.03857451170468376,0.007855081827314396
0.6555784708671951,0.22077044903140408,0.0693000104277609,0.045210052633701245,0.00914101703993844
0.742145989381089,0.1876867057800942,0.04325634359061463,0.02153861125329339,0.005372349994908791
0.7016720389945904,0.19667391038461526,0.0588515734274041,0.034604426261748554,0.008198050931641684
0.671491685984328,0.22887122217609682,0.06110696707556635,0.030058707877662225,0.008471416886346622
0.7914901987128401,0.13651186897488474,0.04466113880526925,0.02142276903347875,0.005914024473527255
0.7657384060564808,0.1732453542018835,0.02860054793918017,0.02627217385752115,0.006143517944934377
0.7130248588929191,0.1794830134220423,0.05608697064459517,0.04160593796514677,0.009799219075296708
0.7533482296466969,0.1444021380016986,0.06822894907705544,0.027513494580946964,0.006507188693601957
0.780364012342157,0.15153673640929927,0.04029663033360679,0.022669227861601294,0.00513339305333575
0.8218283393808133,0.11295245004959463,0.03946160793521309,0.019613532379733532,0.006144070254645485
0.8000004187744416,0.12673070549002147,0.046991463323681384,0.02045199954497257,0.005825412866883065
0.6147088930868267,0.205583341132057,0.05343677009762419,0.07609080046313328,0.05018019522035882
0.6626506470133543,0.22304379472728017,0.06669175042421482,0.03746618603327366,0.010147621801877104
0.7222367107866643,0.1856272269008286,0.05193107135133989,0.031742337623701905,0.008462653337465416
0.5855996389036932,0.24515851763241547,0.11316406398833764,0.04414062229238601,0.011937157183167795
0.6883031970919474,0.19033557801368406,0.07788923601503793,0.0347818018376152,0.008690187041715296
0.7114408474497534,0.1933080065361118,0.05715830480007552,0.03037081683201337,0.007722024382045822
0.7094322140067649,0.1911132219549349,0.055222890887423305,0.03669757421969247,0.007534098931184283
0.4902756624459742,0.35285724550278613,0.08674770660667419,0.051964377125893205,0.018155008318672294
0.7194294116173419,0.17312888491922745,0.06848641328066317,0.030457247079498644,0.008498043103269015
0.8629260839310093,0.08188360840502464,0.03674500717437254,0.0139524268060437,0.004492873683549909
0.7638066089541672,0.13463978931885007,0.05991576472033392,0.03368988972574225,0.007947947280906578
0.7869538672014982,0.12492852271951561,0.053714753612418994,0.027414299577130742,0.006988556889436415
0.746183674325205,0.15429124705023795,0.05975142742599897,0.032418213379400616,0.007355437819157381
0.7760279116074674,0.12235488050183711,0.07254382550791126,0.022892068347083037,0.006181314035701179
0.8260845208159214,0.1159895000200308,0.03376410370824638,0.01968466533461292,0.004477210121188588
0.5702316934772226,0.2957558484273168,0.08197448891894268,0.04234500872168094,0.009692960454837227
0.6574163900163634,0.22094043381826003,0.0735881466449505,0.037806262516683835,0.010248767003742195
0.8596866885683677,0.07832637229495353,0.04138034426611881,0.015696737621084148,0.004909857249475605
0.6952878587537645,0.1662634449275746,0.09246360342981418,0.03588440598240669,0.01010068690644021
0.8343232870349714,0.10525909502761102,0.03359894001435809,0.019191601487495748,0.007627076435563609
0.840462337200306,0.06806955250079304,0.06555618107385693,0.020021348785337952,0.005890580439706184
0.8817145170631597,0.05692047483480247,0.03781946593687915,0.01886698127414334,0.0046785608910149745
0.78450000617593,0.10225907693011492,0.07787738417526634,0.025853639155602598,0.00950989356308593
0.8374478758551124,0.08842984582831637,0.047295458139747705,0.021962885365388783,0.004863934811434559
0.9028487590865237,0.060672623958835575,0.022470947170060082,0.011143437851943898,0.0028642319326366815
0.7754283927488733,0.12916913946050368,0.061694609919484236,0.027738940632387958,0.005968917238750637
0.7231520355489901,0.1747970406650634,0.06952145915109306,0.0256862112082505,0.006843253426603186
0.7718066244850441,0.13959671355459102,0.05279217916900654,0.029091453480788343,0.00671302931056994
0.6396346687524826,0.21254799872348895,0.09878552868144164,0.0369355413341839,0.01209626250840283
0.7460316944556038,0.1347163478829937,0.07523999391610013,0.036652328106110486,0.007359635639191703
0.7662100606224206,0.14220871143119512,0.05448408088620303,0.02975748685895931,0.007339660201221744
0.731972606794652,0.17572841310357223,0.052108252984955576,0.030749239741896247,0.00944148737492427
0.8064083180249458,0.0999420598282493,0.05505817193034186,0.03186266233080698,0.006728787885655997
0.7621258500926589,0.16216748795171596,0.046863244884940244,0.022882519587802554,0.005960897482882388
0.6908438824280211,0.20834064922654627,0.06612211556979787,0.026968288228698203,0.0077250645469367045
0.7820722723982271,0.13216464469904524,0.05247716999834854,0.02641008867528421,0.006875824229094721
0.7009455368068958,0.19442038390467417,0.06613418897719282,0.030972537870508684,0.007527352440728799
0.7131526224710298,0.16498782491124414,0.06704215822704178,0.03903370039674775,0.015783693993936712
0.7085396272914216,0.12715240457004603,0.11876453998179295,0.03632770038914889,0.009215727767590571
0.5414983085880625,0.23277266805191696,0.16645423579036234,0.04904929836572837,0.010225489203929926
0.8238093453234258,0.10714122546792929,0.03884798887662808,0.02436290290050182,0.005838537431515013
0.6073996527410657,0.2594276981854169,0.07736582972739388,0.04369258929386392,0.012114230052259551
0.4399188100658919,0.38129975306639347,0.10617913398875208,0.06088866964901235,0.01171363322995028
0.6550633391090946,0.20362577929250555,0.09391522496646114,0.03666893470448017,0.01072672192745862
0.7757981068148981,0.13969004369494442,0.049459857435261656,0.026150613893806577,0.008901378161089261
0.8649730747596016,0.07685566328317278,0.03641495821872497,0.017096003490982142,0.004660300247518577
0.7970595980221387,0.12104720456975904,0.051763318072751516,0.024052964501777165,0.006076914833573633
0.7727788759472076,0.12420928721044586,0.07043405784465398,0.027065237287415517,0.005512541710277025
0.7805494585982817,0.13491952314640399,0.05672808232453024,0.022957149780833182,0.004845786149950872
0.7566886577840235,0.1359083046074092,0.07376235427794457,0.026823805354734307,0.006816877975888525
0.7843097442334145,0.15260056738973038,0.03385616152105187,0.024089292212502347,0.005144234643301101
0.7459358754515952,0.15883326522851143,0.06325121075271624,0.02548594737210894,0.006493701195067901
0.8070348773711971,0.12143480633537955,0.04844428498025791,0.01779322994923207,0.005292801363933401
0.679362677323884,0.23004042877699463,0.051400708250716624,0.032036177761470296,0.007160007886934463
0.8448966023693325,0.08542745743214304,0.044406376463156476,0.01963205610160114,0.005637507633766739
0.7120936074298498,0.1765705401841683,0.06372497766253209,0.03785973471198183,0.009751140011467879
0.6791884314502832,0.1752235672030052,0.09935503199381521,0.036165956792670415,0.010067012560225927
0.9221474456149306,0.04826213054285093,0.016676374321719523,0.010488743717245683,0.0024253058032534837
0.6595158211673733,0.18262609227354742,0.1019981805138453,0.04482690826677943,0.011032997778454757
0.5859268345925459,0.254464578482702,0.11038849996926445,0.039355029957921984,0.00986505699756569
0.8095038419697682,0.11457296125861935,0.04743211715838469,0.023648984155745224,0.004842095457482553
0.7290714289026711,0.18621655603170298,0.050907587689161,0.025897462354536497,0.007906965021928364
0.5473818100959849,0.3096835244317188,0.08745430970119691,0.04159890415521434,0.01388145161588521
0.8178207406111808,0.11603632775749305,0.04407863766803365,0.01850358643354689,0.003560707529745597
0.6864026609098218,0.20942284689657611,0.0593608706553797,0.03610534330413911,0.008708278234083605
0.8057580282178124,0.11515546360650922,0.04821829854911088,0.024049680972927,0.0068185286536405695
0.8154768933168578,0.114298651278513,0.038111108238218276,0.025101647907067745,0.007011699259343335
0.688376984432084,0.22181343767161135,0.05559712945935036,0.02653695397943221,0.007675494457522088
0.6963681236092621,0.2240479112671114,0.04182830708821156,0.032002670846397706,0.005752987189017265
0.7169157760516106,0.19922270733521316,0.04266710402598226,0.033105793727159175,0.008088618860034659
0.7635922228339854,0.1535087906140353,0.039548401815692434,0.033903425876360326,0.009447158859926664
0.8033011801531176,0.1417616633845976,0.028855659630397407,0.02102352907831339,0.005057967753574013
0.801090731216878,0.13173609429330427,0.0365281759595569,0.026092177588935943,0.004552820941324889
0.7556311281167117,0.14193805861980993,0.052277348121173496,0.04269688834075168,0.007456576801552949
0.7576852563130188,0.15079953900438525,0.048449675579755346,0.03176018103128409,0.01130534807155617
0.7053849790232357,0.18618902602001894,0.06482694592780355,0.03487794423994777,0.008721104788994032
0.633023608498012,0.24064082222724115,0.0827688970928117,0.03360093998436982,0.009965732197565604
0.74276716101715,0.15721647845528056,0.06772423443102434,0.025382374659275515,0.006909751437269328
0.8040418325069085,0.10463275010873005,0.057105300694081734,0.027097601917499152,0.007122514772780611
0.7381580747927726,0.1384551080514956,0.08096279159458654,0.032639610183944054,0.009784415377201242
0.7109418276570081,0.1573862530046864,0.09128296355227557,0.031199486829462646,0.009189468956567089
0.6727481961524578,0.18005575357906173,0.09071813509410646,0.04641288464451022,0.010065030529863812
0.6812726568500654,0.200816039460473,0.06564667045784632,0.04315919193795337,0.009105441293661858
0.892997742770783,0.0559745268299556,0.032471607038375115,0.015537356839395517,0.0030187665214906237
0.7042820229710697,0.1415748297035326,0.1057593424822942,0.03922949312299145,0.009154311720112135
0.7274684116867232,0.17533661880472712,0.052276671261315806,0.03785175706715884,0.007066541180075299
0.8421166670665919,0.09388348022257119,0.0371139259140414,0.02165178195788961,0.0052341448389063615
0.6781289460352905,0.19699632832495828,0.06957670737935784,0.043882190290455626,0.011415827969937706
0.7055825673078233,0.1671469234846442,0.08031147069305969,0.03722801764218447,0.009731020872288434
0.8272928998407546,0.10307887478469019,0.030959382100077988,0.03332421965224729,0.005344623622229994
0.7455864630640487,0.16910897975600897,0.05067345257393715,0.028330687963342524,0.006300416642662729
0.7582886596681647,0.16805783828721702,0.03788547518919075,0.028292842136928044,0.007475184718499324
0.7879573437136722,0.12276297478732329,0.052172340561171905,0.027503458961439003,0.00960388197639361
0.7342587535649908,0.1478272563096315,0.07747095348680741,0.03190053474682549,0.008542501891744719
0.7925094600555054,0.12581239347789386,0.05066306505678184,0.02416293077190183,0.006852150637917044
0.8365407097880351,0.10669509506858264,0.03210343153498449,0.019358006443141285,0.005302757165256488
0.9008295186811117,0.06550018424539708,0.018810864974751602,0.012450025077111727,0.0024094070216280766
0.5990768119637043,0.27462990269655296,0.07823527266732393,0.03801169417153437,0.010046318500884268
0.8309557380552828,0.12066245565114148,0.025225905618382765,0.017853795992173148,0.005302104683019938
0.8529670107565384,0.10015238781219783,0.028650015525390163,0.014280046967258143,0.003950538938615269
0.6711459647073714,0.15727994604580783,0.12200313143193141,0.03525275965985092,0.014318198155038278
0.7207960071806115,0.11016399628791605,0.10418760246376482,0.04693443325112658,0.017917960816580984
0.7266220640866218,0.14586214571724482,0.07611661567240631,0.040833812731525844,0.010565361792201251
0.761900170641539,0.1456331684555473,0.059428477968715684,0.02609922287693138,0.006938960057266659
0.7181984277346786,0.1396709297224024,0.10219519828225035,0.031509579276668684,0.008425864984000121
