Delta_Power,Theta_Power,Alpha_Power,Beta_Power,Gamma_Power
0.8909705344510085,0.05925221969703172,0.02039785401880428,0.02492860794579211,0.004450783887363411
0.8375286534521507,0.1100675119396325,0.03347307806056543,0.015552017808683876,0.003378738738967465
0.9207715523470729,0.04400779133597488,0.019301869478655802,0.013182657132279308,0.0027361297060171067
0.7819277953261519,0.13456337890355227,0.039900620436852614,0.0360262612701964,0.0075819440632469495
0.9121364678108159,0.05222467707257939,0.013027869951309959,0.01872566620692986,0.0038853189583646767
0.9178909988703136,0.04865286566459295,0.011238297644561242,0.011774081822335006,0.010443755998197121
0.8782073443804083,0.07978622931715278,0.01783189302665447,0.016688475292452997,0.007486057983331488
0.7064137210238076,0.19128442701955137,0.05345307128659043,0.03772786080137959,0.011120919868671324
0.9139793439659031,0.04977926305306276,0.016446019268330624,0.01617067030141764,0.003624703411285823
0.9242417282560353,0.04053375757591128,0.022952332063240863,0.009843632970709988,0.002428549134102303
0.9436639082025018,0.021540898443252854,0.020895038227136002,0.011680642076732823,0.002219513050376605
0.9508823383446748,0.027391472913043897,0.010756057531864392,0.00874055657932587,0.002229574631090869
0.8407238123274409,0.0945841148064007,0.03652775252901106,0.022412655457324637,0.005751664879822727
0.9291346128692581,0.04259357221851454,0.013124497777998465,0.012086290660043682,0.0030610264741851917
0.818932366269102,0.07536153368821419,0.07598105265587725,0.025636695082264734,0.004088352304542034
0.8788710199067308,0.06548800584508416,0.029256116713206604,0.02075512602865628,0.005629731506322146
0.9375963743569972,0.030434462550013728,0.01789300338052418,0.011976123330954432,0.0021000363815106885
0.8733116504859637,0.07387719404249173,0.034106514663209304,0.015722183349089938,0.0029824574592452347
0.8704133820111013,0.07086867063935719,0.027038173523794697,0.025115007297436435,0.0065647665283102286
0.8943625346877193,0.06233384110088841,0.020680757883723255,0.01773166113322093,0.004891205194448207
0.8666168335218385,0.07563223816449761,0.03679995097836588,0.017025720825921773,0.003925256509376134
0.8002800142940862,0.11331136707233848,0.04014821443633898,0.03995756206549716,0.006302842131739029
0.8502851286780149,0.06758740975776405,0.03878748212924283,0.037865893838177685,0.005474085596800547
0.8222768467353292,0.06150119063770517,0.05576714444535704,0.052475837311698796,0.007978980869909924
0.8812365019032671,0.06366352090353952,0.02454349196768922,0.025518039432054294,0.0050384457934500235
0.8854000818808999,0.0834011091256479,0.014237371459412833,0.01376091846486699,0.003200519069172259
0.9005612710384158,0.035506686486981125,0.029902683672368455,0.0286141642240781,0.005415194578156729
0.8927121294736747,0.0616395388731452,0.023580612748272823,0.018206111506460766,0.0038616073984463263
0.9213752379203957,0.04526998286345937,0.016073829312584685,0.013749493074300316,0.0035314568292601706
0.9163665583571496,0.03359522493690618,0.029887342642291273,0.01694562309425199,0.003205250969400911
0.945972644114958,0.029134614769923822,0.015148659012399276,0.007575177993867971,0.0021689041088509713
0.8769444360437005,0.07844356542487067,0.022913780985550528,0.01790000845235932,0.0037982090935188826
0.847413568053206,0.08611155109894415,0.03350531994916444,0.025442929992629336,0.007526630906056242
0.9047858819260967,0.04527962074139451,0.021152745750382108,0.020633637472914662,0.008148114109212089
0.9234376677654207,0.04876826295514587,0.01138279399653933,0.01133914463456931,0.005072130648325007
0.9240904060440662,0.045545163347543764,0.011326508207307318,0.014809168260542203,0.00422875414054073
0.9120625474738682,0.04367037940711805,0.015472120773653461,0.022208432577279988,0.0065865197680803
0.9518102029214982,0.019263159979224516,0.016294420331060693,0.010292488608676237,0.002339728159540321
0.8781509749205646,0.06126024722470178,0.03149029380260247,0.02410407614304481,0.004994407909086498
0.9354827178827184,0.039442707283346375,0.012445454530910012,0.009844857537788946,0.0027842627652360976
0.949319310904115,0.03158779546214026,0.008951902757678284,0.008051360199204981,0.002089630676861469
0.9292795023548983,0.042425504917051354,0.015489464537335905,0.010251865087599524,0.002553663103114639
0.9578067268308899,0.019144443602541632,0.01363381048614524,0.007567439786222893,0.0018475792942003163
0.9382811149470436,0.030226258540693666,0.0183642265499911,0.010385973520915378,0.0027424264413562177
0.9235300967195563,0.04303922577224771,0.018274803331897783,0.012148323483372206,0.0030075506929258407
0.9097556869912365,0.04368235964578298,0.01895008506432721,0.01996794932579107,0.007643918972862226
0.7352590281702016,0.13996352336403284,0.07095069449721543,0.040571316171440004,0.013255437797110178
0.7864102086995806,0.11089929052898219,0.06062113777549479,0.033993185357611304,0.008076177638331175
0.9427509855461703,0.03567977805975523,0.010901821879135036,0.008500731208973768,0.002166683305965934
0.9441623613620026,0.030150668983809588,0.011998322799853918,0.011666004164102116,0.002022642690231338
0.8864267354347134,0.04659785986718925,0.04339086265035613,0.019368689440611486,0.004215852607129604
0.9092087070240961,0.032409010615182435,0.037071139626484687,0.01791767324944896,0.0033934694847880405
0.8308002730489514,0.07660011021439883,0.04917760291356284,0.03454967937448169,0.008872334448605234
0.9613450403345383,0.019951519594076008,0.008284418544866353,0.008311348752707426,0.0021076727738119456
0.9255721601066409,0.0438625908732275,0.01605099602449608,0.012207469844571951,0.0023067831510635685
0.8698194593512327,0.0817759098911935,0.02766280819773746,0.017268641772704384,0.0034731807871321023
0.9033401291165033,0.03741852706330521,0.030556711388092246,0.02290010654575174,0.005784525886347623
0.8889315364512084,0.056815321344029536,0.02896615839966851,0.02021582101010248,0.005071162794991066
0.9293854306729996,0.04402873003296214,0.013546607914953102,0.010569758286446278,0.002469473092638908
0.8226317351071556,0.08470539513871912,0.05198199031361358,0.03224843698528426,0.008432442455227328
0.7243961916073557,0.16443417333613,0.06428994347826752,0.037377948140128604,0.009501743438118262
0.9134454132200697,0.05131618367778945,0.01755436799220063,0.014318198187369884,0.003365836922570137
0.9097544820519835,0.05859159284992162,0.01558019586305176,0.012643371291579981,0.003430357943463212
0.8397963752060639,0.08847367580876368,0.0324866478979467,0.02782122707323722,0.011422074013988509
0.7917476650230717,0.11185003162513567,0.04650918469704983,0.035267528496111505,0.014625590158631395
0.9319233881121866,0.03787088394372233,0.01518551554203624,0.010729198234712495,0.004291014167342562
0.9013110431340879,0.0593126260315545,0.0208984275520041,0.015116211281189833,0.0033616920011636563
0.9013002036695748,0.059722917599890804,0.02147260929542192,0.014074036646846975,0.0034302327882655297
0.9171293215240317,0.05181897826188755,0.01587218366745323,0.012035625919233014,0.0031438906273944063
0.9433316067335051,0.023944412623926593,0.019831212061462454,0.010364883499367867,0.0025278850817377794
0.9177045080564832,0.04564517432672441,0.020967587317081912,0.012272759080418104,0.00340997121929231
0.9247333393699247,0.047059260211542206,0.015185363704318828,0.010479740573965873,0.0025422961402484143
0.910126211692853,0.05308511026780873,0.02104719779549408,0.012595533860824683,0.003145946383019329
0.8404660473622273,0.10819563304918485,0.029115960895786955,0.018646260536516093,0.003576098156284631
0.9058443218720632,0.05648114641018032,0.01920469768767965,0.014795602395046502,0.0036742316350303486
0.8257443758098796,0.10105949325978297,0.04007463944936749,0.026981989399668792,0.006139502081301091
0.7654613909879847,0.1510803452651728,0.047646850364812574,0.02763626367259719,0.008175149709432892
0.9109128830688538,0.05247454623028751,0.019786795229228483,0.013747456049122602,0.0030783194225079656
0.9231553444462195,0.03826166264078637,0.021520141814318064,0.013484888512883035,0.003577962585792914
0.9622609064288958,0.02186991090102268,0.007586344192342444,0.005594908108790931,0.002687930368948138
0.8733563440127989,0.08189908544803845,0.02746266868561924,0.013443541554519323,0.0038383602990238667
0.9159225564874791,0.04630713724346415,0.023147316859368,0.011843298985084212,0.0027796904246044697
0.7834118154820356,0.1402111049827803,0.03958864994861846,0.029211685070514283,0.007576744516051009
0.9388000113499854,0.034374412603942354,0.014494025215322183,0.009940266785956855,0.0023912840447932312
0.9497107345340965,0.02832072024959049,0.013432432910839289,0.006945559092643457,0.0015905532128302198
0.9438558065226393,0.02674834045568049,0.011543091521053202,0.013409116978853596,0.0044436445217733295
0.894203248926605,0.06665165067926528,0.019026716553512853,0.016318774423488648,0.003799609417128133
0.9306844856130626,0.038323020490228135,0.016743317033690724,0.010845813114747676,0.003403363748271038
0.8301211111314637,0.0693508506576803,0.06565438575999136,0.028166024730832025,0.006707627720032387
0.9260994399288657,0.04647567455786769,0.015282437888676831,0.009726516413198043,0.0024159312113917054
0.8778075226378115,0.064611120768342,0.036805381028669086,0.017588617405426176,0.003187358159751149
0.8429768123963688,0.09850942589010754,0.03640605189889587,0.018071425939626885,0.004036283875001053
0.9135887844215357,0.06369028482443109,0.012391979768775862,0.008257635873887425,0.0020713151113697916
0.8889588867907006,0.05943504407144429,0.02571933715017968,0.022311248757462748,0.003575483230212942
0.9144921311470089,0.05302099994240715,0.016516971639108882,0.013638602045577104,0.002331295225898198
0.9480688906175422,0.02869371871658755,0.011960579753150348,0.009089394209951676,0.0021874167027683814
0.8658474485820518,0.07773793980206184,0.030253378359018517,0.021268874191889803,0.004892359064978215
0.9136971119793155,0.04984940347849605,0.021233007778531682,0.01248644204503329,0.0027340347186233446
0.8986008328438004,0.06916050911885024,0.013039196523618382,0.015344336548500445,0.0038551249652303125
0.8265081271304714,0.09673741693982142,0.05176704780140196,0.020706964566900236,0.004280443561405118
0.8557147275656303,0.08189751772893389,0.030693271169406684,0.027503301064081172,0.004191182471948119
0.900524056248847,0.044536892055673676,0.035444854616368746,0.015292668076047839,0.004201529003062915
0.8533009277554199,0.06329897961426617,0.05238303659477231,0.02612598805381812,0.004891067981723479
0.9210233279207277,0.04056632595465822,0.019416430873527197,0.016004307812380124,0.0029896074387070256
0.9596448039426311,0.021154152865648694,0.009137901195983216,0.008568157163244676,0.0014949848324922268
0.9085742006212514,0.053489161465170104,0.016327048923044,0.01748146431398959,0.004128124676545061
0.9187681217637462,0.0485304878664323,0.020013369574933878,0.010539860648001345,0.002148160146885786
0.9202345095766202,0.04565049133538776,0.014386361124392765,0.014552041728653231,0.005176596234945966
0.9280060854341508,0.038712787530450064,0.015913679498733443,0.014457613649021829,0.0029098338876437507
0.9178306569262604,0.04173948685199557,0.020928984724942302,0.016814668314610415,0.0026862031821912975
0.956784466480888,0.019337765027489608,0.01227514419403895,0.00916257482151388,0.0024400494760694266
0.9513070260311869,0.026032439399227253,0.011985722844414275,0.009107020089281503,0.0015677916358898742
0.818378159664929,0.09615795466416711,0.04079318838530144,0.03782983929814367,0.006840857987458837
0.8857343015851172,0.06291488434457643,0.030053901509577013,0.017413409353928384,0.003883503206800922
0.9439329558581433,0.031068661189246477,0.012472567673405217,0.010659566422345826,0.001866248856859358
0.9331383675248912,0.0336713692425912,0.020482448403016974,0.0105414032672571,0.0021664115622433496
0.9104176716781741,0.04835423439435819,0.027612847438645872,0.01130720753041541,0.0023080389584065083
0.9036853518239173,0.049975562033952765,0.024586505172653376,0.017967157352754386,0.0037854236167221386
0.8510069705647323,0.0948108495881417,0.028353776210504618,0.021261828583560627,0.004566575053060679
0.9297513286959236,0.03430077056677623,0.020173352004746674,0.01333357293103657,0.002440975801516725
0.9124928279796441,0.04775289203141962,0.020023374812369266,0.01658139723358243,0.003149507942984525
0.879222932311316,0.0812992226690368,0.02219141325339019,0.015183352722979665,0.002103079043277407
0.9211566209935023,0.04554121280696769,0.019182697941544383,0.011815790552992294,0.0023036777049934057
0.9328857765649242,0.028879012787100405,0.01929089679777374,0.014081744500442521,0.004862569349759089
0.8786830768907485,0.060849611244657036,0.03654702215500442,0.020573251752026636,0.0033470379575634003
0.9567963234717706,0.01932130459614017,0.015525915201149557,0.006990429468967857,0.0013660272619718768
0.9445732709544036,0.035367500242303056,0.011424193851959787,0.0072497940288369506,0.0013852409224966143
0.8908514437157231,0.059706973427999785,0.025660030168353862,0.021049185958411733,0.0027323667295114304
0.9427585297221843,0.030936182997429805,0.015762980996938437,0.009132734245749122,0.0014095720376983787
0.8441904745810317,0.08737981104477911,0.03217715880529383,0.03139559314850186,0.004856962420393561
0.8996637920863026,0.05454092192579445,0.026279719369661916,0.01688845650834552,0.002627110109895261
0.9137654841363203,0.035992365147945175,0.030101935928748616,0.017239505963597572,0.0029007088233885025
0.9308179034535345,0.03777520527103673,0.015911652195850147,0.013317623798099804,0.0021776152814788597
0.899690777336768,0.06185858718683487,0.02181447573368642,0.014024224131755024,0.0026119356109554582
0.8905260893528739,0.07423163683677853,0.018364757166950497,0.013902681655353749,0.0029748349880434383
0.8271174055477898,0.08043602358398634,0.05000947835129963,0.036372880662130735,0.006064211854793389
0.9298726082988075,0.03896499159805385,0.013286795474475836,0.014604806044085877,0.0032707985845771104
0.8609028605878049,0.08661407163466146,0.02612886258392136,0.022468164184839712,0.00388604100877263
0.8412222566821365,0.08872431089590053,0.041820737145484094,0.020754432234394757,0.00747826304208439
0.913622770349653,0.05588281362420514,0.01637529686560544,0.011800248249295866,0.002318870911240732
0.836648560992766,0.07693793259772407,0.0557991660583531,0.024271694350632107,0.006342646000524668
0.8473395544370053,0.09963630322593911,0.025372295597043217,0.022600684381124784,0.005051162358887632
0.8826084125891454,0.06437752047973329,0.03273244167105069,0.016808664359582646,0.003472960900488204
0.9444925131079076,0.02790874439754097,0.01510712166876996,0.010934631436539886,0.0015569893892417599
0.8859020062404547,0.07161565512036497,0.02329497197131833,0.016475998837716915,0.0027113678301449594
0.8680058752702824,0.0760634406910268,0.033944197888500824,0.018359739973113416,0.003626746177076397
0.9348083851395583,0.028386916281166873,0.02427810948260322,0.010305436249862108,0.0022211528468093693
0.8633095416382158,0.0689548895750226,0.03908233778901468,0.023645005780631823,0.0050082252171152275
0.9397938479794378,0.02810792349358411,0.021418338970994818,0.008546018309330996,0.002133871246652313
0.8694732216437342,0.06096708234823914,0.03726813447903443,0.02733223790512245,0.004959323623869744
0.8934017736066084,0.048270190906610395,0.03263511284107971,0.02171731610329258,0.003975606542408872
0.9568023368605642,0.022536166922658165,0.014197158042608887,0.005502102343391232,0.0009622358307776061
0.9519948870250847,0.01953843226761283,0.016298393193480597,0.010281578174350317,0.001886709339471323
0.9576940484779038,0.014067143879840472,0.017215299783681033,0.009098440422765764,0.00192506743580878
0.9446870984729073,0.027851223603592858,0.016517929478632554,0.009135051685216972,0.0018086967596503466
0.9121421638936598,0.05278788198285855,0.019681457247942836,0.012404936889898851,0.00298355998563988
0.8117606090020686,0.11532716699981098,0.037192548756338865,0.029104474891060692,0.006615200350720977
0.7862762626568215,0.14449293924996193,0.0334836285918651,0.03072766750895289,0.005019501992398646
0.9277140712600238,0.0370327956758532,0.01712022072714185,0.015436042219701898,0.002696870117279324
0.921247876674814,0.04803154766837249,0.014640289515511575,0.013295095951407395,0.00278519018989453
0.878543248272508,0.0785925504603136,0.02407726121103874,0.015257728618317024,0.0035292114378225993
0.8297796457151512,0.08313947989444431,0.046234569546781075,0.03522347569854799,0.0056228291450753365
0.5932371097947572,0.24842821671135998,0.10209278451778496,0.04398189580684229,0.012259993169255433
0.8624769057036459,0.07621793012191017,0.03307357826122791,0.024431024959364476,0.003800560953851473
0.8881757509940548,0.062288912697048684,0.030089573509189428,0.01610068486744327,0.003345077932263763
0.8713576527066804,0.06487730825123449,0.03651014580857839,0.023780164965492272,0.0034747282680146012
0.8820105273152726,0.07570195587007851,0.022473728993325764,0.01703444234166104,0.002779345479662085
0.9444107824487772,0.030755414420653302,0.013634674476165893,0.009291314580059565,0.0019078140743441273
0.8483997153516128,0.08922386255903313,0.03559982637473513,0.02243950292916434,0.004337092785454669
0.8840163406223831,0.055383177152894314,0.036530473273089524,0.02047687432780933,0.0035931346238239417
0.9041821621965321,0.03561984423098133,0.037644975091431186,0.018913148726586174,0.0036398697544693086
0.8471629605516772,0.05701430562241463,0.057020930810732576,0.03221660680102012,0.006585196214155616
0.8168343802027269,0.11271942348590552,0.039497792617963406,0.026835202581116654,0.004113201112287448
0.827264349114441,0.09580185724140233,0.04915798860475099,0.023648291346178466,0.004127513693227226
0.941953546218908,0.031219432366660905,0.015867931808397528,0.009073981659118822,0.0018851079469145496
0.8749641566013527,0.06327498566480061,0.03661532471540038,0.021328965506643684,0.0038165675118025703
0.8936619846360192,0.04085651101922264,0.036883924693840935,0.02456805183757367,0.004029527813343152
0.8844610151790443,0.05984978582836958,0.03433660478299597,0.018628171700644267,0.002724422508945928
0.8205982241972231,0.07263546460930564,0.060272023398508213,0.03930340706094886,0.007190880734014082
0.8176000288872989,0.10490247742380579,0.044331166710439115,0.026731156803030634,0.006435170175425367
0.9674483362604418,0.01672491676450128,0.009964023461318045,0.004702053368267807,0.0011606701454709124
0.7984448909825946,0.10326009844357394,0.053423631434511516,0.03898896738537697,0.00588241175394306
0.8146737122523781,0.11472329246281755,0.04196462417852044,0.024306735713699585,0.004331635392584459
0.8466001176568789,0.09301277133851472,0.027890971785377347,0.02231402912267663,0.010182110096552309
0.9264411453808584,0.033206207896118035,0.020989444844234977,0.015468309133873955,0.0038948927449146704
0.9256551711825378,0.032368976700743554,0.025201673223599706,0.013993270364371624,0.002780908528747511
0.9068564646938008,0.051615591103659125,0.02235826046373286,0.016153396273912865,0.0030162874648943117
0.9008345712663874,0.06604517775991509,0.019040985961894925,0.012204982978048378,0.0018742820337542408
0.9219666746330789,0.05362074438337335,0.010340633064944066,0.01156594560012668,0.0025060023184768437
0.8499018252580864,0.08836509891523155,0.035936770704523384,0.02135015073740117,0.0044461543847573145
0.959825534049413,0.02460517140842094,0.008582240137285056,0.005921921155150528,0.0010651332497306114
0.9240105304934222,0.036976356663775696,0.019873522521788207,0.016328221307001782,0.002811369014012129
0.7988517592940342,0.08723022245335486,0.06876420305853147,0.038362786200461525,0.006791028993617798
0.8399540336025951,0.08688487449428038,0.0445357032688317,0.025372780534205573,0.0032526081000872125
0.8936528224279806,0.06537120554782573,0.018178723513628526,0.019340899980405668,0.0034563485301594855
0.948715592159994,0.029819293398537696,0.011019393363424798,0.008374623518052009,0.002071097559991416
0.73399909817583,0.14725337149980486,0.07904402722531355,0.032416483037924625,0.007287020061127077
0.8405270367699827,0.09486916467293031,0.03604759609496155,0.023416316097966558,0.0051398863641587906
0.6053566457189419,0.27756827694053493,0.03613848637086221,0.057064991382847256,0.023871599586813824
0.8933771186920155,0.06412381672966183,0.010109113077910159,0.01921822175147199,0.013171729748940373
0.883747320531997,0.06142141216281117,0.027254061917402702,0.02164485455257465,0.005932350835214385
0.805665977431674,0.10712901764153478,0.04754725201461939,0.03307556345194939,0.006582189460222248
0.8913123172217146,0.05526486048174322,0.0359517530458152,0.014753745529772492,0.0027173237209546274
0.8432727573867145,0.09535736574785858,0.030905877562615734,0.02498709310878852,0.005476906194022806
0.8407732953990106,0.10583636894823473,0.02966983897200648,0.01985242246564628,0.0038680742151019944
0.9066213642801578,0.05248214718334917,0.023946336651259826,0.01408106183528445,0.0028690900499486445
0.8672778327752912,0.07070930425915642,0.03194797240586764,0.025541239346806948,0.004523651212877763
0.9096749523867084,0.05544109929078959,0.016378090947058117,0.015249095560628137,0.003256761814815746
0.8386284300142698,0.09139003091558086,0.036399497130464926,0.027264145157626464,0.006317896782057828
0.9336443021784254,0.036674074601500815,0.016285807188623085,0.010924252796233748,0.0024715632352170953
0.9294660207029554,0.027191250894978026,0.02209196365453181,0.017333704401015636,0.003917060346519062
0.9069967523835533,0.06256220163382266,0.018231588603742372,0.00975482380978257,0.0024546335690986743
0.9227141448128995,0.042086230564742935,0.023915344930397264,0.0091492472810477,0.002135032410912626
0.7529540818212554,0.12264005537989664,0.07244656642944036,0.04366016828822146,0.008299128081186064
0.8759144464713369,0.0717096245014964,0.03248593965560575,0.0160195753682482,0.00387041400331264
0.9046633233812049,0.061352909084376434,0.019737227736777222,0.011633372775523974,0.0026131670221174463
0.9000429371095865,0.040297326375162514,0.033805980175729125,0.02128056929968065,0.004573187039841281
0.9338006120068619,0.022273979347646612,0.024888363745064774,0.016374506337165015,0.002662538563261572
0.8907690445909613,0.05136118028865379,0.032922222887890616,0.02076795569454762,0.004179596537946662
0.8030724555562219,0.11203531697854115,0.03873805837884069,0.039690622843736464,0.006463546242659743
0.929979221897946,0.03495668144313706,0.016025655993099668,0.016822140337233737,0.0022163003285834084
0.9415499582293382,0.03220256038965776,0.01243282181483499,0.011544522596773334,0.00227013696939541
0.7859685217653002,0.12320022008735841,0.042841321919867545,0.04090146595437447,0.007088470273099299
0.8754643848856308,0.07668329671611825,0.026507507714658488,0.017713089677426935,0.0036317210061657013
0.9157712075234045,0.04806690437186298,0.02046033155287669,0.013131026516368736,0.002570530035487323
0.8533647361353296,0.08528232286357727,0.03155195579465038,0.025466021382262123,0.004334963824180663
0.8821979676514861,0.05470310885750027,0.030467942488919087,0.02610599927312739,0.006524981728967276
0.8195906192719508,0.11166138376137033,0.03677999274916092,0.026877152584991543,0.005090851632526272
0.6836290432261326,0.22177154030146778,0.048959616254765845,0.03638936041638562,0.009250439801248143
0.8568309067459613,0.08554537470362435,0.030564133006980885,0.02205123987719652,0.005008345666237049
0.9120280706390146,0.050559794747682886,0.021427202690850577,0.012541876925085096,0.003443054997366814
0.9286463861436681,0.04140061649788286,0.016153264699363373,0.011029519093608104,0.002770213565477226
0.8735378652085806,0.06314174420883363,0.04281733130025637,0.015384375965563479,0.005118683316766138
0.9327697836911648,0.03492520435300499,0.018982453989897608,0.01104927447286349,0.0022732834930689278
0.9427888847319957,0.028008754616974774,0.012506281968638464,0.014078646625449527,0.0026174320569413885
0.9507692914831054,0.027175686708450664,0.010309961460015433,0.009599220036693374,0.002145840311735112
0.9309268863544271,0.03370596951345641,0.016480842540601243,0.01523935699258711,0.003646944598928242
0.8953855581800235,0.06450113924726879,0.025265558082674805,0.01189174837954481,0.0029559961104880625
0.9324214595682239,0.03469676269766998,0.0169651559950981,0.013416454876337823,0.0025001668626701513
0.9519661077146598,0.025859967017318807,0.012788231803147282,0.0073251480061240675,0.0020605454587499655
0.8909433817105168,0.06156287203733937,0.026238893291247706,0.017253566020587273,0.004001286940308953
0.8970153722369943,0.05228441805601329,0.027910921987638653,0.017566898357333223,0.005222389362020481
0.9584122427701388,0.019341817395405643,0.008830826616081424,0.00918882837724938,0.004226284841124713
0.8570496682897386,0.08862931727548788,0.025057545251803877,0.020736824521862037,0.008526644661107561
0.8972263504665704,0.06345555843847503,0.018651743719905748,0.016021478931373928,0.004644868443674888
0.9124948193080534,0.05478666134926183,0.015824188593263847,0.014313909344949454,0.0025804214044714974
0.908258010015959,0.034524395606881,0.03349301503899198,0.019611217158420707,0.004113362179747186
0.8488954644248592,0.07036448453322294,0.048269137998405,0.025701324711555083,0.006769588331957567
0.9088806681694087,0.05693470921687668,0.015352038877203236,0.01562035903881762,0.0032122246976937596
0.8444384513996668,0.09023846751942904,0.03663785819249836,0.024130869086994314,0.004554353801411737
0.8248944229166105,0.11555228640989655,0.03275573284152674,0.02310079800387327,0.0036967598280930342
0.8904806655728633,0.041809316291244035,0.04403793541850107,0.018281136409646234,0.005390946307745431
0.8889530562295198,0.04630666890577765,0.03576323611395304,0.02393689312490852,0.005040145625840902
0.8681147843255075,0.08228065554606633,0.028519615752763475,0.017448953053854833,0.003635991321807797
0.9473426690132133,0.016653277890079983,0.018271060375658267,0.01386887798292824,0.003864114738120074
0.9250989496291192,0.0271268688274778,0.0252594759954268,0.0189346550947052,0.003580050453270928
0.9368630385270093,0.026868617529986146,0.01712586497659709,0.01549341354898374,0.00364906541742368
0.8346578661819432,0.09335420454745055,0.04039038837508084,0.026944912573527106,0.004652628321998335
0.7954865505254403,0.12253812268891452,0.04065871760972682,0.035259204380844955,0.006057404795073486
0.8954667300988032,0.0663076624951357,0.019915160541651183,0.014758152005564056,0.003552294858845784
0.9035860333112214,0.049924552050540354,0.02408550920595233,0.017573951434828466,0.004829953997457062
0.8810936975466177,0.07201173224384584,0.02040918000816159,0.022199485183572967,0.00428590501780173
0.8140801214509079,0.08573441653774552,0.06198851735842605,0.03151027346455401,0.0066866711883665645
0.9214465286436003,0.04629205280961386,0.019494448884228993,0.010300769153817986,0.0024662005087389394
0.912407593184553,0.04936352597742884,0.020458079642328236,0.014515508944987798,0.0032552922507020628
0.8346053064944419,0.08609617592419519,0.045904384424487,0.027092904992425233,0.006301228164450644
0.8014515582311513,0.09326099196694168,0.059337318264254195,0.03922076625783178,0.006729365279821269
0.8393536250707093,0.08958557539039708,0.0362687231625294,0.02951190282176388,0.005280173554600287
0.9076584161529123,0.0582313471378385,0.016871540182674304,0.014920078962422458,0.0023186175641523865
0.9352889212848807,0.03106938469192213,0.0191002729803542,0.011761194120425998,0.002780226922416716
0.8917181801433627,0.04880806988747499,0.031870945166677746,0.023276651554013338,0.004326153248470998
0.8030417192565973,0.11470607563050493,0.04316258968483856,0.03212894568817291,0.006960669739886431
0.8749239210372008,0.07141574460428578,0.03233096173161323,0.016352037176154934,0.004977335450745274
0.9340733361761248,0.04032878626338032,0.010796287866351513,0.013095866563643236,0.001705723130500435
0.8941696773038074,0.06142964824771857,0.02538070780330695,0.01574665043689191,0.003273316208275148
0.939948906007515,0.03142211292344471,0.017953187011501056,0.008944445444726083,0.0017313486128129549
0.8990756390813979,0.06526473646633933,0.01803377632396842,0.013725204037319728,0.0039006440909748284
0.71893633278567,0.14495844997166896,0.047530254027526635,0.06332062772123574,0.02525433549389878
0.7526271971060179,0.13709701316074502,0.04910584031235848,0.04244574073880199,0.01872420868207672
0.9073639618748818,0.05748247532073501,0.018335869090901544,0.013576588944513503,0.0032411047689681065
0.9628233236146438,0.02065804438289733,0.008580555557917025,0.006260295574200325,0.0016777808703414539
0.9515673720636059,0.02350340958697306,0.01628976123920233,0.006759824232995543,0.0018796328772232144
0.8985620614323999,0.05300972493180586,0.026204651885897542,0.017729643159483627,0.004493918590413022
0.8487193249788632,0.07320415942680192,0.04217208253749362,0.030511824920874765,0.005392608135966558
0.9048370055096817,0.04724478179705966,0.0280904247535596,0.015083946898969518,0.004743841040729656
0.850973977664116,0.07808242829152175,0.037631873965773624,0.027288333251030836,0.006023386827557718
0.9361404445657988,0.03432062951993283,0.017017543323277196,0.009915217967623274,0.002606164623367749
0.9521575078319163,0.022811703652860747,0.012552626947314046,0.010123573192140863,0.002354588375768055
0.9544839015562439,0.025601108948436233,0.010081233420391937,0.008266479054472227,0.001567277020455785
0.8963169273426863,0.054350337708219634,0.023184174392975963,0.021674747864206773,0.004473812691911223
0.7713271529935767,0.1383603924575676,0.05339990611062573,0.02846369974018075,0.008448848698049363
0.8039211665678146,0.08879658593413002,0.05164375128135239,0.04789854485802221,0.007739951358680516
0.867372259293205,0.06634616537080859,0.04585193780277671,0.016465506984338504,0.003964130548871154
0.9242883670290134,0.046313506187207004,0.016922115087050212,0.009793990815735662,0.002682020880993552
0.8136846181942764,0.12271917846856634,0.03617707300055523,0.02247159411913995,0.004947536217462037
0.9234650713268037,0.043015528905361144,0.017410596587589366,0.013872928277591224,0.002235874902654743
0.9496536081797584,0.03382425657032776,0.006939884233484629,0.007811647567641028,0.0017706034487883025
0.9064617254241751,0.044205220410620784,0.0283103062602758,0.016667517011139475,0.004355230893788883
0.9163371765567967,0.05142288426874587,0.015683019064920495,0.013510627658946384,0.0030462924505902963
0.956128830397759,0.024107243488999532,0.009294826879899624,0.008789521505883564,0.0016795777274585305
