Delta_Power,Theta_Power,Alpha_Power,Beta_Power,Gamma_Power
0.9170465447946389,0.02622461283467816,0.03873718863115955,0.01505253542495103,0.002939118314572481
0.8433551621558498,0.039332664282762636,0.06535793751796548,0.04223789644616685,0.009716339597255147
0.9379378147811716,0.020312089164394642,0.025744766515801657,0.013016237251437156,0.002989092287195145
0.8182749891224103,0.07620055088278507,0.06138493830415693,0.03620593203545328,0.00793358965519445
0.8419664967895405,0.0518734000631732,0.07955061166812587,0.022489055350797125,0.004120436128363095
0.8532759517551077,0.03294683139306569,0.08132321058299624,0.02760885018966365,0.00484515607916656
0.7963848953760565,0.05945380340248449,0.08878461337072462,0.0471703044202437,0.008206383430490568
0.9526774892741543,0.023154722562112966,0.0093980963156766,0.011067365344876774,0.0037023265031795637
0.8657389447350076,0.05786373850244659,0.034356718963434986,0.03223154555267566,0.00980905224643525
0.920358568159471,0.0533358163128736,0.010339582547436525,0.01165172105080688,0.004314311929411939
0.84487471704447,0.036752056319769674,0.09262609295428262,0.022023288045704675,0.003723845635772932
0.7738458624629375,0.08654331058905171,0.10386352796520669,0.03140370864603736,0.0043435903367668866
0.6503321226647731,0.07196828828091088,0.22524711388880436,0.044808000221386174,0.007644474944125407
0.42970353377802456,0.15020594254719058,0.3185516381704275,0.08158335959973731,0.0199555259046202
0.7608576232288667,0.06460319019192665,0.14320877277034894,0.026329826626710465,0.005000587182146881
0.919205420133185,0.019190699155497884,0.050500748561154093,0.009177807810567254,0.0019253243395956356
0.7973377681657471,0.03489391590788992,0.13806131669533067,0.024692868824451267,0.005014130406581291
0.8220396360944476,0.06769173742539478,0.0828284366464826,0.02238732449215171,0.005052865341523255
0.9151838939977602,0.019308867051342302,0.052214928404653194,0.011009872764817966,0.0022824377814264405
0.6089843525606088,0.1161508937738487,0.21255266117730323,0.05207256207173464,0.010239530416504404
0.7163512250410196,0.08007558908185285,0.15518770185108188,0.04007457320979178,0.008310910816253852
0.8877712316038564,0.02259572366674264,0.0686645386880712,0.017222596397538554,0.00374590964379132
0.9243178381211875,0.02850788205129835,0.03308977075366926,0.011702900287632961,0.0023816087862118915
0.8780265620654005,0.06103339133840907,0.02802100700418216,0.02393927556044004,0.008979764031568041
0.8762269851751517,0.0702305107506747,0.020314118682191885,0.023235794103389308,0.009992591288592348
0.8684149033453524,0.03690528342481315,0.0724414070866011,0.01747581906511427,0.0047625870781188824
0.5014911754283585,0.13356162385219078,0.29919090400744924,0.056423607807326956,0.009332688904674365
0.8919997610685717,0.035055139385539634,0.049828012200123215,0.019282708425996876,0.0038343789197687003
0.7236998848038261,0.12345246731674665,0.11354502250205843,0.03314900552353461,0.006153619853834067
0.8456747038918884,0.04891782529364061,0.07445151715088073,0.025459783585618928,0.005496170077971168
0.6626057459166431,0.07838354484243093,0.21028906121603122,0.03976959691366584,0.00895205111122887
0.4919445504173817,0.18387184541448695,0.22874773080680652,0.08117149544320935,0.014264377918115615
0.8014860305099804,0.07507052529176567,0.08977459073923008,0.028000075882614762,0.005668777576409107
0.8533275293751829,0.05951642242225316,0.059918690989260746,0.02281081819001387,0.004426539023289343
0.8160301146041831,0.04161642469783856,0.11177602476585537,0.025770247910186776,0.004807188021936332
0.8273805028832987,0.0438919719922227,0.09676647649450049,0.02736968292036759,0.00459136570961035
0.8709193939486425,0.06391114786905762,0.04487800755008573,0.015900224543871126,0.004391226088343016
0.8121772042798918,0.0707190144374603,0.08582047533172138,0.02489031170534598,0.006392994245580512
0.8011307093235718,0.06100361994857004,0.09547225263529742,0.036049430981216685,0.006343987111344393
0.8214459905525514,0.047662494698090835,0.10262943544292817,0.02436801047201561,0.003894068834413901
0.8761787705737489,0.03582125660952316,0.06268399877462558,0.020412994391752037,0.004902979650350442
0.83403085925108,0.0448795459821497,0.09582110880473461,0.020857906384893717,0.004410579577142057
0.8490340740690752,0.08388939562745817,0.04728293600445197,0.016368322636982652,0.0034252716620318396
0.7942528576425562,0.054300199237330024,0.11010474621477277,0.03418710765742901,0.007155089247911885
0.683365911254151,0.1116301124979857,0.161516613660291,0.036041357674725195,0.0074460049128471
0.7493288064506524,0.05112159496913969,0.14638065965252606,0.04541999702722203,0.007748941900459714
0.8683900591465786,0.040243476844586894,0.06663661682291648,0.020864876555062535,0.0038649706308554106
0.8826705496589823,0.04326645751889479,0.05286851281353185,0.017524069662043295,0.0036704103465479937
0.8613778748017592,0.06307227590370662,0.037844890386234065,0.03076829399651811,0.006936664911781716
0.7714458463020695,0.11951879291436023,0.03833572087167638,0.05539045396510268,0.015309185946791454
0.8807287808523669,0.049473012558221806,0.039692015428850445,0.024982964101507635,0.005123227059053043
0.7951261621069743,0.057693388266355054,0.11725004480167359,0.025057991563753067,0.004872413261244204
0.760193243491785,0.086369538218449,0.11907263931876609,0.0282248030511353,0.006139775919864641
0.5372219334919475,0.13787127985625036,0.24195718163698668,0.07120042826964014,0.011749176745175333
0.6944013333538757,0.07955548973531239,0.17145251413761287,0.04476164717792267,0.009829015595276365
0.8479724920349145,0.05796222815772249,0.06692679689515911,0.021031411253683678,0.0061070716585201355
0.7889421610378211,0.11932139379005356,0.06250567142941593,0.023426856724045066,0.005803917018664401
0.8401969515603612,0.06686555020193874,0.06561537433889295,0.023178323047846238,0.00414380085096082
0.8129477764430688,0.05434265436734313,0.10047077381682058,0.02691833118694523,0.005320464185822187
0.6864033322813655,0.09015372348431837,0.1597266210373313,0.0555358640903274,0.00818045910665752
0.8039950669131594,0.09169676158875491,0.06418511431173274,0.03357203806538702,0.006551019120965879
0.7579052160010729,0.08326212774195241,0.10348286357638627,0.045454675457535176,0.00989511722305332
0.816360820067636,0.04609265439909039,0.10156272542816717,0.030159173563832346,0.00582462654127421
0.718445613015662,0.07971771815292295,0.15364687319834655,0.039377846749266865,0.008811948883801655
0.7340659915566171,0.08041075309316861,0.1390103275349942,0.039832269006350354,0.006680658808869922
0.8005203128007391,0.059910295735573056,0.10144826373194778,0.03164202769265948,0.006479100039080879
0.951121090456783,0.013963015468261593,0.025671352618188287,0.0069852411358005875,0.0022593003209665664
0.8902880494613828,0.03374274389856954,0.04860020907236867,0.022486504179004184,0.004882493388674714
0.8358374964518008,0.06470625995571476,0.07467079176880201,0.02078040726775703,0.004005044555925239
0.8239515556154221,0.057791425146447806,0.07540448746953493,0.037092097255868386,0.005760434512726765
0.8464861643769578,0.06369167117316088,0.06360009193565551,0.020206460487109452,0.006015612027116181
0.6313729171808021,0.058150781481454736,0.11857069104734921,0.08377120572826015,0.10813440456213413
0.8101016361958056,0.05092448272439443,0.08693240955663246,0.041437218374931,0.010604253148236506
0.881350946733615,0.04766310492349308,0.046338075151176765,0.02067478099491198,0.003973092196803139
0.7129531718179011,0.06560697300325301,0.17659196223945053,0.037249076019017745,0.007598816920377498
0.896184522180115,0.034033592835463616,0.05307106721220102,0.013652473983095282,0.0030583437891251466
0.7627520970714066,0.07472187169474771,0.12177722554790336,0.03513724428063973,0.005611561405302462
0.4644793137102661,0.23599195819337818,0.19923511297099067,0.08741261745154337,0.01288099767382154
0.7473393551492513,0.10000688148604159,0.1048292253188684,0.03900577566589144,0.008818762379947408
0.8761385907851891,0.02923029001095339,0.074680693872702,0.016145562139217907,0.003804863191937786
0.8802555022716216,0.04543248183046459,0.05479355810211761,0.01580669954644062,0.003711758249355715
0.8874435485382668,0.07127158208359455,0.02044863120023614,0.014155808503509741,0.006680429674392646
0.9142023165940681,0.044288489430370434,0.016454047692542318,0.01740743622144724,0.007647710061571946
0.8993143908321972,0.03549723658473032,0.035314078870898095,0.021612501677339673,0.008261792034834752
0.8629994588375216,0.04922135241598055,0.06469886732341991,0.018262034717338074,0.004818286705739708
0.7922433869950883,0.04264627858213064,0.1300881462002107,0.027904010603461576,0.007118177619108833
0.7467748563277279,0.046445400907154696,0.14826909882159184,0.046443776108340266,0.01206686783518528
0.7835975789813335,0.06745617029923086,0.11235059634365109,0.02996504212511733,0.006630612250667116
0.819306448062354,0.09237269872924118,0.06742248760308343,0.01607648578010079,0.004821879825220846
0.7468468220304268,0.12754825158035465,0.09383019788561582,0.025853736031112115,0.005920992472490684
0.6771286700502044,0.10053774509041143,0.1722574640446115,0.04029573144178316,0.00978038937298951
0.6924181955511919,0.10756275750787421,0.14179544553466922,0.05079502621723673,0.007428575189027885
0.7950058309405135,0.035056405870002506,0.12491413707431291,0.039087420842540285,0.005936205272630785
0.8121173295895541,0.050397567388839715,0.11039529313994509,0.023044762844469414,0.00404504703719169
0.8657570741477469,0.02591091251211333,0.08494267385809032,0.018698156075766702,0.00469118340628259
0.8595366236465134,0.038690276398064855,0.07977595001180154,0.017749629941942836,0.004247520001677353
0.8615218543206754,0.033477904674776286,0.07510594066069953,0.024346073206441058,0.005548227137407623
0.8793595849125098,0.04306017247130779,0.05658006677491009,0.016627582115892377,0.004372593725379682
0.7958058936655334,0.0870350924292076,0.08108487308427399,0.028288731559286764,0.0077854092616982
0.9205555368312628,0.043349303903496006,0.018838576870819097,0.013109440111057932,0.00414714228336406
0.8209010617412679,0.07550363283021083,0.07891594669586467,0.019880757323991173,0.0047986014086653875
0.7986188820008323,0.07669382472630153,0.0902667276928699,0.02754230570819313,0.00687825987180298
0.773832562045284,0.0672032270577066,0.12113746666237059,0.031133587319674683,0.006693156914964215
0.8734578618740948,0.025115681528873893,0.077309840096382,0.020847323004332192,0.003269293496317016
0.7799080392418284,0.04610602118275757,0.13196298612104357,0.0357489072281614,0.00627404622620909
0.8313663694298249,0.04658099547189835,0.09553325626776173,0.02163780652603633,0.004881572304478721
0.8258410880642679,0.05460360313397892,0.08869211987869977,0.024736378806418803,0.00612681011663446
0.8321860124402551,0.03603365562109373,0.09462489945684413,0.03248716348287792,0.004668268998929005
0.9163048756785848,0.031175272444508267,0.03837386433780513,0.011487799782468847,0.0026581877566329687
0.8376015065872439,0.04760017905729673,0.08769818313747338,0.02266969646667147,0.004430434751314619
0.9060280674889486,0.038811647267177646,0.04175362280529236,0.010781758418466384,0.002624904020115125
0.8019238993884782,0.04768031546153815,0.09691418306014493,0.04555176539080652,0.007929836699032109
0.8357539260729324,0.03752316534236776,0.09005801120335283,0.03071411465546872,0.0059507827258780885
0.689013097658786,0.09133943414186871,0.1726730279783821,0.03885281119717386,0.00812162902378926
0.8131330048587733,0.054123935397821066,0.09928150075409092,0.02778485674874422,0.005676702240570561
0.6643142660292557,0.06981314747193541,0.21106015713664059,0.04658760685404273,0.008224822508125734
0.7700996852188069,0.05356265395464259,0.1357187621993239,0.032862898337652345,0.007756000289574512
0.8772179033338838,0.03988271478147917,0.06160769084361699,0.01609847833749265,0.005193212703527537
0.8889490410734544,0.06950914370883758,0.017819695776613506,0.01711767103009806,0.006604448410996525
0.9472984980054161,0.03005651396718377,0.00835532571930957,0.010093837717378908,0.00419582459071158
0.815527687021108,0.09747279143269805,0.0469232611990919,0.03165118188970766,0.008425078457394323
0.713492047469375,0.06906026461364849,0.1734664239632741,0.034310638008375194,0.00967062594532701
0.9120870815903589,0.020285855966442223,0.05504034737009347,0.010156157850121193,0.002430557222984238
0.9033531329736673,0.010249341193232507,0.06992305456098738,0.013723065869832046,0.0027514054022808837
0.7360982463981681,0.08344427988314584,0.1465430174314266,0.02721071599758917,0.006703740289670052
0.7594834523524588,0.06585694336345893,0.1287120162847698,0.03979240874475688,0.006155179254555545
0.8708762909941892,0.04930901163080454,0.0637756430010283,0.013188036595617372,0.0028510177783607066
0.874909781433757,0.03903529682362002,0.06691743834882949,0.015424900916589742,0.0037125824772036506
0.9065093020318777,0.027877219208639944,0.049018450992485786,0.013490194293877118,0.0031048334731193436
0.8928017511985138,0.028663023090328966,0.058511426381556715,0.016878349540321896,0.0031454497892786505
0.7280176820174905,0.0776912304762347,0.1520921960989743,0.034866732088268494,0.007332159319032057
0.8148832086035134,0.036348988145656444,0.11666531565209956,0.027162699401791376,0.004939788196938965
0.7146540859374669,0.07344317577007034,0.16056265228449904,0.041714815089520636,0.00962527091844324
0.906080423622967,0.030774980025414376,0.04749003804673608,0.012843812507650973,0.0028107457972314466
0.8335642718318199,0.03667762794615019,0.09920771559399927,0.02455034642516671,0.006000038202863988
0.8962082123787989,0.049596410902126395,0.03472832824595423,0.015116935660807213,0.0043501128123134124
0.7472463977654448,0.07620738907038661,0.13800429615400608,0.03239878833818478,0.006143128671977636
0.6834487955220502,0.09691170100219863,0.1641399282684397,0.04708515334193787,0.008414421865373499
0.7507289469301758,0.07244220851083652,0.1360410237072585,0.035123469440570904,0.0056643514111583354
0.7595768469441234,0.09449016864045082,0.11143909950524805,0.028942468099836628,0.005551416810341044
0.7814637611030464,0.04008562816188806,0.13665564042823597,0.035766200841907625,0.006028769464922125
0.8904343607301575,0.03412045626815767,0.05708786445590144,0.014794661426139673,0.0035626571196437015
0.7844546892575003,0.1149408058804151,0.05837733534422505,0.03383463074919196,0.008392538768667789
0.7452954936462522,0.08564071708603915,0.11581555867779154,0.044151363857817705,0.009096866732099406
0.8448005021213848,0.038532817933987884,0.09200760367867875,0.02056259001855404,0.004096486247394784
0.8136881562012865,0.06118936955410742,0.08653094196368842,0.03064421161575578,0.007947320665161984
0.9201681685525096,0.028512110467351873,0.03783061613587936,0.011376947758308569,0.0021121570859508384
0.790179996614672,0.07725761410006873,0.09737990483803652,0.028695960045073556,0.006486524402149506
0.837276048419493,0.04926468986927863,0.08692685556643542,0.02227349386074359,0.004258912284049149
0.8972773087158844,0.07048474030777432,0.01312705186761967,0.013432537672477611,0.005678361436244004
0.8347968595737097,0.08155827023148612,0.028965765890660067,0.03565049302601033,0.019028611278133725
0.8276126433404563,0.09077371261850586,0.03175685704645077,0.034555530975959994,0.015301256018626969
0.687152164077929,0.10088059310433824,0.14188881250377197,0.05125664223522916,0.018821788078731822
0.6699810958191257,0.09049004877068774,0.06546657850182686,0.05445510055667754,0.11960717635168243
0.681440482873207,0.03291655050530055,0.08367910690649777,0.05378574645202745,0.14817811326296734
0.6099095838572651,0.11082560848381215,0.14726413717329498,0.051751089750232765,0.08024958073539502
0.6618611825829164,0.12487835808000075,0.1492973001110984,0.04576792467491801,0.01819523455106644
0.9550445599904768,0.01846658459931063,0.018694246344030763,0.005885462694977794,0.0019091463712041028
0.9001098828365162,0.024194936793967357,0.05852314319594291,0.013435936432319542,0.0037361007412540443
0.7847035497735906,0.051896496607871705,0.12938877583391084,0.027743721762013996,0.00626745602261315
0.7749792639466525,0.04644441092445324,0.13187114628068608,0.03406681386270491,0.012638364985503414
0.7982889963957316,0.07383751084026875,0.09278427961903173,0.028634437295048436,0.006454775849919589
0.9226328360726547,0.03690553989350378,0.024647959772475015,0.012079342449700974,0.0037343218116654654
0.9053962933747735,0.03175021552417243,0.02668086650428864,0.028429882151101843,0.00774274244566334
0.8648159806958139,0.058693854275550954,0.02841104436309932,0.03520728021414076,0.012871840451395142
0.8435750919704097,0.06338454736727957,0.0650932102891581,0.022422410818039095,0.005524739555113511
0.8329387804543388,0.03833579724848536,0.09479423904162626,0.024134039376121175,0.00979714387942831
0.712359041458845,0.06413019738716493,0.1670623522496318,0.04561589612996179,0.010832512774396418
0.9414333355285527,0.015361409395794624,0.032002423728684906,0.00875034262353627,0.0024524887234314077
0.8091150593257613,0.05064378139871901,0.11054258054716916,0.023798798870113675,0.005899779858236805
0.8318130661189446,0.039410154935197686,0.09784004883229472,0.025329203886883228,0.005607526226679809
0.8111965153238797,0.039420221044993306,0.11409205004974693,0.027543248818675346,0.00774796476270474
0.8583380560324376,0.057529405897606994,0.05946955235074978,0.019151603935415217,0.005511381783790559
0.8037826006290949,0.043000145343081234,0.10849448355989945,0.03323006440425322,0.011492706063671327
0.8183087867636509,0.06576188229750414,0.087459839417342,0.021327947838728593,0.007141543682774496
0.7769446879669157,0.08130180612845972,0.087560799823606,0.04320615749147082,0.010986548589547656
0.9271269087673601,0.033036357502132505,0.026130052019907753,0.01027689237880227,0.003429789331797331
0.9262589935612021,0.01862515145926911,0.03887519743053372,0.013002815401605482,0.0032378421473896572
0.7952350681272867,0.06153311780890081,0.10830677412202608,0.026555874850108872,0.008369165091677606
0.7337165829646048,0.07343328967088178,0.1430496287114314,0.03984640653276631,0.009954092120315639
0.733584678381658,0.06823694731267603,0.1509396482608831,0.03728570359571001,0.009953022449072854
0.7157019934342789,0.06933032365160689,0.16107388142378418,0.04041486977474669,0.013478931715583621
0.6816931539805839,0.07355108356281531,0.1882077909209457,0.04208606435364762,0.014461907182007294
0.8305074107311834,0.057471518773211605,0.08135732230775498,0.023004906397985914,0.00765884178986412
0.8479023321627326,0.07941660291171207,0.04957487873591376,0.018224416206870844,0.004881769982770682
0.9133903725868096,0.025191251657243858,0.041728241084361586,0.015024839549786579,0.004665295121798343
0.7892292811508014,0.055258243988136224,0.11685255009054493,0.031500542849870035,0.007159381920647641
0.7543939060073285,0.078903153743708,0.12215083543047375,0.0330411600491489,0.011510944769340871
0.7888880585258716,0.0900351017589445,0.08719163314833155,0.02547658959039355,0.008408616976458769
0.8149506013440813,0.04712118231194218,0.10471497242892164,0.02477984401956604,0.008433399895488842
0.7320866565009237,0.07512837968353425,0.12793496631541948,0.05508891849623328,0.009761079003889431
0.5471727724282885,0.16518724579322805,0.19399244848576694,0.07465558935529784,0.018991943937418584
0.5911279742327796,0.09848939000045151,0.23292996624062695,0.06416446688978138,0.013288202636360411
0.8291665894389924,0.04301693209762261,0.0878868512641578,0.03155043506081588,0.008379192138411337
0.8407273936133219,0.04197175229487156,0.08428132274698727,0.026768744968461038,0.006250786376358266
0.8974783945877511,0.029076134005313944,0.04489828323770043,0.023109838330941556,0.005437349838292814
0.9188401289125613,0.018393002945938184,0.03907849919255952,0.01912081845159985,0.0045675504973409576
0.9072948185973501,0.026524953802396847,0.045532471379492505,0.01622353462772581,0.004424221593034642
0.8804438336298297,0.02500884132435567,0.061598651593489054,0.0261259831283882,0.006822690323937232
0.8969491776878072,0.03573163560891382,0.045833492405517165,0.017780933770688123,0.0037047605270734713
0.7877504860517025,0.07359346020228948,0.09966763445104103,0.03008059695987117,0.008907822335096181
0.7929070770463771,0.05563956767992292,0.10955391368069416,0.031142937613451403,0.010756503979554468
0.8044688221784011,0.09155052565008331,0.054549817302985346,0.03748530529808216,0.011945529570447777
0.8507717827072383,0.06641971009185386,0.05070566730441742,0.023738064461235105,0.008364775435255453
0.9212897961804571,0.01842958256826622,0.040773451237512116,0.01579187759414131,0.003715292419623212
0.8684010309958595,0.042284641314963116,0.06966065932201193,0.015328674875968397,0.004324993491197116
0.8485447320076567,0.028641078739287704,0.09394744785582007,0.023973428430616287,0.004893312966619042
0.7562974396769518,0.07660286184595447,0.1285572215697888,0.03194773633822468,0.006594740569079979
0.8975703447680002,0.018728059710002385,0.06276311106478373,0.016289144112724,0.004649340344489622
0.7637767692783185,0.06244741503694748,0.12347939332968169,0.0414962676726049,0.008800154682447431
0.7448622223915649,0.08351930756226054,0.13562695391197138,0.029370378618568345,0.0066211375156348265
0.8778586278332615,0.029730272000097292,0.06696256835540566,0.020479112053223624,0.004969419758012252
0.7580252347090235,0.07293706537820367,0.12929285603061363,0.031661351555148244,0.008083492327011032
0.9001845828880579,0.017191104064785863,0.043219549986778974,0.02620416243539782,0.013200600624979297
0.918653999847284,0.016984182515889228,0.02935722856507439,0.01939551708448333,0.015609071987268925
0.8377979625534795,0.022685516297807684,0.10173064935561228,0.029223684414879925,0.00856218737822061
0.8139336836211075,0.038946407055257835,0.11152447410238303,0.029658723041104847,0.005936712180146649
0.7970446228217491,0.05565826328971796,0.1122827322991218,0.027611797648950488,0.0074025839404607266
0.8052083827074538,0.04790241110820884,0.10911206862302275,0.02933106782080696,0.008446069740507796
0.6721628496218054,0.07201819149034391,0.19031761505738226,0.05050490994751677,0.014996433882951762
0.6471089526216064,0.1275885831951952,0.14843143268065007,0.06032247941453059,0.016548552088017705
0.7990290720554079,0.0687405316815988,0.09002793607411995,0.03268202281518833,0.009520437373684859
0.7456246467998465,0.051599042050472145,0.14952864754018713,0.041620565474788894,0.011627098134705211
0.7502911391503588,0.08567097444996337,0.11783407616034554,0.03505855364133287,0.011145256597999467
0.8326503177782159,0.05372359410165488,0.08239286402048632,0.02466486274868241,0.006568361350960507
0.7435558463081166,0.08168500409758889,0.1316240619694141,0.035606914469644514,0.007528173155235805
0.8882314423078179,0.045617834941288245,0.04835218514858833,0.014335023593866843,0.003463514008438597
0.7624665528180569,0.1065979660146461,0.0897424044820575,0.03257785887196876,0.00861521781327081
0.6586861087618281,0.13659071498952433,0.12627089923987675,0.06520538582144234,0.01324689118732857
0.9186934093725828,0.023122486605396203,0.04129949566259663,0.013197198352455789,0.003687410006968369
0.8084563114545308,0.07041875714663302,0.08611769491743813,0.02719918442903964,0.0078080520523586055
0.803806071955077,0.06433287300364034,0.09525127557283558,0.029838307288743645,0.0067714721797034255
0.6920597532060233,0.07706264990837977,0.16989513327443212,0.0498401522483821,0.01114231136278245
0.8394320226714488,0.0713849184707754,0.06949403028873537,0.015431979293842428,0.004257049275198053
0.9323287104369279,0.02394965756857724,0.02589557464777758,0.013633398244228465,0.004192659102488735
0.8310754468062794,0.036042858847740784,0.09733921613989495,0.029363616362856698,0.006178861843228141
0.5942703472067515,0.07311480427876328,0.26240482245069596,0.056521790778071616,0.013688235285717533
0.7780729804682228,0.07564123639346536,0.10563185771930414,0.03399031036055469,0.0066636150584527985
0.7699559710361827,0.0877523312422004,0.09813183152062382,0.034807642136614254,0.009352224064378857
0.8238386354324644,0.07533043791774116,0.06559117656421849,0.025670638168254087,0.009569111917321712
0.8077502154173117,0.06422049879391441,0.09392080633827904,0.02623949773089858,0.007868981719596081
0.8074332232085351,0.0487478984178738,0.1090969124434616,0.028911704280625353,0.005810261649504225
0.8117061365473242,0.048581870589805225,0.10033267762764227,0.032220212002694905,0.0071591032325332956
0.8196630361422329,0.09316020250797737,0.05619573898327063,0.024620563754544585,0.006360458611974441
0.8201324181762668,0.0487979431733171,0.10138363470801703,0.022975253739573813,0.006710750202825315
0.7616497796316379,0.08389159044708039,0.10481266072157722,0.039261360248830986,0.010384608950873672
0.8433676139620584,0.045194710989822064,0.07210603714671598,0.0300791838023927,0.009252454099010732
0.6744291019721095,0.0772022987148347,0.18494612135838354,0.050221539120779896,0.01320093883389227
0.6193744743563626,0.059954066126625134,0.24049834791471125,0.060358512592429414,0.019814599009871474
0.5347615275653593,0.1712166586479683,0.21685947883017945,0.06189728334994256,0.015265051606550417
0.9033058898507911,0.029905089241506522,0.04939739010779247,0.013576880821478007,0.003814749978431689
0.7254381031700026,0.08096138800733067,0.13957601695949387,0.042968009560230516,0.011056482302942209
0.8368575767803488,0.058579965708145984,0.07959675565466945,0.019046867115110798,0.005918834741724842
0.8247586138971579,0.03476826439731116,0.10672990611967342,0.027083621876421146,0.006659593709436359
0.8527317025568979,0.03035543987012081,0.0804506000492641,0.02987336899422256,0.0065888885294945795
0.8428331315818532,0.029145911828088827,0.09465827705070474,0.026680640982885494,0.006682038556467833
0.683437932137763,0.12667361549814896,0.13230604050138683,0.04758845280135792,0.009993959061343153
0.8815521949534791,0.0420063742462682,0.05034680422191475,0.01999478052472447,0.006099846053613398
0.7831201829070535,0.06715019451995054,0.09173484395805893,0.046370782292232564,0.011623996322704569
0.7599262224342838,0.12095935234833603,0.07545552154135211,0.03480605548197753,0.008852848194050534
0.8394719051562847,0.05558344461086753,0.07457584252672841,0.025020678554102973,0.005348129152016264
0.8949710406550102,0.024278623455918722,0.062178721198679614,0.014621081389557155,0.003950533300834553
0.8187664046811501,0.04742485171898669,0.08653691967893762,0.039821878476974194,0.007449945443951597
0.7931137201391216,0.06264650323386664,0.10215014884313797,0.033139443149694706,0.008950184634179308
0.8311369133196272,0.04177342470587231,0.09991214546223369,0.021131690091860965,0.006045826420405628
0.8239684259632061,0.04559142615120478,0.0953202812157366,0.028874361590393062,0.0062455050794597835
0.8211643875818182,0.056785657894235106,0.08322404408677793,0.0314219358174919,0.007403974619676965
0.9176825837827034,0.02185701960574185,0.04323647215703793,0.01329919910901905,0.003924725345497773
0.8589250046143604,0.03043691065037777,0.06894572450841782,0.03462824733017453,0.007064112896669638
0.8012030476280908,0.0485780755023651,0.11625907340048998,0.026769185912514065,0.007190617556539875
0.8254162657775823,0.049427054167400744,0.0894116022782607,0.028046043490844663,0.007699034285911835
0.7484311680653211,0.07383730809470652,0.12650405973695913,0.04147792627029433,0.009749537832719047
0.8261913971959466,0.0506040957723884,0.09430259658702848,0.02327568042239428,0.00562623002224221
0.8898887006187027,0.029721919618533647,0.06054317812262038,0.015803281194837447,0.004042920445305725
0.8989163631450322,0.022945856851741057,0.05463349848452979,0.018604788675213868,0.004899492843483128
0.8413073192687123,0.030661418523414953,0.09772112701039788,0.02388639182595138,0.0064237433715234335
0.8320514047634936,0.03568362867405582,0.10167301870975021,0.024924537885977083,0.005667409966723383
0.8668407838398448,0.04283396514038608,0.052469348570060796,0.030033142409936212,0.007822760039772163
0.7943018906029292,0.05072129998271405,0.10906271851254613,0.03800314760920647,0.00791094329260431
0.556176279969013,0.11240513477161002,0.2633000759073688,0.05509158322461131,0.013026926127396974
0.8440483695116547,0.04382529639022118,0.08131074622854424,0.024447946108521898,0.006367641761057884
0.8574528460070052,0.02949592614036538,0.08588872097224434,0.02191719044693531,0.005245316433449756
0.6824698656196803,0.096154850212912,0.16897233880348703,0.04212332610641222,0.01027961925750858
0.9111068347676092,0.03639092513439443,0.03437957502028188,0.012214856297819982,0.005907808779894731
0.9159881739770112,0.04592199550041166,0.01299733249955946,0.015314601875687514,0.009777896147330288
0.8418258073932771,0.05541674964992922,0.06502983066226817,0.02639780104399074,0.011329811250534505
0.7482114021067421,0.08320479444156711,0.1326127511467991,0.028313923997017845,0.00765712830787379
0.8183083658236433,0.026471747195554778,0.1222455934445366,0.025914610557875518,0.0070596829783899535
0.8688533851864035,0.020342564136499052,0.08186019938129913,0.021785212816296667,0.007158638479501614
0.8575105075003239,0.029224071671710518,0.08198010638215299,0.0244707439591288,0.006814570486684002
0.7092235052603392,0.12100759639182332,0.09553669081290442,0.054177545720115704,0.020054661814817305
0.7138675595245757,0.09839800698771455,0.07952741389186314,0.07552394474144736,0.032683074854399204
0.8256802694432619,0.06743017199920004,0.07666973878461666,0.02246558925683902,0.007754230516082517
0.9029280704025694,0.021104040571417945,0.04941720872702617,0.020269406959138345,0.00628127333984798
0.8945666506080852,0.035127517739648534,0.05153222906404514,0.01490857212340141,0.0038650304648196986
0.9059203368289831,0.033698258053033586,0.037301692299284143,0.018618430095524593,0.004461282723174874
0.7275394248756042,0.1342212832931905,0.08576471914705036,0.03897044223413221,0.013504130450022715
0.8610584078195274,0.025314178644599537,0.08427255865801392,0.02347368146309104,0.005881173414768107
0.7571686758957589,0.10317443444089687,0.0921892743927004,0.03738884172769808,0.010078773542945818
0.8661708054330609,0.0427563856083627,0.06091774897218994,0.022916973226907656,0.007238086759478949
0.8076305309274424,0.08062327824860804,0.06608323277900487,0.0356192065244487,0.01004375152049606
0.6793213672401515,0.14403128079329194,0.1122300568629003,0.04693297947214403,0.01748431563151254
0.7883910806812854,0.059128830057651585,0.10639632525692597,0.03576882643317737,0.010314937570959642
0.6663794044990354,0.08330886402789608,0.2003286704826033,0.03973890851183345,0.01024415247863189
0.7353841953640063,0.06689335556817444,0.13567715801906308,0.05096380092151248,0.01108149012724379
0.8337015166384613,0.03201218505974911,0.09355949555557155,0.03368643162537612,0.007040371120841955
0.7639675879219648,0.06351965079228696,0.12510404815651646,0.039904687462263534,0.007504025666968163
0.8383272709432249,0.052308475497601134,0.08202622866389096,0.022425040391433865,0.004912984503849003
0.735295488318097,0.06446446130327514,0.15127780879921426,0.03764355910404844,0.011318682475365065
0.8157852032381535,0.06659381741260557,0.08694652901947877,0.024732761777549128,0.005941688552213004
0.8667542162381845,0.04398357720438348,0.05641235881751782,0.027106863490102905,0.005742984249811242
0.8230370507658409,0.04238851646774602,0.08830101303837509,0.037256399367834196,0.009017020360203923
0.8306987422175451,0.03546017595579082,0.10061128899814487,0.02669542192249355,0.006534370906025808
0.8801790185615326,0.0267138566338467,0.06689131446808978,0.021276405045298354,0.004939405291232382
0.7463282268317173,0.06070658713689531,0.14378647176229115,0.03570654081529175,0.013472173453804463
0.9126951108218351,0.016918196819916485,0.04871145922985954,0.017016901571884624,0.00465833155650434
0.9054817371851362,0.04196672624516733,0.035994535876145595,0.012950568845207783,0.0036064318483430406
0.8654298437521865,0.05277674962847151,0.052532554296243913,0.02228647070196936,0.006974381621128555
0.8265469081749356,0.056566557873958145,0.07818821694142104,0.030915341619095923,0.007782975390589243
0.8433961151197328,0.05024532626851596,0.06986703829621438,0.028553469765922112,0.007938050549614498
0.8186748454136726,0.05821738646190736,0.08234935661275129,0.03210227341370465,0.008656138097963948
0.5700904833053232,0.1877052613114286,0.16726272710212,0.058644118482486705,0.01629740979864166
0.8356344550842396,0.05545245588826142,0.07744103525262201,0.02455570965917257,0.006916344115704668
0.8875435040936244,0.02339821050550405,0.06019683741799024,0.0229546556370525,0.005906792345828942
0.8468971187695805,0.05153003460952732,0.06803766477214569,0.028022447079187305,0.005512734769559095
0.7289848688570031,0.09745411707309093,0.11422335887430712,0.046639974607021274,0.012697680588577516
0.7164658162450641,0.10402890087254212,0.12884809591711405,0.03840442597451884,0.012252760990760742
0.7145886245911025,0.06721056886085913,0.16479543542065153,0.04265919876185107,0.010746172365535782
0.9031549651455879,0.035778539045642106,0.034754457317776564,0.020423521112868805,0.005888517378124761
0.8933227006200026,0.04055346355901215,0.03895209872854596,0.022992448475424213,0.004179288617014614
0.9112127435749673,0.028244828111208247,0.03825440577936484,0.018034126643146978,0.004253895891312703
0.9284953747694149,0.03047776104076856,0.02731491261217397,0.010786278356595456,0.0029256732210471786
0.8197004853250087,0.06189967696381913,0.07583016857162761,0.034586736311804096,0.007982932827740418
0.8146394988117417,0.04663169357883495,0.08695012317117592,0.04046934625486007,0.011309338183387353
0.701042044335209,0.08598980484458228,0.15019574644767342,0.049697071372641344,0.0130753329998941
0.8547431086595602,0.061976670409582574,0.046835579490042016,0.02886148521362979,0.007583156227185532
0.8998176183665122,0.02711808599566894,0.041368998345494006,0.02497950958850492,0.006715787703819864
0.8513540678319318,0.04358404518575317,0.06745992398447828,0.029570921394025645,0.00803104160381102
0.8186030440453792,0.05291625818866037,0.07885750969520576,0.04001414473230652,0.009609043338448071
0.8271237286560099,0.04704439521622587,0.0742083131348048,0.04310859387179697,0.00851496912116246
0.9139977037929145,0.03515705260730552,0.02993721244663559,0.01583039279261374,0.005077638360531048
0.7079982296524804,0.09562853990624173,0.14483803477975782,0.04045161545044591,0.011083580211074171
0.8131513718373172,0.06218205819508356,0.08388720258964098,0.03310113411227261,0.007678233265685685
0.8574300186403412,0.03612196107740871,0.066396801806123,0.033074352866738814,0.0069768656093884855
0.8333074212707724,0.04546974367090801,0.0761830935392036,0.03723780424122529,0.007801937277890871
0.8318804711812616,0.03372064169622896,0.09592151793569492,0.030974641109292718,0.007502728077521699
0.8238035266339535,0.05859881232428076,0.07964180336066819,0.03054837004868071,0.007407487632416809
0.7426884728154141,0.10788212287569132,0.10654808335757068,0.03399599183191632,0.008885329119407861
0.8999709365475632,0.032323437876052824,0.05032528159107451,0.013555698843059336,0.003824645142250107
0.7719868829452203,0.10871430503066334,0.07917987776994385,0.030639562887395316,0.009479371366777043
0.9289121858377514,0.01634083493733742,0.038416771609913886,0.012048342518129003,0.004281865096868069
0.9329927605771531,0.011927921624096218,0.036455602128029965,0.014531327082645377,0.004092388588075248
0.9011257150042441,0.028886148137170636,0.04597725983321069,0.01884300413708768,0.005167872888286697
0.7360875466497877,0.042667946227063505,0.1627794495675862,0.04575855212842012,0.012706505427142334
0.8233802505821096,0.07346634147554042,0.06728825700584476,0.026435092126282426,0.009430058810222682
0.8215675606153773,0.08349003939529931,0.03774493642111395,0.040188594861225724,0.017008868706983742
0.8983801982494066,0.03017128041951316,0.05326648195915943,0.014578610102783612,0.0036034292691371553
0.7789274190038494,0.06653426582059126,0.11567974224536377,0.029996103193992322,0.008862469736203199
0.6817001185499091,0.10943547347576933,0.14604966298221503,0.05007454671560132,0.012740198276505342
0.7973954597687786,0.07632247297925382,0.09661920358254954,0.023523172566228302,0.006139691103189899
0.9152464954490453,0.02508525237653419,0.0410104106043378,0.015162935532899888,0.003494906037182919
0.9408023794757658,0.01416105043784912,0.031314596211364294,0.010203667646266944,0.0035183062287536307
0.8613072752769365,0.03564106573683738,0.07349915692085833,0.022379220581493626,0.007173281483874227
0.6842976728730502,0.08417100315676238,0.17185878792656825,0.04659401042215767,0.01307852562146142
0.8807085364008593,0.03903252447982055,0.051417576427485824,0.023916454847003943,0.004924907844830488
0.9320913935789061,0.01524733236946337,0.03690866109941353,0.012211819936451538,0.003540793015765282
0.8667154795429881,0.055489523073170254,0.04958593724512444,0.022632612647139526,0.005576447491577779
0.8414444250935781,0.051627100002492474,0.06688579436584491,0.031218785370738956,0.008823895167345632
0.927941377322292,0.03221588250169288,0.022253089357783796,0.014605807814590203,0.002983843003641161
0.768731325815815,0.054285413307948636,0.12314765443145011,0.04498116224068842,0.00885444420409771
0.9171022553097364,0.034678956538404054,0.03149488998517036,0.013539719080176732,0.003184179086512377
0.8118549687073703,0.06152664705812643,0.08266039860393544,0.03548475563833739,0.008473229992230488
0.8230186244279217,0.05110518567330869,0.08554212609399277,0.03310789997657953,0.007226163828197426
0.6516667934634695,0.07330760496491312,0.20210199749877755,0.061001121997726816,0.011922482075113277
0.802374276891039,0.06406026645272936,0.08628712231700686,0.037460263285647735,0.009818071053577026
0.9169492600328569,0.027355549244758467,0.03756196138458536,0.015455561105036115,0.0026776682327631944
0.8221090670272481,0.043639705290961964,0.08553014634212838,0.03860559146486038,0.010115489874801268
0.846016057393353,0.05330256398238145,0.06852441571065622,0.02728620337082419,0.004870759542785238
0.8346051890343078,0.05452211954323434,0.0722540008988823,0.0306445562211979,0.007974134302377386
0.7724168596401169,0.0441328262419184,0.1317736617376221,0.0427649140861088,0.008911738294233723
0.8190952787123488,0.05223222486391654,0.09688123372291223,0.026522474819775318,0.005268787881047282
0.711781498827883,0.09608380074859323,0.1326602602383363,0.047975619266368105,0.011498820918819524
0.7655852434477978,0.0920430193065304,0.08738303793023518,0.04457470253252705,0.010413996782909505
0.8659996317491185,0.04500922168843477,0.06053152857264294,0.022697626147573143,0.005761991842230544
0.8417692169014566,0.07128480974733274,0.05526945343787017,0.026108921205522648,0.005567598707817748
0.902938849618869,0.048313862734957226,0.02781874568628839,0.017014249739141903,0.003914292220743443
0.6772374867742823,0.1651195898035872,0.09751012485168481,0.05008289364250149,0.01004990492794417
0.8705588217292877,0.06257856228492036,0.03982837566905405,0.021777910849729715,0.005256329467007897
0.78108586035961,0.08248421753483597,0.08502681072577385,0.04332115345835139,0.008081957921428629
0.9161454366930728,0.021184491786910897,0.03889095109443175,0.018899858464209517,0.004879261961375138
0.7958610318535023,0.06593831667810679,0.08610385637104304,0.04004627761653472,0.012050517480813292
0.9129179658930483,0.03121968724382137,0.04113966332277048,0.010925065411680562,0.0037976181286791953
0.7879465882933399,0.11193879155346641,0.053863129970944425,0.03321057223962929,0.013040917942620009
0.7844725176079648,0.07307849168079066,0.10831302839687033,0.02794227657293468,0.006193685741439744
0.830795370130181,0.03367998751214351,0.09777427309428594,0.03177270698335243,0.005977662280037085
0.6948745154576386,0.13449000450663803,0.12498450212840982,0.03664677057205939,0.009004207335254298
0.8248615470066618,0.04149413393883962,0.09658606319913378,0.03044767412199669,0.006610581733368056
