Delta_Power,Theta_Power,Alpha_Power,Beta_Power,Gamma_Power
0.7875734760809142,0.06741118693980244,0.013837101715206284,0.0739067018302101,0.057271533433867074
0.8543305797269648,0.06814320178821637,0.008629555305589297,0.029358347418813584,0.039538315760416005
0.891194773053129,0.04344487477267712,0.012745205925171138,0.022459951297423956,0.030155194951598772
0.8037982399249448,0.07340998203534672,0.0202545037962327,0.047712696803282786,0.05482457744019313
0.8095225428732571,0.0899273323784183,0.012209483515232607,0.04513668511216898,0.04320395612092296
0.7309383467427273,0.12703240847166763,0.034024312824135886,0.04611176482865031,0.06189316713281888
0.8623748728638991,0.07007251626568506,0.012772403720743309,0.029486962250430362,0.025293244899242392
0.7163489449632285,0.13245083094308865,0.038068314481804366,0.054648015480948865,0.05848389413092959
0.90560573291779,0.028955862501947142,0.014479243188705972,0.025681046255538836,0.025278115136018072
0.7232923235567627,0.11500722252119545,0.028239838861565215,0.06632878588512117,0.06713182917535543
0.7694574479316298,0.08131251769858852,0.037033026299878424,0.054756429100582274,0.05744057896932098
0.780074402761249,0.08151655568291181,0.024814805615788804,0.05872529505956164,0.054868940880489006
0.895270409145226,0.03726514992263216,0.018429782202595543,0.027980144893044498,0.021054513836501466
0.7403306620748817,0.1465745848258333,0.01669217777229011,0.050072691069274096,0.04632988425772078
0.8832481195591871,0.06233871789990038,0.01212126277054601,0.02171038439045884,0.020581515379907662
0.8612894949467278,0.05509717290854883,0.016015449556203685,0.03384719155351485,0.03375069103500493
0.6661525695500911,0.13964885153303083,0.025349180901747988,0.07642302704084782,0.09242637097428241
0.8390660719846157,0.06311472710106657,0.015589232435710075,0.03715622339826239,0.045073745080345444
0.7739937895234115,0.09460992303139494,0.020989473309040548,0.05781250988194838,0.05259430425420445
0.8434359781793151,0.04961098869882267,0.021484406852488806,0.04703247138492893,0.038436154884444344
0.7727230936105159,0.08228038400976584,0.015098604014803431,0.0563952572665431,0.07350266109837167
0.9237579017154237,0.020372156228106772,0.007775115013711505,0.02237699001252944,0.02571783703022861
0.8092224461052978,0.03128139272455517,0.013069080937788535,0.060651712317274335,0.08577536791508424
0.8544668831264474,0.030334554000487006,0.00988520150194045,0.050153331084650886,0.05516003028647439
0.9356311943941696,0.02329630401701802,0.005061404573615134,0.016129573606097184,0.01988152340910022
0.8760280460878317,0.06642551382615755,0.016579614879704264,0.022861261670506065,0.018105563535800714
0.8422414163620047,0.10758927650739038,0.015127523027218905,0.02254816659609173,0.012493617507294186
0.8239337249645781,0.09600912232060316,0.03009781997043934,0.03328252423215661,0.016676808512222887
0.8933467440789475,0.06418835447722318,0.019717491404741147,0.014560460460707558,0.008186949578380521
0.910046636651604,0.06417065421008974,0.008967423167883407,0.0125921921078208,0.004223093862602331
0.7907319980000257,0.13538640769571267,0.029482647496028278,0.029127902545268352,0.015271044262964953
0.8284503597404081,0.10128292661871816,0.018270972243559086,0.02907637816336509,0.0229193632339495
0.8349929086597201,0.094196922966492,0.020429628237393107,0.028731094648925072,0.021649445487469627
0.7948085824959632,0.12297700146114582,0.024079165577777503,0.02721862596596025,0.030916624499153347
0.8814845489636117,0.05998937407915734,0.014528056899588356,0.022912439654896487,0.021085580402746128
0.8762003630969261,0.0706959815858235,0.016343348149063196,0.018319184002891467,0.018441123165295576
0.8255503191006169,0.09238016537922533,0.021242431141892483,0.03400070034235294,0.026826384035912372
0.8784702027489861,0.03530147756819556,0.019121512686260386,0.02958135746060305,0.03752544953595485
0.8740142771596187,0.039883112632988806,0.01693682473158526,0.03821565929059613,0.030950126185211074
0.8284402547183832,0.08752670053688055,0.016365148416524044,0.037080354876042,0.030587541452169954
0.8115717652809589,0.08335101753128986,0.020983600439956403,0.04225346102908654,0.04184015571870849
0.8362300217868609,0.06485557450132289,0.0209271889102101,0.04110263583607531,0.03688457896553106
0.91560329489741,0.035517794508182585,0.006897335299392575,0.021243104627124195,0.020738470667890575
0.8689040319929059,0.06617410105653383,0.011573208317771446,0.028368336357327797,0.02498032227546092
0.822751191903607,0.09579066746512484,0.01622068357334334,0.033684473742181045,0.03155298331574368
0.8586201282001031,0.05018741348922478,0.015405730373991884,0.03536181069595905,0.040424917240721156
0.8185631023242502,0.06313045466145509,0.012032079751653258,0.04803585442466446,0.05823850883797701
0.81290421351799,0.04086862938349119,0.016248079691371313,0.055964774625109924,0.07401430278203769
0.7949607021763342,0.024100166857641398,0.016404263175175498,0.06415724124809058,0.10037762654275853
0.774526307152586,0.09744005738014817,0.02698406952419641,0.04542343955657522,0.055626126386494244
0.7756393580895707,0.0751106219760731,0.024600704728965105,0.06249036142008581,0.0621589537853051
0.8492509320378473,0.04159956114342992,0.01953403817129279,0.04121626776292578,0.04839920088450432
0.8642574644339966,0.04804365253103313,0.012185171866193664,0.03807591262677476,0.03743779854200165
0.8227208849656045,0.042438580325796046,0.01594709193925419,0.06594740881403369,0.052946033955311646
0.6635615149915928,0.07097259124748839,0.024878805175424193,0.1356777492118745,0.10490933937362001
0.8645040444160903,0.02501897635645355,0.017003229176060123,0.04805376533819147,0.04541998471320449
0.8535517087569812,0.05826466973007436,0.0101501883583518,0.03719568333962781,0.04083774981496488
0.6614498475451274,0.11080155286848792,0.026019192331385745,0.09996463548789586,0.10176477176710286
0.8302021050999584,0.0438543810689044,0.014013210179887586,0.05384425692076176,0.05808604673048804
0.8587746819134149,0.0541108074555464,0.012942751249107683,0.033269130989487125,0.04090262839244393
0.7318726416754618,0.09843463389619937,0.023887790921707234,0.08004198538600127,0.06576294812063015
0.8023256253492539,0.07218254411695336,0.01209653443376322,0.0556155819594791,0.057779714140550276
0.6917847747532577,0.12474828490636451,0.020097580908358333,0.0786553937320648,0.08471396569995482
0.6816806254926301,0.09462880382144363,0.028358710566599072,0.08976401464003761,0.1055678454792894
0.5982638135363575,0.060289243256297725,0.026553923997931158,0.13737394820095353,0.17751907100846023
0.7895502624190249,0.05119410448433601,0.021423773280787456,0.07417074955947331,0.06366111025637845
0.8592018149520739,0.07029255221616111,0.011378454672385832,0.03104669205598474,0.028080486103394354
0.8871250796881082,0.0733652931285015,0.011740486966913584,0.016255953279088433,0.01151318693738822
0.964404782097336,0.014519463893483669,0.01024894416043994,0.007107853812718098,0.003718956036022061
0.8789922076002757,0.05549606010842216,0.025244334371151735,0.025187723458431368,0.015079674461719088
0.9313887177897752,0.041696792768787495,0.01131835251479584,0.011114823537163022,0.004481313389478908
0.8668550937197759,0.06042355703677258,0.012997704807754005,0.03824433316439898,0.021479311271298693
0.9063558795393752,0.04248863585663168,0.016532769914793258,0.020802098076340685,0.013820616612859167
0.8228240215262376,0.08918641003936742,0.02151932219262691,0.042256298887178266,0.02421394735459005
0.8100234555060858,0.12319957650963319,0.017418273409694828,0.029996353846657827,0.019362340727928244
0.7671867672537922,0.11746531977410705,0.02316640056845621,0.04990158709358273,0.042279925310061785
0.8189673418364813,0.060882417905819705,0.02684997210968645,0.04296573846762286,0.05033452968038983
0.838364797613829,0.06336985058575988,0.018797034430649697,0.0409637362654943,0.03850458110426716
0.8033616899015517,0.07119296393981814,0.02431739143275002,0.048630292118340246,0.052497662607539936
0.7893660518698224,0.06384537717190966,0.030053254509378312,0.05326541814521875,0.0634698983036707
0.8411387410116621,0.05612451416758837,0.019800135390794397,0.043721049712410656,0.03921555971754455
0.8266572974465904,0.059459415688664766,0.016660453468550763,0.04825266077027315,0.04897017262592092
0.8791175417091232,0.059984078922977954,0.013311806591341721,0.023144794198120443,0.024441778578436716
0.8933772309435256,0.03474367473205205,0.009079039023224484,0.03178632414562422,0.0310137311555734
0.905743881486419,0.02837026848390542,0.008698024147183897,0.02848862007213367,0.028699205810358255
0.8140245201452888,0.06916502053792999,0.01982109733543019,0.05153326061463537,0.045456101366715816
0.8160582882351394,0.0765228869275139,0.02241773102165144,0.039698826513726145,0.045302267301969006
0.7357039951211803,0.13585666819635034,0.012846485701693097,0.05664590015749907,0.0589469508232771
0.9001569646479847,0.02445079973187578,0.01148836766093515,0.03275864927977986,0.031145218679424602
0.7578115439427244,0.06628281894650323,0.02437907170546951,0.08030180522059453,0.0712247601847082
0.750318523144088,0.03970915560837461,0.017866868603964435,0.10502840744061641,0.08707704520295655
0.5225629444752766,0.06477547449532772,0.033763990209599776,0.20266942891498746,0.17622816190480836
0.8150051397775163,0.03113053004637188,0.013245914074710438,0.057420188846442254,0.08319822725495919
0.9694557829346692,0.013299016527933288,0.007378116244036664,0.006975224658480194,0.002891859634880855
0.9676682686729063,0.019902576171212032,0.006009513984496995,0.004475335074728029,0.0019443060966564815
0.7531032637197846,0.177859614319812,0.025380050352565468,0.032161201844903065,0.011495869762934936
0.9067222700512235,0.06071514652637863,0.015546791219721665,0.01223177208931803,0.004784020113358085
0.8111431479140795,0.1403034377504414,0.022576028053003218,0.017976173362469986,0.008001212920005848
0.9156708185926083,0.0497885197160162,0.015150477028152825,0.013872063519546523,0.005518121143676046
0.874422366902154,0.08219093155276831,0.015609298608551944,0.018241899169077265,0.009535503767448331
0.8774540103001226,0.08975053265398383,0.011343294024550489,0.01453734671135383,0.006914816309989275
0.9316926003345365,0.04152309073258309,0.01270965894823442,0.009878897257510894,0.004195752727134807
0.9358868758763759,0.04586718835690857,0.008951960634145918,0.006036798375879811,0.0032571767566899404
0.9130956260275043,0.04653235977346599,0.019986806845580758,0.013985349090485691,0.006399858262963511
0.7472804721948456,0.15459982869962413,0.05144965791737191,0.031142837915819163,0.015527203272338997
0.7837524162177008,0.12054330422544804,0.033247487549830174,0.03752643518378034,0.024930356823240622
0.8735762750717208,0.06396742459166765,0.016778569564292724,0.026472602846321237,0.019205127925997673
0.9044428663259284,0.03538438879193686,0.013016670625641075,0.024975537034472972,0.02218053722202066
0.9501119900077631,0.019873961696489896,0.007335770739453031,0.011684102456674316,0.010994175099619495
0.8006112031969184,0.10406607086613415,0.018107469920963824,0.04223385472745678,0.034981401288526955
0.8557751255435497,0.06092185272891824,0.017978001432461525,0.037199564955433424,0.028125455339636937
0.7555231764890861,0.10437990607004496,0.03525587242995399,0.05858233703676322,0.046258707974151686
0.8625653975308681,0.05988793352938727,0.019565874805022792,0.030808408502641226,0.02717238563208022
0.9013083334994738,0.06502230734904159,0.004979026238140572,0.014455647477968235,0.014234685435375581
0.8808573429385417,0.05518188842356509,0.013584764964257697,0.02666510370399327,0.023710899969642325
0.7532564055254067,0.08546965023554859,0.03136433877011796,0.06969404825780905,0.06021555721111764
0.8830293149367555,0.04505917607168443,0.013668580674263171,0.029539758595059168,0.028703169722237732
0.871306608318583,0.04158053613256512,0.030450803826624108,0.028918400400630165,0.02774365132159743
0.8247785534103356,0.06325151894144919,0.017757841527970795,0.04349144998586368,0.05072063613438077
0.7003117855238372,0.11946602240664363,0.041869293993280245,0.071633334029362,0.06671956404687697
0.8183348093438544,0.08876847981166432,0.019427886579406726,0.03821180317390734,0.03525702109116738
0.8247764203020502,0.06610352423759076,0.010553147964986404,0.04822438307574442,0.050342524419628366
0.7438668394443281,0.07863226923723385,0.03685250636206263,0.06579773168820394,0.0748506532681715
0.9082321565052562,0.03664070320728242,0.01003162076522206,0.022293472825157427,0.022802046697082013
0.8310919842286963,0.04962773289979298,0.02834531524608214,0.04932062904408957,0.04161433858133914
0.9311527685962272,0.022370536842418718,0.0057245742010380045,0.019280290273600523,0.021471830086715674
0.8751971073382974,0.04870831382104355,0.017902854710397202,0.027353550187612284,0.030838173942649566
0.9122093651261252,0.033796278651784625,0.012791076156974909,0.02063480761732049,0.020568472447794875
0.9271002629594607,0.01780122895486647,0.01476216773506728,0.020219079649852267,0.020117260700753373
0.7864491050469671,0.06549516194151699,0.03766959263977581,0.05014290896240011,0.060243231409339945
0.5114966449619401,0.15984442432058613,0.13640622798645927,0.07889400327120921,0.11335869945980503
0.8607848628032869,0.05603711112330549,0.022701158917167723,0.023687766510198483,0.03678910064604129
0.629609131270435,0.11423182712082043,0.04344432857391454,0.07336448692684124,0.13935022610798858
0.615555553443675,0.18822298571694404,0.03659127048770201,0.08389143491917721,0.07573875543250169
0.8594346731758765,0.07096978242035488,0.016780828744761632,0.027768806036706187,0.025045909622300758
0.8773824268127292,0.05424146720598574,0.014190947239199385,0.029553488406381462,0.02463167033570431
0.773997708078059,0.17807510962306644,0.02044403212891709,0.01394807983774276,0.013535070332214702
0.9089999940633766,0.05985388259628089,0.007586325750516577,0.011136359594074429,0.012423437995751324
0.8846390501307938,0.03292649029975957,0.014675227796068353,0.030592514333753384,0.03716671743962441
0.8198380251936643,0.09486527850018547,0.016836607974474716,0.030007613921055106,0.038452474410620316
0.7919682354012832,0.07554398312388935,0.03638677153381991,0.056600699702807775,0.039500310238199624
0.8874797322745099,0.05001055302666784,0.017007278975405406,0.024477594580454988,0.021024841142961905
0.8480522670108323,0.08556115504207651,0.01986151787362491,0.03009972659812695,0.016425333475339424
0.8954128173195895,0.05765261867874589,0.014807154240103116,0.020357977420114387,0.011769432341447167
0.8679493967041642,0.06928260918233994,0.017736888225095983,0.025667601091420224,0.019363504796979913
0.909041576332312,0.037678478627875746,0.009698266392290354,0.021667198183481357,0.021914480464040497
0.8386158439255008,0.07758832438701936,0.016993088028008398,0.04007168097334738,0.02673106268612412
0.9448480181347791,0.03552618559405188,0.0100954397361191,0.0072709410722948545,0.0022594154627550676
0.9232108705212771,0.044494871159517155,0.014589072725131897,0.013278343065672691,0.004426842528401189
0.9687526053707358,0.017536092618143685,0.007528252099990381,0.005064533090661566,0.0011185168204688749
0.8700669775922352,0.08080440572931652,0.024634681301190217,0.020223975780882815,0.004269959596375245
0.9117876560598446,0.055970639159362255,0.013040510629070095,0.014923450214042497,0.004277743937680294
0.8326405442722474,0.11223172967023888,0.030493655392568174,0.020202858510801325,0.004431212154144235
0.9017155955712025,0.07161779840143788,0.01002047461528921,0.013336624200190618,0.0033095072118796026
0.8889111726544316,0.06934450837362721,0.021898534867323318,0.015440782841889765,0.004405001262728142
0.8672648104199742,0.07760023860124232,0.01902337506896075,0.02972848472157499,0.00638309118824788
0.9601968924109894,0.019275444308118703,0.010043061481623925,0.008196180751325634,0.0022884210479421243
0.7054085455259119,0.1826690691144603,0.06994351208235618,0.031992782958308146,0.009986090318963636
0.8964011970994926,0.0663235422502938,0.018885396017319946,0.01495681962432632,0.0034330450085673443
0.8958025763230437,0.07797634253253907,0.014193537298874098,0.008864063076263461,0.003163480769279695
0.8431669823233877,0.09619963743594834,0.0334939895900004,0.02068653494488192,0.00645285570578159
0.8795326839607763,0.0747528591270531,0.023132367637451856,0.018591441275897364,0.003990647998821185
0.927248998203597,0.04970460166268666,0.011620468049480786,0.008867949255903273,0.002557982828332474
0.869917515311367,0.08602269404800665,0.017784686788437035,0.021033211404778363,0.005241892447410969
0.8597280113452284,0.09835341749996103,0.022255344281418496,0.014731198869409884,0.00493202800398204
0.8098628845667968,0.13489385465475345,0.036623892299738156,0.015661026168943635,0.00295834230976807
0.8810491268510575,0.080319953402432,0.020523584137337257,0.014174092714464117,0.0039332428947091505
0.9611376141483714,0.025244785997706912,0.0066466463354303675,0.005272918644608425,0.0016980348738828955
0.894040427615766,0.0661767744096261,0.019348683614850665,0.015156805980785839,0.005277308378971633
0.9266415828223846,0.0546904260053387,0.007904763080262445,0.008488622517642815,0.0022746055743713516
0.8770925190088591,0.06898362099485421,0.027797010528531264,0.021284852384671888,0.004841997083083575
0.9187722142700252,0.037735897610308065,0.0205736053606247,0.01610833760422282,0.006809945154818931
0.9265062678397793,0.048759030926189696,0.01135794392350679,0.009150179424452837,0.004226577886071747
0.8683761754197007,0.07380014656779597,0.01629113513597612,0.02123169659349439,0.020300846283032758
0.6993497793946751,0.033077393331759804,0.016231337545137853,0.11590415266447184,0.1354373370639555
0.7963900653085344,0.0394594262552569,0.018865241506148836,0.059687377472445555,0.08559788945761439
0.8200622799271228,0.10003460175072773,0.021762541642617324,0.03363857511798145,0.024502001561550975
0.8166466141690082,0.05025267962760605,0.018524899946990456,0.06055547931028302,0.054020326946112446
0.747169737385771,0.10291834283207765,0.02641858705211856,0.05994531304268519,0.06354801968734773
0.9636177459230663,0.020644997454048953,0.006208653012299633,0.006798536296895405,0.0027300673136899747
0.9130075548982205,0.04664513878253404,0.02007033325153253,0.016389601786483864,0.0038873712812291347
0.9221354178151563,0.037114250743251434,0.022164588678232552,0.014782365767854303,0.0038033769955053646
0.8173118372739897,0.06326879250683921,0.03209429477557199,0.054429697886862465,0.03289537755673667
0.8165164923982362,0.10226215549298372,0.03640002969105826,0.030388487310126687,0.01443283510759498
0.859358580030792,0.04027034326716306,0.025187313198221782,0.038861669741962014,0.03632209376186106
0.883547804035776,0.03568356642934028,0.012742762175060075,0.03598891102794508,0.03203695633187846
0.846009810851008,0.05890623994029718,0.018808486515496117,0.03313046613694096,0.04314499655625759
0.834982405276607,0.0752134514608045,0.007484170132980791,0.04405645238018179,0.03826352074942613
0.9339421034242686,0.027241615279248572,0.008190923116892436,0.015597414499606577,0.01502794367998366
0.819851890956106,0.06877085942395551,0.012747972633015121,0.05329812497941743,0.045331152007506016
0.8929327173608942,0.03339992383910621,0.01252223107972925,0.03201612772298705,0.02912899999728328
0.8769429841127342,0.048469141314090226,0.019646681088450475,0.02712210110359164,0.027819092381133538
0.8941690011441441,0.034033977419572696,0.013739177030388405,0.026547881788667467,0.03150996261722755
0.8574892604381508,0.043913822922346385,0.016147389282241128,0.0386619276943308,0.043787599662931
0.7874491864062352,0.07516326787753076,0.02673998160011749,0.05289526974298272,0.057752294373133964
0.8071630483034574,0.06949053513300002,0.021116660216337936,0.0563060890284293,0.04592366731877501
0.8016324129730369,0.11322648005135597,0.019148484904871716,0.03587344265359257,0.030119179417143035
0.500404785823971,0.1801194039491166,0.0960840829238891,0.11312431757609143,0.11026740972693193
0.40899592933669393,0.15129044997671004,0.07562150090729564,0.07833426095251532,0.28575785882678517
0.7489529693518989,0.07914109788649398,0.042073577685367104,0.06399760807857748,0.06583474699766255
0.8144048786847775,0.12754954367523647,0.015114511164422978,0.019961272339091726,0.022969794136471513
0.9285046653682684,0.035893489119571964,0.007764790638943177,0.013057011618686566,0.014780043254529631
0.8104180603293458,0.0956666712604443,0.02486644548088658,0.03766647747078944,0.03138234545853376
0.8376328379671407,0.06349137949968868,0.030735593654524742,0.03674745900194399,0.03139272987670158
0.8545886043736414,0.08939762836937286,0.016301356779636674,0.022328630029526925,0.017383780447822208
0.9208884013293364,0.04424174679953109,0.009888762062761155,0.015389425548123444,0.009591664260248139
0.8758125727126242,0.06982006702551458,0.014105979099731134,0.021665006181154807,0.018596374980975147
0.933738404007296,0.02654478525874765,0.013777588161938128,0.013690028414128792,0.012249194157889469
0.877342884118267,0.045348360016435,0.01761345622993105,0.03443692668641987,0.025258372948946915
0.7846348431872401,0.09371043091565336,0.0193575585744532,0.04559781311034849,0.05669935421230502
0.8873018998332698,0.051236329094459986,0.014208326594904038,0.024572899570205625,0.02268054490716047
0.8407145984200989,0.06611414596472352,0.012903154314203628,0.04088512613745065,0.0393829751635232
0.810484409941793,0.11133706910778435,0.01916880867171136,0.02957906840628801,0.029430643872423043
0.923846922335657,0.027372523580331237,0.006834283760844509,0.01968605221648334,0.022260218106683684
0.928485886233076,0.02126218391175356,0.006501948627753603,0.02219509249455587,0.021554888732861183
0.733855154550984,0.043657645117269286,0.01896179674867071,0.09019313109048904,0.11333227249258694
0.7586577941543964,0.03852042020365013,0.016472457941230974,0.09245085495654246,0.09389847274417994
0.7252223701770028,0.073380230777779,0.023627090416098184,0.10034953043574206,0.0774207781933781
0.9487235432246403,0.02303441003139647,0.006447540750340691,0.011977701631090623,0.009816804362532027
0.8957188393318327,0.05610547058045537,0.01318340718670747,0.017836987736118592,0.017155295164886113
0.8474494983388219,0.07115859748250238,0.01671737687653715,0.0349062777600027,0.029768249542135847
0.894571856564169,0.04432755196190535,0.014323103753836578,0.02136250091846567,0.025414986801623532
0.9022901433258278,0.05047396327323069,0.018678032323718386,0.01755224063252418,0.01100562044469896
0.8719569880510372,0.08057694864785447,0.018137885521587127,0.02025596847499791,0.009072209304523534
0.9098427159718868,0.057512469808093714,0.011843673402925229,0.015429058972426702,0.005372081844667388
0.8938842152296104,0.07168300086860117,0.01364082187783596,0.013733878967111394,0.007058083056841181
0.9113728212172043,0.05340303484685111,0.019786373996365965,0.01081618029925554,0.004621589640323127
0.9346514615648025,0.038514820364892885,0.011870804278664824,0.010404860517935132,0.0045580532737045385
0.9544114215763176,0.024323171587560453,0.010123137840301942,0.007722251460046556,0.003420017535773545
0.8942493162220831,0.06608029899026441,0.019613555803277363,0.015384670690806729,0.004672158293568531
0.9271551425278831,0.03671918382675065,0.01903083709482989,0.014325378290170084,0.002769458260366242
0.8149083320937597,0.13771404999411133,0.019021089910645075,0.022484487783208013,0.005872040218275969
0.8656256880726425,0.09165961314088203,0.020516565162906775,0.01705674118533256,0.005141392438236056
0.9401656181885313,0.03846943114636318,0.011809701601048352,0.006573689671244099,0.002981559392813203
0.9467485051491169,0.03304892329192329,0.0098224773753819,0.007706869507829557,0.002673224675748712
0.8927079245126327,0.07078564148541526,0.019293902547823913,0.012452077904534616,0.004760453549593489
0.9084858275973954,0.059749108314455346,0.01504603459434925,0.01248593036360068,0.004233099130199235
0.9073225999450517,0.06377451881850368,0.01497964208963541,0.01080478239096118,0.0031184567558481444
0.9063163676411263,0.05231041932117603,0.017809620597332158,0.017647370188111768,0.005916222252253649
0.8432307597454334,0.09828901679519507,0.028928227435156384,0.023240563998424123,0.006311432025791227
0.8458287929001047,0.10927858506970412,0.020708518099826472,0.01832249303163987,0.005861610898725144
0.9699071625432745,0.01963076311552005,0.00396597775350208,0.00498445758268051,0.0015116390050231051
0.9319330299967036,0.04803641669268147,0.007371544013292556,0.00858845143932642,0.004070557857996008
0.8594489336472241,0.05966027817934786,0.012925102820922027,0.03771208350315054,0.030253601849355594
0.8691463470314041,0.028537087278469386,0.011036127167016628,0.04385522349411699,0.0474252150289932
0.770495194941901,0.10338798570742885,0.015469295573181822,0.05214493713075809,0.05850258664673011
0.862549251347771,0.04305223916750392,0.012433988716159201,0.036371163766434615,0.0455933570021313
0.9353143211606073,0.019625615096071334,0.009055559315016651,0.017760172170646283,0.01824433225765826
0.8749740223394559,0.04272077309820622,0.024315055960467468,0.028479606263556088,0.0295105423383143
0.8682856279981268,0.033721479018562685,0.009529570008533553,0.044602866549840234,0.043860456424936585
0.7867109684984545,0.04508956050208436,0.01824715745532339,0.07697842976498165,0.07297388377915585
0.7917066802454336,0.0697019307045356,0.009829494722123685,0.06276764039985253,0.06599425392805473
0.7572606670089224,0.05995016069249369,0.02208159914261843,0.07090412179889269,0.08980345135707272
0.919097906416951,0.027202255045362497,0.008498741911833477,0.02307065549941683,0.02213044112643636
0.7504363524083497,0.05486562502837846,0.028757852192631925,0.08427076275795274,0.08166940761268698
0.8174098160037411,0.04908410270077401,0.012887162671290307,0.05701821414655381,0.06360070447764087
0.8347810917795844,0.04045430193272099,0.014309984916154782,0.05940569325855226,0.051048928112987405
0.7648430099463295,0.09409259001843777,0.016103021360972723,0.06749946624460926,0.05746191242965086
0.8353517892829205,0.04367615408494134,0.018459728280281248,0.057955046619379946,0.044557281732476854
0.801519844976776,0.04554999370692825,0.012504906501479092,0.058815877339506765,0.08160937747531005
0.783304296551049,0.052150900073751644,0.020133518850237824,0.07556262565586103,0.0688486588691003
0.8737765225699398,0.0256825625359804,0.016867882832563182,0.041200026904443625,0.04247300515707301
0.7760995775670446,0.06968124341615384,0.022132132419860118,0.0635517566812054,0.06853528991573596
0.5263618327492708,0.18805480684410714,0.0453934654336556,0.11441020877233454,0.12577968620063193
0.9066618808303499,0.02107166298528401,0.016853710694477362,0.030124900479510122,0.025287845010378743
0.905634704284472,0.03690920974613641,0.019181834143622737,0.021674480799504636,0.01659977102626423
0.8945635262048225,0.06871753244266518,0.013328862418788502,0.015797650292319002,0.007592428641404911
0.9165443107527803,0.047880613689543244,0.010813191606581925,0.017280083119225374,0.007481800831869145
0.9153211878513359,0.05693263375091414,0.009925475137899835,0.01072355299378413,0.007097150266066229
0.9032560797943328,0.06650698542659116,0.010701170698207616,0.011979398591361693,0.007556365489506859
0.7258166151478305,0.07930960338325638,0.04034659313111025,0.08370951820562815,0.07081767013217478
0.7735218849915658,0.07210742490489352,0.028842933284961424,0.06459380306556738,0.060933953753012006
0.8688508581910493,0.04339409642849848,0.009859673664413664,0.04128955583172644,0.03660581588431215
0.8106559749686651,0.07840449877884272,0.021820762643910446,0.041318727515619075,0.047800036092962565
0.7690319217591216,0.0874363624507245,0.023528484276610338,0.04948057093134465,0.07052266058219876
0.8147279862997056,0.07791187119031047,0.014752031991935428,0.04920627634291415,0.04340183417513462
0.8866438081494475,0.03830218449417915,0.009730996540477242,0.029791897646407887,0.03553111316948818
0.7232284029552237,0.11922474448518884,0.020615373915698967,0.0632010342610277,0.07373044438286072
0.855691845401829,0.037198369815380605,0.01599450452898852,0.034310001752394965,0.05680527850140697
