Delta_Power,Theta_Power,Alpha_Power,Beta_Power,Gamma_Power
0.9142355564250936,0.03984344437842034,0.01836312835211986,0.022319967961758027,0.005237902882608222
0.9022436761345531,0.04792521617093619,0.021305132382976297,0.022184356587245657,0.0063416187242886675
0.9003046801500947,0.04600092276982971,0.025062957008466936,0.020395638183342356,0.008235801888266212
0.9197964396234951,0.04703134009244522,0.014934755900337346,0.013959063121483506,0.004278401262238919
0.8727024183474714,0.07462749402316002,0.02077857100919497,0.025837865115450477,0.00605365150472351
0.8903088612951423,0.05274143832916176,0.030337651551206272,0.017873100619546414,0.008738948204943307
0.7927093525834041,0.1224801412546749,0.04185944252226246,0.0323675635988702,0.010583500040788328
0.9004262339171277,0.04730649047791625,0.029658090697147765,0.018159880056738367,0.004449304851069979
0.8802547331013424,0.03802825177894262,0.052986750808518154,0.022543541376827566,0.006186722934369524
0.7974643038232432,0.09378471405774702,0.06565587917864456,0.034704418746230946,0.008390684194134483
0.8782572267089529,0.0435345511480074,0.04052809812430351,0.030053542471416363,0.007626581547320003
0.7389164432185185,0.15202472898154154,0.04968645563894853,0.04804670500406391,0.011325667156927463
0.8618098319317844,0.05329371765347521,0.04810179598312441,0.031010142135300355,0.00578451229631536
0.6644953107841445,0.1614459809096412,0.08777017614948661,0.06427955856548728,0.02200897359124037
0.9196029524275053,0.02761033899872152,0.029367378365419406,0.01918251236891206,0.004236817839441902
0.8083673013070608,0.10433406112456951,0.03866360904707566,0.03819627298412963,0.010438755537164376
0.9234833266376044,0.03962404924304151,0.013032672151783586,0.018664627477177363,0.005195324490393111
0.8989943304875454,0.060127365335939806,0.014047162626526869,0.02063060044336197,0.006200541106625873
0.8914960619360036,0.061715144274830644,0.02109987609086472,0.01929339261597542,0.006395525082325589
0.727023245851221,0.07616979699329837,0.13703399244187647,0.05109646526246137,0.008676499451142773
0.6553578178468807,0.16773659579230887,0.08900880006895155,0.07465409146975076,0.013242694822107897
0.8530204688488184,0.07546300809687838,0.02990811078243057,0.03269887104699236,0.008909541224880345
0.8100633794348329,0.07728847953875966,0.05031153502495892,0.05133936355096947,0.010997242450479172
0.8933094961535109,0.04713648292835428,0.03523259782768806,0.01981779044493487,0.0045036326455120245
0.8603281637477441,0.06383785525162561,0.04880528239929398,0.02200279458273596,0.0050259040186002414
0.7480689017484928,0.09368577842951427,0.11001053617717667,0.03919959512973313,0.009035188515083097
0.897719861485139,0.0488614569368224,0.02732242109531674,0.018442984776502178,0.00765327570621977
0.9359426215112927,0.035968199663640066,0.011923043318554184,0.012904148758590838,0.0032619867479220417
0.9125043425770035,0.04986140745113037,0.015788441533438096,0.017517364618651436,0.0043284438197763765
0.9146977876211227,0.051532282582359,0.016517596464014548,0.01363200640593262,0.003620326926571104
0.754524531993242,0.06797769267422167,0.10624836346202113,0.06058244532331618,0.010666966547199142
0.8709692273812417,0.05368168049328095,0.042889207319450035,0.02632466973208556,0.006135215073941647
0.8991603088085339,0.038095282945064056,0.031894150483223936,0.02336027959264091,0.007489978170537123
0.7795566878132018,0.06459063962982638,0.10899486731298036,0.03679786757020018,0.01005993767379133
0.6055397550412993,0.14823896676118317,0.15582834591313752,0.07582408341221901,0.014568848872161172
0.856065611133328,0.058340261108917324,0.042652367486523235,0.0327511138466069,0.010190646424624666
0.8650303885530761,0.03400327311288673,0.059346702190218766,0.030320912134861558,0.011298724008956698
0.7783300126089051,0.12938192958487915,0.042555360595905645,0.04069774381182114,0.009034953398489165
0.84046597396868,0.06427122237079744,0.06102848124973696,0.027906807429146592,0.006327514981638983
0.8927294415714551,0.0312544377679632,0.040758520089553794,0.026958344775326507,0.008299255795701732
0.8512067290038046,0.06878532492223258,0.04473611610144861,0.029577154161922234,0.005694675810591916
0.8215794633639456,0.05583668042232301,0.06576291269389717,0.046254155973322546,0.010566787546511858
0.8250959435784356,0.0883146023682001,0.047076101198750074,0.03389403387677157,0.0056193189778426175
0.8096641817972803,0.07160318190898618,0.0581107325435495,0.0484083520294008,0.012213551720783363
0.892112656680712,0.04273753199450542,0.03822790897834857,0.02266732179410132,0.004254580552332825
0.9183584362582805,0.030401574769875043,0.023767728026245844,0.02190377109300069,0.005568489852597983
0.623640017223634,0.21667349176957484,0.08380353917129438,0.06363910533343772,0.012243846502059117
0.8869181371363464,0.059792103551577276,0.024882506031228508,0.021586190307475793,0.006821062973372027
0.9363886883013264,0.01501942768661187,0.021183089300423272,0.020982303255805027,0.006426491455833532
0.9528209571073152,0.018067346144772272,0.014672980481746891,0.011084282536344189,0.0033544337298218267
0.8305219156203606,0.08306106307976202,0.04726857380384,0.024985508593299496,0.014162938902737772
0.9528888510079228,0.024302980923339632,0.007417294637790262,0.011074738394547732,0.004316135036399697
0.9483604538249699,0.025305388887992025,0.006739761331823592,0.016312196096267415,0.0032821998589471126
0.9047506823364763,0.042811391302640375,0.02771125829808394,0.01972405739543097,0.005002610667368554
0.9288013159367056,0.0346924325933259,0.018513330366951207,0.013777648052815951,0.004215273050201607
0.9261291826794856,0.026534662382271944,0.028980031136854437,0.014065003149840329,0.004291120651548226
0.8882288483398548,0.0505647444558704,0.03392399873172951,0.020657992171303395,0.006624416301241782
0.8147760168730623,0.07617022804013422,0.06901359048194639,0.031683638547196684,0.008356526057660636
0.8297954559972623,0.0521975112682523,0.07635680291729038,0.03228220688892904,0.009368022928265734
0.7205864838245809,0.12554235307529524,0.09207568628451464,0.048670376174542763,0.013125100641066314
0.7347402937682286,0.06570113844855033,0.11959981997278454,0.065101459279967,0.014857288530469656
0.8520586849110209,0.07188959885631106,0.04649626111511653,0.022529396055493086,0.007026059062058455
0.7060864725215987,0.1322093645453552,0.08579816876097968,0.06109322671844325,0.014812767453623185
0.8982130730572647,0.058169884429442986,0.01651152651642496,0.020587875784825613,0.00651764021204193
0.7950559743366947,0.07845945265064225,0.08124006749275084,0.0369390512083201,0.008305454311591961
0.8855936071576359,0.05296637016082173,0.03689994189215104,0.019197895324893046,0.005342185464498092
0.897246208266441,0.05301668404263407,0.023404680161610736,0.019809768395332245,0.00652265913398186
0.8324502235696938,0.08439816082501293,0.024779785340784,0.03871805088157924,0.01965377938293022
0.8339263438053082,0.0641334756391308,0.04490614963290933,0.04275865928702932,0.014275371635622477
0.9019921746667413,0.05113682017143167,0.016024542721904792,0.021536326620012047,0.009310135819910276
0.8916020891349465,0.0664380332771521,0.015488974620880985,0.020708505872958548,0.005762397094061806
0.904314681921827,0.0513026530558521,0.01675456920094116,0.020936442666475274,0.006691653154904282
0.8782207876426804,0.08059528672218513,0.016131096443613706,0.01951863477775355,0.005534194413767237
0.9048674289329358,0.03915794714344185,0.024017869888712816,0.02431752347636067,0.007639230558548843
0.8747117901085677,0.0582314962481698,0.022474096117116225,0.03712505315354504,0.007457564372601139
0.9135772138614519,0.045395666925369414,0.014155045919460096,0.020030531604839943,0.006841541688878708
0.8165641503408149,0.10927015788598773,0.026914703737709867,0.03375940087814998,0.01349158715733772
0.8748395607467135,0.04970145793204732,0.030207583668319386,0.03464349907678997,0.010607898576129773
0.8996035428647458,0.0400030591272767,0.03036628239347955,0.021945800329388025,0.008081315285110231
0.9235197322986827,0.026251454682205563,0.02055441347299469,0.021242498617477654,0.00843190092863931
0.8622146206381619,0.05236664073197624,0.038140280009009785,0.034950975966259575,0.012327482654592624
0.6636334779460163,0.1763562979363146,0.05091233918200119,0.06556910972624765,0.04352877520942018
0.8850863568095184,0.057297777276534526,0.026272921410504656,0.023086888333193337,0.008256056170249076
0.9279435095778652,0.04155890976436593,0.011158134903415756,0.013838964415219864,0.005500481339133398
0.803899028011816,0.09236517596621606,0.035549001832593345,0.05242879123789626,0.015758002951478382
0.8526762610712858,0.06361776173983096,0.048639004808874356,0.02318292214422701,0.01188405023578178
0.8432870378387859,0.06019264600229994,0.03403912542860136,0.04081622884537096,0.021664961884941766
0.8432883547604801,0.0555288973777098,0.038361504240752,0.04777126950950286,0.015049974111555162
0.8689389470783445,0.07929134555444264,0.015719407390013717,0.021738947129250043,0.01431135284794903
0.93179789542699,0.020502824595337633,0.017354017568888477,0.023735992303643656,0.006609270105140231
0.9473802867822163,0.020333379659200367,0.012498924195560862,0.01326450287328684,0.006522906489735608
0.8287756767866592,0.0888053661639319,0.04284096738582997,0.02885387863166273,0.0107241110319163
0.6698760205163143,0.15712431896958973,0.05770527150544876,0.0865618671635049,0.028732521845142422
0.7435128765280453,0.155766596894403,0.038188281901554634,0.050217855447074425,0.012314389228922865
0.7896220449654322,0.07217320911061367,0.046751578081498074,0.0635626328640634,0.027890534978392837
0.9338270407308958,0.02864507242484137,0.018141629548017863,0.014633208264163988,0.004753049032081028
0.7746405030053787,0.12716971024952034,0.038421467561150856,0.04044509326634672,0.0193232259176035
0.9255709698655524,0.03780572445375228,0.015331439514123713,0.013543238844127921,0.007748627322443686
0.9027740128777303,0.04345734250136412,0.021139842495397732,0.022069366631819527,0.010559435493688332
0.734393050461477,0.0932620031809333,0.07838409880858299,0.06819048401288484,0.025770363536121815
0.9049693921400918,0.035586313712647845,0.02925869601618127,0.020745426270509675,0.009440171860569098
0.8549050304556988,0.057492395502326835,0.03417042526400175,0.03200920531598807,0.02142294346198442
0.6473606710085043,0.11074129592672854,0.11760886536114312,0.07795796481749309,0.04633120288613102
0.9390749192242498,0.02734838717976074,0.013054070378113824,0.013659339668717298,0.006863283549158513
0.8549653635317362,0.04797473158918649,0.03949498326004526,0.04054675784051712,0.017018163778514915
0.9155327183218631,0.02749117884588102,0.020516122146159305,0.023489481045095635,0.012970499641000952
0.8029969630524995,0.04422912866762831,0.0738842581436535,0.05657966238536271,0.022309987750856054
0.7239270984456785,0.09714813915856971,0.08083685743610304,0.07262037091282747,0.025467534046821495
0.6844436220864508,0.12967283521267614,0.08243497416102344,0.07415890737272665,0.029289661167122918
0.8987119695517848,0.021984739286500243,0.03953238411345452,0.031202584111355316,0.0085683229369054
0.9514100108984951,0.01633320796316749,0.016330656367304897,0.011340905693538683,0.004585219077493992
0.779140041874061,0.08399792502147989,0.0647811416211385,0.042507159489782766,0.02957373199353772
0.759955319332852,0.06514822029539441,0.0944415496295257,0.06095975124377037,0.019495159498457402
0.8457105840749728,0.06447122925799932,0.04364360710781857,0.033811841218246624,0.012362738340962796
0.8023947506446091,0.11494452049724486,0.0395286218666974,0.03021135912538037,0.012920747866068259
0.833784968997064,0.08788467068599679,0.03255173754089467,0.029530114596057734,0.016248508179986774
0.8503333750324179,0.038252995243554855,0.08177036920659644,0.020881241092636088,0.008762019424794654
0.8983118552661028,0.05164821891398795,0.01667042837499861,0.022239471063672467,0.011130026381238427
0.9394596328684458,0.019550561230816655,0.016105704658335475,0.01770704615699619,0.007177055085406131
0.6320339786073315,0.22243011106082622,0.07138700943127388,0.05130529267061473,0.022843608229953686
0.8499702253438733,0.052080581204483924,0.04292339130483489,0.040472564041205875,0.014553238105601824
0.9179642319257191,0.04358130943869289,0.016829920268480243,0.017525342880320545,0.004099195486787102
0.6606960641302854,0.10146509757385952,0.14436176435034265,0.07286218394936217,0.020614889996150444
0.7987500594176397,0.062076395185905645,0.08165563511841983,0.04287988245375728,0.014638027824277759
0.7623228439188197,0.10153021912662573,0.07082907918918359,0.05162700669532338,0.013690851070047635
0.9129938374195218,0.04031317008935796,0.018221300144594974,0.018526292274289983,0.009945400072235388
0.7342976753305562,0.06708179336570694,0.09711900693838359,0.07270483739739933,0.02879668696795372
0.8644388955309028,0.06306740617199472,0.039253367926392856,0.023552420707069484,0.009687909663640432
0.7901542584320421,0.07982109056269905,0.057367978159780855,0.04891006430058864,0.023746608544889105
0.7896038219216183,0.07751163684920351,0.05125179975558729,0.054070518117173096,0.027562223356417746
0.7978185655089781,0.08854279528728556,0.05211403824426665,0.040273017524406214,0.021251583435063528
0.8332919327685825,0.06681439848278646,0.05509836508759416,0.031059186563800835,0.01373611709723611
0.7910410721872977,0.04910464185596237,0.09154349429613579,0.05395346906550205,0.014357322595102018
0.9107656419395802,0.029486210848689916,0.02782857834384248,0.022902842588211788,0.009016726279675534
0.8796058676440834,0.025849431640075554,0.03493953024806491,0.04117437168188149,0.018430798785894393
0.8521813046321567,0.04630997610241342,0.049108032860178986,0.03788669912000116,0.014513987285249611
0.8597496210537858,0.03830568549258573,0.04025608229532522,0.03878783151069377,0.022900779647609486
0.858951279411983,0.04762308647438973,0.03642103122848563,0.04467611727919435,0.012328485605947272
0.8136530485906038,0.04594916010172359,0.08004818326031918,0.04607751492071867,0.014272093126634751
0.7714877176049333,0.09376258162159565,0.05516576145101147,0.04892018114639889,0.030663758176060724
0.8259403704308013,0.04344797893016916,0.07928574476200892,0.031667191904488926,0.019658713972531685
0.8816488471097921,0.03171135598623059,0.025846310506044454,0.037895195185437776,0.022898291212495085
0.8643985394177698,0.06588203368373863,0.024243378715851666,0.030235036881889128,0.015241011300750873
0.7939712809994085,0.08081400724846488,0.04204829341755313,0.05006157475545237,0.033104843579121114
0.8968437169709673,0.0370245313297576,0.03284324994082128,0.02503133706355145,0.008257164694902218
0.7323979966071962,0.09860398841782834,0.0936374351594482,0.05731285405274598,0.01804772576278135
0.7974609198415215,0.0863463294761799,0.06598157983735296,0.03740198267910418,0.012809188165841484
0.8688319345677805,0.040198167979991956,0.04857778455814802,0.02913537265252215,0.013256740241557501
0.7061642425840529,0.07901013648833047,0.10621453042811418,0.07554828844389469,0.03306280205560768
0.8660689377778226,0.034165271281906204,0.06322049391164204,0.024566620104627384,0.011978676924001534
0.9089560328702686,0.02719298594286218,0.032791953491409634,0.020563337631920243,0.010495690063539492
0.8111710198659307,0.04081109562668517,0.0567740558847291,0.06431474707357407,0.026929081549080972
0.927899217040235,0.023347065938947233,0.02042024253560406,0.01683198793297101,0.011501486552242975
0.7019104990325362,0.06363133372234135,0.16185127419574832,0.052055846050327356,0.020551046999046706
0.7969263507164193,0.09305894015824726,0.029966244149041896,0.04783722379056997,0.03221124118572163
0.6253972352964133,0.1591810103784164,0.0811986696148564,0.0946207013764943,0.039602383333819643
0.925559951950503,0.020311217957084418,0.023515176749823875,0.023570197377750745,0.007043455964838096
0.9006914372474234,0.02852212563027777,0.03485606341555264,0.025047379856207187,0.010882993850538935
0.9134881379143744,0.02468802086910555,0.030514506896254883,0.02228123808478847,0.00902809623547662
0.8696566274931726,0.025792634397399237,0.06068662171714283,0.030284806783048197,0.01357930960923701
0.9182955555779884,0.0316397684344813,0.02617006184552981,0.01576505155859784,0.00812956258340254
0.8239246930604146,0.07224549853406922,0.04634792397819533,0.04104572877961385,0.01643615564770697
0.9092026981180404,0.0298430820821605,0.03282181938681408,0.018494603617234616,0.00963779679575032
0.8250176031644135,0.0669183480570136,0.04708773634490893,0.04063912265105273,0.020337189782611283
0.7363696054476698,0.1161107223970712,0.07112308156769065,0.05792740878820004,0.018469181799368243
0.6728788305779266,0.1312820577389863,0.07803362780200024,0.08563891434062684,0.03216656954045994
0.9109307938991698,0.03436219169837928,0.031966150146658004,0.016948835159633507,0.005792029096159266
0.8780337082220152,0.036575373526804435,0.043113662872086386,0.031224088975780873,0.01105316640331317
0.8124201115118964,0.04849976864853314,0.09788446483976494,0.02857994283212063,0.012615712167684987
0.859584813179533,0.04607120385321182,0.05414065137925568,0.029653862623446135,0.010549468964553457
0.8308705253195701,0.06616180758841025,0.04516379893812235,0.037613966906890874,0.02018990124700647
0.8449387586793943,0.06127975003884821,0.04874391550513468,0.03245444905770677,0.012583126718916109
0.9442377779521937,0.02482744929707634,0.012571733428247097,0.012523141728473864,0.005839897594009105
0.7802659500786393,0.13891438415303684,0.028261843085616085,0.03460716507065985,0.017950657612047873
0.7569924662592603,0.13955975219824793,0.0399980493208747,0.04885538722051406,0.014594345001102951
0.8528657783182677,0.057688139392014774,0.0476790351188635,0.03099490810110594,0.010772139069748072
0.8608995040375147,0.057419116420882266,0.036947315206966584,0.03150683289340882,0.013227231441227859
0.9016169337199701,0.039422894012348476,0.027044163947040345,0.021503688854706434,0.010412319465934553
0.8165008629678221,0.06988212592456278,0.06677953917764883,0.0339366771245021,0.012900794805464192
0.7983827359708493,0.0588201120440093,0.08884443873275759,0.04234474301588614,0.01160797023649776
0.6929596323812665,0.1651779061336154,0.06391824598667828,0.05637034685648827,0.021573868641951557
0.8974315279030604,0.0387595932997601,0.030649139267215957,0.022883691087565956,0.010276048442397696
0.8461966377799666,0.061275188475779854,0.03836071238625034,0.03909917153421377,0.015068289823789495
0.8235705137576059,0.06604847682402369,0.0463455831065063,0.04740649591873775,0.016628930393126597
0.8159077832831991,0.07836212068131992,0.05843758990966533,0.03320955541266798,0.014082950713147763
0.8252859899269636,0.041370239733734444,0.08377451097104806,0.03713322155197409,0.012436037816279702
0.8297638177922596,0.041291163639737824,0.08259924965062267,0.03243777010600374,0.013907998811376318
0.8690361954920741,0.03621978734557021,0.049425394830454265,0.030032077077399372,0.015286545254501974
0.8690593795684105,0.04517176915846139,0.045760797784623185,0.028900759041249127,0.011107294447255566
0.8960699264874701,0.03856325380303173,0.031464032832452346,0.02415232337220947,0.009750463504836323
0.8381526903675521,0.07067940822250153,0.04833916950314463,0.031215170695378245,0.011613561211423817
0.9177580553539909,0.03843115587486233,0.019569853175931518,0.018107780335943145,0.006133155259271979
0.7421076157148228,0.11034366807070095,0.0659862493008094,0.06168166599577465,0.019880800917892405
0.6671701501113629,0.1274448376343296,0.10138187651753915,0.07349089643646156,0.03051223930030655
0.9060065521709301,0.03572930046327542,0.028544225771060878,0.021678071159315214,0.008041850435418583
0.9028353700446871,0.029520311632059107,0.030530022077300652,0.026762098477283208,0.01035219776867015
0.8432764271671557,0.045599397091817755,0.053356044629287634,0.03739099026234909,0.020377140849389998
0.8869081610713043,0.02896479052760672,0.038060168601532426,0.031110683931621017,0.014956195867935791
0.7684664239530938,0.10252214608591442,0.04879591515609826,0.059415501549213996,0.02080001325567955
0.9210225470456012,0.0392731985373043,0.01627973013284712,0.016717741940423553,0.006706782343823978
0.7617316206315828,0.10917121916587594,0.0571391785321622,0.05051266504058102,0.021445316629798004
0.7740266352855489,0.08240518100121454,0.07116965714820828,0.04989470441095118,0.022503822154077292
0.9174105175376362,0.03122041627289875,0.02336075169102713,0.022292689095058982,0.005715625403378838
0.713616710397866,0.13168564915374728,0.07862321165435417,0.05366654784043663,0.022407880953595947
0.7782013274649431,0.09556634104849095,0.05887976715824204,0.04889805175240704,0.018454512575916945
0.9327691708538158,0.03536181418763042,0.010595350486346567,0.014114334396785552,0.007159330075421881
0.9321452418915854,0.016478656263876543,0.023073755506404454,0.0188291341226205,0.009473212215513335
0.8188426606479493,0.05410210388482264,0.08246072019145748,0.032666100451394245,0.011928414824376132
0.906953383057986,0.027610610557128528,0.026033266853346296,0.03006886793277925,0.009333871598759888
0.9395805256572629,0.0209192868732125,0.0194436320648438,0.014434652398688914,0.0056219030059916466
0.8463640641986778,0.047357551193513724,0.06265254401621018,0.03217540349987882,0.01145043709171943
0.7009682042912869,0.133350920658726,0.08851434403188344,0.05672112669957096,0.02044540431853265
0.7719681343277369,0.08030037901780274,0.09181434458479772,0.04133280312459675,0.014584338945066364
0.8223214944903933,0.08872933517761339,0.042235069538267694,0.030458262200861445,0.016255838592864176
0.8476101477458223,0.0676257465999003,0.034873129167175984,0.032010832313362984,0.017880144173738156
0.7840767867481754,0.09766616048079103,0.03604525306369496,0.06175176236751422,0.02046003733982443
0.949252076539194,0.017401005758153787,0.010968545679237867,0.014803427590211447,0.007574944433203114
0.8845390247771663,0.04580385383160425,0.03778511298771022,0.022738676708566916,0.009133331694952427
0.9112128683433501,0.025652940363245984,0.03407716019607628,0.021890547386277128,0.0071664837110505895
0.7696269384967662,0.10408255881425121,0.04726745633378232,0.06052975069357182,0.01849329566162835
0.8712275873378887,0.029756423470925598,0.03730226705564769,0.041656939772712724,0.020056782362825227
0.8919254045049323,0.044293170445151304,0.030722389018051893,0.020249493004643255,0.01280954302722129
0.6796140429695097,0.11235932935109494,0.11465519913801583,0.06687394591627224,0.026497482625107482
0.7520269657516719,0.12011069213897119,0.06853675316986324,0.04058548905389606,0.018740099885597456
0.7045821038591091,0.092459259735434,0.09630411821566263,0.07561372862192683,0.03104078956786734
0.7888798799192024,0.10886267935685197,0.03858958032222538,0.04759913600436335,0.016068724397356828
0.7737140577675051,0.08995727209665454,0.06200675999005512,0.04706794264486072,0.02725396750092464
0.8906124458825573,0.033139611484030336,0.03951805438722151,0.025803270031880373,0.010926618214310402
0.8648875837077707,0.052418318678034134,0.04393562402050126,0.02500655594780729,0.013751917645886506
0.798494967523736,0.0911990495667332,0.04686004103703546,0.04638337063607002,0.01706257123642523
0.9079780959573379,0.029410903653941445,0.024353373859111318,0.02490888420789983,0.013348742321709479
0.8522771931470406,0.0744905998914947,0.025796658941645217,0.03260673051159667,0.014828817508222826
0.8006326637973045,0.04604280485377506,0.09190129232059677,0.046576361354553106,0.014846877673770312
0.7276906922911933,0.1081855370585913,0.08418642834203473,0.059276967417063564,0.020660374891116915
0.9602610803448363,0.021619053761345194,0.0071782102571782015,0.007214608378922674,0.0037270472577174683
0.8847542388158679,0.03982565280514702,0.03183937244455352,0.031217061981194706,0.012363673953236884
0.6970054292299511,0.15909536853980746,0.07026639162077514,0.048864536235295804,0.024768274374170493
0.8704975743600832,0.04142020623554275,0.04405397383576361,0.028792200779462186,0.01523604478914808
0.7269230246661832,0.09815456594369598,0.10139869949607457,0.04977732511646781,0.023746384777578414
0.8058160504346786,0.09637629995685978,0.04654944779704536,0.03337239031216195,0.01788581149925413
0.8322350370208316,0.06189539571325489,0.04939345260867168,0.036744334572752974,0.019731780084488844
0.8261718475451961,0.07770458071785334,0.033238353370236805,0.04290073673512768,0.01998448163158597
0.8500016281755637,0.06665313504202953,0.0369096927482059,0.03508720254389806,0.011348341490302689
0.8704644378651539,0.036485771029380686,0.03836527197415191,0.036497418990887084,0.018187100140426633
0.8211791925661,0.05587882171931239,0.0444656497237459,0.0601514959546655,0.018324840036176272
0.8480055761119514,0.049499466165858846,0.06062406682436467,0.029588962472721858,0.012281928425103181
0.7348617763141246,0.08976777111457972,0.09790484830719696,0.054260806031991585,0.02320479823210707
0.9130187480121971,0.026396976544440048,0.02736994017352854,0.021088124162723716,0.012126211107110804
0.8519333521765982,0.06194231390865733,0.037129811231314154,0.03215532708450171,0.016839195598928568
0.8449051031762627,0.06159341743159392,0.04852351895540138,0.03212240606369249,0.012855554373049173
0.9300538514726525,0.021185634177463865,0.02319678121977919,0.015227912344791128,0.010335820785313237
0.8511997646677596,0.05745020887618341,0.03014167614754709,0.040623988350792034,0.020584361957717866
0.8166780233780438,0.07201799521176354,0.029086187937091928,0.05418758286749656,0.028030210605604077
0.8716058353832555,0.033673745619676836,0.05353280825672335,0.024372648170208108,0.016814962570136302
0.7610571304427893,0.056571058744294966,0.05912857644842663,0.06733584071242057,0.05590739365206853
0.8272626007382275,0.0681059777454856,0.0219500780630709,0.043608102099395356,0.03907324135382065
0.9018414222599089,0.04359101072935027,0.011492525806217983,0.021834307831391366,0.021240733373131527
0.9094894000131615,0.02107945963272122,0.02851905525036956,0.023307482832356008,0.017604602271391677
0.8894705025101337,0.03853090902165441,0.026245365244467824,0.027363791565434836,0.01838943165830908
0.8264048008891185,0.05473725855900093,0.04572862867628941,0.05122037352657825,0.02190893834901298
0.8872913178788748,0.05469177205845895,0.01702232413164039,0.025142791563291966,0.015851794367733662
0.9121933423153886,0.03930597717553802,0.013268168981498586,0.020298130651422285,0.014934380876152467
0.8146186316918884,0.050948512161093217,0.05533041239197714,0.048746448518717726,0.03035599523632342
0.6492824151596661,0.09312648245213387,0.15967267467846794,0.06565513482188741,0.03226329288784485
0.6525168334258664,0.12249752681334182,0.09810046375000044,0.08960609530527489,0.03727908070551646
0.862597642148677,0.056558822782150464,0.01863934747326876,0.03578936066517115,0.026414826930732552
0.6935395299964691,0.0971398675905534,0.05929004612725008,0.09795058055305589,0.052079975732671556
0.9068484255283026,0.02585654095834877,0.026881544843915837,0.024887612323389856,0.015525876346042624
0.9018228063802018,0.04480772063114444,0.018088282583115255,0.01981027611291676,0.01547091429262186
0.9258336173632807,0.04013274369263663,0.007431186238808667,0.014079248262632684,0.012523204442641335
0.9173740901606536,0.026847169095214604,0.017240323778595093,0.022607127361560803,0.01593128960397604
0.8420358453892555,0.04832839005508747,0.037938391774558114,0.04914886836418545,0.02254850441691341
0.8684731374358844,0.033615699057582875,0.05101018636611379,0.025276569681061182,0.021624407459357824
0.8608109924153915,0.04436200384460665,0.04504298429293883,0.030448278296582667,0.019335741150480243
0.7516221840805978,0.07665009316457544,0.07362625065849038,0.05808304313771824,0.04001842895861835
0.8645282632570689,0.031520146808520375,0.0447597727106859,0.03846965078202443,0.02072216644170017
0.88442065564672,0.03841787141070184,0.035403458244750566,0.028450596153985198,0.013307418543842616
0.909481661486064,0.03571683004369049,0.016660608811700197,0.02082736738663553,0.01731353227190944
0.8854943973442374,0.06377773651631866,0.014733927872604673,0.021718658454317117,0.014275279812522195
0.7832388907453045,0.07614372401079803,0.04669639228291794,0.061848912335557116,0.032072080625422356
0.7831178817075303,0.10646458858179517,0.039825921935304036,0.04293875711843489,0.027652850656935686
0.9086515167310433,0.03155142702781392,0.02744443920785929,0.016750344402995748,0.015602272630287715
0.8620523138122296,0.04227403920755106,0.03818149901698722,0.036891940197947184,0.02060020776528487
0.8548891809115657,0.04363744335693853,0.03718425275626809,0.041343113733729966,0.022946009241497707
0.9029143621013327,0.02704056782488055,0.01864470280833675,0.03304573797949613,0.018354629285953907
0.9031461922977232,0.028381024204356436,0.02316876954478447,0.02800595383118571,0.017298060121949992
0.8150694678428096,0.07272536844107078,0.02454169051005562,0.055027284282681735,0.032636188923382055
0.840804292559227,0.08348019250868151,0.029599263975476586,0.032746149893900234,0.01337010106271482
0.8641175300306817,0.02526921900679075,0.055475116384194806,0.03540988763520366,0.01972824694312902
0.7157867392312975,0.09742302888158569,0.0945209200114644,0.06103772461463113,0.03123158726102121
0.8896721359660192,0.03371365575985998,0.0422384879081292,0.021427574862596974,0.012948145503394721
0.7945360519923547,0.056282258815502834,0.08549803019965577,0.04246631665027005,0.021217342342216745
0.794387495120535,0.09710190714276651,0.057858167796314655,0.029182575148395878,0.021469854791987944
0.654494536323984,0.11842046533486496,0.11484961497433209,0.07427743002874482,0.037957953338074
0.9099668943944642,0.033621860230911245,0.017045424149046848,0.02690250541100698,0.012463315814570759
0.9058155818963846,0.0505395955209744,0.017205195311654327,0.017886231954601723,0.008553395316384901
0.815974382097904,0.09179159178287281,0.03923063356203741,0.03738616089241376,0.015617231664771993
0.9512530625750613,0.023343231680539915,0.00877636828961419,0.010882182578817666,0.005745154875966981
0.8099040732458433,0.06959502607362159,0.0595737267804534,0.04388690466322328,0.017040269236858332
0.8784391840905305,0.059103521478281976,0.021184981623877035,0.02910253870149868,0.012169774105811776
0.7584478744275354,0.12384848481051736,0.05998127182187854,0.03862944734932744,0.019092921590741253
0.7104612320441438,0.16999050940372598,0.057691872361205744,0.03934006182218818,0.022516324368736157
0.8878140602159001,0.04275012170956518,0.02716117102760701,0.024798727295521128,0.01747591975140644
0.9277018391281368,0.03721514288985851,0.013218166075754533,0.013190461496128215,0.008674390410122086
0.903512314407172,0.034961237767350085,0.024185108528783947,0.028714314517995772,0.008627024778698178
0.8750249300300795,0.0570358750562102,0.019524731347915998,0.022652210499057347,0.02576225306673702
0.8614776224309086,0.07332776109976892,0.024804919411653383,0.020544037492164845,0.019845659565504215
0.8885694436200821,0.05411343190567601,0.02433214195843803,0.023766400326652736,0.00921858218915106
