Delta_Power,Theta_Power,Alpha_Power,Beta_Power,Gamma_Power
0.793418872575957,0.10470809415028579,0.061687878216657215,0.03213823466230836,0.008046920394791733
0.9234256279858887,0.047322736818191366,0.016587536141295028,0.009889969232670178,0.002774129821954772
0.7933473387717852,0.14506532190735838,0.03595197340376014,0.019904408488069587,0.00573095742902663
0.8632205984060334,0.09963174623582097,0.018318810199514972,0.015045655436043307,0.0037831897225872844
0.8843770241128701,0.04981285309574432,0.04279823152698082,0.01846119155599338,0.004550699708411487
0.9272538489869251,0.03586052521446309,0.022342261639433383,0.011017982775286825,0.0035253813838916036
0.8544797933476957,0.08483577982325773,0.041535329564484635,0.015211212881669406,0.0039378843828924365
0.845994975293298,0.0935076257996948,0.02815706767205351,0.023104156909503213,0.009236174325450312
0.8889350772482236,0.06852366869371353,0.020725325127583495,0.016583351337306224,0.00523257759317314
0.9053434294368451,0.05610108600031992,0.021692493300655345,0.01355959399967305,0.003303397262506702
0.9479096646511649,0.03132952867934464,0.011455025584224314,0.007533323024282919,0.0017724580609833123
0.8980081424137139,0.05751495198483791,0.02277019475102022,0.017182935970163276,0.004523774880264542
0.8053712992011922,0.12131563123298408,0.03766220608691292,0.027135244857073776,0.008515618621837188
0.8210751609919238,0.11212603014525602,0.033491823466267646,0.0236961961864266,0.009610789210126073
0.7031159816358934,0.0670259546692807,0.05351881041649937,0.085184726301319,0.09115452697700761
0.8988117844125023,0.06602541489448727,0.02239054455732187,0.010215006609443885,0.0025572495262448504
0.8808621384062346,0.05745306563755515,0.03514120947876895,0.02125616170768336,0.005287424769758025
0.8953194634874093,0.05900822125900284,0.02909752090713225,0.012683019193619128,0.0038917751528363795
0.8942263899737375,0.06798262735618459,0.023044019763293146,0.011804587802964292,0.0029423751038205183
0.9207120864207718,0.04782871340749832,0.019128064926452224,0.00964974711873735,0.0026813881265400474
0.9622731823268739,0.016272720806563536,0.01410416440812219,0.005520655830190891,0.001829276628249553
0.8786546736046482,0.0686717735039116,0.031769389776863936,0.016551862041316624,0.004352301073259829
0.9309144432028763,0.03558256266567681,0.02091805248972409,0.010009139382027979,0.0025758022596946745
0.9120642442349697,0.05547483604180123,0.020829468037942434,0.00905138372024897,0.0025800679650375357
0.8778680755354712,0.05868220238783303,0.040110806696403614,0.018536967393285225,0.004801947987007064
0.8666389205396886,0.08140927186663548,0.030708275389127074,0.016735753911495246,0.004507778293053731
0.8944747010090873,0.05432115811391772,0.03224626166814943,0.014352706578840512,0.004605172630005132
0.8993797932358628,0.04326460037625926,0.03643029014502174,0.015109124974407003,0.0058161912684489845
0.8402824930253024,0.07711581686164577,0.04507921549226238,0.02749984735469893,0.01002262726609063
0.8597486321583474,0.06302173885457264,0.04587688113999128,0.02446201181452048,0.006890736032568299
0.9191302228476809,0.04851942667071729,0.021069387608396203,0.008732003585727387,0.002548959287478121
0.910688915097355,0.05827739835367084,0.01905607136678261,0.009218972573469294,0.002758642608722226
0.8976729751523728,0.05819208195385987,0.026663816559906458,0.013401374739087868,0.004069751594772849
0.908015926032378,0.04746067822470979,0.026459533988028472,0.014445456398919905,0.0036184053559637826
0.9125842236222392,0.052555172678687534,0.02280211570780891,0.00991785735595049,0.0021406306353136317
0.849770261815024,0.07343308848578656,0.05183722452625127,0.01996572361764408,0.004993701555294192
0.8607939583386811,0.08128949173329016,0.0347264754117127,0.01756918555767272,0.005620888958643189
0.8677167373630794,0.08193207059480954,0.02582982018105442,0.018356240068143702,0.006165131792912941
0.786920431091758,0.14551934513754247,0.04036662696525959,0.020243352105376006,0.006950244700063759
0.920088443173456,0.04788872086239522,0.01950750014272686,0.010388059432288646,0.0021272763891336394
0.8578929283413946,0.07497769470841945,0.0390370636568366,0.02276169932325909,0.005330613970090281
0.8103975190216988,0.11301855468647629,0.04229857693878103,0.02652255339675223,0.007762795956291721
0.8553542780286293,0.06466816202692813,0.04534231728960864,0.02521294185602812,0.00942230079880558
0.8611936242093308,0.08058273462867924,0.030349052627998065,0.022383521856583568,0.005491066677408534
0.8367794869925087,0.10056272995348059,0.03386772399491731,0.023423760250534283,0.005366298808558932
0.9232477521222983,0.04152368044186979,0.023706074638607143,0.008652856531252567,0.002869636265972543
0.8140757417569021,0.0908248875702558,0.06380877948244361,0.023857693493568838,0.007432897696829646
0.8622266557798948,0.079402461120943,0.03284122085226833,0.0204158848044541,0.005113777442439917
0.8581883023577612,0.07340770983089868,0.03939062775295733,0.02313342400594128,0.005879936052441173
0.7807050100006762,0.1269052241769382,0.05507433190612611,0.029121776656341983,0.00819365725991758
0.889856376187711,0.07380668337127284,0.02291161327693726,0.010826733388071047,0.0025985937760081013
0.8695484759376346,0.09156404686715948,0.016874781647526944,0.016283980449805918,0.005728715097873086
0.8967988267512881,0.0733428528789352,0.01808784185291159,0.00964357515623901,0.002126903360625977
0.8985965935950289,0.060526264355972054,0.024736657183977866,0.011884423208297636,0.004256061656723666
0.8564143503041067,0.09268726006865124,0.031790170348473534,0.015031575095780332,0.004076644182988054
0.8692610494151937,0.08358394190130618,0.023702286485746793,0.018355871291111187,0.005096850906642349
0.8325370032246393,0.10686049777307788,0.03194871531206102,0.02334213359371201,0.005311650096509979
0.8660510589589107,0.08264758485860281,0.02853409324623844,0.01761077335599525,0.005156489580252787
0.7442680962795745,0.15562374242415727,0.053202789594456776,0.03712855688125237,0.00977681482055911
0.8215717349682683,0.09658485899534754,0.048626455339787496,0.02582452805794768,0.007392422638648912
0.8059068296996953,0.10647951113020651,0.05147889672935425,0.028564502396677113,0.00757026004406692
0.9151009286222096,0.052671906106638106,0.016291111155397678,0.012683994818718786,0.003252059297036039
0.8029336457378381,0.13755075722211169,0.03061055708033127,0.023202653630722103,0.005702386328996777
0.9072376310184219,0.048481313659181215,0.029319128502862158,0.011265685353074107,0.003696241466460654
0.875853197248538,0.05894884614780938,0.03368369610677282,0.024654512899835473,0.006859747597044459
0.9088535385138027,0.058244495428853536,0.01570159745609221,0.013650388294213507,0.0035499803070380776
0.8688573233583652,0.06798269738988895,0.03425717258400227,0.022201242209615904,0.006701564458127429
0.7467874043324029,0.16760040445435184,0.056412037387774075,0.021666069041592313,0.007534084783878906
0.8622914068979763,0.0829315837278948,0.029473792899809993,0.01839313605995584,0.0069100804143630455
0.9067498311908277,0.05044924799271809,0.02564972712092016,0.013627659731826593,0.003523533963707443
0.8986355427405326,0.06495666591574709,0.021157233204815204,0.011368733806191925,0.00388182433271302
0.8168994330467255,0.09553509354235781,0.058134051514681734,0.023067067684236067,0.006364354211998821
0.8537097042509311,0.0813959982215307,0.04106137923993887,0.018137332099994054,0.005695586187605448
0.7531215552394385,0.16153421112205474,0.049456091912283194,0.02974687343917367,0.006141268287049799
0.8593197216876375,0.0813739406646163,0.03793731144534244,0.017604074848676734,0.003764951353726919
0.8955940865175778,0.05623853787037898,0.030684462903772133,0.01339745904266484,0.004085453665606254
0.8941299688566454,0.06693602769497715,0.023504471711172537,0.011712169783506225,0.0037173619536987525
0.8671319519390728,0.09426858892872629,0.01966829037521969,0.015080553819795648,0.0038506149371856967
0.708838547390172,0.17891957886379423,0.06318697941192054,0.03815162154825855,0.010903272785854652
0.927261062044293,0.04347729909727797,0.016637437320202363,0.009273691916206714,0.0033505096220198716
0.8428443624388502,0.09569495418300066,0.03809662139773291,0.018188843792187007,0.005175218188229229
0.8930212167642338,0.07470467018830276,0.017781061981436464,0.011436124001110073,0.0030569270649166724
0.9535097665947723,0.028944988805184552,0.00966638564248146,0.006272216536894048,0.0016066424206674444
0.9213918885325431,0.04941323447612584,0.013915786992817286,0.01192367598641663,0.003355414012097116
0.9475597746396374,0.031008366355591566,0.011494898953361709,0.007871274276152569,0.002065685775256781
0.8140635476938506,0.10153673925185343,0.054491247666798956,0.022333749062970507,0.007574716324526616
0.7862905426527083,0.10935421650642003,0.07709900037251972,0.01914158467288475,0.008114655795467402
0.8513331759717755,0.07306167751829211,0.04733959315384985,0.022802713390839786,0.0054628399652428185
0.8501013582609398,0.08225399564311431,0.04518081014590071,0.019011609858848207,0.003452226091196737
0.5503917687014789,0.22955295278968393,0.14876610914567137,0.060762856750564,0.010526312612601793
0.787272842948779,0.14455393023666877,0.03949043177009373,0.021266713623590745,0.007416081420867649
0.8496018598821168,0.09981977243633548,0.033294264113637624,0.01323237287278546,0.0040517306951249376
0.8683864836897832,0.07790421685260052,0.03651053940637196,0.013114107351091009,0.004084652700153112
0.876009994437221,0.06606964740383933,0.03716706290120901,0.01625324642150888,0.0045000488362217025
0.8857382046930184,0.05768802631067337,0.03199778943068381,0.019034309151409613,0.005541670414214786
0.8908181848564396,0.06825452122720835,0.025296181418204763,0.012294000696571085,0.0033371118015761
0.8770111310004487,0.06695481473998428,0.03406591016673606,0.0172975924770575,0.004670551615773575
0.8424825354312632,0.09425851515781872,0.03984624596015216,0.01805908910714579,0.005353614343619938
0.9225024513551654,0.04743204975171112,0.016107983746736672,0.011179317147542465,0.002778197998844562
0.8679084758332353,0.08518053312382233,0.03051045122919214,0.012801879722283731,0.0035986600914665375
0.8353921617586368,0.11252177988845051,0.03150001852336661,0.016695300292659202,0.0038907395368869423
0.7897704908877721,0.13769189443519272,0.03701933651254686,0.028471182963941678,0.007047095200546857
0.8623099777245595,0.08804793892071518,0.026689679520584906,0.018487846304959137,0.0044645575291813065
0.8402913688622173,0.08064195780731585,0.05438350637012378,0.019833011608706007,0.004850155351636944
0.9277264175212422,0.03734802321388179,0.022255707900879863,0.01013620861254314,0.0025336427514528383
0.7899694554230671,0.13932222500070204,0.04284074727720404,0.020478632793707673,0.007388939505319142
0.8683047423615928,0.07462795767498216,0.03524614632479193,0.01723202754844433,0.004589126090188589
0.871204761879859,0.07621822284717003,0.02915895567421335,0.018879573069811865,0.004538486528945854
0.9053744480987791,0.05478355282795716,0.025045733851201492,0.012073556682816362,0.0027227085392459694
0.8375761829379865,0.10257844693029808,0.03664596775225209,0.019771595975660212,0.0034278064038031
0.7457480842616133,0.16760451562643452,0.05188002587734114,0.027018465115475124,0.007748909119135924
0.7216202679729771,0.18317813607232578,0.0529376707934756,0.02775250405536588,0.014511421105855588
0.786926752728446,0.1242940866570194,0.06115481516786802,0.02256724220478139,0.005057103241885278
0.8452061039985399,0.07645855308713871,0.049570727856823975,0.022299162390754863,0.0064654526667424226
0.8106290690229842,0.11356687287760965,0.045541728851303094,0.024330802503919245,0.005931526744183778
0.8217662307186349,0.1179882698130697,0.037898434002498975,0.016872685495380027,0.005474379970416423
0.7945820579037332,0.0922810449677388,0.06963696966723229,0.03691187594013458,0.0065880515211611595
0.901984909486409,0.05488885987270658,0.02551918115300154,0.014487615697428272,0.003119433790454712
0.8361848872298443,0.10768509490878042,0.030036329605270914,0.021377182402389193,0.00471650585371505
0.8326167931888003,0.09347738482314208,0.030755398720260292,0.025779899245411925,0.017370524022385272
0.782301134781754,0.09577118267234698,0.02868131672660857,0.04766029231948428,0.04558607349980592
0.913392064491261,0.048867577415013665,0.01703810273301353,0.012909035371292512,0.007793219989419402
0.7843301216387827,0.08310361973338998,0.0615293147786118,0.050464533283253336,0.020572410565961943
0.8361554804534801,0.0846442403152002,0.03851853854600279,0.0272789848781426,0.013402755807174468
0.8282704341085466,0.06107005914618725,0.06589944794970451,0.0323838927124969,0.012376166083064723
0.8581061577517493,0.07482605767304214,0.03645127506698831,0.021693408448806642,0.008923101059413678
0.8021551475839711,0.11478646410501182,0.04493517986706636,0.02490801463523113,0.013215193808719425
0.8336959759799687,0.08883406575012454,0.03968467882169496,0.02818090299946799,0.00960437644874376
0.8551968298818617,0.08885812555683252,0.02424684759194188,0.023364681039776267,0.008333515929587549
0.8824377978187523,0.0657983711934435,0.02999727512911125,0.015220410899156989,0.006546144959535734
0.9362215009037581,0.03209765248897709,0.0162222335232246,0.010554423846331014,0.004904189237709072
0.8272515561068583,0.11802773329905408,0.02589064493827383,0.020808950791958495,0.008021114863855228
0.8411022755904396,0.10068295080403473,0.029971712322865315,0.017149234358588835,0.011093826924071676
0.9498529985930932,0.02607821791098102,0.014032038432734333,0.007699067364064894,0.0023376776991263335
0.8411534549023275,0.07895890910289086,0.04853466407463725,0.024145799271635893,0.007207172648508154
0.8389193859136718,0.08787422571864721,0.04720388873727883,0.021060723175320574,0.004941776455081525
0.6973813389816639,0.16841459820215304,0.08166155809395173,0.04161489495920252,0.010927609763028954
0.8483166325557535,0.07769226114554229,0.04086443075508175,0.025475724807792012,0.007650950735830407
0.8864928544101927,0.07637003051586862,0.02066678649976714,0.011969044046971907,0.0045012845271998995
0.8062696732214304,0.1256826058937978,0.034282760887107674,0.02699400068162387,0.006770959316040153
0.8927982312479902,0.05660512900645268,0.03290350844554227,0.013610318086430274,0.0040828132135848575
0.9118037315490765,0.04686522040272028,0.025219889088907675,0.012731630057035245,0.0033795289022601673
0.7667293544979863,0.16105713283236625,0.040997709068577394,0.023782508126785316,0.007433295474284886
0.9321090028203646,0.03931234960878469,0.016617244545004756,0.009523712130309727,0.0024376908955360387
0.8625853704899207,0.08105037471327886,0.036722692596257725,0.014807548792552134,0.0048340134079906975
0.90760675681847,0.05908839516073756,0.017603196881616153,0.0122935927224915,0.0034080584166846753
0.8060503828889951,0.12686119562873455,0.04347185812287927,0.016160454255531517,0.0074561091038597635
0.8397363309256678,0.09055039935070303,0.04442168822595019,0.019059216994619682,0.006232364503059323
0.8986782557630556,0.05680255173043728,0.025849205690089368,0.01303617770544176,0.005633809110976098
0.7600359011556128,0.16696103306406904,0.04056983321059361,0.02674055246553244,0.005692680104192284
0.8450766137237832,0.0796338595808495,0.04694702007265095,0.021534701819099836,0.006807804803616556
0.8619565514066796,0.07810938711989865,0.04014654323866467,0.015080989838694476,0.004706528396062721
0.9288923845966636,0.0437569823808339,0.014455969052129432,0.009959480017520941,0.0029351839528521753
0.824274598455149,0.09756665813520131,0.044969172893589184,0.025135096917260513,0.008054473598799744
0.8000353790785654,0.09727720195563261,0.06172902611891347,0.03181640175301345,0.009141991093875134
0.8314195941730411,0.08542017788876534,0.0529744871735073,0.022726904100527412,0.0074588366641590445
0.8074996131746365,0.10405354302390757,0.05091636260082629,0.028797563145622034,0.008732918055007768
0.8358494271709532,0.1020884020152963,0.032088768554128864,0.023395526645335542,0.006577875614286143
0.8833662614821183,0.06487285847212051,0.0303824412569057,0.015933982654920024,0.005444456133935563
0.8709691673187914,0.07234820791874282,0.03404347554244276,0.01858831041535801,0.0040508388046651975
0.9117142497563451,0.06300689188730817,0.013477880725191202,0.008946261273196398,0.0028547163579589886
0.9151365985998591,0.04565370629939828,0.01872306629708512,0.01579682638919891,0.004689802414458478
0.81723663130767,0.11327726922279532,0.041215353788393784,0.021261602314022233,0.007009143367118777
0.8427602586495357,0.10345329744895687,0.030067708573490306,0.016313294057923595,0.007405441270093267
0.9014099096503707,0.060129321777052186,0.02009678878830849,0.013880807199337427,0.00448317258493128
0.9052323114058162,0.05652896729522187,0.022354821440275893,0.011225230792300884,0.004658669066385241
0.9200743916574414,0.04288410048988352,0.02039061771923741,0.011497885249640055,0.005153004883797553
0.7480634122646838,0.11472243102932801,0.044636726077845475,0.04433200713482632,0.048245423493316106
0.8384523524476284,0.08292399185493055,0.035688077769361656,0.030276187588550618,0.012659390339528911
0.8339526865661677,0.099448914178558,0.04777742757902342,0.013242766323958733,0.005578205352292084
0.8708950134475115,0.0657078806896836,0.039556781796445034,0.018390594290691235,0.005449729775668644
0.8295923855838911,0.10755214032530186,0.03488995625679257,0.01995370924057775,0.008011808593436883
0.9085373384903492,0.062079168506382676,0.018812493586181173,0.007729442838331877,0.0028415565787549913
0.87522802553803,0.073741340181834,0.031155784711573032,0.015766008712308988,0.004108840856253849
0.8737629610387972,0.0752308887155105,0.03166557458773175,0.014324435618725626,0.005016140039234713
0.894098256070867,0.058456134715801564,0.02960605686411838,0.01248386270216956,0.005355689647043601
0.8169687930785013,0.08467523727316391,0.05246532591169918,0.0327113362552496,0.013179307481386049
0.8913021027488615,0.059261468675914517,0.02707808484853934,0.016033514487535757,0.006324829239149037
0.9260239461557106,0.029027088357651023,0.007828926956448127,0.015056577746557687,0.022063460783632617
0.7609755324877135,0.10312564170496759,0.06387266571207012,0.03931889110055131,0.03270726899469741
0.8290910980297524,0.09848444751262503,0.042219360764800644,0.02334590635526789,0.00685918733755406
0.847947151667166,0.0643308133746466,0.057528705155258056,0.02388640966140717,0.00630692014152217
0.8915705456985418,0.04759908637487914,0.03385163306810435,0.02086887245385112,0.006109862404623647
0.9292837708742664,0.041217552837178546,0.016310994897567863,0.010166142027087075,0.0030215393639000097
0.8811467950126904,0.05630997005259213,0.035209733326597874,0.02223701951382556,0.0050964820942940685
0.90442935327207,0.04413409184355214,0.03601903354111832,0.012128159215545602,0.003289362127713956
0.8796450886649103,0.06382339249666998,0.03388178905658556,0.018203294371034802,0.004446435410799446
0.8050529455264127,0.10108609112706415,0.05198302058804149,0.0342812695287043,0.007596673229777334
0.8106825332993596,0.09290559567228797,0.056148202853515634,0.03199908189255547,0.008264586282281203
0.899829447267498,0.05577091435475705,0.023150180136742363,0.017046862383582443,0.004202595857420044
0.8903705418498454,0.06198736053008441,0.027355334558379327,0.015306872265542462,0.004979890796148291
0.9314753197539044,0.03442146811957582,0.020832937287519608,0.010405691571530824,0.0028645832674695005
0.9032098645570128,0.05104547113048158,0.029111796445560927,0.013972473187055228,0.0026603946798895556
0.8953727452242187,0.056913981987259006,0.027979393178892406,0.015968820881155883,0.003765058728474051
0.852266829908789,0.08847988207542923,0.03662526437175046,0.01983295380640795,0.002795069837623316
0.7624932583958449,0.1382465443115939,0.0711207098690618,0.023697393065092297,0.004442094358406864
0.8581314413390456,0.07863018482309525,0.041140972157042,0.017905797842622046,0.004191603838194946
0.9352960832798775,0.03537528113880978,0.018528557921734485,0.009096461024147356,0.0017036166354309132
0.9398800177950761,0.03889597532572191,0.011396152461949142,0.00840484163526191,0.0014230127819909676
0.8821792751644502,0.07206817448831601,0.028743434332575583,0.014625804856057323,0.002383311158601158
0.9005294126440729,0.06430189547417324,0.023830850686533105,0.009534789945251738,0.001803051249968975
0.8858574715105954,0.07258782431115411,0.02704515109663885,0.012072275747387938,0.002437277334223823
0.6796197507657817,0.22566349625196405,0.048597905835676455,0.041983610958359924,0.004135236188217911
0.8874970202564096,0.07445193680888017,0.022428111916877977,0.012922388489083017,0.0027005425287492703
0.6702131803202565,0.12970995441281719,0.05444011732649667,0.08021639385212816,0.0654203540883016
0.6876613276677366,0.11572867943671197,0.1052895944863145,0.0526260387168488,0.03869435969238819
0.5380496606826378,0.3502181291865493,0.07512075049360703,0.030012579827265365,0.006598879809940569
0.8873659463411023,0.06994490955562895,0.025295469076258972,0.014061807001862924,0.003331868025146845
0.8356562030767611,0.11219796923321994,0.029083595997258866,0.019420682251633535,0.0036415494411264583
0.8817802797055699,0.07346804281164873,0.02566795208108623,0.01671591050109138,0.002367814900603871
0.8231020131691996,0.12062202338719825,0.02905303354756837,0.023504661274242725,0.0037182686217910473
0.9201441196477746,0.0524571167481083,0.01606981500393748,0.009735595763462609,0.0015933528367168715
0.9014100312626563,0.05680656643525291,0.0282600776892724,0.011050537493790206,0.0024727871190282505
0.8713831793850183,0.0931877755635397,0.019713063568892793,0.01313786942548112,0.002578112057067975
0.8848088365142691,0.07337826616849281,0.02779883981709725,0.011681279518125845,0.0023327779820148057
0.9032851693334257,0.06868982453858596,0.015355041578804011,0.010680960221825301,0.001989004327359084
0.8987287582347022,0.06099526013962039,0.023568670125937836,0.01361777986529467,0.0030895316344447385
0.9175365549621544,0.049007235983162103,0.023271507112351302,0.008680067977799563,0.0015046339645327217
0.7860196615509939,0.12392903880287302,0.052441869755394055,0.03182396442368554,0.005785465467053528
0.8265148829701839,0.10904180424330277,0.04669424655696891,0.014984707731757148,0.00276435849778727
0.8702275784753472,0.08254206209717836,0.032088412824851816,0.013061547781100417,0.0020803988215224605
0.8977681849752485,0.06433463662046772,0.02137809594150219,0.013357011032316873,0.0031620714304647036
0.7390119211589256,0.11353506870347886,0.046680040626194755,0.05019746246992372,0.05057550704147716
0.819870091167489,0.0906459381817132,0.04874387700418994,0.02488236647678881,0.015857727169818973
0.8862324640973164,0.06356517849116787,0.020416723807854812,0.02030091882414822,0.009484714779512696
0.920976346366669,0.04568200979786327,0.016896114700850985,0.00991175227993452,0.006533776854682284
0.7646885249161108,0.12978339951971127,0.053750812454174686,0.03770637492272438,0.014070888187278679
0.8224397488612732,0.09182396717708194,0.05094941036831326,0.02411576307717399,0.010671110516157866
0.8808323810315348,0.05728607551796639,0.03383038955405374,0.019525630048206413,0.008525523848238696
0.9014216209177769,0.052588104442017655,0.024946379719993642,0.013795296100635105,0.007248598819576535
0.916616133879018,0.045094766644859625,0.017883168196311687,0.013362291731855378,0.00704363954795525
0.8843088988333391,0.0729852280789377,0.019655149499654672,0.015332693089497253,0.007718030498571317
0.7482331336972645,0.15746370288964756,0.04604197999795857,0.03260908106040371,0.01565210235472556
0.8934093777312677,0.06902956516188484,0.019809443801598804,0.01203266240862521,0.005718950896623589
0.8356134980196536,0.08430433273144507,0.05194917923564221,0.019760848138699463,0.008372141874559515
0.9083260753823664,0.057260267702094976,0.018141321423379587,0.010779493276123743,0.005492842216035217
0.9473259509550261,0.025413936139896464,0.012592770733856005,0.010446208333928286,0.004221133837293155
0.8047577742618217,0.12139058196617154,0.03580721813261981,0.02586494492386783,0.012179480715519123
0.728120030909005,0.1419942121432122,0.0628194250741328,0.04905830151281415,0.018008030360835744
0.840243871030179,0.09871687287682707,0.02519156860447481,0.026414148738359504,0.009433538750159827
0.9070733464355044,0.04827591623007489,0.02631908286646278,0.014451440553626273,0.0038802139143314924
0.8522364986779623,0.09160860518343504,0.029804763977221,0.01901342264001845,0.007336709521363232
0.8240467872905252,0.12177053944653385,0.023658596893224658,0.023056574443447254,0.007467501926269127
0.9108087476137697,0.04483997024832015,0.020161780248771157,0.016521642208722143,0.007667859680416887
0.9521322817384936,0.024387280813084864,0.012454158390684996,0.007303775783892721,0.003722503273843904
0.8787867085867004,0.06641730458156381,0.03446840071308995,0.01274060268744018,0.007586983431205802
0.8348208329970461,0.09560981398294019,0.03587371849227711,0.02277305601483995,0.010922578512896769
0.7709540127443676,0.1322679857029298,0.054937203346971795,0.02823987775322309,0.01360092045250778
0.9003719358447666,0.04441824877875816,0.02913178691181215,0.018528481724397586,0.007549546740265402
0.8786998616485874,0.050724065079291336,0.035464359619817754,0.02215633886038078,0.012955374791922526
0.9073202004971799,0.060220850250148755,0.013159345112658627,0.012529427120859327,0.006770177019153391
0.8441619318278794,0.09205223273395424,0.03169648090590216,0.02258523930662197,0.00950411522564239
0.8907355073534521,0.0649589958902927,0.024646826523342793,0.015175805798158078,0.004482864434754639
0.8510631056108364,0.07946622123100103,0.036766077572685185,0.024193221391582784,0.008511374193894354
0.937743897319127,0.037255333157369674,0.012102842153934699,0.009017994814261503,0.003879932555307082
0.807924977494085,0.12612131851465241,0.037581899279551335,0.020220578465008913,0.008151226246702203
0.919553809393091,0.036899843752939365,0.021495995293312697,0.014896951585425318,0.0071533999752316545
0.9152202914559404,0.04293424011814834,0.02381806549584519,0.01190505586735425,0.00612234706271164
0.8373607538050626,0.0802157048164754,0.045271554397619165,0.025796224445093788,0.011355762535749268
0.8220367959363356,0.08732773561390364,0.04958140302523942,0.027444177174530418,0.013609888249990994
0.522625525082659,0.12604258569212956,0.039018309613459125,0.1263032921991953,0.18601028741255704
0.5763925880041593,0.08330331314117505,0.054981698416846504,0.1097846031462164,0.17553779729160296
0.7951314624712055,0.11437892708414446,0.0370195292052335,0.03282562021474596,0.020644461024670404
0.9399085971597686,0.035882130409800914,0.014426279578757339,0.00738456571489884,0.0023984271367743296
0.8244281673278056,0.11545655806140107,0.03776898006306071,0.017553228048442955,0.004793066499289681
0.7773369542943757,0.13514375244450252,0.0540378111865328,0.025746117190676862,0.007735364883912414
0.8449200351674073,0.07744761182330336,0.05175368383967637,0.02152699662752328,0.0043516725420895425
0.7744210165776433,0.1448685825963348,0.05871592506677098,0.018766344660938957,0.0032281310983122867
0.8827403414030707,0.07966602625316126,0.024668646434297305,0.010742030904597105,0.002182955004873592
0.928589045274516,0.04110484996835568,0.020760217798086494,0.00837057712161838,0.001175309837423393
0.8226389722154783,0.12753597893662702,0.029069275116603135,0.01719730835737358,0.0035584653739178093
0.8956986963810225,0.05919958071065802,0.027006182064336696,0.015182108301887378,0.002913432542095493
0.8887767987902817,0.07916567257282422,0.019773967552543074,0.009944581311305071,0.0023389797730461403
