Delta_Power,Theta_Power,Alpha_Power,Beta_Power,Gamma_Power
0.7664389190561858,0.14570954940218717,0.02417191790197547,0.034682847484280056,0.028996766155371615
0.9608793904327861,0.016984286065604974,0.006005335614731413,0.0093502762218141,0.006780711665063738
0.914563090852799,0.03696920887088554,0.014625154538155419,0.019352947630223664,0.014489598107936737
0.8987777560224064,0.03660270076913868,0.018306854660694722,0.026600540416582125,0.019712148131178008
0.9433785248265141,0.02251786631786764,0.009238931457256409,0.013479757048756685,0.01138492034960526
0.9384181366677384,0.03264370835542268,0.008848859062586435,0.011596392361001516,0.008492903553251021
0.8380646640583702,0.08628638708220732,0.019580458972906237,0.02848050157645957,0.027587988310056922
0.8991749388533241,0.03688293287548255,0.02853579824430116,0.02273749045594616,0.012668839570945922
0.9414470562044209,0.033133041763757455,0.006667122777265763,0.011238305851369937,0.00751447340318573
0.9080671232503386,0.04991048908413952,0.015867423973129714,0.015513609678490267,0.010641354013901915
0.8643709609702215,0.05948224810926614,0.026187222873619832,0.02409688005592424,0.025862687990968605
0.8970461668073616,0.05558428056407,0.018019425364391113,0.014427570111690382,0.014922557152486735
0.9144777318855983,0.029745294724071055,0.019125770304112617,0.0217429450153591,0.01490825807085888
0.8874144363133138,0.056755705591189094,0.016183960505215537,0.023663019801020972,0.015982877789260396
0.8809928422041933,0.06924358207476398,0.022285483836837823,0.014625464807114635,0.012852627077090223
0.9091537426797035,0.047757900626362405,0.017648003856242062,0.013637276775738264,0.01180307606195363
0.8800252662659821,0.056172901817781146,0.025946991308675515,0.017956405127452293,0.019898435480108896
0.9174314416030427,0.04673983426498853,0.009334292843790046,0.015168421475008,0.0113260098131706
0.9248558031215781,0.04920762688582484,0.010265748462206847,0.008138321082813926,0.00753250044757618
0.9333856638743498,0.03631992886593104,0.01166081761140613,0.010648804170601156,0.007984785477711647
0.8710868408538935,0.03290732180890237,0.03224395423288075,0.030041305838087288,0.03372057726623611
0.4605995731095318,0.41652308020859113,0.0841809583284381,0.027896487316184583,0.010799901037254492
0.50716147803531,0.1216904319046267,0.13791156496329265,0.08013592243145742,0.1531006026653132
0.8162111622340886,0.0989811062887066,0.04282739565380207,0.022839205389759438,0.019141130433643155
0.8523035208843985,0.06835355138035304,0.033740283203461424,0.023782813159899392,0.021819831371887612
0.8874550849050804,0.07088098880349168,0.015900586686175694,0.013042351619902776,0.012720987985349505
0.6387164973393975,0.21257737239135502,0.06646330181133736,0.052084808571850334,0.030158019886059817
0.8350520700598586,0.07421608947029845,0.03485312629448205,0.0293739939802893,0.026504720195071694
0.7856579287584851,0.08096325646857958,0.040730232004190764,0.045399834827269434,0.047248747941475315
0.8153217378116503,0.08192461083420409,0.04037854292510558,0.03499422003117246,0.027380888397867634
0.8247464252242144,0.11697056718763234,0.018470764875450633,0.022743335484573607,0.0170689072281291
0.8241574603286749,0.08944637257985903,0.032908963598335984,0.02361245838964129,0.029874745103488722
0.8308977959838372,0.09198014346419862,0.031080068282363392,0.025508611986056372,0.02053338028354441
0.7997632217893678,0.12121213035943533,0.034509223664112965,0.023923097030562557,0.02059232715652174
0.908176915246325,0.060982287202166884,0.013151988582934206,0.00796134579134843,0.009727463177225514
0.8707004882051956,0.10440466411718893,0.00985004044778537,0.00874198163059878,0.006302825599231164
0.8933044752730964,0.052208197713098765,0.01892263919628533,0.02002864501789584,0.015536042799623529
0.8861098113907389,0.05105783079565939,0.019172587337819392,0.023723934689210843,0.01993583578657148
0.8598646020245989,0.07690420396949582,0.020695262909932916,0.022736057366010413,0.01979987372996206
0.9187807271687963,0.04831654286850218,0.01454645205273302,0.009201068247898663,0.009155209662069843
0.82192478635041,0.07325702476796368,0.02530713088659905,0.04056982450889922,0.038941233486127866
0.8255406405991944,0.06497456131305708,0.04052114734102128,0.02953989387692673,0.03942375686980073
0.742815633303998,0.08832642672966165,0.05310773531860042,0.0642645609884288,0.05148564365931121
0.8989347472665692,0.046168017723318806,0.017996036215423828,0.021473586533457246,0.015427612261230988
0.8961053160550814,0.05098131860300107,0.015506372755915413,0.020912901396705243,0.016494091189297053
0.8935630418584711,0.049721118847955076,0.017597104993147348,0.02255738220643975,0.016561352093986733
0.9585861139700314,0.02155476507948192,0.00506250311340984,0.008348724162519708,0.006447893674557288
0.9078063649512921,0.034904245433112005,0.022883947115109392,0.018375426614782562,0.016030015885703637
0.9006732741327261,0.0485383856919679,0.01405288943647591,0.01729632876471326,0.019439121974116694
0.9408693014543184,0.024901967423171086,0.013307091154991544,0.011573743887479922,0.009347896080039057
0.8428847050884564,0.08540110129289832,0.026874943253056876,0.02545800619456696,0.019381244171021467
0.9374982731645252,0.022119475982343033,0.01307613123239578,0.016763896076128642,0.010542223544607342
0.8931251607614372,0.04482383853621963,0.018122294622311207,0.020038653330295555,0.02389005274973643
0.938998897689563,0.027353690349716634,0.009233177586468617,0.014504654799978058,0.009909579574273934
0.8602779604554475,0.04983181208556287,0.04014119797102655,0.028397792166504877,0.021351237321458306
0.9278266794473465,0.03747559417938445,0.013273099874692376,0.013693705702358656,0.007730920796217862
0.8290885228568101,0.07443252740845697,0.034375649453917634,0.036561183884402014,0.025542116396413465
0.8333464607269812,0.08223497035838248,0.028269872984181193,0.03370248290118794,0.02244621302926726
0.827073748521203,0.09749784938501746,0.028836279564561116,0.027132602100117868,0.01945952042910084
0.8687475898275423,0.09317411668638904,0.010712116004225869,0.016570705855658688,0.01079547162618402
0.9133284580467004,0.05772295462907645,0.008211635475442262,0.01210405840861379,0.008632893440166945
0.843252404211007,0.1002521490092948,0.019802095308859156,0.018430302864210327,0.018263048606628824
0.898801302394124,0.05783552103093918,0.015727808114455455,0.014754336892633429,0.012881031567847792
0.9196215826068328,0.03455903625429944,0.019671181264589954,0.013653166911681903,0.012495032962595886
0.8312984602028851,0.06414411936681617,0.03855931547663139,0.03266362046540458,0.033334484488262525
0.8238927670615674,0.07831436863453335,0.024422470293710863,0.03854445033474889,0.03482594367543937
0.9053855244849279,0.04812666612497347,0.019691649254679488,0.014684619623403087,0.012111540512016355
0.8360968717114633,0.08944241630597231,0.029802462509634083,0.030307220621634285,0.014351028851296275
0.8304778602886868,0.08665953570412556,0.03664879089880542,0.026012802969234843,0.020201010139147647
0.8636196215716749,0.06086012982669807,0.025412047034515127,0.02802322173562442,0.022084979831487297
0.9585520891889953,0.021906537129567794,0.00773187510737401,0.006792639562547208,0.005016859011515664
0.9134318351872596,0.0511531552571737,0.01268121608182073,0.012122675975850724,0.010611117497895508
0.9701117372682967,0.009244489477526534,0.006011587910012679,0.008729038392856272,0.005903146951307657
0.836551292823564,0.07006632970517496,0.03175817543703764,0.039191296855275115,0.022432905178948557
0.7196492717587544,0.10538158697413555,0.06250139131886916,0.06106297858952066,0.05140477135872039
0.9339748684433363,0.027290654763397683,0.012746090933955349,0.015459720698836582,0.010528665160474005
0.8792438988598197,0.06803221592425182,0.016021935702910557,0.022274498752323204,0.014427450760694746
0.8756405471840651,0.08156936542489658,0.012213394571567419,0.015617225410618092,0.014959467408852877
0.8650937037226937,0.05461791661592999,0.027612851771351695,0.03095025356481614,0.021725274325208543
0.7690653583105083,0.14491807662681983,0.032724303615298024,0.033513585361094715,0.019778676086279024
0.8352393302035593,0.06239147698831828,0.028958941523935924,0.04217757146673198,0.03123267981745448
0.9151096218492063,0.025518580895301898,0.022308871111711245,0.02130057085210311,0.015762355291677712
0.9575523646379064,0.020750786557622317,0.006035203779892743,0.009063636768897617,0.006598008255680902
0.927201320561301,0.042551577392374376,0.011497526593918957,0.010584234838487885,0.008165340613917497
0.9202931326274177,0.04032225393777905,0.016900323097492582,0.012664573106888743,0.009819717230421842
0.7960697013198796,0.09344317236563246,0.03740761382909606,0.036802057585312346,0.03627745490007948
0.8733028178744864,0.05736813531064473,0.018743730253889434,0.025282546339445943,0.02530277022153363
0.7755158793174096,0.10669937782198209,0.04627009021641626,0.03946085206633721,0.032053800577854764
0.9159232029910115,0.027899977383382568,0.02376973804284485,0.02009159035427505,0.012315491228486146
0.8628025219600804,0.046773939916949614,0.029324177240745493,0.03375390181282818,0.027345459069396366
0.9071921567237383,0.04414389275642748,0.014292981889515265,0.020030560212319068,0.014340408418000095
0.836409337238758,0.05642275552745476,0.030838516613388246,0.04130328045378769,0.035026110166611335
0.7481730770658078,0.11070774723275068,0.0478101090086921,0.051290252315613835,0.042018814377135505
0.8395232522986605,0.05934529263171634,0.028240275109516388,0.036086411570184544,0.03680476838992204
0.9343183477628829,0.03779571517222843,0.009396884194790709,0.009845013310293303,0.00864403955980462
0.8408673753998004,0.07293855343892687,0.02740800108518796,0.03191938484197944,0.026866685234105576
0.9312941156183411,0.02889395594073848,0.010503684940929231,0.01782442347434296,0.011483820025648473
0.9005843620815817,0.03778188423683175,0.022859632212449476,0.023483393694736128,0.015290727774400905
0.9532716324414098,0.015492459161308947,0.007613459246343648,0.011544263184567565,0.012078185966369743
0.8968771678517604,0.040544642674043035,0.016893374834799628,0.02379473733742061,0.021890077301976264
0.9132761729080833,0.02451210462489416,0.018033593893525195,0.022472386375017365,0.02170574219848002
0.8541907752040223,0.048573744911996265,0.0246082731168346,0.036289856816650964,0.03633734995049573
0.9041476790471648,0.0401114162757126,0.017546212456154155,0.020100178661734643,0.018094513559233916
0.9038010088055118,0.0389002433917391,0.017239026679159237,0.01972184015519542,0.020337880968394582
0.8011817641223365,0.09766643042491534,0.03208208183350965,0.03839674009077773,0.03067298352846078
0.8611700937899083,0.05480262257987199,0.01700106362058206,0.03238746062160133,0.034638759388036636
0.8323207204514735,0.057245402818425176,0.027401646838592083,0.040109802853614526,0.04292242703789464
0.9712807828665896,0.008874392720310854,0.004530393211683023,0.006217355906685265,0.009097075294731194
0.8765629661996315,0.03586611012768892,0.028584104251776456,0.031303366876152976,0.027683452544750083
0.8490232812667213,0.06849573350241304,0.027182281549715498,0.023841359902340663,0.03145734377880928
0.7059803331830292,0.08274177363661196,0.05595197922549096,0.05953134743051789,0.09579456652434985
0.9173603279648957,0.04608990733128513,0.011174845529236335,0.012655862680724175,0.012719056493858528
0.8590289335906854,0.0778891003279614,0.020158001085997426,0.021267643940312796,0.021656321055043188
0.7024282008434646,0.20503940177404872,0.020567269608695954,0.04053520369757138,0.03142992407621909
0.6560536833732318,0.1708391592853169,0.05090535955304729,0.0635565042919132,0.05864529349649084
0.7960006019638263,0.06888680617025525,0.04040506907026558,0.0482881061168832,0.046419416678769476
0.8996966200811833,0.034390051924734454,0.0161704316832261,0.024554743461364218,0.025188152849491725
0.9143717296412267,0.03880931791183291,0.011443493675184489,0.017673544027387328,0.0177019147443684
0.9143370419690084,0.031219243981277775,0.014972924901854088,0.014619747048396681,0.024851042099463226
0.8027234741622215,0.09049774896395904,0.024970821967898377,0.04108438501864899,0.04072356988727172
0.8715660028771592,0.04867220865554336,0.023653006078997927,0.027156306367156068,0.028952476021143057
0.9097433016473438,0.0504134929281553,0.00974768049261125,0.011829146076204793,0.018266378855684835
0.6970462728835982,0.15019531047604953,0.049980154656116736,0.05190479494489349,0.05087346703934208
0.8313291619055354,0.11528560704227145,0.018426618603855305,0.018307714013265527,0.01665089843507225
0.832327977396299,0.07151267801143098,0.03561201239036388,0.02949222177941783,0.0310551104224882
0.7927462412396711,0.11004822926720283,0.020397366813376058,0.040119931963976556,0.03668823071577371
0.8879644245411942,0.027125762025805335,0.03308335733610247,0.026404639112668625,0.025421816984229382
0.7375151977503541,0.1522884588875269,0.048377299424199396,0.041147702277834784,0.020671341660084646
0.6212730052756888,0.2258896970837567,0.0627072685294198,0.04270105248592859,0.04742897662520611
0.7056845739450444,0.17458274853773786,0.028196037186260542,0.049970739831250284,0.04156590049970708
0.617828991919977,0.21155529984672386,0.051901117443484183,0.06813733044733505,0.0505772603424799
0.7371009607854063,0.11763009724109164,0.03342510548789884,0.059001244441698325,0.05284259204390492
0.8918224209628456,0.03805891335733133,0.029636372739572647,0.020856754103583765,0.019625538836666734
0.9040954026147551,0.04266995111410053,0.019007981545989625,0.02046143196868019,0.01376523275647466
0.8825599835134148,0.0628717933586028,0.017746700233657257,0.019217560726380457,0.017603962167944614
0.8980950262404638,0.044685029635998456,0.021438530973794254,0.018558323653478592,0.01722308949626482
0.8363979910789622,0.09749687145144195,0.022460735088121308,0.023581076906869183,0.020063325474605133
0.7794096328939355,0.13422647780460378,0.023889340656601005,0.030641157439236122,0.03183339120562373
0.7856962755560762,0.14044302899314007,0.021362395844663203,0.02678750389918751,0.025710795706932955
0.900862037442408,0.04550968074089949,0.01932600891180368,0.01675394762326995,0.01754832528161875
0.9393662679286164,0.02547199504472102,0.012254430087350297,0.01209651640007581,0.010810790539236313
0.9715762816753508,0.00833186128938558,0.006136289312446257,0.007157538719826551,0.006798029002990869
0.8654977508911779,0.0646080790323041,0.021949175407502183,0.023909924007582996,0.024035070661432976
0.7594875186547464,0.11365930666932256,0.04883902685950995,0.039381546844214285,0.038632600972207026
0.8544522487358482,0.07015429048423373,0.02286676331436771,0.026158369997097485,0.026368327468452864
0.7771078736120935,0.08978756009878194,0.0353153342532624,0.049755587397592234,0.04803364463826991
0.8791871862051279,0.05696913886648056,0.01824770193352428,0.024117131842816757,0.021478841152050586
0.9448798008283498,0.02146099524862346,0.012375441381141699,0.010400730015234111,0.01088303252665102
0.889819479673223,0.025400453985668547,0.027521489921352203,0.02691641086394407,0.030342165555812397
0.9288378324089837,0.02249932504439705,0.014198409878694586,0.018231454406335373,0.0162329782615894
0.793521993109992,0.08765426885122309,0.04165334531878058,0.039989621690804916,0.037180771029199366
0.7825686921641488,0.08230987061010532,0.037871729821493845,0.04830545463817408,0.04894425276607783
0.6999069215809188,0.12210282733638106,0.06111412298005865,0.05903974563824649,0.057836382464394986
0.889510368655652,0.0364717304345203,0.023430010449990487,0.022068581539740638,0.028519308920096492
0.9517326165808636,0.01943542754345028,0.007852946612929547,0.010463369532261813,0.010515639730494804
0.8598796920452944,0.04388980830235305,0.023464649406558565,0.02815177571682086,0.04461407452897333
0.8022428961926268,0.07864344215551247,0.019351076639169285,0.04851777954242634,0.051244805470264984
0.44096042550453207,0.2350213378296715,0.07478510121886649,0.1259578308501838,0.12327530459674631
0.7135930146248476,0.06741495165852797,0.07364062094679975,0.06885295522931593,0.07649845754050862
0.8115212294166384,0.0697581304426375,0.023548401271999635,0.04809045338673172,0.04708178548199264
0.734071853829547,0.09757957378463168,0.04687031511573921,0.06106306857671673,0.06041518869336536
0.8640379763834726,0.03962068195856483,0.02762307344731167,0.036447303971478454,0.03227096423917265
0.8481432027183686,0.05501635361510648,0.02427116688311436,0.029380767515117253,0.043188509268293096
0.9103851941105519,0.04324553672941171,0.011284385595689962,0.016172888050483437,0.018911995513862995
0.8116454829941142,0.09222967077618921,0.021277504022490998,0.034390865985492285,0.04045647622171353
0.8548185466795193,0.044590860544858744,0.02038092652134828,0.04090064631859136,0.03930901993568242
0.9396233733552297,0.01903045480860158,0.013106594485234399,0.011880459967375427,0.016359117383558937
0.8306939857749257,0.04280770160452058,0.03385790312413986,0.03846837710285097,0.05417203239356267
0.7867580122932176,0.10776772593059465,0.026333840850048154,0.03406900912484326,0.045071411801296174
0.9244125218628155,0.026588908019170184,0.011273693478950367,0.019897137533218742,0.017827739105845425
0.6523491644226987,0.18451156040856098,0.04390985910532927,0.05932972927180927,0.05989968679160185
0.7992681330183798,0.08178696675626354,0.027102397452190095,0.046348076659393986,0.04549442611377229
0.8723810687890344,0.06128693764190612,0.015039345909899183,0.02052253342961513,0.030770114229545068
0.9056568126344261,0.02838128463415366,0.012714562858804762,0.022813966738469468,0.03043337313414606
0.8869723406477187,0.04227098349857163,0.021108009435851487,0.020932762815365682,0.02871590360249261
0.7255474284631911,0.11649249578336647,0.04569701660402196,0.053786073210046303,0.058476985939374136
0.8287100742056959,0.07756351170949166,0.023948289475019126,0.030318952470707056,0.03945917213908612
0.7589016697690323,0.10805339477374995,0.034149513550298966,0.048744115687990724,0.050151306218928264
0.9551875797344159,0.018418800987587317,0.007271925734977583,0.01042124639159258,0.008700447151426668
0.9318178716710321,0.029409215530146252,0.010920423809959574,0.013168996624458638,0.014683492364403267
0.931744993764426,0.02201000887631761,0.012789463657034547,0.015343019816839856,0.01811251388538193
0.7134252992971631,0.11741619259502771,0.038577221738057645,0.06987041467524738,0.06071087169450414
0.8562965263093172,0.034949905088313964,0.025903126062038755,0.04815077117753205,0.03469967136279821
0.759722574000453,0.08568844028421599,0.045189781808868186,0.05135331608219635,0.05804588782426651
0.8292245962230202,0.087941167618771,0.02688797791934379,0.027735556641146894,0.028210701597718223
0.8527001845048822,0.06406577626220288,0.022777971522141952,0.030277686098237232,0.03017838161253568
0.9381252199219187,0.027491541869579247,0.009692793843240866,0.011427753310799905,0.013262691054461354
0.9051028057929774,0.04623285511497547,0.018440738160489533,0.014728301316709748,0.015495299614847769
0.7424628176346978,0.0514623263280289,0.06743657532240958,0.07055398041971099,0.06808430029515275
0.8539501141881005,0.0492500403163653,0.04580148378517439,0.02616480895982937,0.024833552750530813
0.6829595740166726,0.15927656598321935,0.0665978955161528,0.045336412594956674,0.04582955188899859
0.7678322993577583,0.13101171721686805,0.0341431048178157,0.03790958017378585,0.029103298433772122
0.8704868687910164,0.047669161343053705,0.022663003029209573,0.030658101096399718,0.028522865740320726
0.8505746709472465,0.04454707720535661,0.0359753301727853,0.03741241690279733,0.03149050477181421
0.7847179960281147,0.08530802206689396,0.037394279939177974,0.052987682286268156,0.039592019679545405
0.8315772200295872,0.08373387089612805,0.03408210866890296,0.024511952452514283,0.026094847952867473
0.8841113582683532,0.05068630580706801,0.0173821216497088,0.024321376396737666,0.02349883787813236
0.8396461204993241,0.07053643310699279,0.026169702113294023,0.04252673706806986,0.021121007212319493
0.9315767720906755,0.023731028364186293,0.01941047493011456,0.01486241432014697,0.010419310294876763
0.8555865908272848,0.05737253775078712,0.035134005454358914,0.0345848659328661,0.01732200003470292
0.9074481231516268,0.04031456851064243,0.01716763434262065,0.01928415366208965,0.01578552033302048
0.8601690174197465,0.05449206704518042,0.028027826392677743,0.038131949067928404,0.01917914007446697
0.8787684673414394,0.046710882961117986,0.02689488185788537,0.02867413965835185,0.018951628181205386
0.8742794141823085,0.048730161791804144,0.03468065960780912,0.025901158634361005,0.016408605783716952
0.9530463409776903,0.02376325050181557,0.00833155799421884,0.00971026927101669,0.005148581255258886
0.926135107553285,0.03498858975527537,0.015459015557879778,0.013531118274282848,0.009886168859277036
0.9206802774831613,0.0485066871068847,0.010216438545016667,0.011612935729850886,0.00898366113508655
0.9120744042609622,0.045019246424682954,0.015391182026264341,0.014956579351243858,0.012558587936846785
0.8355726564540662,0.08544573462847982,0.03156512004224497,0.026085971801757576,0.021330517073451224
0.7573780383037929,0.0975647267277652,0.05962365131628118,0.05067301924179749,0.034760564410363286
0.9078207967604355,0.035826080584545866,0.023723275476891223,0.01734672428703928,0.015283122891088208
0.8583624330012347,0.06518127888595572,0.024140813911345683,0.026269048822384764,0.02604642537907874
0.8918201710677075,0.056375885158292706,0.0137325926400114,0.022028366305132357,0.016042984828855755
0.9152182734692802,0.036498742445026204,0.015713838595602932,0.01647094340428006,0.016098202085810698
0.8624674187142706,0.05142931686450447,0.030242940014737756,0.02742361154832628,0.02843671285816081
0.8536198953060811,0.06862360797902299,0.03375539844304474,0.026923415738620317,0.017077682533230786
0.7632083202249226,0.12323102809081157,0.052655381188723246,0.03153999234435041,0.029365278151191956
0.9205505418399476,0.03441880542182682,0.01205358795044268,0.01890009446344304,0.0140769703243399
0.930178807568183,0.03487869614864886,0.007460909300944706,0.01545045797966012,0.012031129002563229
0.8161834893139828,0.0910155352554921,0.029335710118352586,0.036401034606346167,0.027064230705826496
0.874114623519532,0.04472659206732814,0.018909640509685566,0.03405895836562374,0.028190185537830564
0.8958396069708249,0.05477783428174572,0.016139131070885816,0.020647482294372438,0.012595945382171212
0.8907632275735757,0.037492432843408634,0.032380310966556344,0.021634849736132594,0.017729178880326556
0.8500962375849452,0.08800279905189906,0.024101375410854116,0.022324951729209296,0.015474636223092099
0.9067825387104049,0.04352161361880922,0.015164321868302882,0.02175346671665973,0.012778059085823381
0.7677202316603109,0.12383793789901985,0.026212234720413157,0.044906587623828424,0.03732300809642757
0.9135279026204579,0.03990275871119396,0.014247114060155486,0.01579870585793474,0.016523518750257718
0.9035890836166376,0.049375054753821083,0.011571550675606106,0.01943859462467212,0.016025716329263133
0.8627320673748818,0.08652975970731638,0.024622618547841712,0.014329246831274263,0.01178630753868586
0.820857573510414,0.12299997970738469,0.023355385163008113,0.01940322576046053,0.013383835858732806
0.9357358820095458,0.032653898232216504,0.010097655434907996,0.011195328202458067,0.010317236120871463
0.9013513602575388,0.04370590896033537,0.019272474289219448,0.019223033338993892,0.016447223153912317
0.9319136045649307,0.034525169747430716,0.013219359546208212,0.012708473966638857,0.00763339217479161
0.8866925745029245,0.05942793792482339,0.01336572207667468,0.026133722333844554,0.014380043161732732
0.9367887632093521,0.03681933713443479,0.006849804000148582,0.01062009709827509,0.008921998557789457
0.7686079473605392,0.10879389272837871,0.041273355880010396,0.05290246029062549,0.028422343740446263
0.8639777927899819,0.07619162890044087,0.023150348539973952,0.021575923293162207,0.015104306476441287
0.9226873821219073,0.04161880477089835,0.012283696942399806,0.013296774558952678,0.01011334160584186
0.9336233613282349,0.028330412868742143,0.017124127016166675,0.010237611036546026,0.010684487750310194
0.8804307446193285,0.05287152623695434,0.01567232680577818,0.0331881999025975,0.017837202435341357
0.8100243796724194,0.08655653496137149,0.0357368212947681,0.04066206552323492,0.027020198548205934
0.8819373579285844,0.04702560702383686,0.02749837706157463,0.025729305370395465,0.01780935261560869
0.8624557848509014,0.07139844739158879,0.02388737822825103,0.022414152903932356,0.019844236625326656
0.7702755033792333,0.15902129489374145,0.023462749646645208,0.024626185998739888,0.022614266081640334
0.9215159579951288,0.029027323864475693,0.016455411790074474,0.015448697332847731,0.01755260901747336
0.8370543783936448,0.07311937249890996,0.03246698492264207,0.03199604880626261,0.025363215378540537
0.816438426852311,0.10278375296611399,0.03419538994440641,0.02179946390163608,0.024782966335532428
0.7823122624933179,0.1446486422146609,0.026630015865278182,0.025829658101918753,0.02057942132482451
0.8446888398925191,0.09162237325781529,0.021603663870987912,0.02546269279974244,0.01662243017893526
0.833827848909188,0.0720390015447937,0.02973257914770187,0.03010677169296995,0.03429379870534643
0.877192779391721,0.0743407900524237,0.017194723198483183,0.014679581425061037,0.016592125932310905
0.9446381792388008,0.017890557795427583,0.01696674757855133,0.01062881859228653,0.009875696794933877
0.9238958648791833,0.039006214227629225,0.012873039915902435,0.01282131191488671,0.011403569062398235
0.9374753417681029,0.016660525073548663,0.018457421485290584,0.0159903199726128,0.011416391700444952
0.8708874514099866,0.053187492228216095,0.022595636629813627,0.031335487007279665,0.021993932724704228
0.7723221188993682,0.08126519881579063,0.05420563820726592,0.05949855774660048,0.032708486330974645
0.9328076328387014,0.03318890458954572,0.010366388799136287,0.011573893753906462,0.012063180018710188
0.8782914715725432,0.043998274450311535,0.022173086041848724,0.02865710475133884,0.026880063183957647
0.9276022625309546,0.030653159314222304,0.01767516447361495,0.01372541811420646,0.010343995567001836
0.8473490201267847,0.046818179664628534,0.03287022965590416,0.04117821127457942,0.03178435927810321
0.8267603313553732,0.08820192498826777,0.0358404011257437,0.02639203532144455,0.022805307209170633
0.9437036370770162,0.02598307936746447,0.011276205248693673,0.011099365055534638,0.007937713251291029
0.8743201205949758,0.05262883683161663,0.02298251572170371,0.02927886087317741,0.02078966597852623
0.9157838256030634,0.02887330118627423,0.017616097293761093,0.020429837041811977,0.01729693887508922
0.932329068708875,0.023560355951382908,0.015836447605520942,0.014618189734926724,0.01365593799929442
0.843934303707779,0.05471652647994623,0.054278621247573,0.02883524969071742,0.018235298873984285
0.8708065256985397,0.07842814744421611,0.015312783276590386,0.01888874349076695,0.016563800089886994
0.8090905098683849,0.08126574799197983,0.041470502580932524,0.03745502647271776,0.030718213085984932
0.7849079212753122,0.12150029596846344,0.02966200201774866,0.03252329655512341,0.03140648418335218
0.9522782493794013,0.024927792746924627,0.007562162341091398,0.007804519843801406,0.007427275688781165
0.8832821474804112,0.06273428877019914,0.015879233326463432,0.018732718535441777,0.019371611887484562
0.8976803795046527,0.057168594682431316,0.013644685585558893,0.018316299264852218,0.013190040962504757
0.9356779382081266,0.03589707650163408,0.008216537707587806,0.009304473776793134,0.010903973805858436
0.9243577042804705,0.03899814428262878,0.012216029789519807,0.011720725816785635,0.01270739583059531
0.851453822862378,0.07008867576813253,0.021679452192014073,0.030292923470253405,0.026485125707222102
0.8752872234259096,0.05874526298274246,0.023668822047714182,0.0213365933574102,0.02096209818622387
0.7919404490831418,0.10236288456075114,0.037818454180349834,0.04016758366458368,0.02771062851117354
0.8817104861003184,0.04698859664145909,0.028796072797745473,0.02418743523424281,0.018317409226234115
0.8252915798863152,0.06899759730583085,0.04848075369699968,0.029920717137560743,0.027309351973293525
0.8327955206959055,0.0586851293852663,0.04597405148537698,0.032753853556731806,0.029791444876719458
0.9516104619784775,0.027855663191063963,0.00611202651012899,0.008503688236845353,0.005918160083484341
0.8844503557592535,0.04873046001771513,0.02399342468430889,0.02374756255080301,0.01907819698791964
0.7892036687601973,0.09471613061517403,0.045551139193503405,0.036507921356052346,0.03402114007507268
0.8765854699392371,0.04109590139601379,0.0360799697928496,0.022783032957250537,0.023455625914648844
0.8794973354377864,0.050458457159092994,0.020545150162291796,0.024914959589471247,0.024584097651357554
0.9136923901586372,0.03540800304993499,0.01575959440781208,0.02030168357060114,0.014838328813014553
0.8519851518156651,0.0656498418841733,0.025728432919527106,0.027933247547551294,0.028703325833083215
0.8743459291258877,0.04264204710795038,0.0351030280572646,0.025401680508103357,0.022507315200793857
0.7499262194134628,0.11785658810696713,0.048543098707438885,0.043774754783267686,0.039899338988863206
0.8950091503528355,0.05061061152916044,0.02136925780122072,0.016536224733515428,0.01647475558326812
0.8565424580197523,0.07653078294593627,0.02048077235121995,0.030411202261634174,0.016034784421457265
0.8949662589308441,0.04554726126811399,0.020414987279723115,0.024337549300454613,0.014733943220864057
0.8915865150244965,0.03338611834326175,0.03146582554346711,0.023641842002203303,0.01991969908657135
0.8909746914933879,0.06269677109287353,0.016835749002783985,0.014086028605554383,0.015406759805400209
0.8714362033058218,0.07070356480879142,0.016589535808710802,0.021065667887801984,0.020205028188874225
0.885347320464343,0.05956450387533202,0.01914431760959165,0.018863234464609437,0.01708062358612409
0.9413015385444213,0.03527496035397552,0.00866037155343377,0.0066664376057416095,0.008096691942427701
0.8720679160278364,0.049293881604637144,0.03347615457995865,0.02451724802133965,0.020644799766228072
0.8734766050150595,0.07057012873307207,0.019670627757550643,0.02024609842587763,0.01603654006844015
0.9285564447618686,0.03604804015621719,0.010159693818846691,0.014285650020623415,0.01095017124244417
0.9284706419886766,0.038595643949858136,0.010156997539522202,0.011085380737537053,0.01169133578440578
0.855550632016367,0.08991513238635554,0.0207209588675137,0.017095372858855977,0.01671790387090766
0.8748829390459169,0.07812395265753594,0.016293180083428883,0.015447186549201722,0.015252741663916663
0.8862763093658912,0.06419314713996178,0.015096080112641404,0.0185090848440609,0.015925378537444648
0.9235329716381144,0.03763758839102907,0.011995414178567818,0.014871372328033813,0.01196265346425506
0.8857058029857398,0.0802687474875716,0.011926635072831643,0.011255973335168524,0.010842841118688554
0.9112394582374908,0.04017867774035286,0.013945396508462897,0.020740235862710944,0.013896231650982594
0.883470725249887,0.05284177788464126,0.014561881436266102,0.024095690289090723,0.025029925140114994
0.9312682669345835,0.023468258536314276,0.015250182896033642,0.015393190335529881,0.014620101297538497
0.8707080913314345,0.06340408799539751,0.02177670024276109,0.023801195723929098,0.020309924706477897
0.8984150250843158,0.04012205211642232,0.016461002919347788,0.027095508610142396,0.017906411269771848
0.8125874499777382,0.09259203699343602,0.0344201161467372,0.03985351623350303,0.02054688064858556
0.900337690535432,0.040401295210317746,0.02273561627124068,0.022733056376271012,0.013792341606738453
0.9127282765791133,0.028167283480758396,0.016607731048894903,0.022979804740094863,0.019516904151138548
0.8771618387684016,0.05935581055768071,0.020835493159568095,0.02163884585897904,0.02100801165537043
0.8818907156296368,0.05520004133984412,0.03297972796439004,0.016904575617408286,0.013024939448721006
0.9372725786801839,0.041037390907089424,0.006757064908333846,0.006312923805008652,0.0086200416993843
0.9208584685301934,0.04524452794810783,0.010812552011127742,0.010492350983299922,0.012592100527271234
0.92530512969852,0.029776138270266383,0.012607077837808246,0.017366882235703394,0.01494477195770196
0.7781529208935966,0.12394568867161551,0.043215848745798216,0.027322980595897148,0.027362561093092343
0.8648317279633142,0.04461495310176114,0.03469940970499928,0.026672330713140197,0.029181578516785045
0.8304376721700046,0.07432346236394201,0.03030410889389569,0.03914339295310438,0.025791363619053244
0.8773683356467255,0.048604685850667385,0.029296506246600323,0.023419365506359147,0.021311106749647743
0.887159195607626,0.06176359699627045,0.017055868457609917,0.014304777705255583,0.019716561233238186
0.8579335617369614,0.07121890319969514,0.019982293961889937,0.02752994415504774,0.02333529694640587
0.9218434300081496,0.03832550128414034,0.009216417806191552,0.019653318611203657,0.01096133229031501
0.8856258020572401,0.053476138200153185,0.028164360127936505,0.01737162608003479,0.01536207353463515
0.9258240205767708,0.032653316107772674,0.013736712806962507,0.015401565199377607,0.012384385309116489
0.9172415821712914,0.035778811643597495,0.018891007963247372,0.015151801253810706,0.01293679696805311
0.9312915200574252,0.02499680861629375,0.016314904181269272,0.013662991072662018,0.013733776072349827
0.9398862121639623,0.02261035446898707,0.011574031077284145,0.014049659385384244,0.011879742904382288
0.8781033463768052,0.06404523308635296,0.018419613117500885,0.021322383792310988,0.018109423627030004
0.934432045095452,0.03226441098297377,0.01247049645769377,0.010705505901117601,0.01012754156276295
0.7966158720945757,0.11458591074311451,0.022537894027457726,0.03979139005182544,0.026468933083026384
0.931753271725566,0.032775741349863545,0.015048925999866182,0.01111603629891283,0.009306024625791241
0.8051734562747385,0.10309141320040302,0.03715198469707078,0.03021780430302421,0.024365341524763533
0.8993344625286307,0.043263391245967085,0.026531217654244522,0.01607941660231399,0.01479151196884385
0.8026762041448986,0.10896694206446317,0.027734394602590282,0.029913803858969107,0.030708655329078714
0.8915272521346929,0.049468575026996524,0.021082841219024477,0.01814213170271006,0.019779199916575976
0.8924858765025879,0.045073433847867585,0.028400557911844822,0.019375956701430372,0.014664175036269447
0.7815741267304154,0.12564328143429637,0.03622578209728455,0.02724657213682074,0.029310237601183037
0.9106994901867309,0.02486964741781928,0.023927439487914298,0.02291259837971632,0.017590824527818957
0.8621945706319942,0.06912207558838239,0.02313244958220908,0.026398704035196355,0.01915220016221792
0.8847649262723957,0.06410703889765232,0.02004886936935573,0.018279133563664944,0.012800031896931512
0.9439056587614962,0.02723536947040641,0.010228644002045388,0.008790370821484948,0.009839956944567012
0.8749877339916562,0.05368919998639229,0.02421249996705351,0.030195630923809048,0.01691493513108922
0.9224294371874907,0.033300355646129376,0.012386050400627404,0.0187017992183855,0.013182357547367032
0.9010034041371238,0.04665047522196557,0.011266679028298254,0.025680215322780284,0.015399226289832145
0.9320148574645655,0.030962046065525908,0.011667636267577493,0.01531719238889679,0.010038267813434231
0.9510940959654448,0.01894675957605876,0.008241385150614417,0.011581674608959092,0.010136084698923084
0.8480038155783959,0.07814650981616351,0.02182511332566156,0.027491770213097372,0.024532791066681586
0.7781784853985866,0.12377518705873787,0.030088898456362406,0.03549626798842978,0.032461161097883134
0.8051758130090289,0.06372447685056018,0.055452509295693335,0.04138203049983559,0.03426517034488206
0.9619781002890092,0.01703952809616274,0.005796278304056653,0.008552325070545866,0.006633768240225683
0.8775744928138731,0.049266987745436516,0.019038194095996545,0.030632658228840277,0.023487667115853945
0.9264132900865092,0.04042363539219866,0.012633288698322748,0.01140984912456517,0.009119936698404246
0.8159018530172999,0.10420258205827984,0.01711428483184058,0.031188312893352492,0.031592967199227204
0.9286370570805061,0.023776788696072755,0.016267776794090204,0.013177612602916985,0.018140764826413962
0.9146707495660117,0.0499739778771589,0.009423612873946642,0.01520928129805494,0.010722378384827745
0.93021030165339,0.02479430294547757,0.018073208325858407,0.012507242105673047,0.014414944969600817
0.8891254344437116,0.06145858134476725,0.010802106392032284,0.01743466127472109,0.021179216544767777
0.9419810173286856,0.026218752939062194,0.008398203383959446,0.011391312815329685,0.01201071353296312
0.8616658044587743,0.04648998517987027,0.03483192924296798,0.029049931008395553,0.027962350109991777
0.9369698780528191,0.032981857966281114,0.009838105858865506,0.01149330794742155,0.008716850174612682
0.9350527235207962,0.030272649378655293,0.012193021908823804,0.01084983535296792,0.011631769838756845
0.8230000340876971,0.09646734796793177,0.023846690927083542,0.031062299077104845,0.02562362794018256
0.8465830358138456,0.09274452078591469,0.015778368521279947,0.025871134538341476,0.019022940340618154
0.9019236617931015,0.047618930213142424,0.017136515447626316,0.021498162250849752,0.011822730295279896
0.8986557251185143,0.05438520115081489,0.017664376248222192,0.016174827835413727,0.01311986964703467
0.879723591686267,0.06152104475514361,0.0229553222683489,0.021061944161305947,0.014738097128934672
0.8771858183430723,0.054951180003402156,0.02281710523421669,0.02424882434804626,0.020797072071262638
0.8078979383870869,0.11172244197292375,0.025328542649493926,0.03553271571566707,0.019518361274828634
0.841034638086077,0.0911556250570633,0.024396428087927594,0.023890167800415384,0.01952314096851658
0.9305840807021403,0.02990853909817659,0.014276777371858736,0.013455188000955614,0.011775414826869019
0.8546031135199001,0.07922765728438484,0.029751879118516514,0.01814652091272773,0.018270829164470627
0.8887338836758195,0.06379164406771887,0.017832350823356557,0.014232867822897372,0.01540925361020761
0.9180751128753082,0.03956878119104262,0.01693420450272365,0.01323262772345567,0.01218927370746979
0.9090403883318652,0.05022616127385613,0.01967216819717739,0.010822292200630483,0.010238989996470925
0.8665775388030057,0.06325309636819947,0.017742854483513183,0.03182081103229446,0.020605699312987467
0.88552230832861,0.06037191994872905,0.01965659811564426,0.017542936982524893,0.016906236624491786
0.8384747805397513,0.0828218675504499,0.023851629309953246,0.025102680265632633,0.029749042334212866
0.6737093985807325,0.15715358764012044,0.04789286356402844,0.06535572173951276,0.05588842847560594
0.834495886280999,0.10251020679821858,0.02211512644089966,0.023654123515162342,0.01722465696472027
0.6712238094148107,0.14791494454569498,0.05036749186478157,0.08692861415284939,0.0435651400218635
0.8834143286713615,0.02807297697796162,0.035510615895039184,0.03169527817466037,0.021306800280977298
0.8881446558744059,0.037210676794538704,0.02561427099654624,0.025185378517460118,0.023845017817048956
0.8917283548568407,0.06847168082194456,0.018409139831177538,0.010835124027165006,0.010555700462872184
0.9301558811749114,0.02863256460484825,0.018674715053051624,0.012689277716682544,0.00984756145050607
0.870298890375218,0.070112575817797,0.02541687289449794,0.017831451194883052,0.01634020971760396
0.9051022388839852,0.03233843420552068,0.014547499863987057,0.02385428728640908,0.024157539760097917
0.8995139114831417,0.04535739038433555,0.014859466724880973,0.017054861212771263,0.02321437019487041
0.8460803897635203,0.06209857694777586,0.02688422558619977,0.029585186780952493,0.03535162092155163
0.8265577961024207,0.0534462617703367,0.039619593413575814,0.04416280171074159,0.03621354700292509
0.9217894180756927,0.03871584827073729,0.013253226248596399,0.01140403641781891,0.014837470987154792
0.915585485203794,0.04813011548852388,0.01340273453402613,0.01292345650877427,0.009958208264882046
0.8819747689047747,0.05529802256677145,0.01910178593604493,0.01763807502064483,0.025987347571764057
