Delta_Power,Theta_Power,Alpha_Power,Beta_Power,Gamma_Power
0.870616514867198,0.06560926470574369,0.025452949322021846,0.028510361347308968,0.009810909757727217
0.9219577613400546,0.049605305005864284,0.008714089020443643,0.014009292716435043,0.00571355191720253
0.9020944198600896,0.060828096824917445,0.014038098387486318,0.0170654201054196,0.005973964822087115
0.8997510339309303,0.06124612176269707,0.01390817778531254,0.018396256307924255,0.0066984102131360254
0.9038358316478109,0.04272027377080415,0.025389422625576863,0.020225465792363725,0.007829006163444476
0.8862494950135625,0.050615744995044946,0.03139394603166507,0.021347161450139127,0.010393652509588408
0.8820335709567605,0.05878878587284574,0.0238580652386739,0.02770769012689824,0.007611887804821639
0.8549245456535386,0.07988438055344851,0.029388560966665134,0.02643181607674166,0.009370696749606201
0.9450113664042807,0.030734104334605772,0.008210768182433216,0.012143413368506944,0.0039003477101733413
0.9104107344983341,0.05409968173361048,0.011216085983283532,0.018346604916179978,0.005926892868591859
0.8952644999684536,0.07026836956775433,0.014781342425912686,0.013624284571413433,0.006061503466465832
0.913977914731789,0.033063270692555886,0.019321748467467346,0.023712764213699975,0.009924301894487798
0.924227267256777,0.028721563752541618,0.006435388005583182,0.02446837630354863,0.016147404681549907
0.9158412493665601,0.03703002167903815,0.014468556175585115,0.020844733455548325,0.011815439323268298
0.8783199323161358,0.06391796457789271,0.024478950896295155,0.023529251147607597,0.009753901062068724
0.8389468665626199,0.08418803243499398,0.028521152766561655,0.035202449222738796,0.013141499013085619
0.8546443674399723,0.06863703633709885,0.027325370176333484,0.03671027587360002,0.012682950172995379
0.8992277540375642,0.053589460121152656,0.01740589415693127,0.021444481582972744,0.008332410101379103
0.9324124717291898,0.046990038334719895,0.008913974851976456,0.008399133097118856,0.003284381986994927
0.767754244539315,0.0807386559081175,0.06438130427809778,0.06817947392422485,0.01894632135024508
0.8516543718566839,0.0966696350260662,0.01414568681083941,0.027835504379974986,0.00969480192643524
0.9350529429713484,0.04265140135826564,0.008549687037692624,0.009190233775511054,0.004555734857182166
0.954705430454959,0.026908585745311627,0.0076320827873340635,0.008014689334577147,0.0027392116778181927
0.9597060843327744,0.01621807997726408,0.009005915728544039,0.011629656570189629,0.0034402633912278477
0.8442349445550925,0.07452195598755275,0.025376207754580157,0.04230194326675127,0.013564948436023414
0.8964591843773707,0.04467040721498222,0.021667545662343655,0.025303585858801228,0.011899276886502375
0.9290273483802259,0.03789931465355496,0.011857408633948383,0.016238253821449663,0.004977674510821032
0.8611855285443578,0.05632605576538245,0.02329718759640263,0.03608935066407226,0.02310187742978469
0.9020199583556429,0.05950919027819587,0.014937995760513694,0.014352495506395871,0.009180360099251614
0.9686520433045791,0.017858191500057886,0.003797710270089292,0.006398320675834922,0.0032937342494388524
0.9001566833955404,0.06811811593543132,0.011409270269882891,0.015046038172934038,0.0052698922262111305
0.8672455846963231,0.06104017176789251,0.03366488012988051,0.029215867959302394,0.008833495446601527
0.8605624455407849,0.08800452241284241,0.015444092995148418,0.023574402497431483,0.012414536553792786
0.9664062130615393,0.011119100474208806,0.007987798836879572,0.010911225075871778,0.003575662551500463
0.9008138244536892,0.03753869190964534,0.023192216462058792,0.031047729490174265,0.007407537684432286
0.9461962154808828,0.026960061890444236,0.013406780657852184,0.009890366673039268,0.003546575297781366
0.9444579801108401,0.017874914183428944,0.01594336185175834,0.014615123572305053,0.007108620281667553
0.8775006053855825,0.0677447978126336,0.02531646515601559,0.020153345872328,0.009284785773440331
0.9206842060858489,0.04049283291638743,0.015063606288683399,0.017236149497561647,0.006523205211518556
0.9502720989603541,0.02277275183312109,0.009661768655726634,0.01260826763656096,0.0046851129142372215
0.935158509313507,0.03649181601733048,0.008740113850981413,0.014907930751714073,0.004701630066467135
0.9229157828832159,0.031157626855066328,0.01825124603230194,0.020283760959426862,0.007391583269988956
0.8673455358505807,0.057134121881067014,0.0292520542287347,0.03427908035769249,0.011989207681925311
0.8565725301938222,0.06352600563988822,0.036512051115952855,0.032173753088657636,0.01121565996167895
0.9167546261489701,0.041785127167210105,0.017894055483152805,0.01699446092840026,0.006571730272266803
0.7761493281607286,0.13840975753189516,0.03489407509112704,0.03715292386575408,0.013393915350494981
0.8849198695264466,0.0530419197039979,0.02677802427230117,0.0256145657312969,0.009645620765957518
0.8001658163204687,0.07469369490272501,0.03322534463876076,0.05341932861025948,0.03849581552778592
0.9322681651252082,0.03337686849623417,0.01065078459955568,0.014339905336514093,0.009364276442487923
0.9033660823394416,0.04642198519923295,0.01818432699958818,0.025388652178014722,0.006638953283722444
0.9073249074606217,0.05295120138544329,0.014379295869257486,0.01877191455636836,0.006572680728309173
0.8835432982465735,0.059555626375478586,0.028955095210365555,0.02064598515562756,0.007299995011954943
0.9145160162385829,0.041514484235682506,0.02101943259265451,0.016382283511023773,0.006567783422056098
0.9245722224480009,0.04185006157247218,0.010762984759158855,0.01655410521353913,0.006260626006828975
0.8838711650740085,0.05482963983013094,0.022946379814611933,0.028672187902997203,0.009680627378251316
0.9148672966958429,0.03401180654197626,0.027437426603631274,0.017896499247375523,0.005786970911174037
0.8636316258271292,0.08578996823381492,0.020321044280656692,0.022634888249523793,0.007622473408875482
0.8533873438243982,0.06970488719609144,0.03141311115090274,0.0325344980222852,0.012960159806322197
0.8762604303509699,0.049508575124943485,0.02817968878320305,0.03348944305472515,0.012561862686158312
0.9282932123009306,0.031226017946430668,0.013701481038671595,0.02149469408032129,0.005284594633645799
0.9114002463095655,0.05483574531913716,0.011913474782334068,0.01626661070253716,0.0055839228864259976
0.9235283311272425,0.04216454737489928,0.007887837653217634,0.018433642590067724,0.007985641254572727
0.8236574042342486,0.08329016389387205,0.04123193113356692,0.03916017380839943,0.012660326929913144
0.8678308948413667,0.0654162455869162,0.024197959908036484,0.030893279547327405,0.011661620116353197
0.9130408482240694,0.03871792171200626,0.02309678552153845,0.017616265442875204,0.007528179099510689
0.9184952688078133,0.03265161265601184,0.018251751364577417,0.02256766950164501,0.00803369766995239
0.9217847052460135,0.0422708936795696,0.010266136919849704,0.017163027252489957,0.008515236902077195
0.9504400733731205,0.023342807919014483,0.006993879917209859,0.011416275840923907,0.007806962949731492
0.8269716699591864,0.10267269731995782,0.022760205306110004,0.030403942054654704,0.017191485360091123
0.9257073383885465,0.030317203372531507,0.019239778553265724,0.01830982152644792,0.0064258581592086155
0.8977148332894829,0.043378212328572495,0.023494724219238115,0.026976444431764023,0.008435785730942426
0.8466537638727452,0.07275067583278988,0.039098856750275184,0.031152618884454024,0.010344084659735872
0.912699075606618,0.03564896792555284,0.0169583477182956,0.025864322116262495,0.008829286633270978
0.9211934693439779,0.04093423032753928,0.010482628205558123,0.01952258561246968,0.007867086510455106
0.9387392935654344,0.04140176110863565,0.0062788161460439135,0.009521108529525694,0.004059020650360409
0.8845200934444806,0.06668323325984848,0.016240882823207327,0.024383895828785068,0.00817189464367831
0.8572117037446976,0.10126425211563218,0.016515898277045103,0.01791438574716972,0.007093760115455565
0.9161707233797557,0.04477763385368968,0.0151870043672477,0.016862665019440268,0.0070019733798669164
0.9417149625442417,0.035753863348815564,0.009000207941415803,0.009842485316805991,0.003688480848720988
0.8741037388351999,0.06251919404923295,0.026929886175568764,0.028026942971258666,0.008420237968739945
0.8263246520765595,0.09616452742577279,0.026654542294437356,0.036225370271632154,0.014630907931598068
0.9364678986447408,0.028830465847360234,0.010880915016871474,0.01636902919151383,0.007451691299513778
0.8572917756888389,0.0471191789658603,0.045792848554399454,0.03658828699315119,0.013207909797750307
0.7947912964902282,0.08840242922517286,0.02268740684069141,0.05286868855482028,0.04125017888908733
0.9370249826441125,0.033266694430539756,0.01142108165656836,0.013286260144421903,0.0050009811243574105
0.9610714180460206,0.02262402877297912,0.004881757916808855,0.007243878909887351,0.004178916354304001
0.8933956787896279,0.05531873543330676,0.01160349899817287,0.026041734246153615,0.01364035253273902
0.9125433971039527,0.04544611935171911,0.012421001132869973,0.020001103449636258,0.009588378961821789
0.9032806504465493,0.056868778495042,0.015933187680835327,0.01527782725710135,0.00863955612047178
0.926741499073672,0.03241305477446258,0.017381801881984356,0.01789126603042151,0.005572378239459583
0.9468434208982799,0.02535655744987276,0.010591880796361681,0.01184313647197384,0.00536500438351195
0.9434391947839542,0.0322790640806187,0.008646801695174226,0.011155296093490622,0.004479643346762071
0.9026069392061588,0.056967721582637645,0.011850883173183233,0.0208691769023146,0.007705279135705898
0.9733560847768944,0.010691514729003895,0.007384453890891432,0.0063010292676026446,0.002266917335607464
0.9303905024490476,0.03840388850080675,0.014294498506976502,0.012929867277357848,0.003981243265811322
0.8401105127939574,0.0828484744634412,0.025793920208261358,0.03731898823425974,0.013928104300080096
0.9056643152578755,0.03325969793081502,0.011570418775503143,0.026848779218533087,0.022656788817273343
0.9373358215949494,0.03159463885544347,0.011083201892368253,0.01307645842055566,0.006909879236683276
0.8258188836944375,0.10024585884510669,0.033374862624924076,0.03027621215698467,0.010284182678547058
0.9099887419407708,0.0517694951480984,0.016477936136372003,0.01646780368345503,0.005296023091303716
0.9286754937188011,0.03407782521424706,0.0184747043152278,0.014315804198529895,0.004456172553194308
0.9556077079531752,0.022776444533048123,0.01051180961778263,0.008516463770787085,0.002587574125206905
0.9523054034204619,0.02101079425281134,0.009968541572249988,0.012076382783597739,0.004638877970879047
0.8799691761639343,0.045448530787868424,0.01663396902087932,0.03521168105838335,0.02273664296893453
0.8303317094691431,0.08743692982848912,0.019895913368047673,0.039377693711285945,0.022957753623034104
0.9425832084767899,0.030794453173561356,0.006259085270490068,0.014164278996778341,0.006198974082380207
0.8388200410393005,0.11090422550099734,0.016500095505128667,0.02517183034904364,0.008603807605529961
0.960501939046696,0.015955498358268094,0.008142572649746447,0.011908379336722329,0.003491610608567212
0.9314547452706601,0.046604151728581455,0.009388196820433244,0.009119557660272205,0.003433348520053069
0.9091912091198294,0.057353125025854976,0.009141369693255751,0.01828897542482498,0.006025320736234823
0.9132770695471614,0.03443700262834299,0.025154267557443242,0.01984994875357198,0.007281711513480386
0.9624147587444684,0.0162816908971709,0.00602274631934407,0.011482174229070899,0.0037986298099458495
0.909317510785793,0.045268321453114255,0.021147778380496807,0.017867300915659745,0.006399088464936117
0.8667358334798214,0.07283641008038097,0.031104284443221806,0.021574730840826173,0.007748741155749717
0.937375730937178,0.03773361675804528,0.010112170214783113,0.010507143321558145,0.004271338768435414
0.8821284995614939,0.07694583491463337,0.018221983638716598,0.016080493658205044,0.006623188226950795
0.8184205660981002,0.07041560079974954,0.04671887374582837,0.04860516580864343,0.015839793547678335
0.9123138324020742,0.05209903626615896,0.011656577954905349,0.015841816110107664,0.008088737266753968
0.91689001308186,0.035812169916580046,0.02148630056687458,0.01981354143262471,0.005997975002060719
0.9046846086212428,0.04618057586208818,0.02525306168063201,0.017515458177109436,0.006366295658927267
0.9157575307683815,0.03917207080903156,0.02280202577096646,0.017060030916968033,0.0052083417346524994
0.8600091795080976,0.09500093496807377,0.02256493265617338,0.016764803429427787,0.005660149438227061
0.8868862830808644,0.05009587319832451,0.03334368734112685,0.023694406645225832,0.005979749734458231
0.9172437759295203,0.04616341596082288,0.01627716324910803,0.015647846867273215,0.004667797993275701
0.7568626857673472,0.15361302988811446,0.04229783187240922,0.036269005222970746,0.010957447249158396
0.9071842078559936,0.04652701719049289,0.01398532788185793,0.025876982041032132,0.006426465030623411
0.8799407922304131,0.06338380750448679,0.022582557356884386,0.02731603278724337,0.006776810120972384
0.8098364111496937,0.12292124138213228,0.024411001325384835,0.033155806545242326,0.009675539597546905
0.9573125535873879,0.020619071626053073,0.008596988830955832,0.010283970643746667,0.003187415311856546
0.7479113083943614,0.09595984635613042,0.0684856465469566,0.06488151427428265,0.022761684428269046
0.7907366604282331,0.14237299480090035,0.029802553951719556,0.027936737071706737,0.009151053747440336
0.9317579140637915,0.03640239524718725,0.010970592611200454,0.016011397230576693,0.004857700847243956
0.9051165536284166,0.041533153702812846,0.02391306860888264,0.022633433674487627,0.0068037903854000804
0.9289773909770952,0.03853559378906577,0.011032577754695414,0.01743773375440784,0.004016703724735754
0.8622624658850517,0.08583178546054933,0.01707528405854717,0.025385690783251376,0.009444773812600508
0.9705405209997378,0.012511861509831187,0.008490478583403962,0.00671893989974413,0.0017381990072828782
0.946100444903888,0.02336249368763764,0.017085007822263406,0.010161380991958659,0.0032906725942523584
0.9136659767409672,0.04568869499641239,0.016733445468211414,0.01805609732745553,0.005855785466953448
0.921615133149257,0.02354721164779082,0.029178821610414896,0.018738854937778007,0.006919978654759175
0.9428970803122925,0.02853011919986443,0.01099719334080716,0.013119998820038956,0.004455608326997066
0.9296820224361504,0.038465957496990354,0.010772341968690775,0.014880014467832952,0.006199663630335522
0.839835131665366,0.11864911580049696,0.01100631766223016,0.022231370639040494,0.008278064232866564
0.9520899720304712,0.025334467126510562,0.008034579598751484,0.011411630755438018,0.00312935048882871
0.9240998358079425,0.05425149826318944,0.009556892674995838,0.00919398359843551,0.0028977896554369534
0.9556266175004329,0.025523300400598192,0.006404205427839823,0.009576003718526786,0.0028698729526020882
0.8971252791732159,0.04716917224843899,0.02178904606051633,0.021146945839511738,0.01276955667831694
0.7626464306824916,0.13736085693789515,0.04471035879351246,0.04019713111749273,0.015085222468608207
0.8454976254650655,0.09132380521155592,0.03433530111886553,0.02036335491193172,0.008479913292581128
0.9544450996187276,0.03025690125629582,0.005573718122256247,0.007263249291042791,0.0024610317116775435
0.885748517354038,0.04391718090177804,0.04000536168730918,0.022218796238773167,0.008110143818101429
0.8753199685503706,0.07479897614140439,0.02261674120739348,0.01941557965931771,0.00784873444151362
0.9328329370696447,0.03837679315541922,0.01212324794077887,0.012705056905527777,0.003961964928629329
0.9219949916295838,0.04560192651599323,0.015634729121839597,0.012718290871722824,0.00405006186086065
0.964420834808856,0.020547950704883994,0.00745714449942181,0.005835259946485618,0.0017388100403525658
0.8849409571171941,0.06847580780965276,0.019518217005116568,0.02057405176338531,0.006490966304651221
0.8405247061766533,0.09851933127378512,0.027306969120607434,0.025308939301101625,0.008340054127852561
0.90202241381203,0.03921440407849446,0.028722485026661883,0.022736440299467742,0.007304256783346326
0.9510911946463431,0.020971039331663662,0.012600774480016773,0.012180934236679172,0.0031560573052973784
0.8060953961736831,0.1347733453024256,0.02615677984332598,0.024528082533824127,0.008446396146741286
0.8066656511365353,0.1323015980784711,0.026318393637246022,0.02729936424562331,0.007414992902124118
0.9474373541652673,0.019059255062016674,0.00699074300423488,0.014552089496089602,0.011960558272391472
0.943079416488228,0.0388514227815952,0.006943315262175245,0.007881848758471761,0.0032439967095296415
0.8742214413572312,0.07243035521693825,0.021551507186152508,0.024861278214921456,0.006935418024756768
0.897219689397406,0.0624606382508495,0.019810892314854726,0.015609285993566665,0.004899494043323249
0.8881507760783615,0.05531519006762191,0.02766420245898314,0.022390014765955157,0.006479816629078453
0.872921144386662,0.07824199518945905,0.018387399651959287,0.02378558946256573,0.006663871309353996
0.9026363182054837,0.059599451070132266,0.020314540798011763,0.012874838861407148,0.004574851064965006
0.9108148146267022,0.05457808254144427,0.01869102209729015,0.012327925940394068,0.003588154794169299
0.8957783937478554,0.038489639083964536,0.029616515958242252,0.027784170112992352,0.008331281096945562
0.9030359061465211,0.05525702512220719,0.017709116263085335,0.01797598327636902,0.006021969191817435
0.9482989900140956,0.02004932364473635,0.016138642850131748,0.011665165940404015,0.0038478775506323513
0.8016325172116735,0.11680961414525842,0.032425194239862835,0.03438263449503498,0.014750039908170528
0.8781984093536535,0.07340878331294456,0.01720413826664661,0.02240487425117544,0.008783794815579855
0.9263655031253054,0.03814036399221647,0.011138656623885027,0.01807749335630423,0.006277982902289075
0.9477558512246277,0.02448219123147872,0.007861946001674948,0.015523083169474131,0.004376928372744621
0.8634607241611788,0.06065715550285472,0.022811402383296372,0.034188941306581386,0.01888177664608866
0.8792309251115836,0.059721078134861605,0.02580385864353666,0.026228410869664164,0.009015727240353804
0.9409693800191438,0.02419791803460596,0.015213813402835327,0.013833596851049495,0.005785291692365374
0.9447552524956118,0.02683982590543186,0.014365343209078556,0.010171106662254526,0.0038684717276231836
0.952860545634022,0.019707513032328015,0.013518225144150115,0.010959045352742943,0.0029546708367568864
0.9300073011113995,0.030083298277199147,0.020623293238714317,0.015505105619457851,0.0037810017532290646
0.9590909297003662,0.02060533615072736,0.009433203923357262,0.00787024997487037,0.0030002802506786876
0.8572150857476533,0.07728305305140881,0.031177634646862334,0.024994852163340405,0.009329374390735303
0.8587247862205449,0.07796357248815826,0.03180065714087408,0.023835436994963047,0.007675547155459729
0.8171919229316608,0.08918022229441809,0.044219587072503015,0.03626222580512067,0.013146041896297466
0.9238126109896744,0.039541059843115976,0.016600648317985696,0.015185217498026522,0.0048604633511974875
0.8703801091677237,0.07776858952194117,0.023416772394852407,0.02201519805121317,0.006419330864269398
0.6584104804104771,0.2582114634148453,0.0320335642967785,0.03715770308218023,0.014186788795718752
0.8836414999359717,0.05147174283101785,0.019292979200629848,0.029636398919230884,0.015957379113149688
0.8825614986203969,0.040942278027466535,0.03808624850937031,0.027999946316832603,0.01041002852593359
0.9004794291013308,0.057995669571249533,0.01808670810418308,0.017728472603788438,0.005709720619448093
0.9218846905056736,0.04103789267499833,0.017053953917811247,0.015223530881174245,0.004799932020342665
0.8910987999684963,0.0748717085982178,0.011796597585990904,0.015768936634978976,0.006463957212315993
0.9514687619632877,0.023387683337912704,0.010345633868500431,0.01084352577394845,0.003954395056350661
0.9526830294721451,0.028045200178356895,0.005568931962537408,0.009850813015220415,0.003852025371740308
0.8958904494904963,0.07285191520509543,0.01411326284359561,0.012877661794034727,0.004266710666777879
0.9173228401261729,0.04039344933475521,0.02376516346672007,0.01441873669365926,0.0040998103786926195
0.8690228054655417,0.07187831373350748,0.024747922312679773,0.02512885928427516,0.009222099203995927
0.8861060118560279,0.0689681015449376,0.01888044092882186,0.020572806397544233,0.00547263927266838
0.8613632734653948,0.08045102881453708,0.020827594740655028,0.028707856998469665,0.008650245980943256
0.877713949176724,0.07496101654204607,0.021918014403486296,0.019570631367460067,0.0058363885102834185
0.8340513412427553,0.06493305791654005,0.04172645244113547,0.04870545298892174,0.010583695410647258
0.9004622322664214,0.05380793025209894,0.018134289344340374,0.020654097799517636,0.00694145033762164
0.9628553452620008,0.01716203461628819,0.008531357956879542,0.008546551077964027,0.002904711086867262
0.931072344424826,0.03383599212585557,0.01638782141095353,0.014824681606555527,0.003879160431809514
0.9374799464000023,0.031858936391820115,0.01258568063155454,0.014143649693374113,0.003931786883248971
0.9093156349634449,0.05686188384275713,0.012434514971349633,0.016324524363138557,0.005063441859309698
0.8708722264767444,0.07478964922347739,0.025712651134507124,0.02157092251880684,0.007054550646464202
0.9424362660116071,0.029997441491490043,0.009838357512670053,0.013477875754072015,0.004250059230160731
0.9486233683784379,0.029164402495223212,0.006314875758056061,0.012597073051018556,0.0033002803172644843
0.8653780117162754,0.08672018993177781,0.01881377318927805,0.022587193451455517,0.006500831711213364
0.9057064601592915,0.05113925818923972,0.023259835022082412,0.014591749673436067,0.005302696955950143
0.9040607217698013,0.04993028347253848,0.024059938224007114,0.017201526310346504,0.004747530223306633
0.8439221405448002,0.09091761370435453,0.02794978620950576,0.02909882961010774,0.008111629931231771
0.8941755739061689,0.05271218591573018,0.018725492995536375,0.026381011989568486,0.00800573519299595
0.8507596542560425,0.09784885075436464,0.018658505631636683,0.025499549278997023,0.007233440078959115
0.8630076130559466,0.07768741705349039,0.02410876492093451,0.024434103620608882,0.01076210134901974
0.9214686597589283,0.052201347007600485,0.010619061197312806,0.010782815960452961,0.004928116075705457
0.9330906566892739,0.03409759218873867,0.017125746523386103,0.01124131640607836,0.0044446881925227595
0.9396580366331932,0.033981082864731095,0.0121564894616017,0.011305524618386614,0.0028988664220872557
0.8336754769442871,0.08490990870632328,0.03540166150516704,0.03537294125131256,0.010640011592909976
0.9131953162932076,0.03581434512157178,0.016170668792941968,0.027089654728468936,0.007730015063809775
0.9031526231696303,0.04710329249585757,0.02476019849132966,0.017772910995454708,0.007210974847727908
0.875783953799738,0.08069486405040205,0.019039296796159032,0.017974469900287518,0.006507415453413431
0.9032870018469576,0.0572608731198845,0.01932921045450199,0.01599038461564563,0.0041325299630101614
0.8740905697950617,0.06915827565627884,0.0220129181148714,0.026808054230390354,0.007930182203397845
0.8830530275986499,0.0652354848146061,0.022010577086087713,0.022748682718997867,0.0069522277816582755
0.9274960538846535,0.02717938216624475,0.024104392174861485,0.015867974201669625,0.005352197572570688
0.9337249299707152,0.03495055803920104,0.01483980824821742,0.012316152731700164,0.004168551010166159
0.9181795138585412,0.04826638919089351,0.012222078939254737,0.01630580269822997,0.005026215313080799
0.9104770358286021,0.04628614598571996,0.01862952530174863,0.018570541225067825,0.006036751658861535
0.8560586137322099,0.06577715170139221,0.037873730474605585,0.031337470135938426,0.008953033955853795
0.9279239944667583,0.03879826465978763,0.017321050028364888,0.01249843169520706,0.003458259149881941
0.8847549752008038,0.05484710029683649,0.03185175172744261,0.02067258396882415,0.00787358880609303
0.9166824806537782,0.051074260578890945,0.012974155114663946,0.014936378515976277,0.004332725136690709
0.9490126827958121,0.02710085697513096,0.010884646516767958,0.009822720625738171,0.0031790930865508407
0.936337145046173,0.025834875827977284,0.020838523150512798,0.011933176872199188,0.005056279103137533
0.9280034412420615,0.03702293818284221,0.01821944114205218,0.01219215903929687,0.004562020393747646
0.8742930113889427,0.08072083618446775,0.01861413634462591,0.019379868966653776,0.006992147115309995
0.9432052883190203,0.03334700591756387,0.007233172964664855,0.012780480962814604,0.003434051835936526
0.8554321316342273,0.09702088455841595,0.01668091315070791,0.02272138461960179,0.008144686037047018
0.7961566606493619,0.1282420956275311,0.028820668691693696,0.03695389445532281,0.00982668057609038
0.8697232055512328,0.08551174567060824,0.019982554558722932,0.018562366029300698,0.00622012819013531
0.9368244714338853,0.031186797448576824,0.009475329396042535,0.017808428087728975,0.004704973633766362
0.9374655215194986,0.03737868179495808,0.011824746952421026,0.010225560353180044,0.0031054893799422763
0.9088784940632911,0.03248607864578336,0.03317301438668702,0.018880990895100445,0.006581422009137831
0.9052643825824717,0.039444145883956255,0.022354996553591463,0.023903026674892934,0.009033448305087682
0.7826057717298983,0.11819200376322912,0.052294175273697334,0.03618965744408396,0.010718391789091258
0.9234180468127018,0.03558710935151446,0.015335403640260398,0.02028356188895618,0.0053758783065669105
0.8499040692330336,0.11240100062254442,0.015001545812121457,0.01752566869519245,0.005167715637108263
0.9029387529431772,0.05451559908171628,0.018375619806821113,0.017752169288522343,0.006417858879762996
0.8682330758829948,0.07212608312207029,0.025951137534038465,0.023107160055576285,0.010582543405320074
0.9106963272946865,0.05617382798714423,0.010576698515408458,0.01694777303462105,0.005605373168139715
0.8898252904287529,0.06754466104857144,0.016552012659948722,0.01981271827196907,0.006265317590758075
0.8190758175947896,0.10628804130504278,0.042559205697709594,0.023176388773809575,0.008900546628648472
0.8663441621498397,0.07775776709270615,0.01883475472151922,0.028607786095534906,0.008455529940399985
0.8906205793918047,0.07041719161060257,0.016013248540720722,0.01654966512782096,0.006399315329051141
0.9338248405964517,0.033889870397914613,0.01246615701494166,0.014451930843235098,0.005367201147457082
0.9570332911936915,0.023441855170343157,0.0075136680563116735,0.008861511523922418,0.003149674055731251
0.891959147499756,0.053395505823898265,0.022425690651359808,0.024394241623059743,0.007825414401926254
0.868359697054176,0.09028642853023493,0.017683845871274483,0.017659095097267593,0.006010933447047044
0.9510432344094094,0.024773689246863052,0.009768674886159895,0.010304010388185562,0.0041103910693821265
0.8914391695876616,0.05744174522658561,0.022431697243569068,0.022187959953071223,0.006499427989112411
0.8983850581901449,0.038275798139063504,0.02713174897836462,0.02892833027241898,0.007279064420007868
0.9247880639459691,0.046120596259105036,0.013089419719340223,0.012524382055950694,0.003477538019634996
0.8116164114537073,0.12677828550444267,0.027059281128078906,0.025696266619914136,0.00884975529385709
0.9486068422965124,0.025600281787335418,0.010840078428085377,0.011525954799942003,0.003426842688125213
0.9169802844301896,0.04554532471952527,0.0180674663389069,0.014905480195138853,0.004501444316239219
0.906319695489261,0.03987860219369751,0.020414267590968854,0.027341896339246836,0.00604553838682594
0.9056624943081449,0.05247117933089929,0.02259538630978232,0.014028394295998014,0.005242545755175291
0.9407760733020261,0.03012818141456601,0.009730102214831882,0.01577885738758711,0.0035867856809891074
0.883886015871261,0.06871881700755147,0.01798801141617746,0.02291123626624142,0.00649591943876864
0.8233802605474205,0.11924764818634785,0.022500488401558136,0.02704136898154715,0.007830233883126234
0.7757826242487575,0.11297607881093617,0.05463409659330693,0.042191763089010924,0.014415437257988313
0.956356772266217,0.0178474108791234,0.014882301303170687,0.00852713654535869,0.0023863790061299287
0.9054126686988858,0.05319315219267873,0.014604908303867292,0.02182834005855938,0.00496093074600887
0.8665427329843188,0.0959201522258276,0.013868702946100903,0.016641895362577257,0.0070265164811756315
0.865231725470037,0.07964998519963988,0.01943542066904131,0.02471185126106305,0.01097101740021867
0.9288622493834161,0.04541714289712917,0.01145046049660096,0.011119221974278967,0.003150925248574844
0.8497811175982725,0.09618974843495033,0.027349141501179834,0.020486836255803206,0.006193156209793964
0.8936628127920038,0.05674009252456545,0.019612574251874133,0.022928759638859653,0.007055760792696908
0.9227357254413564,0.03708190954032737,0.0169146538420277,0.018307769626974904,0.004959941549313484
0.9426041660178145,0.02866773829278142,0.010392659833518572,0.013909480456362679,0.004425955399523123
0.8940590455550836,0.06805216439877988,0.014516459735771231,0.01611149349463714,0.00726083681572808
0.9434408244955219,0.03682141142602896,0.008589724580408091,0.00830879751259689,0.0028392419854443357
0.9613668897445931,0.01735941290626207,0.007950030616711673,0.0103921842169797,0.0029314825154533315
0.8456841815720036,0.08328196415239769,0.0329646255456704,0.029181445140090894,0.008887783589837358
0.9302752777623271,0.03140643881620417,0.01497947009413503,0.018677639889476117,0.00466117343785735
0.949191255796148,0.031854949355226744,0.006804170417669477,0.009523930753792112,0.0026256936771633516
0.8438750719790654,0.0744749082311616,0.03019911595274166,0.04158405079352775,0.009866853043503532
0.8085314388332635,0.11547755738197672,0.035882951593612024,0.03216103135386748,0.007947020837280024
0.9110367934216648,0.03286506369776634,0.03299891527903835,0.017805913630639037,0.005293313970891434
0.9071346556810647,0.0489710927963288,0.022288936346092535,0.016050659299965336,0.0055546558765486465
0.8750602875169097,0.08804643214394176,0.014946683710647718,0.016165101727336435,0.005781494901164448
0.8330336439608989,0.09783002996134643,0.03721367436012114,0.02323682316412524,0.008685828553508416
0.9642607567223168,0.012910636297796214,0.012321638467857316,0.008127743926053605,0.002379224585976028
0.9159457051258418,0.04859754922635494,0.013037778458939466,0.016788299152562837,0.005630668036300954
0.9400427114765524,0.03238522945299354,0.009859737414525942,0.014589043382727306,0.0031232782732006957
0.9032989703369754,0.06008393145567873,0.016986724678989963,0.014680944732502796,0.0049494287958530845
0.8433237272413014,0.07937883431920502,0.02924663273149222,0.03671382889410351,0.011336976813897967
0.907964172572239,0.05580425043868897,0.012233236014717486,0.017836611310728227,0.006161729663626158
0.8039083365653931,0.12223258037911193,0.032527018320600745,0.030979733234171403,0.010352331500722864
0.9225201825336734,0.036892429995357835,0.0162966288651607,0.018251245821702934,0.006039512784104881
0.9350020948796917,0.042821787957692405,0.008000235924915505,0.010099709277754962,0.004076171959945674
0.9594827963966787,0.01755055995918744,0.009741491290875216,0.010656883633650985,0.00256826871960735
0.8625472851891833,0.08523092614209296,0.018991108444019588,0.02723682204130913,0.0059938581833947485
0.9762132115289619,0.014408742939899421,0.0032876981195925914,0.004663029546493863,0.0014273178650521915
0.7993856878880531,0.13239127686739924,0.029918456477864893,0.02949423896676076,0.008810339799921954
0.8396020225992962,0.09111575762820869,0.02987778101430748,0.029392892821254953,0.01001154593693282
0.9578981007970888,0.02394996300295645,0.006446094889727174,0.008648443755501981,0.0030573975547255397
0.9303976624833319,0.034168077454391536,0.012651751703375276,0.01782597364201883,0.00495653471688248
0.9098132561846629,0.0627753499755731,0.012302267801982835,0.011731816208852053,0.0033773098289291707
0.9025680781707542,0.05457313965682932,0.017666906998251186,0.020002144988958952,0.005189730185206425
0.8752856795522203,0.07911913564829758,0.021854915223954326,0.0179986399198844,0.00574162965564339
0.8981312177408163,0.05220337793780156,0.024188044329426794,0.018068219447557366,0.007409140544398286
0.9454917807625085,0.0320492961008157,0.009733573082171543,0.009552708864369564,0.0031726411901346085
0.8892448927723967,0.03356417278847815,0.04084476312636238,0.027306288289895175,0.009039883022867514
0.9355584300764098,0.02922565191915241,0.015896367584644223,0.014342005342492711,0.004977545077300907
0.9592455297771852,0.01824165325419906,0.011515728674857867,0.0073846401238096895,0.0036124481699480646
0.9130869630061614,0.04529470694062247,0.01660536294714864,0.01949340530893421,0.005519561797133354
0.8952107215483206,0.048610509308714196,0.026762611112000387,0.02366711140289296,0.0057490466280719806
0.8613684807011619,0.059312791150061904,0.036539240170309926,0.03186306724255324,0.010916420735913097
0.9211080984654842,0.03145023038887418,0.019955838293208863,0.022149684891479025,0.005336147960953588
0.9220825291927465,0.02658780151187165,0.0191781576658085,0.025615489336133966,0.006536022293439365
0.7484253161689566,0.12809852068102048,0.06210597134623579,0.04834509996534065,0.013025091838446766
0.8946247486455223,0.07356816830563487,0.013875927092357673,0.013610626468290428,0.004320529488194765
0.9512779631626905,0.017759491813646878,0.011599810202254006,0.015768834104571115,0.0035939007168373787
0.7961841685732183,0.1286019566095928,0.04014894832825523,0.025703724051020872,0.009361202437912724
0.9069899312304657,0.041767898177665214,0.022985075282492065,0.020920932094191956,0.00733616321518493
0.9721980730032528,0.012339037352584353,0.005746475455881831,0.007258700204558915,0.0024577139837222103
0.9140819331995903,0.044016436904994065,0.019730271653803807,0.016016755991084382,0.006154602250527433
0.9390472419309249,0.02969307360109554,0.011305985120395512,0.014237078554135182,0.005716620793449047
0.9141280140118062,0.033781819425643796,0.023330827558347804,0.022094252416748252,0.006665086587453925
0.8818249168568759,0.060336610171350676,0.014999652685156116,0.035243798096075696,0.007595022190541581
0.9650484354380814,0.015090136732219168,0.008734075172483686,0.008591511747692793,0.0025358409095230148
0.9345711918190976,0.031798012539916744,0.015402833577534573,0.013586872779347954,0.004641089284102978
0.9091658435316047,0.05688332741253492,0.013838050480639488,0.015072355129194581,0.00504042344602662
0.8466298434076888,0.11255055306523327,0.020014852769449365,0.015721910909206126,0.005082839848422596
0.8160970703815982,0.10610910824869729,0.029116405310217225,0.03805505097689714,0.010622365082590079
0.8344713092506604,0.09270510565023757,0.028082155160618346,0.03255354261282218,0.012187887325661367
0.8897062491091181,0.06493910688336567,0.026104588233198663,0.014026590316803766,0.00522346545751363
0.9197322699348515,0.04188569663884691,0.018890398107467957,0.014296622774316634,0.005195012544517031
0.9455230496812822,0.03375783068674159,0.008104461624947828,0.009719177724884205,0.0028954802821441958
0.9418267823299552,0.026478541162894914,0.01450019095939515,0.012932969132762318,0.004261516414992377
0.9293633530577174,0.03575721979064452,0.017633715561560723,0.012811543877177966,0.004434167712899296
0.9139706503440932,0.04125365396145359,0.024650424180106226,0.015688286715901178,0.004436984798445835
0.8272156695138299,0.0989774349604329,0.02828529539107913,0.03604651124044168,0.009475088894216431
0.7838468492701445,0.12805445301123689,0.03267345916124378,0.044146836998030535,0.011278401559344326
0.9134755593338104,0.055707718847719606,0.012106107048926062,0.01457775097213574,0.004132863797408145
0.9311955070743948,0.03623646834768677,0.015712123914585933,0.012291548591021358,0.004564352072311244
0.9199760445788253,0.0303884225585699,0.02084865649890998,0.022906655633791805,0.0058802207299028224
0.9078732800063385,0.049389544915495284,0.017920880664102353,0.01857201302635667,0.006244281387707229
0.9352227280237032,0.035757040498200075,0.01013994226104667,0.013468892725403848,0.005411396491646029
0.8084387647021093,0.12337286782392429,0.026254181314239143,0.030945692992777246,0.010988493166949815
0.9214636705534133,0.03950827649026353,0.013169872002066355,0.019094051006012743,0.006764129948244111
0.8403598757761229,0.08746210573214516,0.027811538788456606,0.03337597297925367,0.010990506724021616
0.8731442904143938,0.0468605950394826,0.03000877988221991,0.03906304285066433,0.01092329181323941
0.9249692844110379,0.03630394907788285,0.017714097262373413,0.015269915534932685,0.005742753713773217
0.8734296165690011,0.06870213902287584,0.019216565594959222,0.0271001955858681,0.011551483227295723
0.8761989157182051,0.07298780502973468,0.023112878176141192,0.018981839030008968,0.008718562045910105
0.7603251552019049,0.13020529604939463,0.054181433895950835,0.04271225933684233,0.012575855515907213
0.9234668622691338,0.042587749371593396,0.013444875170440284,0.014852507186665467,0.0056480060021669625
0.8838748212551759,0.06695143255934126,0.020700004856437894,0.020269333626640174,0.00820440770240489
0.9137910732593354,0.05139306443556205,0.01597100192679757,0.01395136327188278,0.004893497106421981
0.9236500511917564,0.03992034793123802,0.013986624457161279,0.016990072684741054,0.005452903735103331
0.8856627111906192,0.06441936690836864,0.01770390562245366,0.023442769389744902,0.008771246888813727
0.8990002989955428,0.059909817707924286,0.01956976487412074,0.016899508754127938,0.004620609668284206
0.8793090392576659,0.05347575445709432,0.032745609373988155,0.025898772186640554,0.008570824724611006
0.9263265093814331,0.032518820467267055,0.020674175547481535,0.014037629987193226,0.006442864616625039
0.9492167020782994,0.03552395144657358,0.006069883641097745,0.006696551739254646,0.002492911094774418
0.8917117825481468,0.05101902778041218,0.0283996147192273,0.021008008894159057,0.007861566058054662
0.847685711699336,0.0855903115152983,0.027603874620867684,0.027683754988222856,0.011436347176275131
0.9497838995972169,0.025697747206008686,0.011616348102057623,0.009613089558688748,0.003288915536028182
0.9160601163534484,0.03287231938654918,0.023259198882303177,0.021213540952659184,0.00659482442503985
0.9335408453421101,0.027609461962142173,0.015510782218225178,0.014480911301727083,0.00885799917579555
0.9308049095530342,0.028593994910216112,0.017030415090039348,0.016583838114693886,0.006986842332016395
0.9758606648316822,0.011626269448176272,0.005000913227152598,0.005518350789248656,0.00199380170374039
0.9276861913804776,0.045916918547889415,0.010698931953761617,0.0120320204685768,0.0036659376492944617
0.9493556903003461,0.030300334722187728,0.008136409972022978,0.00962130206086404,0.002586262944579024
0.9058382431441393,0.04616950848832884,0.0256155831820259,0.015593436489356178,0.00678322869614971
0.9093888037804796,0.04667082043433651,0.01493376104697159,0.021992992247962032,0.007013622490250065
0.926814870784133,0.047428957288463025,0.009196952116216822,0.011941538286347232,0.004617681524840025
0.8414972570765666,0.08460861885162695,0.03700255599735307,0.026367261539770984,0.01052430653468231
0.9504750505797108,0.024703484441357178,0.010155416684316205,0.010450555417681496,0.004215492876934489
0.8918257248504492,0.051585583253487055,0.02713560879632924,0.0201980003977962,0.009255082701938122
0.8168620353561199,0.1093365363699604,0.031541495410506284,0.031142727835111246,0.01111720502830209
0.8905377145613907,0.04340124024924704,0.028617289695344356,0.02816622014256683,0.009277535351450917
0.9230909908817663,0.04114921079420066,0.01608080570669072,0.013046963785823242,0.006632028831519303
0.9274982135973467,0.04374878823594382,0.013877795278745485,0.009942731557779614,0.004932471330184524
0.9271548897434446,0.03900550322671589,0.015375693859436634,0.013005632568292288,0.005458280602110619
0.9296921519352492,0.03288177709491896,0.012906134064036267,0.017370100362961646,0.007149836542833881
0.9207561942327064,0.030532235286045567,0.026876020080123946,0.013877465764695066,0.007958084636428891
0.8821808024011312,0.06305179712687814,0.033148593978517,0.01581773133637923,0.005801075157094375
