Delta_Power,Theta_Power,Alpha_Power,Beta_Power,Gamma_Power
0.927994127159944,0.048966198779317724,0.010516447946248682,0.009921037425302724,0.002602188689187156
0.9417151006541673,0.03201831017397235,0.010202083980771565,0.010959462968406997,0.005105042222681698
0.9649999843265519,0.017213362708635386,0.008627242714412708,0.007483720498096771,0.001675689752303337
0.9560291951003739,0.0253205254054227,0.006605618768497792,0.009453310906076094,0.0025913498196295324
0.8615696946214723,0.08992628163433006,0.022501231071902834,0.0191050627713878,0.006897729900907275
0.7769898297805433,0.11201529701117072,0.043895011015148346,0.0545568167676713,0.012543045425466345
0.9147581433671458,0.05089908533997079,0.013525055739215952,0.017426356634124493,0.003391358919543154
0.8542692096094945,0.09692614691543189,0.02524383579190524,0.016542181469052238,0.007018626214116059
0.8054887526154447,0.12866212255064519,0.037282586916951375,0.022111161154889016,0.006455376762069476
0.940779498672349,0.04241964799666653,0.008337401925831343,0.006236169716094143,0.0022272816890591446
0.930790093203605,0.04681867054479212,0.00832515743025646,0.010963519853062325,0.0031025589682841643
0.972047896823087,0.01699421331636709,0.004195531350017047,0.0055004349262543165,0.0012619235842746433
0.9720614293515456,0.014447396180663766,0.005869478607591974,0.0059256197472831625,0.0016960761129154638
0.8933756515707653,0.05506262396151215,0.020735897263304437,0.025476207428326153,0.005349619776091549
0.8284864570597096,0.10734013267336355,0.01994433640062782,0.03505559403213675,0.009173479834162048
0.912535792340116,0.060301015241486816,0.010804545595071382,0.011677619329588686,0.004681027493736752
0.7778131980438302,0.13399137508261122,0.043368699343910605,0.03547633315764249,0.009350394372005428
0.8864157015280135,0.0732861462419839,0.020481950263233715,0.015142157264113807,0.004674044702655171
0.8423719442605244,0.08770989542246801,0.03322110053651862,0.02782491341952147,0.008872146360967373
0.9236275295913715,0.04043264061426115,0.018188588366342965,0.014302575015681735,0.003448666412342532
0.9330989160163452,0.04145300419702872,0.011252410314499769,0.011313422567424418,0.0028822469047018206
0.8958133379671083,0.061699924601283165,0.025486063101830343,0.011474345940408782,0.005526328389369437
0.933309660377068,0.045623103175791435,0.010036595513710953,0.007633709573831011,0.003396931359598686
0.9094030254776678,0.05521287961571225,0.014890336981408884,0.014740961078986276,0.0057527968462248065
0.8689776418661955,0.07813243117569665,0.025049155222868623,0.021253167635265656,0.006587604099973354
0.9075989035098861,0.044390202379293406,0.025287229228195526,0.017487596881579543,0.0052360680010451795
0.9679009202368009,0.019307846471110272,0.005450914022457845,0.005311935944900425,0.0020283833247305328
0.927485619532127,0.032094741986786225,0.02183135719400291,0.01503820599175611,0.003550075295327641
0.9633030061931762,0.020194721587977575,0.008916172614620523,0.0055048395166124465,0.002081260087613115
0.9538833866687091,0.028945178631702772,0.00749936864147302,0.0075379928245405126,0.0021340732335744304
0.9732003331820847,0.013429492578900054,0.006694587186026193,0.005031202490119435,0.0016443845628696726
0.9112999890319946,0.04646502776250175,0.02309514482817001,0.014585313339418933,0.004554525037915007
0.9634368577367012,0.020221795430852573,0.007173916634332165,0.006894461699534702,0.0022729684985793954
0.7741697611752462,0.1654705892626352,0.0319700788921081,0.019315716209337974,0.009073854460672603
0.9191484616503472,0.05631512020220772,0.00998688460935837,0.01043785025949026,0.004111683278596586
0.9509342749453346,0.028856901285577958,0.008391047987521322,0.008820442663933899,0.0029973331176321176
0.9618207946384925,0.015382014727406225,0.010720615249863475,0.009134968086982548,0.0029416072972557523
0.9232224559896574,0.05839487624108553,0.008173032251486727,0.007143996201598212,0.003065639316172692
0.939753848381857,0.04259258681870147,0.008437228657225218,0.007550463775864532,0.001665872366351901
0.9615111669394204,0.026834599398748556,0.005030298653728913,0.005060611505995231,0.0015633235021069354
0.8636426128663123,0.08889295762128252,0.027070951806365866,0.014384720973876292,0.0060087567321631865
0.8699508720914753,0.09031489775900257,0.012017956130844963,0.021225749894642907,0.00649052412403465
0.8617606799154984,0.08557504940995851,0.024709859418060934,0.02213031366569806,0.005824097590784019
0.882110903024688,0.05346340434566159,0.03481390479347502,0.02318852060964901,0.00642326722652649
0.8589237972254403,0.09375904351567045,0.022113936626042666,0.019855953323084336,0.005347269309762526
0.8643434645835514,0.08015557866696507,0.021030896963406532,0.025109743464169706,0.009360316321907388
0.9365115702600642,0.042128981181417294,0.009908914453381963,0.00825272499848691,0.0031978091066497496
0.953178021221946,0.028140358662278212,0.00690083560164899,0.008299346645300415,0.0034814378688261156
0.8783753382682161,0.07779914409948208,0.02454780403418214,0.014156580529489909,0.005121133068629616
0.9112422794389097,0.053357776858261215,0.015423982395075912,0.013715722713298491,0.006260238594454665
0.9202484452240141,0.03957646996434201,0.012406506844198615,0.016021633804485572,0.011746944162959828
0.9256950762052483,0.025743634038771952,0.009312933231750007,0.019200744019034374,0.020047612505195562
0.928353037366643,0.031908886845982885,0.02149489846261721,0.012908532254242187,0.0053346450705146434
0.9092191752724792,0.047445201508616704,0.01760132208713876,0.01896704052702866,0.006767260604736815
0.9383948595609581,0.03035289410348236,0.015185053500599807,0.011963330944492973,0.004103861890466534
0.8998742934622154,0.05697127908879607,0.024280895643799996,0.013735560626166711,0.005137971179021854
0.9201756100592733,0.05557506419313212,0.008091072839166371,0.012756060764578976,0.0034021921438490837
0.8122570472493313,0.09566207090896563,0.050649307897700446,0.03186668250743401,0.009564891436568936
0.857335754459728,0.08489278831517413,0.027510731533565577,0.020888817418472903,0.009371908273059379
0.8647931850400888,0.09674705216164406,0.020095191943168618,0.013536370177249905,0.004828200677848342
0.8835769823185948,0.07972991631937285,0.01359176197644965,0.01745212808430157,0.005649211301281216
0.9270613377559027,0.050937664864532696,0.01232224821978817,0.006616467095151156,0.0030622820646251875
0.7778931650902373,0.13179613678369156,0.04009454169092788,0.033326822824744626,0.016889333610398637
0.8827476164173238,0.07389820670651953,0.017404225055128737,0.01827748765730999,0.007672464163717999
0.6730003640196481,0.20809759036093525,0.05435242794922095,0.04566145522606816,0.018888162444127478
0.9193430377218715,0.03587265229190572,0.020840556862259076,0.018072227821635978,0.005871525302327773
0.8890903608601847,0.0599614463807727,0.029882047734189964,0.016247047900855648,0.0048190971239972505
0.9387345893330417,0.030361927457762058,0.01482171661204656,0.012463653113562893,0.003618113483586949
0.9405140736441964,0.03247695087762893,0.013512963069627194,0.009195442842281007,0.00430056956626659
0.8906263270227113,0.05669475199025247,0.02747023391191809,0.018296462180872143,0.006912224894246101
0.9494027791970735,0.02345368278248156,0.013559182315506535,0.00962034821287401,0.0039640074920645465
0.9460001951677606,0.030355555106059365,0.011417144228115421,0.00868454094167544,0.003542564556389206
0.89207129107354,0.06603421115477487,0.02078879808636411,0.01552229331443861,0.005583406370882469
0.8810190160438882,0.07323953153159761,0.02155628356940655,0.017042180174268257,0.007142988680839282
0.8268933557080886,0.10248000201014727,0.0351743353074606,0.027120396337418248,0.008331910636885402
0.9125320887768096,0.043798106382556615,0.023783958394774183,0.01370227817781589,0.0061835682680435895
0.9071384392901017,0.0634365247972439,0.01283108094126991,0.01150794880264145,0.005086006168743147
0.9054357911969312,0.05319954235128036,0.020183980099800873,0.015030521207953383,0.006150165144034188
0.9330270262128619,0.04279729707817208,0.01141119794837925,0.008911332511455714,0.0038531462491311333
0.9125515186154067,0.04564095219343505,0.020938860126732618,0.01661859340051709,0.004250075663908483
0.9539767678388086,0.02276872086493728,0.01120469842959271,0.009043776326363684,0.0030060365402978084
0.950652146907823,0.02809520344182358,0.008781994473256264,0.009118167212570813,0.003352487964526244
0.8877353808157185,0.06500456814146743,0.01420357497652027,0.02552851416013516,0.0075279619061587345
0.876899191624488,0.07156333432396972,0.026613770148793466,0.019735683828661477,0.005188020074087196
0.8959098481756728,0.058550233390327076,0.021456030570149102,0.017412436642885182,0.006671451220965726
0.7886091992401154,0.14133840270060669,0.036922012784398724,0.02384744692061579,0.009282938354263474
0.7473500364117704,0.16095634926041116,0.04740483694782298,0.030460554090708258,0.013828223289287324
0.9403926230462455,0.029630459080760594,0.0125588814437331,0.013851536272806914,0.003566500156453719
0.8967966991138248,0.05174620685053937,0.0228018818584608,0.02170384284960309,0.006951369327572129
0.9347418870281775,0.04519852167098058,0.009524384921565921,0.007701956873586098,0.0028332495056897313
0.7029262776402316,0.16995544814228536,0.05757177176720154,0.05081727386918953,0.018729228581091932
0.9342844426025038,0.04687567406729139,0.007811388772194548,0.007428198165557705,0.0036002963924528474
0.9275938010036808,0.03898829279999661,0.018864843840323314,0.009415003211250002,0.005138059144749307
0.8292417937003571,0.09799992164074302,0.034309052194051406,0.025029469551654384,0.013419762913194098
0.9165118370361447,0.038115166437079705,0.02203832094814736,0.017060600852471193,0.0062740747261569325
0.8994934552508956,0.03556694471588365,0.039140221208532416,0.01716361819861937,0.008635760626069102
0.8692929667531585,0.09070726357935358,0.017516590764744214,0.0163017932389431,0.006181385663800642
0.9005366370687387,0.04915652119454328,0.026235103601765522,0.017259123396043036,0.006812614738909438
0.9304718191092258,0.031747005085620686,0.023041716011557734,0.01010832852223829,0.00463113127135749
0.8810886032940355,0.0756676044798527,0.02219547342670239,0.016039459423854263,0.00500885937555515
0.9312023486685082,0.04328219643572794,0.010118462683715851,0.011055398252642422,0.004341593959405422
0.8583122752905388,0.09127096074066765,0.02555634495924165,0.017814138706362205,0.007046280303189794
0.9039342498402937,0.046212892703758696,0.020572330549114233,0.0205058795954927,0.00877464731134074
0.913584047327054,0.048660842147077644,0.015110220501897255,0.015418430757772205,0.007226459266198679
0.8079126349693118,0.14204487497662338,0.01529107325706958,0.02794774920195003,0.006803667595045311
0.9367461138759771,0.03986472099114696,0.010417647045612152,0.010291223664916506,0.0026802944223472945
0.9152097300815073,0.04097237222206345,0.026085706941218503,0.013252233347127794,0.004479957408082955
0.8921980474394171,0.0576697849203538,0.02514379870370804,0.019515264665044593,0.005473104271476719
0.9172202922634053,0.05131650123211847,0.014474761332418921,0.012891399917978068,0.004097045254078918
0.8891132647344385,0.06267017980840359,0.022168160957472403,0.0188938264627271,0.007154568036958443
0.9645225256488476,0.021757095167045833,0.006360947980166382,0.005244846754091114,0.002114584449849087
0.8342226159159176,0.03915615241429932,0.01015346899991619,0.03609215094018591,0.08037561172968123
0.9195163118010852,0.04131020337044622,0.0157858469684415,0.014901684757408284,0.008485953102618782
0.892222092899632,0.052709223286861805,0.022559527379892603,0.02537474818217183,0.007134408251441871
0.8607485111884898,0.06176748587047661,0.030739530397429334,0.03886376074032548,0.007880711803278801
0.9381325363361107,0.029241975471527706,0.01788952710543533,0.011452332773220828,0.003283628313705267
0.7791227453645231,0.14431802586644493,0.04758658468630757,0.02038722127960434,0.008585422803120064
0.909553515629304,0.05087562262995703,0.0181600721679366,0.0175506986939195,0.0038600908788829985
0.9410528438586209,0.03170111742928406,0.011402938874068132,0.013517231744550818,0.002325868093476381
0.9585283780743842,0.017941215884125995,0.013660567298005228,0.007334307958992992,0.0025355307844917383
0.9295603613917652,0.03769257172382399,0.01646907442326658,0.012221673361627284,0.0040563190995170015
0.9401387691886565,0.03683321444673728,0.010810971262384032,0.008508626958586472,0.0037084181436356552
0.954100520454508,0.028959029857183113,0.008023151893592184,0.007060160934244557,0.0018571368604721084
0.9318225066737802,0.04042139636770775,0.013359001173717534,0.011563872230453234,0.002833223554341269
0.9141732818728864,0.03588511461903468,0.025271852759620884,0.019283476327069855,0.005386274421388329
0.9141310202071251,0.05180290063550401,0.018237048166769916,0.013509634125054628,0.0023193968655462753
0.9642276853520327,0.020117472103332153,0.006477720592630762,0.006714617663815998,0.0024625042881884253
0.863205339685686,0.09198063678007312,0.021104885025158913,0.019319989653984477,0.004389148855097448
0.8731624222345146,0.07544338946881303,0.029050972146365397,0.01652905784422655,0.005814158306080217
0.9464431074686895,0.030728343156777502,0.012594136468924646,0.007988668377734768,0.0022457445278735106
0.8623443375718178,0.07944173356897617,0.026127468665671973,0.026125774980137826,0.005960685213396259
0.9081361110332119,0.05741840340820379,0.020933905055690434,0.009582192569340798,0.003929387933553175
0.8943321005585645,0.06482141306687345,0.01680379232233012,0.017713299690518002,0.006329394361713941
0.8987463602895303,0.046533012229506655,0.02816508278273446,0.01892305530195094,0.007632489396277857
0.870084882895245,0.09433167191538235,0.012789115087177234,0.01633159390941612,0.0064627361927795035
0.7859544012090794,0.12102577944379746,0.05551376037711728,0.027306247241611504,0.010199811728394459
0.8958142286128971,0.07151534400562623,0.016770397372958296,0.011726170939481152,0.0041738590690374635
0.9612712573597615,0.02860270170499786,0.003137941744317843,0.00563443272202558,0.0013536664688972018
0.9226802456758604,0.03325196777709586,0.02482120393288257,0.015160277461989257,0.004086305152171997
0.9117092312020627,0.04881005742271883,0.01900471494140635,0.013819104738291987,0.006656891695520245
0.8507001783976651,0.10315843732000811,0.018105005472935178,0.021511598888858625,0.00652477992053295
0.9515083691653596,0.017847005415467004,0.016204076343546592,0.011540202740563749,0.0029003463350627985
0.9742233333043513,0.014465427643622004,0.0036563335170211163,0.005458285884009246,0.002196619650996368
0.874460028129205,0.025485189948446094,0.014681334042609977,0.040969558264010365,0.04440388961572852
0.8844497236968285,0.07521685939855896,0.018199960053026702,0.01756633633490998,0.00456712051667565
0.9452936629136244,0.026861318311157435,0.012671280104387056,0.01141037625926722,0.003763362411563889
0.9468629538755448,0.03562504658222005,0.0076929380601561525,0.0073304277430465605,0.0024886337390328216
0.8406838713096676,0.11166322973993699,0.025477843966375507,0.016621506306034997,0.005553548677985124
0.9488178877716212,0.030298831088531646,0.008663906965693077,0.009990719205839509,0.002228654968314368
0.8848563508806251,0.08191919255902284,0.015861838281938302,0.013123304662460228,0.004239313615953319
0.8660448839198576,0.08795588410989019,0.01814159158989762,0.02256561697701912,0.005292023403335557
0.9551564253721332,0.026907596299650158,0.008078113932119687,0.007677500334945732,0.0021803640611511746
0.9041833749070756,0.05520865635052813,0.018741269297768624,0.01626359435123036,0.005603105093397262
0.9259048375842671,0.03957460499316861,0.017195831606036965,0.014053652638364573,0.003271073178162693
0.8230416602473918,0.10115980644981688,0.0477262835149768,0.02170597065596449,0.006366279131850043
0.8958119210641559,0.06457038538653086,0.022154994927059937,0.012572392770845825,0.004890305851407389
0.8657947832622961,0.08932566240349127,0.017286168539856345,0.021470393907202234,0.006122991887154113
0.9514086394953919,0.0316428242278078,0.0104159029452831,0.005219012695637508,0.001313620635879528
0.8597225231469849,0.10116740544914973,0.014507959495831342,0.018998161129785286,0.005603950778248954
0.8805769307837368,0.07353928981301325,0.016137735128612458,0.023499934642073776,0.006246109632563685
0.9524349728454382,0.02577532277326001,0.010168214726038302,0.008591421658030738,0.0030300679972329304
0.90696661272457,0.04400871107960387,0.029104891278833596,0.015283420836333406,0.0046363640806592835
0.8649715870253551,0.04121334816437282,0.016292291187823053,0.033510208376713826,0.04401256524573519
0.8880242095684853,0.03143809284228541,0.00662031587456562,0.028001085903672215,0.04591629581099138
0.9219804080256152,0.04624529320541313,0.01356871306349014,0.013563099746214351,0.0046424859592672256
0.8641725658979638,0.06960389257624322,0.032936053027857085,0.02554537742490377,0.007742111073031915
0.9145116496484542,0.051803748989000635,0.013954099917030309,0.015151563892094686,0.0045789375534201655
0.9053298051473837,0.052613086286884575,0.019735942516309505,0.017459086543713535,0.0048620795057083
0.9052857354809756,0.05513689166201215,0.013542067045522434,0.01884126392586118,0.0071940418856287
0.9234455648690659,0.04348358504511827,0.015890858088948842,0.012765134713123164,0.004414857283743994
0.9375255004076232,0.03257684765525382,0.011779839236845011,0.014285892238483228,0.003831920461794779
0.9585578209814672,0.02218129110582835,0.008623440384303797,0.008458298896985739,0.0021791486314147453
0.9285180508339236,0.040684244901203946,0.013916530501286986,0.014303890775461498,0.002577282988124268
0.9567929853916722,0.02525304204633139,0.009969559211721627,0.006559489971590005,0.0014249233786846499
0.8610279430059299,0.0710171623314391,0.035316352772647774,0.022638359095110173,0.010000182794873146
0.8479967751160071,0.0888515871421313,0.02460002330262833,0.029628747562597525,0.008922866876635708
0.7287012447955413,0.1801765444398805,0.04173868155243278,0.03667062560853616,0.012712903603609412
0.7280726801656203,0.22291353096426797,0.018098968049030342,0.024829511549034084,0.006085309272047249
0.8592847916997011,0.09033754134450861,0.023048122377957066,0.021364216240670537,0.005965328337162974
0.8398592453436655,0.10561241820712122,0.027187393139128935,0.020904783734197456,0.006436159575886838
0.9484119728309133,0.03242179840904326,0.009004989859679503,0.007754797617814728,0.00240644128254896
0.9766189187025701,0.011191474244026296,0.006574247267190044,0.0045649729698206175,0.0010503868163932565
0.8573470064492715,0.09693161938138942,0.019338952919932748,0.020565937768830936,0.0058164834805752765
0.7808067901684459,0.12680685954745347,0.0450521264301212,0.03790484395090577,0.009429379903073605
0.9155084354681741,0.0431871442963072,0.021839457719361882,0.015146740066733957,0.004318222449422976
0.8984730092265134,0.06002201246390969,0.0233537387717288,0.01454370562139627,0.003607533916451911
0.9071873833308374,0.05206591318606835,0.023908165449701597,0.012175237426467932,0.004663300606924743
0.8425672099284572,0.11110565270356863,0.02390420252496843,0.01649233510719724,0.0059305997358084835
0.8023702391918086,0.0953781115503423,0.05030874019935056,0.042837183471267186,0.009105725587231113
0.8988219127909548,0.055938213145355756,0.018982696872620063,0.02161847915220989,0.004638698038859288
0.8038086701876184,0.10366285507040747,0.034900753463614695,0.04475097966290195,0.012876741615457656
0.9357609998378503,0.0328548938914496,0.013386258425170513,0.01479384381660708,0.0032040040289225244
0.8970414154622924,0.06746352630988668,0.018402089637370972,0.014225958137231959,0.0028670104532178184
0.972307927897998,0.010305567091467922,0.006959426596679793,0.008173393377236928,0.0022536850366175853
0.9247263324467568,0.0412396192910264,0.016107731981721912,0.014616261050061153,0.0033100552304337915
0.9115342920594327,0.053078396781098706,0.018134276520355586,0.013841930723093473,0.0034111039160194265
0.9129464093794251,0.05352326638105045,0.0162867078753051,0.01387689819926905,0.0033667181649502933
0.9508228236905996,0.018829368871250654,0.01739525798260463,0.009802679272701311,0.0031498701828436655
0.9221130501881439,0.03291721544731443,0.025772045555972938,0.014724553068459238,0.004473135740109382
0.9296766892548417,0.03389505507845213,0.018788359892045307,0.013037790330991382,0.004602105443669535
0.8652940835482477,0.07285374729794901,0.026910248736129367,0.02547376781365735,0.009468152604016622
0.8968721916473295,0.06223967090658017,0.025405968058338894,0.011606090320791622,0.0038760790669599794
0.9467101701867308,0.024682974944387665,0.013476244604573034,0.011771091131758296,0.003359519132549843
0.8706376243682676,0.08756786346013269,0.020939980499860407,0.014962661471814877,0.005891870199924111
0.9438316828606178,0.02741562096027236,0.01792566064724745,0.008061509207577472,0.0027655263242853524
0.9382381504689046,0.021912120571565386,0.015480112310684864,0.019220268658611202,0.005149347990234123
0.9003712113276678,0.03608744023594566,0.014637970615701337,0.025106006947070283,0.02379737087361483
0.845858623932167,0.06310361640385735,0.02530433850474687,0.03564009752809575,0.03009332363113311
0.9166501621815711,0.0471664310888534,0.01557121250400767,0.015905512782090566,0.0047066814434770675
0.9154202979549673,0.03200309110161766,0.03067379031568243,0.017077359976169004,0.0048254606515636435
0.9149460416294839,0.052271338835070104,0.012400895107621018,0.016360175875186848,0.004021548552638152
0.9088544273110026,0.05646135729184842,0.01692806465591859,0.015167569293325666,0.0025885814479048082
0.906194988921995,0.05778483686247893,0.018922594755779773,0.01356985674758482,0.003527722712161563
0.8977936138082793,0.07001487396557524,0.013176956366167739,0.014835662793136382,0.004178893066841405
0.9553636071095915,0.02395144218730306,0.009022528885432349,0.009525032558566503,0.0021373892591064377
0.8867801953739428,0.07302544960169105,0.01841103533757268,0.017287451180113194,0.004495868506680382
0.9055567717873311,0.05444687791081795,0.020604547697379388,0.014914995508292419,0.0044768070961793945
0.9144607930513348,0.04642214999802009,0.019446910065569603,0.015593757978760609,0.004076388906314764
0.8780879564662339,0.07353894189784521,0.021604418783283542,0.02060916530952429,0.006159517543112878
0.9640743990912227,0.02154479578127569,0.008172080984563746,0.0045227317532944,0.00168599238964352
0.912161350922147,0.05030855455463559,0.019289037317592704,0.013619928075139127,0.004621129130484994
0.9129015407075766,0.053168240461806744,0.019753298104157026,0.010470220652712959,0.0037067000737465803
0.9449909323849752,0.037724700565757344,0.007506412815860391,0.007174889118639667,0.0026030651147676003
0.9286191846549243,0.04435429984461796,0.009087555549466796,0.013981136265509602,0.003957823685481228
0.9025251639441785,0.07040554423398512,0.008927660994533597,0.01441503994952018,0.0037265908777826926
0.9555437631236162,0.020323148294306398,0.014868180636044217,0.007524925450711485,0.0017399824953217807
0.9053130825132293,0.04513705350715082,0.022616933317313778,0.02187705732509472,0.005055873337211592
0.9462322083316539,0.027957416911587398,0.011836761678111993,0.01085042709421083,0.003123185984435854
0.8511969718957559,0.09455058255702534,0.020718244793093914,0.025582462216534724,0.007951738537590165
0.9064648282829996,0.05684968454836138,0.015218425875890288,0.01662199974209041,0.004845061550658719
0.9001832403731502,0.059225152964300885,0.015041155425864398,0.019674091173957724,0.0058763600627267775
0.9041070439516004,0.05344840669204871,0.01757421568480873,0.020053201899210407,0.00481713177233203
0.926077322425259,0.050577922461930755,0.010765198480880802,0.010319879461225555,0.0022596771707042622
0.9191273144288538,0.033445349267754415,0.02814120195302272,0.015318830138766946,0.0039673042116021625
0.9405980950546452,0.025444856431272242,0.019990450516021295,0.009900569441355495,0.0040660285567057
0.8691184740005814,0.08212738944063035,0.02742515256475243,0.01656310773674686,0.004765876257289029
0.8767643434302256,0.08048576326006851,0.021205975821549525,0.01720931571918421,0.004334601768972091
0.8803899465772944,0.062272931145839004,0.031500273432500864,0.020314117986384272,0.0055227308579816285
0.8277850536716285,0.12525209134961018,0.024536970419716975,0.017725998345950643,0.004699886213093543
0.8932703072884405,0.0659520980890923,0.023158458679346444,0.014341067998385797,0.0032780679447349066
0.9289589309014846,0.04630814272447135,0.014129907702863735,0.008313808498616328,0.002289210172564087
0.9495775163670243,0.028549847000521607,0.011322413610540543,0.008560117904252276,0.001990105117661482
0.9182252952321868,0.05651001089373096,0.014720913691055736,0.007479950015236408,0.0030638301677900696
0.9523620818813064,0.02366026990066582,0.013359434674808063,0.008417466956191928,0.0022007465870278443
0.9525809463357542,0.027220135331098225,0.01081828132927943,0.007347437341782032,0.0020331996620863045
0.9299178165516108,0.03849260173679661,0.01485515060286402,0.013749337618912097,0.0029850934898163614
0.9049085600727145,0.03921274282211916,0.032449344926447,0.017957545647834326,0.005471806530884927
0.8747317218286453,0.0807805083250452,0.01997667159229303,0.017567971589841812,0.006943126664174765
0.9307730373428428,0.03635923147760524,0.014303967929427404,0.014080436169732789,0.004483327080391717
0.7695506246555228,0.17964837821344956,0.018361926500592752,0.025807714665294867,0.006631355965140291
0.8539892490759554,0.07485882178395543,0.04843365562793005,0.018073160945343288,0.0046451125668159265
0.9396714872018627,0.03642853316358528,0.008887704085959918,0.011784773960983484,0.0032275015876087865
0.9344400078213356,0.04502717602587301,0.007303637661635218,0.010960327218714105,0.0022688512724416306
0.8971462919368632,0.05778748487312482,0.02519655336995241,0.0158973330583776,0.003972336761681977
0.8013930796993765,0.12575105475502799,0.040192107278669925,0.02688705877280341,0.0057766994941222186
0.9012573820819465,0.06304558064675968,0.02082345584026599,0.011824095972220047,0.0030494854588075685
0.9352964927443039,0.04711088555933027,0.008821745227933437,0.0066272075633680115,0.002143668905064409
0.9016563710305218,0.05207000254068915,0.0298923437135446,0.011669459573715539,0.004711823141528864
0.8908244429773574,0.05302218788909536,0.03184057605536967,0.018430679913360674,0.0058821131648171465
0.973890232843024,0.012684224360565457,0.0066712290015538255,0.004866244966612646,0.0018880688282439688
0.902109442827755,0.05339721613042483,0.019015214627997018,0.020909924867953577,0.004568201545869484
0.9134293554840001,0.044519969687771235,0.02105626012968966,0.01623940648344435,0.004755008215094894
0.8686088576590587,0.06291830239044804,0.03543836792492636,0.025907577701487217,0.007126894324079719
0.8967673864914489,0.04357220015945225,0.023637315768730665,0.028817733034792247,0.007205364545575683
0.9333354757012869,0.03861887027115881,0.01258685624304397,0.012245953425047883,0.003212844359462328
0.9013486718003464,0.06171316304357882,0.015425083697291501,0.015052077505030431,0.0064610039537528795
0.859115588449613,0.09551519704030774,0.02660597168985596,0.014616215476936917,0.004147027343286428
0.9337980353937627,0.03869920331981636,0.01551790183372755,0.009159270886686359,0.00282558856600715
0.9185134269870672,0.05472950164063411,0.014345783194923533,0.009766055543216643,0.00264523263415836
0.9341467644137792,0.03661830659785177,0.01779676844176751,0.008077602471283578,0.00336055807531805
0.8970831042875068,0.059856185966678466,0.019172220039827815,0.019613214316647,0.00427527538933965
0.8440153859601605,0.09655812200138597,0.025913917064744052,0.026049959256685053,0.007462615717024567
0.9389160641869384,0.03706154677621284,0.01225865554778991,0.009129852644358127,0.002633880844700777
0.9395871612374675,0.03071373751624693,0.016635238014290416,0.009772124663855521,0.003291738568139763
0.875732910520349,0.0715171234204997,0.025115568426205565,0.021990293756600846,0.005644103876345282
0.9457691897755963,0.03547115154195467,0.010413434162671405,0.006018635152702378,0.0023275893670751794
0.9193244050392912,0.035565708460258895,0.024406085058863436,0.015406369573162484,0.005297431868423886
0.9518952351754578,0.025547060950478213,0.013011131316420297,0.007224395201609608,0.0023221773560340524
0.946037832741396,0.02593350505333472,0.012215572656012854,0.01214432112940631,0.0036687684198503183
0.9351821995500781,0.0466284179966495,0.007371630520372663,0.007929475193757429,0.0028882767391426012
0.9373287110831876,0.032100918281200576,0.015058925078509722,0.011573634044826638,0.003937811512275394
0.9172280004359606,0.05816038460565065,0.01103075580616652,0.01002924371092391,0.0035516154412983483
0.9724432815384512,0.008571675462710987,0.010324227537593052,0.006820107999808176,0.0018407074614364945
0.9086337866203797,0.049370824502212786,0.019604856344798405,0.016965574167315055,0.0054249583652937585
0.929893872537402,0.04645939406645492,0.011637900443324153,0.009495588580716233,0.002513244372102867
0.9537875964082596,0.027617916359981377,0.009940349398221835,0.006845169137702172,0.0018089686958349352
0.9485571456853723,0.029594275159755785,0.011326931216992079,0.007988529053932904,0.0025331188839471082
0.9480518623825123,0.023050962834807145,0.011947161147975454,0.013338896748924526,0.003611116885780813
0.8001401472019201,0.126818560197832,0.03857823562867395,0.028294399374251576,0.006168657597322272
0.9267631490356988,0.04102538458699181,0.018712403645565704,0.01008294107930755,0.0034161216524360547
0.9093851667705115,0.046075469323838714,0.02430485087627027,0.014970547078869835,0.005263965950509864
0.9018846523856423,0.06951767520859732,0.013954769857125213,0.011170054199651721,0.0034728483489835423
0.9484255928606472,0.03196432783237352,0.007644400027844662,0.009389196997435614,0.002576482281698872
0.8779344157976651,0.09085115770457733,0.01398383193212583,0.013340418856726637,0.0038901757089050536
0.9479795430224547,0.023791844202476667,0.012068882993133563,0.013582467293943221,0.002577262487991981
0.9071259453560785,0.0567203613779547,0.01220218396998269,0.018968426768434802,0.004983082527549494
0.9221107518381221,0.0301942504267257,0.022551881015030497,0.020819570960608876,0.004323545759512961
0.8632210767102237,0.09065258497083088,0.029740808685806763,0.012357373875505001,0.00402815575763349
0.9394481445115254,0.031050561970295213,0.015158054790670634,0.011120471186222404,0.0032227675412863617
0.9534567648718743,0.028123759048956726,0.008116265099517557,0.0077443632814330424,0.002558847698218512
0.9023353592024536,0.06441833770896588,0.017798544214168124,0.01222009876391316,0.003227660110499195
0.9039066315945146,0.07266206353564116,0.008024191309913643,0.011159415948892854,0.0042476976110376
0.9481867780148127,0.02269899291386973,0.011132850899170732,0.014485279842535276,0.0034960983296115876
0.9066127313224795,0.07443044297575548,0.006778897320614207,0.010041270401766746,0.0021366579793840063
0.8735283834456412,0.08304223269843822,0.016628141924740717,0.021595555064632073,0.005205686866547926
0.9439187019495846,0.029975114960685712,0.014517042748928313,0.008986777240945645,0.002602363099855533
0.9483980084672171,0.036147798726608296,0.009457689365971191,0.004531346299160627,0.0014651571410428039
0.695147465570388,0.2213874905811962,0.03351503804166652,0.04018476042594008,0.009765245380809365
0.9286060510010024,0.03613453636832777,0.012566778313122626,0.016411728848600662,0.006280905468946793
0.8554012839128886,0.0933314593850335,0.021792502836286216,0.022949700757193804,0.006525053108598072
0.8738440492531969,0.06673007098803613,0.030683419552144885,0.02109064209578597,0.007651818110836224
0.8222744887993706,0.10996718494818684,0.03200750967659775,0.029313177906764316,0.006437638669080534
0.9115687116735903,0.0612374091108527,0.012486574327136042,0.011808328625858662,0.0028989762625620755
0.8420492238636726,0.09392963111912118,0.03534029556556134,0.02133832331028988,0.007342526141355047
0.9406710323820768,0.040222235646229426,0.007389097259912001,0.008792732699499853,0.002924902012282108
0.9420952635308105,0.03290972040372552,0.012187614793093125,0.009296813114378008,0.0035105881579928326
0.9300330971062869,0.04520650144376685,0.009690114071146984,0.01179720552362629,0.003273081855173206
0.9192853517151722,0.05454851476686216,0.01048672864648843,0.012834571002261081,0.002844833869216111
0.8991091919678584,0.06300629311629796,0.018815375350070846,0.015156837090280177,0.003912302475492681
0.9391684577527056,0.030466319765104832,0.013897146157983263,0.012621918814397816,0.0038461575098082184
0.8704675477343722,0.09112016449584631,0.02283234218349343,0.011980654747953604,0.0035992908383343917
0.8544205369969389,0.11182682173388647,0.016776175025957404,0.013332114805306303,0.0036443514379112174
0.8816280189979308,0.03928663404219455,0.02850991068073816,0.04244253525187146,0.008132901027265223
0.9067687961524991,0.05153448921584684,0.02084258897588382,0.016382491082011293,0.004471634573759008
0.7817316061013634,0.14849764635587653,0.02231425750902305,0.03596918299591056,0.011487307037826506
0.9029699607488688,0.05496615625317725,0.023279818610453515,0.013573656393051721,0.005210407994448846
0.831445659850243,0.13439584453882936,0.01830936412392131,0.01222762993235928,0.003621501554646892
0.9142296106104301,0.042386322892715086,0.02319440609951106,0.015376312836140545,0.004813347561203252
0.9389926073293016,0.0317137312950496,0.015175122385301963,0.010151209480738293,0.003967329509608619
0.9413488720935516,0.041692859612250624,0.007729680616162647,0.006653755464016409,0.0025748322140186552
0.9285825343416587,0.05628519384891374,0.007256803189627246,0.005943073703715485,0.0019323949160846867
0.9508594704441563,0.02862270449930247,0.00848395170049994,0.008661293686771944,0.0033725796692693007
0.917731291639626,0.03932702269502186,0.017818992143716746,0.01883798283638967,0.006284710685245769
0.9174458511208459,0.05227725629784275,0.014372173910527187,0.011746026172060118,0.004158692498724156
0.9587956981340172,0.02026280712536399,0.010446667581353774,0.008379556345995527,0.002115270813269397
0.9214775572063543,0.055830507324241344,0.012415155616150962,0.007578133357854123,0.0026986464953994323
0.8836438930293996,0.08033381459648445,0.017386486610658114,0.014035034752719206,0.004600771010738714
0.850662078434611,0.08926572229420822,0.016381068789169537,0.03442868351881456,0.009262446963196705
0.8874952935783715,0.07568143695705438,0.021171870930274533,0.011977327665737105,0.003674070868562217
0.9415547208048376,0.03441836481566618,0.009012285729264682,0.011621280574317439,0.003393348075914084
0.9185132662316468,0.05533746371457544,0.011997593659543336,0.010736141519900497,0.003415534874333976
0.8682235832130837,0.07661436746656777,0.023936449615934198,0.022600679347841986,0.008624920356572157
0.8260965814651011,0.12376752375359508,0.027394599558384438,0.017366509353495402,0.005374785869423965
0.9258593159708274,0.032670852604542625,0.01977382440415578,0.016599102427503586,0.00509690459297061
0.7780098534023769,0.14489854079359737,0.0336170290654891,0.033362636845482914,0.01011193989305351
0.9120104225436431,0.04465431462512399,0.018960820104932198,0.017627697396487937,0.006746745329812762
0.8486051337676583,0.0558303059553823,0.04657931520845038,0.03897432875747607,0.010010916311033022
0.9640787795279009,0.015881618005407903,0.009721542732587081,0.008058208403986192,0.002259851330117979
0.8990576334772169,0.05045107733658282,0.023168709090251743,0.022125910405739663,0.005196669690209027
0.8915447916324691,0.06487676859742278,0.020321788603776772,0.01768115908612208,0.005575492080209069
0.8967842679664437,0.056899696090126364,0.024800784026808333,0.017090176050778828,0.00442507586584273
0.9055740048564087,0.05806539992348673,0.02017644727079336,0.01141185450767066,0.004772293441640669
0.8623853632042479,0.06606786837062044,0.04641382043910496,0.017881709266967666,0.007251238719058793
0.8913089157185556,0.05653642098775802,0.02986672936705131,0.016613995834342008,0.005673938092292898
0.829077788075297,0.10381791118610971,0.038306656249704654,0.022971391248692213,0.005826253240196631
0.9491993039155421,0.028774179138309455,0.010469279149667284,0.008859269359308893,0.0026979684371723567
0.9472265630481047,0.03351433463257628,0.008781214727804295,0.008068478480204628,0.002409409111310023
0.9454511157120249,0.040569601406761864,0.005170559040374595,0.006994373138063933,0.0018143507027746932
0.9023212353484162,0.06848863441604373,0.01575266243158784,0.009990245597182213,0.003447222206769902
0.9468590827381944,0.03049594626444248,0.011044190581233015,0.008470516691052043,0.0031302637250779663
0.9460492178803194,0.02373455290001599,0.015895930319792244,0.01064222704546968,0.003678071854402806
0.9486632235845333,0.03165922709394302,0.00901597393087311,0.007815629644552187,0.002845945746098345
0.9232760373826109,0.04254746421004966,0.018307074732442148,0.01187137971416387,0.003998043960733497
0.8550302729883801,0.09406609557530528,0.02352190621749394,0.019310776440751454,0.008070948778069222
0.9214764707401498,0.03268594911627006,0.01759750378766837,0.02134923053603273,0.006890845819879044
0.8466915432961512,0.08515451183631953,0.024497947846751265,0.03185994761522792,0.011796049405549883
0.9176964720026668,0.03661383506737184,0.025925350250501248,0.014162428914122747,0.005601913765337315
0.7728046708595322,0.1271666967310153,0.061421680337476685,0.028238545669232576,0.010368406402743181
0.9518797218452509,0.03030012311614882,0.01026529659714734,0.005313436969672625,0.0022414214717803916
0.8930827129475527,0.07274494047683036,0.014947930410144781,0.014182695625637252,0.005041720539834928
0.8511583186131076,0.0860900206035669,0.03585561340409214,0.019335457421196342,0.007560589958036915
0.8868700624658686,0.06017990073052245,0.028133206535615973,0.017252382308111006,0.007564447959881895
0.9348249281065952,0.044118699894390524,0.012337626899896186,0.006517881130550646,0.0022008639685674493
0.8497682593138041,0.07167135878000332,0.037745652183907866,0.02946375099910337,0.011350978723181332
0.8960418656721459,0.05314840683166476,0.011298127637029969,0.019737054964533256,0.019774544894626052
0.9061316241103486,0.054130707513413305,0.016654480969205205,0.01648233935877473,0.0066008480482581166
0.9255665366167422,0.03258481646854345,0.019938468223118812,0.01772398475954565,0.004186193932049982
0.7912106629876352,0.13404641640378875,0.037554987156841524,0.02608804099779116,0.0110998924539436
0.9251266593931337,0.04355034211174515,0.012459612972916537,0.013757161963883765,0.005106223558320909
0.9282852115322887,0.039509144823819516,0.01392632556679184,0.01380543938938815,0.004473878687711576
0.9707704485030914,0.013477263200372342,0.005981878922912596,0.007688965460322524,0.0020814439133010434
0.9434179461676416,0.020589046267458666,0.018437173902539152,0.012232549476315881,0.005323284186044932
0.8998423978691276,0.05783636794489271,0.02271258199027002,0.015564442276182939,0.0040442099195267
0.8861594184981524,0.057849686408225624,0.02765580896164323,0.02194168268642457,0.0063934034455540014
0.8578893326820483,0.08511777164923444,0.029724331000846985,0.01955338316315231,0.00771518150471807
0.8986711938335495,0.06880128775416985,0.017529364197464266,0.010157379736172497,0.004840774478643563
0.8354189894402874,0.12322486014188468,0.017936764584665404,0.01746596277874557,0.005953423054416838
0.9523443441244682,0.025555410157382757,0.008369334289173212,0.011134857983828995,0.0025960534451466336
0.8278859567907833,0.08825125864424617,0.053662723703763945,0.022038748465648354,0.00816131239555829
0.9664664963013518,0.02080898292264044,0.006038808502234729,0.0048972750614500885,0.0017884372123228556
0.9562475857882478,0.023785068646524885,0.009492320287007475,0.007944511837883816,0.0025305134403361233
0.8581224460519363,0.08836326477748756,0.02347490863523843,0.023096029494560584,0.006943351040777236
