Delta_Power,Theta_Power,Alpha_Power,Beta_Power,Gamma_Power
0.9149484988450693,0.04714041233946312,0.018733019260605565,0.013136462907347565,0.006041606647514435
0.8800694323066017,0.07863581084814027,0.012615027706776668,0.018975504965107446,0.00970422417337394
0.9725900503878055,0.011540099616224316,0.0075139633748357105,0.005449767545811395,0.002906119075323203
0.8525325762757676,0.10081495179737412,0.020666798862131727,0.015463870875908581,0.010521802188818045
0.9293034592076049,0.040659770912339174,0.014564623687759952,0.010059530843457423,0.005412615348838385
0.8860895408672234,0.07092456131545759,0.021164144231138122,0.014750672339377843,0.00707108124680302
0.8996080492093811,0.052904669470630855,0.024035007606342612,0.01585569239101101,0.007596581322634403
0.9475610727624392,0.02713517976297645,0.009294753622764374,0.010954825224721134,0.005054168627098756
0.8711297746406522,0.07534743391062172,0.024769606963234877,0.01867644398453069,0.010076740500960397
0.86828993204734,0.06855413800534936,0.020892605485862106,0.027454167706864045,0.014809156754584604
0.8844537248983979,0.08523040075071656,0.012867614565715968,0.012300518860202864,0.005147740924966761
0.9030733393482886,0.05877910244269968,0.018385164959149467,0.013240685477948804,0.0065217077719132936
0.9338459796803736,0.037716949823462055,0.011733062730515999,0.01082577823527928,0.005878229530369112
0.9088117672174496,0.043577448015108204,0.01996329517646887,0.017039195159331402,0.010608294431641793
0.9227486765671391,0.03288727040342217,0.017042520249358567,0.018082726637997086,0.009238806142082855
0.9249080928981936,0.04044407044695627,0.014321608360949064,0.012976659388248157,0.007349568905652713
0.9000270925068755,0.045578139088307906,0.02825619135357172,0.01562866535490953,0.010509911696335306
0.9389508108039721,0.026449623814659772,0.011680347301738638,0.014711719853841803,0.008207498225787717
0.9581260446240595,0.020301364329473506,0.00719785321483401,0.009660097134694363,0.004714640696938615
0.9354572998444476,0.03302875710090512,0.01471216537661732,0.010704173227734414,0.006097604450295504
0.9130767053297734,0.041465874581543515,0.012542402590107462,0.02288438090820073,0.010030636590374809
0.816155555922559,0.10974045607444319,0.024723331667420995,0.031497273226499485,0.017883383109077472
0.9437902566511717,0.024139154395202318,0.012527750105885811,0.011851765920213794,0.007691072927526636
0.9520465860878092,0.02645757528876104,0.008781674129225548,0.0081709268609194,0.00454323763328488
0.9142991637646246,0.05057648360012653,0.01536195042392864,0.01252057357107416,0.007241828640246089
0.9111919884886948,0.031484405645125946,0.024533934902011344,0.020714568354438884,0.012075102609728956
0.9430601102333975,0.023993811115498743,0.009795002181330883,0.015567242243898743,0.0075838342258740185
0.9387986795378185,0.023215595750058958,0.017823968145234462,0.011851358525883158,0.008310398041005139
0.9222259703774542,0.03841976905594002,0.010424566769338258,0.018802036144982087,0.010127657652285314
0.8741222021736126,0.05761886906160493,0.022623862178016638,0.02759775882242026,0.018037307764345364
0.8300976939308883,0.10828868549969671,0.015357850880240512,0.028543776676509442,0.01771199301266499
0.8363144523178577,0.07521601856544172,0.027302754319089764,0.04128662099760481,0.019880153800005986
0.9060623726985213,0.045658338283461906,0.015587975310851925,0.020505156723502796,0.01218615698366211
0.9688137681013121,0.022563132985563446,0.0034915934961061083,0.0034123049695965473,0.001719200447421811
0.9395160412402915,0.03455152720091292,0.012383855918660636,0.008308687039885042,0.005239888600250052
0.9107939721717332,0.05537765462140545,0.011309987957955993,0.01399328132247843,0.008525103926426972
0.9189108565449386,0.05340608873083891,0.010337845973250456,0.01182060274663883,0.005524606004333263
0.8855126968582238,0.05058268758350718,0.03400005131534765,0.0200896508108855,0.009814913432036155
0.9047725666836515,0.05868243850851481,0.015420686401790942,0.01332601669341264,0.007798291712630192
0.9233313730563038,0.039795798952249974,0.01644722404111575,0.01284953621023257,0.00757606774009809
0.7075321178351167,0.15115891070377266,0.02811725647959809,0.060997123242521094,0.05219459173899152
0.7631154203820739,0.1275279323132301,0.042946973639177544,0.035741942658853415,0.030667731006664846
0.8931914048553755,0.045273254125408585,0.020036866934620153,0.030093056373501553,0.011405417711094391
0.9221252047853533,0.0428361029948308,0.012653139525277867,0.01434546200228079,0.00804009069225741
0.8741050740423683,0.06650513250177639,0.021579627871219514,0.02606854455855582,0.011741621026080161
0.9692917447371313,0.01712561847043907,0.005037938356435433,0.005301162045679051,0.0032435363903151435
0.9192366507595241,0.04351435861344074,0.013834692429315619,0.014270944123631703,0.009143354074087683
0.7850471880706875,0.1385082109083182,0.02848549591223036,0.03189411382722966,0.016064991281534047
0.8269812339064919,0.10134312924136693,0.023674966728248932,0.03629010352936336,0.011710566594528819
0.9440505567342192,0.03892656214634434,0.005354567997241475,0.008042896636572814,0.0036254164856220437
0.8722555808123654,0.0818330710763764,0.01861035161224752,0.01974198223253024,0.007559014266480611
0.9055798254631716,0.04499715417684325,0.017737609685061686,0.021574371630724887,0.010111039044198418
0.832098449642256,0.08398517987948823,0.02998099787204029,0.03561428094761753,0.018321091658598215
0.8785793719902663,0.08016250748721758,0.011896163840499826,0.020776264921918385,0.008585691760097998
0.7996305659562705,0.11860558194151334,0.029097718312300232,0.034560239911951694,0.018105893877964307
0.8677758719243918,0.06904617116304058,0.027667724166481923,0.023263088151269776,0.012247144594816071
0.8608927969238017,0.061193562880931085,0.040237603501644854,0.023727811741951044,0.01394822495167123
0.9459029655825035,0.02843969357709176,0.010520954340107245,0.010761789169671286,0.004374597330626216
0.8864869113748775,0.0670534471539019,0.014040420295901274,0.021551016504554973,0.010868204670764285
0.9210997524344976,0.0477673607099776,0.013978798267253914,0.010663694297461807,0.0064903942908090565
0.8095533291215095,0.08647826008347005,0.0525100777857971,0.033410022536574296,0.01804831047264893
0.9251354215015546,0.02720936572889663,0.014716673552313484,0.02248188495597103,0.010456654261264355
0.8800911655140535,0.06600755367087802,0.01609400595464135,0.024511847622735356,0.01329542723769164
0.9086451241408591,0.055047776748208245,0.008715395110491776,0.01807986377670365,0.00951184022373704
0.9435402235286504,0.023743055328874156,0.011638663942952846,0.014506781621159828,0.0065712755783628295
0.9517865641165145,0.02371990714884246,0.011729295258279572,0.008770651732896219,0.003993581743467135
0.8469024254002815,0.08717895676149931,0.03467608922441929,0.01866190254476425,0.012580626069035502
0.8730731374453193,0.0753893294805686,0.018837874472832826,0.02293637545631317,0.009763283144966148
0.8759718673271769,0.052401475926673505,0.03147794451901011,0.02551007266043209,0.014638639566707105
0.8385413425875469,0.07160240683837296,0.037582851672704455,0.03629573240977613,0.01597766649159948
0.9493035320173822,0.016195515897009734,0.012674044652321165,0.014690840226195698,0.007136067207091178
0.8126297421579267,0.0985433534022675,0.030220338298983643,0.03741219368004132,0.021194372460781093
0.8356949685590921,0.08056665814622754,0.023758758829755092,0.03621981189985801,0.023759802565067094
0.8798056140261983,0.059184977876048615,0.024180966847532688,0.02422389045871246,0.012604550791508224
0.9319489579066033,0.023639390576312154,0.020154952670182115,0.014609771987000534,0.009646926859901924
0.9289223713216326,0.03905023578978617,0.014693205689251306,0.011264424097106672,0.0060697631022235575
0.9581622668958867,0.019231879484530614,0.00621901348507015,0.011397417027955988,0.004989423106556707
0.9272487989409481,0.032987800818503735,0.015208169495635413,0.015497301118485367,0.009057929626427293
0.859377598996922,0.0659591985768454,0.026686484382552878,0.03129149339049462,0.01668522465318524
0.8671361041554689,0.07464043058954398,0.023501736919873884,0.019803765008128516,0.01491796332698465
0.9705286729801532,0.014065872940176354,0.006428596814631436,0.005355702457332011,0.0036211548077072116
0.9085550208298498,0.044669077502111736,0.022194187725004668,0.016002624961226723,0.008579088981806999
0.8589030716608689,0.0679587610089068,0.029145649479263736,0.029108594382560773,0.014883923468399823
0.9504704698850536,0.02379249294446233,0.01102799577742721,0.009684050329287857,0.005024991063768758
0.892757471246696,0.053958810233512615,0.026946566789134374,0.018523578674072495,0.007813573056584608
0.9567847495557972,0.028083949692082368,0.006540919991094994,0.0061812772760850634,0.0024091034849403627
0.838761768747081,0.0930005589992727,0.02768245150049267,0.02808466219932681,0.012470558553826866
0.9359111122823759,0.03345247483739849,0.013093685979332605,0.012067939433963329,0.005474787466929715
0.9207214590565674,0.04456577971134994,0.015382760297854,0.012741622340624032,0.00658837859360477
0.8847550798523802,0.0727328103577131,0.015575729499032638,0.019317345876864733,0.007619034414009
0.9001224917431143,0.04421724100052337,0.019582330084411553,0.025017736057751667,0.011060201114198878
0.8185370243742627,0.10528576122785939,0.03683420307443105,0.02906307297827765,0.010279938345169505
0.9066944464605672,0.05738395994955248,0.01752464555882764,0.013418881499807316,0.004978066531245458
0.8337201807324505,0.10453930120742652,0.031521395460503226,0.01971382992079305,0.010505292678826583
0.9204088002975157,0.04570540276089381,0.014271266011957297,0.013958891722455046,0.005655639207177943
0.944008587753358,0.024661959383076772,0.008130533206021985,0.017764203103174687,0.005434716554368502
0.8920625072176314,0.07406710623103326,0.014125334354958814,0.013260373595645327,0.006484678600731314
0.9649921514564382,0.011547039364002108,0.009395812584250424,0.009462987736944938,0.004602008858364341
0.9567904708005859,0.02083931808407563,0.00889841918001483,0.010070843279485564,0.003400948655838157
0.9533811135539959,0.03066646378494251,0.00474367813933362,0.008219636409152782,0.0029891081125750004
0.8870384504306994,0.06704713471063398,0.014908512942869741,0.022079228690369816,0.008926673225427183
0.8721879303593808,0.0773314179559188,0.017420419588277083,0.022404468590344947,0.010655763506078641
0.7312127291127374,0.17998934686649123,0.03831086789295715,0.029942805416559744,0.02054425071125448
0.8739441437290516,0.05995575477475457,0.03105040050656433,0.022677495926731715,0.012372205062897644
0.9377755625844543,0.036559992576902026,0.00776080810042216,0.011536955100547995,0.006366681637673736
0.9119785700748843,0.04364377163675814,0.022726887782950594,0.01570413438534172,0.005946636120065188
0.8992393662967344,0.05271674708505361,0.021554451141422803,0.019126160195264818,0.007363275281524513
0.8487191716255686,0.1008052525956639,0.02234391670996186,0.018586312487110814,0.009545346581694649
0.9547057697204191,0.021085726245951612,0.008968619292061645,0.009846434804370403,0.005393449937197342
0.8848635973330407,0.0764615573707069,0.015750269353252987,0.014537785840419896,0.008386790102579663
0.9467480278787196,0.03239360004626132,0.007716232016542751,0.009190156623980743,0.003951983434495571
0.8564350662110863,0.06791996819294947,0.03880244678371858,0.02639379892769315,0.010448719884552472
0.8730823206731078,0.0644319320837804,0.02189399398539979,0.027496479293105093,0.013095273964607228
0.9114750856678179,0.041501636496318384,0.01858212152189358,0.018894482441258208,0.00954667387271214
0.9297245759306157,0.03339700980571255,0.013886859823298323,0.015131488465696834,0.007860065974676454
0.9246358208287734,0.042677924088653896,0.014421528361018248,0.011526083885470878,0.006738642836083443
0.866968523598737,0.04679337257504052,0.039777107904277804,0.03172363875474051,0.014737357167204146
0.8129409652234738,0.1132809026390796,0.03171498750206212,0.02749545306335618,0.014567691572028299
0.9220711102238921,0.04483226958090247,0.015103269595276374,0.011240039980746212,0.006753310619182933
0.8867086035480014,0.04670522477519343,0.03216233080220563,0.02142525389975674,0.012998586974842885
0.8113201427137988,0.11851181060777004,0.021392646994079067,0.032752720029265284,0.01602267965508692
0.9528708398264668,0.021966551784297173,0.013034625010176278,0.007714141696132753,0.0044138416829268765
0.9262050731337683,0.04191349662300896,0.017345317199298948,0.009220444304497527,0.005315668739426181
0.9159459627360687,0.04666855686193005,0.012858186680709732,0.015588888780287628,0.00893840494100406
0.9419686352201908,0.018754025673367584,0.014839787017832668,0.0174898946770534,0.006947657411555452
0.9494141703224808,0.023864152752896165,0.008676469419399865,0.011883681686803007,0.006161525818420415
0.9536489883720084,0.0214452268847493,0.008586295634486712,0.010117475647620989,0.006202013461134404
0.9259791644803659,0.04550199299388385,0.010529255585054968,0.010923120256352838,0.007066466684342587
0.8368634009327868,0.09160162645656719,0.03501557507013789,0.023343656319768206,0.01317574122074002
0.8609894500080253,0.08156782515821814,0.021484727538982114,0.025705427682345093,0.010252569612429215
0.8209512692984775,0.12548378850223582,0.017522369657316354,0.023881275009369245,0.012161297532601
0.9175819646068176,0.03017516573234675,0.02241728402398654,0.020193789176604405,0.009631796460244493
0.9254609686035727,0.027642478877600497,0.020512104339371198,0.017344121047116162,0.00904032713233947
0.9429383804087604,0.029118457260966724,0.010900696204223072,0.01145997755887955,0.0055824885671702604
0.9284337254081604,0.04542161955031698,0.008529104502429734,0.011638279418878942,0.005977271120213916
0.8550928895851896,0.08028935193088868,0.025482181158245513,0.024642043832556287,0.014493533493120277
0.9105230620072822,0.04613584405429663,0.018777302825108505,0.01478982273084221,0.009773968382470391
0.9671311379657869,0.011705478968682594,0.008098260659917042,0.009563289065535965,0.0035018333400776147
0.9176081517117283,0.04472688706512455,0.015144058088913814,0.014187485660264357,0.008333417473969217
0.8628389633007427,0.06391270445727013,0.03227415939141657,0.026222482766380274,0.014751690084190229
0.9347060836387125,0.027288013354590204,0.016322547596207635,0.014558978008695716,0.007124377401794083
0.9234411757924063,0.048989021198262074,0.00982366548705027,0.011840536966546727,0.005905600555734309
0.8731686109283574,0.0677786360654889,0.02857240559877595,0.019423505072912396,0.011056842334465463
0.8625171941119898,0.07207601498666213,0.021024713342236153,0.027539313392742893,0.016842764166368904
0.9150461150914261,0.02637149091289002,0.018623497853244405,0.025273110998633358,0.014685785143806059
0.9088128240721038,0.04255948296088426,0.023785370472832596,0.014470471066797509,0.010371851427381559
0.9032762306300892,0.04641026037738829,0.0134561733643972,0.022853495882013925,0.014003839746111456
0.9376582866189869,0.0341198042306366,0.009885228150233617,0.011423304132684015,0.006913376867458776
0.9337452158206533,0.037992073460194446,0.01112922276638891,0.01151071365579604,0.005622774296967398
0.8808252666069206,0.056344729768448225,0.025634080235736764,0.02272499797054374,0.014470925418350634
0.9199773615648514,0.04889681382106906,0.009878274349851801,0.014636211867621861,0.00661133839660589
0.9273294559062953,0.04094338597987886,0.009944919760611374,0.013990211206982496,0.0077920271462320004
0.9413674223823181,0.032551249912747916,0.009328265500083715,0.010370754821003511,0.006382307383847019
0.9514118699246581,0.02333613353853389,0.007385508657551309,0.01172241859512494,0.006144069284131723
0.8438134171094357,0.07740825501464203,0.03428023776173105,0.02959864714268533,0.014899442971505946
0.8567450460245922,0.07971121332669669,0.020586380821870972,0.02803120353475007,0.014926156292089996
0.9687827834383659,0.01573672420917224,0.005889788877161039,0.006032917393892144,0.0035577860814086323
0.9270252661243775,0.02954082221285267,0.021342279879279547,0.013843680669316622,0.008247951114173513
0.7803152675187429,0.126220348269882,0.03358842807450948,0.04060034272735985,0.01927561340950573
0.8682193409928207,0.06017172828773623,0.02538243874415836,0.029946047681860963,0.01628044429342378
0.8035174849918456,0.12583860883239065,0.0234831457437896,0.030015759754004497,0.01714500067796966
0.9325186088237336,0.04102546361149406,0.009941712141922415,0.009166495289765979,0.007347720133084006
0.971440997763264,0.012760013236314371,0.0056757417387890766,0.0063909639644268955,0.0037322832972057404
0.9756851406854617,0.008023810466552072,0.005694978116935642,0.007303854090155347,0.003292216640895042
0.9379387905502968,0.023043004338591293,0.01136201161911833,0.01783466187523604,0.009821531616757683
0.8848007266667235,0.05378096098492595,0.02267211099295281,0.023027866336054525,0.015718335019342992
0.8637020117094305,0.06918592992471027,0.02345205368133221,0.025973102099986184,0.017686902584540917
0.8511528647352055,0.08986544923133732,0.016596878022739635,0.0259974820757417,0.016387325934975768
0.9296249457022463,0.04890532627700584,0.007300107588465422,0.008909944759751454,0.005259675672530926
0.8293054220361397,0.10808301104909497,0.0185582530583224,0.025089379484125995,0.0189639343723169
0.9365627244343729,0.030750436839341918,0.014099460545534358,0.012155876141452861,0.006431502039297965
0.9420399683713688,0.029683265370086212,0.01185409172680617,0.01044137648470111,0.005981298047037682
0.9320408415040848,0.04549214542015374,0.006796408034068473,0.010221413135685647,0.005449191906007132
0.8345826119085856,0.0848545924840278,0.027907951750348683,0.03460869204530739,0.018046151811730506
0.9108645063551547,0.029477337390584425,0.02036021394733806,0.025737130624559495,0.013560811682363469
0.8290741117231231,0.10682773076785707,0.025319454237434303,0.024830518571328314,0.013948184700257368
0.8724797696477791,0.06058836033856948,0.024449532558614723,0.026549921767891393,0.01593241568714535
0.9229275907303285,0.035668143639889016,0.01318646842337873,0.016134853878799323,0.012082943327604283
0.9233859653355572,0.03145324944599299,0.014769732990449192,0.018921513960144663,0.011469538267856001
0.8970534451753083,0.043798358091601805,0.02228504271385841,0.02175479780971404,0.01510835620951766
0.8299064523066593,0.08945668649750507,0.03530578479362382,0.029718395869858156,0.01561268053235347
0.884783437142873,0.05751489763911781,0.026470131827590018,0.018656427882951573,0.012575105507467437
0.9464641641263565,0.03047760560481802,0.0075107930020878065,0.00981038264838352,0.005737054618354177
0.9083988940334876,0.04083220405867248,0.020229459281355507,0.020223046967761414,0.010316395658722895
0.849129116830106,0.08816629308868132,0.017854450488198417,0.031112688163320638,0.013737451429693591
0.9202079061922962,0.04623131175966827,0.011266495760467038,0.014918293742090081,0.007375992545478271
0.963813295967029,0.019689903609472974,0.0058362731073839744,0.007064298626032216,0.0035962286900818475
0.943168152698523,0.024828414227358087,0.012383589624475506,0.013293786216827108,0.00632605723281625
0.8614612497675808,0.07989308890705037,0.021691931219781586,0.02418358701940527,0.012770143086182198
0.9154767031782036,0.033451323377990935,0.023124659441594028,0.01781369986134874,0.010133614140862711
0.9176775435169444,0.029954283895068625,0.020401095274906314,0.02092553544771697,0.01104154186536342
0.8457810919403848,0.07835759015561962,0.03204147988092757,0.029749184984781227,0.014070653038286937
0.9513962450069733,0.026008387966499714,0.010424190321766856,0.007174934403806336,0.004996242300953723
0.781138378347146,0.11762104590159049,0.03889274579147032,0.03863447817100333,0.02371335178878983
0.8667146347321922,0.055603344490465126,0.03665889987581703,0.027035130745901748,0.013987990155623818
0.9372062814788,0.028254673820839158,0.012067819887356585,0.014831706140826606,0.007639518672177753
0.8788882212371931,0.07402214090987759,0.017113731195060156,0.01982104052853961,0.010154866129329556
0.9096725616439184,0.04907434013277646,0.00803096928979597,0.02082325741683081,0.012398871516678293
0.8571523597721011,0.08151349818736535,0.018302053554470694,0.026128154254682096,0.016903934231380636
0.9058483672759761,0.05600017720282375,0.01573504501690528,0.01295813851100577,0.009458271993289169
0.8174606196755553,0.08628592268869865,0.043527399981743105,0.03579347596532915,0.01693258168867391
0.8846731906790838,0.045600136110113355,0.022567505413162294,0.030974857753078,0.016184310044562642
0.956213397710031,0.021430863219733275,0.007227517596304036,0.00934669489502663,0.005781526578905083
0.816443871864422,0.08517200176959809,0.05434353990743021,0.029609740942084274,0.014430845516465637
0.9681060746216553,0.012028837871796805,0.008678488193327843,0.007622826081635021,0.003563773231584917
0.9607136455365691,0.016549011477323555,0.008512925605416605,0.00922582368856904,0.0049985936921217175
0.9517274442553784,0.022011636048815928,0.009768244888578291,0.009676603442198142,0.006816071365029353
0.8871578007034226,0.053909192815331554,0.02343031612925007,0.0231547500969695,0.012347940255026297
0.9230198762858237,0.032711602685746986,0.020264109970296946,0.015425004471122336,0.008579406587009996
0.8212870820235743,0.052041333352003685,0.05081836330308523,0.0506221771194871,0.025231044201849774
0.9413315447391603,0.03173903249938555,0.008493186256343174,0.0121631345431116,0.0062731019619994164
0.965734385981257,0.01613503113270335,0.006977038713401377,0.007009216301147544,0.004144327871490498
0.9504518321383963,0.023526394414621874,0.011132807956914827,0.009415574080131597,0.005473391409935372
0.858647584284578,0.0912239351856131,0.015342655524174699,0.02302545405501236,0.011760370950621993
0.9191799937575033,0.03439882101882751,0.02198519047985552,0.01626287265372524,0.008173122090088608
0.8993751226276347,0.050306744599543395,0.014833571523165816,0.023010635304027506,0.012473925945628522
0.7791307314644881,0.12556446264372995,0.03508216188434161,0.04119760110570261,0.01902504290173769
0.8502353953868905,0.07185167233429562,0.03260682640931634,0.030217088452804575,0.015089017416692996
0.843980176501039,0.08913977227631299,0.021557730173193953,0.029712950868270825,0.015609370181183373
0.8913407088389917,0.05506155690735874,0.027478957752559725,0.019055212629650573,0.007063563871439254
0.6304699696398002,0.23684029083787475,0.08421456680944547,0.03701489982192049,0.011460272890959168
0.9002357026767397,0.06324283478598501,0.015865686891467966,0.014472370610509266,0.006183405035297858
0.8520528283108618,0.06187607499745454,0.0253037941146925,0.04068595774200459,0.020081344834986657
0.944763465579876,0.027181875568459146,0.010430434396128063,0.011544051382301653,0.00608017307323537
0.9097737937059748,0.04551250477274651,0.014386790620668242,0.019951118589874445,0.010375792310735852
0.9241169012268117,0.0329279813415171,0.016132252660829842,0.017085445721265795,0.009737419049575511
0.8427981027187292,0.09860639336477359,0.020319388492657298,0.023953495221576467,0.014322620202263497
0.9301576106496652,0.03718635909943488,0.013104724960400185,0.012068332904298653,0.007482972386200945
0.8153153342332056,0.1059529033411189,0.019451825081486532,0.04006543241467287,0.019214504929516242
0.9466699338790167,0.02345907178842901,0.015388193579319873,0.009112623643131503,0.005370177110102973
0.9041290325030419,0.045476672465990506,0.02191353671515581,0.019086986877716733,0.009393771438095
0.9358149554723982,0.021528577622361864,0.011718768164768691,0.021499195237844382,0.009438503502626549
0.8830494062422375,0.06561964701487524,0.01634562314828179,0.022244995833696952,0.01274032776090827
0.8844349483603495,0.08035855353269598,0.00876472373700666,0.0168424698171715,0.009599304552776368
0.7602256520813623,0.12045868438386774,0.04802838565804502,0.049395269518395526,0.021892008358329537
0.8521774576700204,0.10633303418867769,0.016158138651977138,0.01744581456984359,0.00788555491948133
0.9476159614860947,0.02366295751282222,0.01203478635973964,0.011514660286798855,0.005171634354544417
0.8616361521300377,0.09632022810861628,0.018074675897582958,0.016303007903112524,0.007665935960650565
0.9575357363675229,0.015625982063286713,0.011896707664358071,0.009717352164036394,0.005224221740796099
0.950820699249464,0.0171266722624173,0.015548165392702876,0.010885657957503408,0.005618805137912275
0.8547167033675759,0.08782331114900543,0.02182456843293543,0.024574700752582414,0.011060716297900768
0.8057439510729738,0.10108366332376431,0.03300793135237295,0.0409867913068703,0.01917766294401871
0.9210245562729347,0.03621949226516872,0.0203278008769045,0.015315136292358037,0.007113014292633993
0.9593676466393007,0.014848411359043214,0.011157625375083502,0.009465433480072612,0.005160883146499827
0.8793578801133244,0.08552363395124198,0.013347843408662288,0.015233733320347605,0.006536909206423681
0.8626475110807432,0.0777144939525153,0.0211021360081798,0.025070834869155918,0.013465024089405784
0.9433377908256284,0.02712402524313151,0.009439262977005885,0.012793917174466613,0.0073050037797673896
0.9440151957238012,0.019753000193194547,0.0135112362032707,0.015013913028783762,0.007706654850949646
0.8703797802806462,0.054623777289783196,0.029732243224004584,0.029901137819654613,0.015363061385911383
0.9165625994232595,0.03534821909397276,0.014831714735332131,0.02004314088731397,0.013214325860121659
0.8079753900617543,0.10514770957733502,0.03510054630940047,0.03249935420959802,0.019276999841912053
0.8731116283866724,0.08011972751540627,0.014349788478176164,0.023268482292172963,0.009150373327572119
0.8568195495845536,0.09831714133454468,0.013618166327803811,0.02081402005585737,0.01043112269724042
0.9060609493526698,0.06641226157116141,0.007938108994130872,0.012402512459793588,0.007186167622244433
0.8582728325321033,0.0875761736982569,0.020662191697481177,0.022937725756764737,0.010551076315393607
0.9179793270525892,0.044697204227032515,0.014102713028486842,0.01586881025582838,0.007351945436062837
0.8409920257891406,0.09193290724166854,0.02423977996975498,0.02800518237397205,0.01483010462546391
0.918530013457785,0.05092941036946009,0.015352172915530983,0.009914945022357567,0.005273458234866408
0.9460713344683354,0.03005580385524086,0.009139763602481556,0.009182892134540816,0.0055502059394015235
0.8846139448681528,0.07260481083716863,0.017336825868520856,0.01639286496503296,0.009051553461124993
0.9014192632245052,0.05233496994966044,0.019757277351198976,0.01798135047083119,0.008507139003804181
0.9667804929202426,0.015008157617603154,0.006207242158125543,0.007020393316034187,0.004983713987994436
0.9256140628993013,0.03401986736325965,0.014436501755528502,0.018197663139646988,0.007731904842263653
0.8876815743500387,0.053461696181605414,0.028188074707721934,0.020070729143121344,0.010597925617512226
0.9307977442573829,0.04626325165664337,0.005723605193398552,0.011848968848671723,0.00536643004390353
0.9210986350738167,0.03081927431501314,0.016597926132070187,0.01954537697566111,0.011938787503438969
0.925269567231051,0.03953035128893698,0.011134427198467578,0.016442090855165625,0.007623563426378952
0.9211256989967904,0.04652839404788046,0.011892782977737748,0.012824833699210895,0.007628290278380552
0.9214237485944146,0.03750621626702894,0.012706673357929674,0.018213055007959122,0.010150306772667551
0.963781535988486,0.019660935617114638,0.006560212112073823,0.006218399740815119,0.003778916541510424
0.9632929838634406,0.014587611495267338,0.007915619417730935,0.009792444214327723,0.004411341009233566
0.7226676570272681,0.1543344466238852,0.056788864156147645,0.03975126500184101,0.026457767190858007
0.8554186119862837,0.07260311074661366,0.025386584802524242,0.028415013667886086,0.018176678796692398
0.9445293466628485,0.02343372808975957,0.013805700958388244,0.011512286188889064,0.006718938100114549
0.8895618392827646,0.06795479552846326,0.015892365212819778,0.01644023351520531,0.010150766460747135
0.9015413317927689,0.04627350635151699,0.017300989310237144,0.02424661901930536,0.01063755352617135
0.8217552580655115,0.07913400541461701,0.0459731158663318,0.03507549849186886,0.01806212216167062
0.8407593819417668,0.06254962649828515,0.030398160310617293,0.04208759507731293,0.02420523617201794
0.7683745472834077,0.09188727188069373,0.03343806340185135,0.06568284552071557,0.04061727191333147
0.7823695390052555,0.10916658577226922,0.031890628998198105,0.05174435223836189,0.024828893985915257
0.885413567860842,0.05505926306044514,0.017361339704924737,0.02561251789239224,0.016553311481395775
0.8783816888122146,0.07743156059148708,0.01874191547125889,0.016368005686642408,0.009076829438397152
0.9076234171232315,0.05663707195484057,0.012492559914561519,0.015869117642092645,0.007377833365273708
0.9198535183154902,0.0410597338957613,0.015637589760711782,0.01657681831287118,0.006872339715165254
0.9072402830327855,0.06193305499880754,0.008418477660733654,0.014021408710493757,0.008386775597179555
0.8907072708216636,0.05122725210011803,0.024021254793320325,0.019526704451664493,0.014517517833233585
0.894645173658397,0.040741537633104605,0.030048701319636485,0.02256063273683056,0.012003954652031818
0.9031460528594624,0.03824977339400684,0.026329014281617845,0.021972509676094324,0.010302649788818546
0.8363130458724375,0.06722288432493595,0.032724513481447746,0.03941440139354152,0.024325154927637118
0.8946930541372389,0.036338378442128456,0.0320462219562329,0.02514576292400846,0.011776582540391321
0.8720751257364731,0.07853736040901084,0.01979096430083334,0.018930730136703447,0.010665819416979333
0.9095909459952187,0.04824821813055816,0.013840085782624509,0.019230612225733384,0.009090137865865447
0.9463950082361817,0.02193224420719086,0.009457691904229902,0.013900220962400385,0.008314834689997136
0.944496789370077,0.02732045015888741,0.008025446331743992,0.011329714319578823,0.008827599819712784
0.9210831419637523,0.03190090504825648,0.01619178356080277,0.018343698738298737,0.0124804706888897
0.9174762616609146,0.025032917860331752,0.02413052292404125,0.024085911231391973,0.0092743863233204
0.8699461855759352,0.08705225089463751,0.020874428893632585,0.015025307707520242,0.007101826928274662
0.8975943242553982,0.041577939419004964,0.025183507686056178,0.025211758229859143,0.010432470409681616
0.9220862305307133,0.04393833006576372,0.010790436688168816,0.014277717617863192,0.008907285097490926
0.9452631984102381,0.02723583338406335,0.010851838884453052,0.010841764738015167,0.005807364583230462
0.9539040673830314,0.021371185167894647,0.009986184899244464,0.009084656156143706,0.005653906393685629
0.9233834925593098,0.0340588904471734,0.013994670266945987,0.017172848232786198,0.011390098493784757
0.9212362401723742,0.03100659039115514,0.016666159276778763,0.018505646901664247,0.012585363258027674
0.8561502189692182,0.07096593227115396,0.02791068023780643,0.028324965812065804,0.016648202709755654
0.9147217710647092,0.03424501925310418,0.019969450135265097,0.017947031724706835,0.013116727822214735
0.8450888400105296,0.06037217620667911,0.031537968595087035,0.03910647239955038,0.0238945427881538
0.813264843354806,0.08299279855266474,0.04315911392280202,0.03773901033291969,0.022844233836807587
0.935227186153514,0.029061486850005116,0.012602175405316435,0.01417998587045515,0.008929165720709368
0.928039184819093,0.03767229928181885,0.009884367314010543,0.014509424819979294,0.009894723765098213
0.8997841446783226,0.04361538585245965,0.01654364157424627,0.024082068342615042,0.015974759552356745
0.9294925766717337,0.03434281443512946,0.01095895243039012,0.014995593854007078,0.010210062608739879
0.947061115195678,0.023710404910538153,0.008503374304866761,0.01381603907463299,0.00690906651428392
0.8740028320530796,0.06907653173413189,0.013704256463115193,0.02653449077491913,0.0166818889747544
0.784094308132677,0.1000893605377993,0.036842330226669495,0.04585172853346665,0.03312227256938764
0.9231419838256569,0.037141666409671335,0.015042383113959857,0.015470173430115211,0.009203793220596862
0.8338114994752657,0.09522539965025338,0.019837768282965636,0.03317149789826341,0.017953834693252076
0.9132766674973086,0.0384124962733571,0.013376018293010689,0.02142976911687022,0.013505048819453198
0.9187028400844398,0.031437557145855735,0.01503374680937455,0.019748782077809657,0.015077073882519975
0.9525717241655888,0.020481246293772577,0.010937494262523944,0.009092246991110803,0.006917288287003806
0.8238678081952586,0.06446172909111669,0.04919112162010795,0.0382460000070113,0.02423334108650547
0.9126577945459227,0.026363544784594392,0.01837162717951323,0.028310168643122698,0.014296864846846873
0.8396753192455544,0.11167044030774871,0.015858436754385367,0.018732634874104283,0.014063168818207157
0.8663512696911068,0.08259105757916295,0.019715665143527662,0.019043918629068502,0.01229808895713401
0.9002646269049903,0.041188382209632515,0.017810173156786145,0.023662711498121755,0.017074106230469146
0.8900575610743736,0.0583391047502264,0.018199963791480245,0.023418123477782195,0.009985246906137479
0.906792268490589,0.04556936527341378,0.020694368517363254,0.019890842530615935,0.007053155188018029
0.8893615199687608,0.05331990243401775,0.018654276267255722,0.023337202023178297,0.015327099306787466
0.9590105819176864,0.019364638033924762,0.00851884821718839,0.008524055091753895,0.004581876739446111
0.9155262231875698,0.03274786317093709,0.021445042235670522,0.01906552153278322,0.011215349873039267
0.7899852979631955,0.08403283374089089,0.05441309807409756,0.040309490509668845,0.0312592797121472
0.886599326673132,0.05144471640427775,0.019404824960249464,0.027465100965915524,0.015086030996425293
0.8163889654079745,0.08819218166827657,0.024710222362174433,0.045691058716659565,0.02501757184491508
0.9088311020409431,0.048519860701444435,0.015951929706307297,0.015529253595510701,0.011167853955794657
0.8969812354536166,0.04840276473513015,0.016260372877897996,0.024308635921401745,0.01404699101195355
0.8768637362526853,0.06346941020783733,0.022047768716329366,0.023568365084457293,0.014050719738690699
0.9090386613643688,0.054485613884229456,0.011293565901610025,0.016320485783322704,0.008861673066469034
0.8650997826510292,0.0581683051982786,0.0263338707415915,0.032066466168295754,0.01833157524080509
0.938391712020387,0.0351077418290296,0.00879479587419856,0.01111304668563677,0.006592703590747964
0.9197210171401228,0.04266815184643535,0.01375892134002005,0.016242809933051026,0.007609099740370661
0.8740325238076587,0.06895265387088716,0.022705154772632647,0.020838376868290518,0.013471290680530629
0.8628638974420498,0.07541214915323773,0.017029057273648247,0.029881916863841514,0.014812979267222566
0.8869637695256627,0.0499151132411339,0.016671271580450463,0.030245042572185295,0.016204803080567574
0.7651408140534787,0.1377589403210438,0.036973428139697076,0.03970753402788234,0.02041928345789831
0.8080998076619569,0.08869876360398904,0.03685265194337204,0.039158382096753756,0.027190394693928296
0.8565298040932536,0.06820046776954168,0.03376721591680717,0.026310102952121477,0.01519240926827596
0.957454480560662,0.01978708514575006,0.006499757614072277,0.011393920000172093,0.004864756679343464
0.9161124220105136,0.04494033162799062,0.015629969008713062,0.014900144743077742,0.008417132609704855
0.9394515465788391,0.033155214011625224,0.008064011661971996,0.012213975574599169,0.007115252172964358
