Delta_Power,Theta_Power,Alpha_Power,Beta_Power,Gamma_Power
0.9011786162183784,0.034689539155869135,0.02402567711814839,0.026456350719336903,0.013649816788267155
0.8426616351405692,0.05136814891005924,0.039221591344284164,0.046086606972229445,0.020662017632858087
0.9118335545788699,0.03606282648582055,0.019360514845287904,0.023030838920123725,0.009712265169897682
0.9026536536035726,0.04244486579583505,0.02020176616427533,0.02334869530077202,0.01135101913554482
0.7068509241888012,0.1216509460539191,0.05862251840850981,0.07910610299137072,0.03376950835739928
0.8214460790484892,0.07147889618150177,0.03179548527492914,0.05151170028433934,0.023767839210740556
0.8971171549134421,0.046773233066486154,0.017951169118509264,0.024010154805451912,0.014148288096110765
0.9134480884628252,0.02325687757030763,0.0195012503543609,0.02636655567698014,0.0174272279355259
0.8572030212923172,0.06942549144040767,0.021609498599432203,0.03628940342010285,0.01547258524773999
0.8897168374861001,0.03529207599676421,0.024426282569105333,0.03319618939202568,0.01736861455600456
0.9143903926240329,0.01795159934645028,0.033120679983536926,0.02387711719678591,0.010660210849194059
0.5805630956829989,0.09506547362412122,0.1814142579170272,0.0929933378664517,0.049963834909400866
0.7535682508501453,0.12657349219428943,0.040473673660260424,0.04563827946400194,0.03374630383130274
0.9441326721839614,0.03702750273473518,0.00923718185017651,0.00662534821017503,0.002977295020952003
0.8781918995101214,0.020580115594472013,0.03467549791399289,0.047147622529919664,0.019404864451493958
0.5554163859266462,0.038339157126071985,0.17253547650444995,0.14996914757342059,0.08373983286941149
0.3916076948688848,0.07633978373408518,0.11282341561407254,0.2715800169093936,0.14764908887356376
0.3870475346965668,0.07445383152444242,0.12192007282547669,0.2661089356351893,0.15046962531832478
0.3358332159638585,0.06688086739457955,0.22952457241927746,0.25004883037775405,0.11771251384453026
0.7463239042497145,0.051526252989199696,0.09737742804186487,0.07242432319954134,0.03234809151967939
0.8819392554864408,0.03467836136526943,0.04562531589241115,0.026749552650727045,0.011007514605151583
0.763703524153065,0.07694806041984638,0.0856026367321567,0.054062487284800155,0.019683291410131816
0.9029908003760874,0.03121628948522338,0.04375596235309812,0.015846757567456217,0.006190190218134913
0.8522207107486567,0.05890502417484348,0.04660623597910371,0.02915848782261046,0.013109541274785625
0.908726727373809,0.041750152029667996,0.023600232890052412,0.01822360894246031,0.007699278764010145
0.8540016385456107,0.05270366236305009,0.04560061080839968,0.03230344154918855,0.015390646733751078
0.7729371323580707,0.1311386715928311,0.029286513970035653,0.044035004132874644,0.022602677946187914
0.9328089628043064,0.016610745878195936,0.016549218714600158,0.023171124661882314,0.010859947941015264
0.822768156683917,0.059029834521842246,0.0527314519323667,0.04455532123679542,0.02091523562507881
0.8063736536811056,0.0694865777399829,0.06350384129372294,0.04410391096584242,0.016532016319346126
0.943005037321296,0.022021427264037812,0.01336223335039938,0.015160496763681502,0.006450805300585191
0.8924169705845691,0.04376514752873518,0.021797278906173348,0.02961539391888352,0.012405209061638866
0.9123936137393028,0.03213162108061821,0.026975519086655752,0.02059182581583263,0.00790742027759042
0.8866770972228907,0.028200497899283354,0.04935342714752609,0.023794615355216313,0.011974362375083588
0.8228646139161273,0.07606391541850901,0.049314614958531844,0.03336163950083665,0.018395216205995112
0.7847857828610825,0.09629216668115237,0.05993157009922815,0.04133165786001165,0.017658822498525604
0.7427154091232294,0.10413228039778484,0.07130422753457484,0.055621438332788195,0.02622664461162261
0.8727408003473152,0.05132752716884495,0.027782065673908136,0.034409448355277004,0.013740158454654842
0.862933330753756,0.0479447930541377,0.03620914031298978,0.0365183649341923,0.016394370944924345
0.8400240144149126,0.06030729609681823,0.03256562523189554,0.042712243353065164,0.024390820903308547
0.9111711790271141,0.030514727593607127,0.02807771201183878,0.021838559385887597,0.008397821981552256
0.8845764366223411,0.03801002429792234,0.018869356631266338,0.040188706559095115,0.018355475889375118
0.8864866516328992,0.0340690709818471,0.019932395100157416,0.04108335205997043,0.018428530225126038
0.8765979410900184,0.04151595880902296,0.03715351243057846,0.03153615871598572,0.013196428954394233
0.8175568862977076,0.07323013562101598,0.04770178993993622,0.04273330872746146,0.018777879413878804
0.8352347712591802,0.07353234595969724,0.03095096945048552,0.0435097803843487,0.016772132946288185
0.8427956202891234,0.08387041854421345,0.025758023664724135,0.034036163855556925,0.013539773646382054
0.793159071727713,0.09489547117736165,0.055139696130606576,0.03994389064471371,0.01686187031960503
0.8402087173998308,0.057672990373490954,0.04846534999921269,0.036006172433950476,0.01764676979351503
0.8782476706974797,0.034040629487292084,0.038509940841488496,0.03220992615578057,0.016991832817959157
0.8907213403309787,0.037290960572673185,0.03858497543731251,0.022166859417705846,0.011235864241329887
0.8068241110177549,0.0874436423496232,0.03723736337169158,0.04713188206652413,0.021363001194406286
0.8977802895445376,0.02933097381539763,0.01997007030113386,0.033684954091398434,0.019233712247532616
0.7670532222619746,0.09010223504995138,0.044297359386626496,0.06192862282587683,0.03661856047557048
0.7949666877971041,0.08307776668495725,0.04867498758894975,0.05150365174411914,0.021776906184869882
0.7593259463310866,0.08702655946073193,0.04098003866015908,0.08050407153596648,0.032163384012055915
0.632991249002878,0.16550212837241532,0.06639339824430077,0.08787256295900053,0.0472406614214054
0.9435763224793888,0.020957411462126815,0.024763018309758744,0.007092568305166455,0.0036106794435593636
0.9128554771321188,0.020324498916856386,0.031528969404896925,0.024274053234038823,0.011017001312089112
0.6330981174314209,0.04287060697197328,0.1303252908034522,0.1320427457451782,0.061663239047975174
0.4174549345080543,0.08474155355191065,0.17588156740594246,0.22215468500887137,0.09976725952522109
0.32372295656840744,0.07111134355188437,0.20669633634435286,0.2634063588039263,0.13506300473142904
0.49020015902315917,0.06099789773408015,0.12597665427158078,0.19261690176844506,0.1302083872027348
0.4426405882437684,0.09385275939067238,0.1113504576850638,0.22639489917328323,0.12576129550721238
0.597603096891885,0.04346401114806725,0.09909555259966284,0.1702552365790285,0.08958210278135639
0.85734769636975,0.03579653795825527,0.02991289996077052,0.05076457732469897,0.026178288386525344
0.8044864963483007,0.06253607315379327,0.0415757258586769,0.06262199462126632,0.02877971001796284
0.8872578359528498,0.051058981271942395,0.031251181367418064,0.019725963534473936,0.010706037873315746
0.7660339231890655,0.07889150086277624,0.06754665660713714,0.06399303782309582,0.023534881517925436
0.9514603111826185,0.01731864447856827,0.010334690779362728,0.014335246891949604,0.006551106667500833
0.886242920638247,0.06156274644196244,0.017927314189702837,0.023824936250733588,0.010442082479354103
0.9305020327980458,0.021828550753762912,0.014711677279163827,0.02219162405690173,0.01076611511212572
0.9401155062785932,0.026505045482835478,0.015414251802182024,0.012689453976716983,0.005275742459672372
0.8029714600785015,0.09984793886309434,0.054945755766957635,0.03063688929948015,0.011597955991966592
0.8755309943488514,0.05809601219371721,0.028650238699030415,0.0257058139584556,0.0120169407999454
0.8531162589802004,0.0707003790111316,0.018659059437922794,0.039342074428526864,0.018182228142218367
0.7234852010027627,0.12572010640785566,0.046882899622493576,0.06828210755702545,0.03562968540986257
0.9261916150343769,0.019419317341990462,0.019736665604719657,0.022476704266366908,0.012175697752546387
0.9462451092078029,0.024472351754585894,0.00959065079494314,0.01407841475912286,0.005613473483545137
0.8916560104440793,0.055240179832351285,0.014605417186156752,0.026021238826816718,0.012477153710595983
0.922962500092732,0.03347201149242108,0.015107444158428567,0.01899428154220108,0.009463762714217245
0.9349826604234905,0.024353821025214054,0.015525731746846487,0.014690962023212928,0.010446824781236144
0.8367921787903922,0.06978987249231802,0.03340345196540979,0.04131489861744437,0.018699598134435634
0.9288980974794899,0.024335809673675483,0.014768582353729819,0.021909521002609282,0.010087989490495693
0.8853775302819746,0.04582889746590973,0.04060951008084406,0.018661988534455963,0.009522073636815445
0.8423156087341335,0.04705492413597828,0.04971609420747518,0.04118694646281667,0.019726426459596564
0.7741723508908231,0.07985262292049658,0.06854572670648021,0.05478526025335808,0.022644039228842183
0.7384520458998225,0.14001516901753097,0.03619578073810895,0.06379449439456712,0.021542509949970264
0.878419403394035,0.043906435087492174,0.03211599383339206,0.03234613174641449,0.013212035938666303
0.8506401508305693,0.05706650527220398,0.0422580032951595,0.03495977298105171,0.015075567621015466
0.914585380090993,0.026923359422875496,0.023396369548313065,0.024801142922578328,0.01029374801524038
0.8207927122106378,0.0799484788414216,0.05026983071896801,0.03380626066168492,0.015182717567287786
0.9088802389443786,0.030188377238997716,0.02647208411459951,0.024086740186625964,0.010372559515398264
0.8894471575131001,0.030865121753106812,0.03866736361650782,0.030144480459978158,0.010875876657306998
0.8766002553235676,0.05028775827924486,0.03845165914794152,0.02539465228704174,0.009265674962204236
0.8544927648833529,0.06167812476014841,0.045482729079927835,0.027466409529580085,0.010879971746990465
0.8919378970484663,0.04792041840451445,0.02660913672464164,0.023107136865506108,0.01042541095687155
0.8349191331416546,0.09697636261678187,0.037365460178987224,0.020502650128813,0.010236393933763214
0.8340488395966995,0.072199189267916,0.035666369738089294,0.041480903316108986,0.01660469808118601
0.9019046401280738,0.038761930951753974,0.01869469694448341,0.029495210926749053,0.011143521048939679
0.7744804674543462,0.08368261017358779,0.07466579407201021,0.04423653303746911,0.022934595262586684
0.9018228730172857,0.03133815172544839,0.037399109014154414,0.019098555062694325,0.010341311180417227
0.9096201880744665,0.033413032669861994,0.032957073998561785,0.016612036430391802,0.007397668826717852
0.8063100299320398,0.09976831721221537,0.042900800770706855,0.03651259995549746,0.014508252129540626
0.881705620233989,0.054425658522996724,0.03178560383735305,0.02382469602515888,0.008258421380502175
0.818015175533039,0.07727200418467381,0.044129091035127105,0.04257595950662343,0.018007769740536687
0.8921517859116176,0.04822065892520556,0.023970038256717688,0.02469289566953622,0.010964621236922737
0.8967463731167168,0.046592729363576495,0.029528606981726217,0.019345225293980313,0.00778706524400025
0.7136069791151433,0.1473014318197342,0.08408047214172111,0.039557904941116905,0.015453211982284512
0.8810316253449355,0.06418953052329673,0.02453980887512087,0.021901305254814957,0.008337730001831727
0.8494179207221084,0.06048369273784143,0.053323567505854694,0.025692983147663363,0.011081835886532167
0.9349579960384047,0.021000856806999143,0.024383526381443924,0.01443336494160766,0.0052242558315447035
0.90799798985011,0.020648595478335082,0.04479841046815321,0.0186979604730576,0.00785704373034443
0.779695048110808,0.07121407138912418,0.07779850723824352,0.05014953772794862,0.021142835533875692
0.768289493543426,0.04872243812058734,0.10476281631587965,0.05467529698165607,0.02354995503845102
0.9280000152390102,0.020698039990206907,0.030909110343260122,0.014815294184582885,0.005577540242940025
0.7795972982089766,0.0985077664143352,0.06719489669648035,0.04073706434703723,0.013962974333170668
0.8151273060535402,0.04883455768284924,0.06682192935557327,0.046360694481131205,0.022855512426906154
0.7853948803641043,0.06923346953009636,0.060144859651215236,0.06026961202762663,0.024957178426957546
0.8561634550317605,0.04072953486261224,0.05161319426861685,0.03651010705979936,0.014983708777211238
0.8506358379729644,0.04745011548321581,0.05064765406244766,0.037564471144669535,0.013701921336702843
0.8613736610141934,0.041052950309074986,0.042276765924177756,0.03750962964278851,0.017786993109765323
0.8482176788746814,0.07228166404249924,0.048149439854107814,0.022331598668482472,0.00901961856022904
0.9280805433280254,0.018997721875432562,0.028332929152530825,0.017962044958779254,0.006626760685231914
0.8962871188971211,0.0403473071334313,0.03232625885935028,0.02248128737763103,0.008558027732466326
0.8444529535217704,0.05829431409560121,0.05172101080206442,0.03490150257761282,0.010630219002951156
0.8465503444883237,0.059861293680708215,0.05572530663510869,0.026499286791106694,0.011363768404752577
0.8825961106038419,0.04924340985476229,0.03785513715828499,0.02093644922585864,0.009368893157252218
0.9084055192921999,0.02255343127096303,0.03968457534603761,0.021975229492758493,0.00738124459804105
0.8577111976944539,0.048622939165628515,0.06112382525404172,0.022459405485321958,0.010082632400553838
0.7859595024414481,0.09065018129628306,0.05863156182383024,0.048394503683261286,0.016364250755177383
0.9087267420577834,0.044347401509512246,0.02163288904339178,0.015485808243327723,0.009807159145984798
0.8502908653987546,0.04337134106316545,0.05339930918274728,0.03582284421764535,0.017115640137687307
0.9393794287322385,0.017268601434818884,0.01798561638271162,0.018089615793712596,0.007276737656518307
0.7635788249628893,0.0745635081561785,0.08506305329846194,0.04684397814891612,0.029950635433553988
0.843448160596482,0.04854935136372941,0.059803099989955526,0.03381934346162759,0.014380044588205415
0.9166127743543757,0.036106251281426235,0.02689029488017632,0.01444026905860223,0.0059504104254194615
0.8356954205957651,0.07018700362472102,0.05175359817312814,0.0313621783272319,0.011001799279153873
0.8808317644738674,0.03613445034356817,0.037789841892110036,0.03249537778921951,0.012748565501234923
0.786457741453695,0.0759775829595569,0.06425366602735309,0.05239366618232393,0.02091734337707089
0.9261991523442351,0.0366646364225921,0.01995248310364265,0.012394082048414908,0.004789646081115476
0.8326687657669731,0.05514813672656086,0.06531615367430554,0.03354567445796214,0.013321269374198573
0.7710704379949713,0.09851930366645122,0.06906055501615914,0.04246843937486458,0.01888126394755385
0.8529036979495948,0.037773406861338496,0.06633417653113159,0.028611652467527605,0.014377066190407383
0.8546887964524126,0.051889397694663456,0.04774104734161098,0.03233400101938075,0.01334675749193227
0.8141681197142955,0.03630591394710193,0.07606672773913081,0.05557589508592838,0.017883343513543388
0.83368364206743,0.07869870185494153,0.0422641128078126,0.031400105966190625,0.01395343730362556
0.7122709547192607,0.12274998019838013,0.0909467222447622,0.04615234978547419,0.02787999305212252
0.8643997719824129,0.03412302071037202,0.04734949257930475,0.036723700094013524,0.01740401463389693
0.8945160876214422,0.026823000750727688,0.0447457979214047,0.024912946521294273,0.009002167185131221
0.8728632856332617,0.045587757718999526,0.04203959480424945,0.02662043773703582,0.012888924106453347
0.884493333318109,0.0337032372194279,0.037940684410009036,0.030372257419178553,0.013490487633275466
0.8585341203223346,0.047102754956953624,0.03462035452234048,0.040882757609841294,0.01886001258853022
0.9109390758390045,0.035373840018476925,0.019496102703051476,0.023295853004346685,0.010895128435120461
0.8178186942535484,0.05797626469177417,0.05119101415483959,0.05144703074438099,0.02156699615545686
0.8875646585327087,0.04602126338694113,0.029046590342988766,0.02699959749499072,0.010367890242370685
0.8582482395271134,0.04957161459107761,0.03588714572363533,0.03738601639821763,0.018906983759955913
0.8821496706457748,0.03661545591413268,0.04324361436685676,0.025959266483001623,0.01203199259023421
0.8510157764249293,0.05446800269322053,0.04037510347836621,0.0390972298144329,0.015043887589050805
0.891667825753913,0.04945305689647275,0.024840273440002687,0.025048210260548206,0.0089906336490633
0.9065415889938606,0.03652073406680499,0.023466901120413032,0.02190935094283311,0.011561424876088312
0.8409034048612045,0.07731674410188366,0.04157958619314471,0.02709782986084525,0.01310243498292192
0.9087498204249722,0.017614747526608764,0.03649045455490574,0.025790886477955598,0.01135409101555765
0.9301495687603895,0.028686463539897015,0.021629432307905976,0.014150775212189538,0.00538376017961811
0.8092570034748261,0.09123593142307111,0.04082719504036716,0.04194501105962632,0.01673485900210931
0.6865406413140166,0.1689383408165072,0.06063504549666725,0.06131165244565613,0.022574319927152888
0.8938743629304144,0.03156100311645736,0.04010989697086145,0.023841062833097813,0.010613674149168898
0.91089884248909,0.0342761510486066,0.02508363975338676,0.022387573912400885,0.007353792796515621
0.8806447803139636,0.04749803849131599,0.03626316438474034,0.026678592443593985,0.008915424366386303
0.9039882941035399,0.03200695562994214,0.03427808378610164,0.02187421099348682,0.007852455486929413
0.8902810434158469,0.06247140491966273,0.029322447938259277,0.012806162166490564,0.00511894155974069
0.6223775537449833,0.15826109108961214,0.13869157440002394,0.0570706930516464,0.02359908771373431
0.8070728765105092,0.04341072209580677,0.06848333711345758,0.05853528039596261,0.022497783884263736
0.7535194958051626,0.10483593105589921,0.07576028860516061,0.047473672997373505,0.018410611536404088
0.8068310345675057,0.0837820713230271,0.05817852701274129,0.03892989230514671,0.012278474791579197
0.795785853622538,0.07041106051795354,0.06462602248011974,0.04903816859341402,0.020138894785974772
0.7773914361934551,0.08976608427773129,0.05058474183828894,0.05825103708014009,0.024006700610384492
0.9245371696816277,0.03690639973303757,0.017445974567221533,0.015291016087405872,0.005819439930707414
0.811950389295662,0.08168706500367275,0.03593037750174247,0.05000951438034867,0.02042265381857422
0.7021101231610102,0.1163217315796014,0.08342610028773455,0.07158942862483893,0.026552616346814748
0.8123431271146407,0.07893431330598345,0.04851932295275858,0.03747448851796601,0.022728748108651164
0.8950800773906842,0.047675749614929215,0.02972517705277175,0.018032832361148134,0.009486163580466403
0.8845078084631768,0.025255404676042988,0.04871350889208914,0.026818990447200312,0.014704287521490987
0.7838233182465612,0.07848507600040665,0.08359711371974649,0.03570701363423707,0.018387478399048533
0.8382924305650681,0.06517209345895411,0.047719649837044735,0.034252355427538704,0.014563470711394322
0.8564421762814936,0.05165585940380201,0.0513182469392877,0.029366919860980736,0.011216797514435882
0.8802110671190502,0.05417005806886107,0.031084142196677076,0.02461825051349038,0.009916482101921165
0.8232567851715517,0.06913663985979157,0.051837627016758925,0.03912339701207091,0.016645550939826836
0.9280409670433991,0.036243780368397704,0.015352094886452722,0.014122882581840078,0.006240275119910423
0.9383116958450564,0.029364545779270845,0.01069570156443097,0.01446351527507481,0.007164541536167073
0.7467665356236007,0.11640521418975269,0.04375254521427997,0.0643720304229736,0.028703674549393036
0.7616355079545396,0.06739460011633094,0.09471026080508531,0.05248828292153241,0.023771348202511734
0.806260872320789,0.0749811028878041,0.054653133019840545,0.04626725342406633,0.01783763834750014
0.8970659709714921,0.039330735816454604,0.032017380573197946,0.021588450944648205,0.009997461694207083
0.9009766156914303,0.0409577255649329,0.024522063295312233,0.02447948276566267,0.009064112682661885
0.9191293529265993,0.031662179641686064,0.02129177260106812,0.02059032931020994,0.0073263655204365815
0.9000115016792484,0.038720966853299496,0.02711229626852075,0.024561105721598534,0.009594129477332779
0.8337787777881966,0.04377009333687589,0.06181991153442332,0.043070653977862354,0.017560563362641644
0.812810453468893,0.044278183486871334,0.0807351106855456,0.04664888505824637,0.015527367300443514
0.9113197677119055,0.03618189853454839,0.019527830202193137,0.022964979236040774,0.010005524315312384
0.8561268851278255,0.042625363581321234,0.047517092528268676,0.03954748249433017,0.014183176268254447
0.9067742692958984,0.01744403270932652,0.025696499017591034,0.03487290439169882,0.015212294585485201
0.6081669036084351,0.0938301885166851,0.14945327538038838,0.10049776506234238,0.048051867432149065
0.8596063929892274,0.05915671708942697,0.042087154028524955,0.027170087620054094,0.011979648272766793
0.8178189504119815,0.07533069436286956,0.05520906278143675,0.036621582759584666,0.015019709684127617
0.8909076584086978,0.040133755402374724,0.03079277192002883,0.026313091773128235,0.011852722495770423
0.8162936945839835,0.07284026317907269,0.04502643871026851,0.04741909092541191,0.0184205126012633
0.901141436303074,0.019861505645945854,0.030575418826104775,0.031348620243975,0.017073018980900367
0.8699754691606111,0.053369676738080164,0.03250724421915645,0.030359031127843508,0.013788578754308943
0.7426843763090721,0.09855482844420756,0.07035923036850356,0.0578683593507468,0.030533205527469878
0.8670144176162072,0.040253883247551525,0.04401570600646794,0.032974821573439596,0.015741171556333644
0.8281355819086307,0.057341279686106486,0.043142773971014445,0.0443154838781168,0.02706488055613167
0.9168591578213509,0.03723617641079557,0.01892524109777438,0.01882386642044918,0.008155558249629997
0.7929363171175623,0.08973830084081873,0.058664802019585786,0.040066377512014105,0.018594202510019173
0.8111718498876431,0.07135920209017356,0.05175761497142253,0.047094598504872145,0.018616734545888688
0.8014588051907329,0.06849556894862677,0.05100803786523587,0.05568392679908364,0.023353661196320596
0.9237706794614299,0.023671157472124595,0.02181666194859799,0.020608014660543527,0.010133486457304238
0.703713726606972,0.0998234308822706,0.09140164319624297,0.07466242933433606,0.030398769980178465
0.9007791039355847,0.03689781410014608,0.02486631847983431,0.025683012394198106,0.011773751090236798
0.8911429896897198,0.05601333740571447,0.015503711183183444,0.024512394858971734,0.012827566862410612
0.8416165624021716,0.0835026943335144,0.0251454240376332,0.03177813659136416,0.017957182635316715
0.824138884603065,0.07118081978385471,0.052877244877823415,0.03499216076305249,0.016810889972204705
0.8076404031030676,0.04655570554400337,0.07172838142509859,0.047473387966823134,0.026602121961007575
0.9304413871424987,0.021254783232849482,0.015483298238038358,0.023177400307867982,0.00964313107874565
0.769651227460983,0.07170680751807362,0.0453481670676925,0.06859409314415182,0.044699704809099176
0.9379837458955225,0.028813315543542037,0.011125003915630056,0.01432647811629877,0.0077514565290064735
0.9194824953204908,0.0192044964995964,0.03180825874493308,0.01904668764347134,0.010458061791508442
0.8439123111615753,0.036551977837537795,0.05552463787849111,0.04322521291248917,0.020785860209906484
0.9254395981234627,0.02350121537398026,0.016146627269699124,0.023310848219874662,0.011601711012983166
0.7911763218684437,0.060600819757232166,0.05895011344492018,0.060713515281577986,0.028559229647826003
0.7136830780373179,0.13231772500069736,0.05678983797191999,0.059231286455326826,0.03797807253473795
0.8616602987868598,0.06395850904989313,0.023243361729346747,0.0341770448219559,0.016960785611944522
0.9380352862522179,0.024166820490976522,0.01107023851792683,0.017682026206684142,0.009045628532194552
0.9032431536075128,0.03404879276465725,0.02119563200239396,0.025640870416078036,0.015871551209358056
0.8994537068414418,0.0380355349646504,0.02030634485501493,0.02677313149092039,0.015431281847972586
0.9133151875318162,0.027138135603997377,0.015796904406413296,0.03117180734846021,0.012577965109312644
0.7346438092310266,0.07859230212321078,0.07186233024023111,0.07306666591853277,0.041834892486998856
0.743016208043222,0.06933044158659425,0.05891806587484033,0.08567961176447515,0.04305567273086814
0.8750616672729384,0.0403190849516958,0.026102696312844186,0.041447851777512715,0.017068699685008824
0.8281475828113118,0.02902909634027675,0.041281564580460554,0.07006130402300849,0.03148045224494213
0.6513901639193985,0.1254349325569528,0.04529312995557804,0.11045508000840872,0.06742669355966174
0.6619272358350683,0.10930353182906616,0.10114729697870589,0.08260206538679371,0.04501986997036622
0.6579670954917224,0.1608540443177218,0.04896718906349754,0.07840297546972322,0.0538086956573351
0.9408188210150702,0.01588700540594557,0.013644899013251442,0.017078018288348467,0.01257125627738444
0.7711294700981673,0.09615070832032134,0.031622851640941946,0.06213663188483391,0.03896033805573555
0.7229323668436449,0.09947766781966463,0.0521746338762655,0.07323179967771638,0.052183531782708514
0.7227691325774748,0.08830533269583075,0.051230924859930346,0.08361529711799673,0.05407931274876734
0.803144372774004,0.0841988745915005,0.03906248056532281,0.041861707188784264,0.031732564880388614
0.8931455074970925,0.04113579510549267,0.016863903634255814,0.02933278827258962,0.01952200549056942
0.8934649205040132,0.05215203351336067,0.011296624104634763,0.02695044902382191,0.016135972854169598
0.9104695413723326,0.025102181411760873,0.018660372650629604,0.02778608767641122,0.017981816888865645
0.8094427485793748,0.06552147433367739,0.05063316923990428,0.047884138760178524,0.026518469086864928
0.79620746573202,0.06602943902743567,0.04576373896119343,0.05811732278465291,0.03388203349469817
0.9319311742469705,0.0225941551349989,0.009325959950247412,0.020596484327259818,0.015552226340523202
0.8892386811266065,0.04351924211065004,0.023787518669042274,0.026169417753199885,0.017285140340501406
0.8378503664729675,0.06604653617938781,0.033996835902532135,0.037850707407812954,0.0242555540372994
0.8806849109288997,0.03372218673160929,0.01775243645833207,0.04209575674440959,0.025744709136749484
0.9057857955611369,0.011142586684396714,0.03777146866375146,0.029042987816453113,0.0162571612742617
0.9682515458941318,0.0049169930053780024,0.0035022488300459264,0.012294385220756718,0.011034827049687536
0.9678171557976116,0.0038237759517906317,0.004174085942620259,0.014160218206888885,0.010024764101088776
0.863550364709672,0.01212117345465369,0.03210175097234619,0.0569983138660768,0.03522839699725147
0.7719720291736255,0.01274256028782142,0.05440982516671812,0.10062711204373505,0.06024847332809978
0.2919348573853018,0.03806500757644324,0.21487989630258827,0.2808992513580558,0.17422098737761094
0.29054859951314493,0.03251164515120627,0.10858973792010149,0.368744342365746,0.1996056750498013
0.43025667587435473,0.043206220062978654,0.0958560171887209,0.2445497149375656,0.18613137193638016
0.8237110992622396,0.024301269996213157,0.03230841489074289,0.07613071831839771,0.04354849753240678
0.9066837377821942,0.029240209671734,0.022109629476579608,0.029563797730368522,0.012402625339123605
0.7363748969924798,0.09758508863038623,0.07512863466143817,0.06152304224861333,0.029388337467082273
0.7990096051944436,0.07441404316939614,0.0608901349288093,0.03975148479111155,0.025934731916239226
0.8158472626332225,0.0797133729776981,0.030114463623440436,0.04689330123748369,0.0274315995281554
0.9341990534367706,0.015645590375024197,0.023678489582616362,0.01750408342424532,0.008972783181343674
0.9146498264072853,0.030320212227817243,0.018346634680772578,0.026595387321599585,0.01008793936252556
0.8884963568917034,0.053741284756684125,0.020810990924916423,0.02485443577059661,0.012096931656099532
0.8929402526663939,0.0549846952182493,0.018202882994353003,0.01968872313856354,0.014183445982440462
0.851152766209091,0.05857703733947729,0.03832690793072833,0.03414949399531273,0.01779379452539063
0.8391315327387687,0.06790361625913549,0.03534359867834194,0.038831912712241595,0.0187893396115121
0.7198519598738097,0.08665258073493189,0.07635017344530967,0.07833496176586102,0.03881032418008766
0.8891511685923594,0.03464987699384803,0.030891537571965763,0.031427976385317684,0.013879440456509004
0.9153930629267341,0.026717372084079885,0.0226168206524954,0.024404762166452564,0.010867982170237964
0.9049101154863687,0.030276117788210776,0.02266599453074044,0.027689838630971627,0.014457933563708704
0.91720938945389,0.03309197948066497,0.019972758632415592,0.019884208260933185,0.009841664172096417
0.9015629172045564,0.05262886283986,0.01721395908994883,0.018652578666625445,0.00994168219900947
0.8448065761613184,0.08271648456442775,0.01706045679808461,0.03676051933638414,0.01865596313978516
0.7777047266612266,0.08296376936342667,0.045734361010908865,0.06822784107494645,0.025369301889491384
0.8118698378082377,0.07871042699304648,0.03386046029481251,0.04960284540070693,0.025956429503196054
0.6953961059617368,0.13197595084669797,0.05424182997793397,0.0808441475234028,0.03754196569022837
0.8210161528388309,0.07815367115533223,0.03564529063495154,0.045408969697825104,0.019775915673060196
0.9328678416772058,0.020643757847257072,0.012651272167504151,0.020892860376518115,0.012944267931514746
0.7203543496624016,0.12947333233792402,0.04589316914317799,0.06763063260050774,0.0366485162559887
0.8936600408372082,0.029105811061287262,0.026427264549594497,0.033112828636431585,0.01769405491547848
0.9469692532648641,0.02326647586127033,0.008933504534508706,0.013641949648352159,0.007188816691004576
0.8114909555456751,0.06892454124465272,0.04172912955796127,0.04913587109250992,0.028719502559201263
0.8995978016980898,0.05187073985552896,0.013107209171276972,0.022361926278760578,0.013062322996343507
0.883214651027722,0.05254724114166417,0.015158725534089064,0.03181447040774248,0.01726491188878255
0.89669849659538,0.03781421586662393,0.01400240424455944,0.03567355687035437,0.015811326423082146
0.8023543796710261,0.07983968250944204,0.03196978012120456,0.0547621692001597,0.03107398849816773
0.7875833746584924,0.09354935418019461,0.035560601907996724,0.05317735311917728,0.03012931613413899
0.8586861446754803,0.04277705052971442,0.03618054525701057,0.04116236333272782,0.021193896205066773
0.8209324295577509,0.06252894494031054,0.04480709094421053,0.04344854809436128,0.02828298646336676
0.9120343497943806,0.034163064270520724,0.020933896888672414,0.019851372568772695,0.013017316477653454
0.925214666604057,0.028010672513881566,0.00738741976401469,0.02501983059586391,0.014367410522182811
0.7706579868030146,0.11100066515437969,0.031757816209141976,0.05735119019105282,0.029232341642410918
0.885856582540155,0.032976897720938016,0.020593299594716452,0.039522799709492,0.02105042043469843
0.6938306207406533,0.1476466119473708,0.04947124926771557,0.06559325684487484,0.04345826119938539
0.8611575699415694,0.07703888969264266,0.026384263318334756,0.023338790895796387,0.012080486151656817
0.8668272411203882,0.06239154060357067,0.016204335352223837,0.035913610335009616,0.018663272588807713
0.8951331286349712,0.04126302989682286,0.017164219924947155,0.030825794334884707,0.015613827208373987
0.8629258012453018,0.04856605856083349,0.033152065015918906,0.03503198528008385,0.02032408989786173
0.8851074908354006,0.03248193691956761,0.03283475389902262,0.03337066365335895,0.016205154692650107
0.8684653920100648,0.04044028726343361,0.023516601074340126,0.040449735198222814,0.027127984453938665
0.8018187990209694,0.0557174947532808,0.04254750634434549,0.06475998305400692,0.035156216827397606
0.8347790959767257,0.06941052387671211,0.029685355468933593,0.04142755503887527,0.024697469638753425
0.7829877690891703,0.10432156290038777,0.032899447421587444,0.05013809991214392,0.029653120676710727
0.9123525644268865,0.03340611369453885,0.018285343066902555,0.02256071270097425,0.013395266110697777
0.8910497613784885,0.03550347463764795,0.02227234159634215,0.032342042660396975,0.018832379727124454
0.7515116095054944,0.08933239153402052,0.05757574443677095,0.06937105292045592,0.03220920160325836
0.895201744109425,0.03363412887708423,0.019815264174228683,0.03357318513873247,0.017775677700529714
0.7377317240543593,0.09856740053985871,0.03844739836657868,0.07930769955663068,0.04594577748257253
0.905610149680168,0.03196818056181852,0.026122641149588264,0.02404030114473762,0.01225872746368744
0.7997979903375191,0.10771615021692454,0.0329212068826796,0.0396339890209168,0.019930663541960086
0.8879036305441984,0.0402642563983961,0.02366290352286121,0.027611370573029603,0.020557838961514713
0.8824389208988185,0.05586294854513525,0.016207046817506073,0.028666378451688426,0.01682470528685176
0.8610539232744477,0.03945889688989761,0.03914644703869744,0.03410014228521198,0.02624059051174512
0.8764652184005229,0.026194523040432554,0.04052225161664568,0.034501481475964685,0.022316525466434062
0.8887203601617021,0.045421806921789334,0.027726645937658917,0.023360242057487792,0.014770944921361755
0.8542843838794454,0.027879901167978616,0.04796238179547578,0.04352641179086882,0.026346921366231513
0.8378242537935215,0.06277272740133698,0.03903082815498568,0.036544051251703895,0.02382813939845192
0.8821941421374612,0.025426388714867795,0.03621976536345235,0.03366218435660515,0.022497519427613532
0.9511659857007508,0.015952684495104816,0.011495126707936554,0.013254783560059049,0.008131419536148791
0.9198078432655393,0.028512747621199926,0.012713944993028276,0.024303257398281777,0.014662206721950836
0.9151565114369001,0.022638422308052342,0.016071899745707604,0.028013917485989068,0.018119249023350836
0.7787817055573479,0.0990509256528918,0.02193414484262738,0.0648233722614119,0.03540985168572105
0.8467037433910076,0.06873799098476142,0.02159387042690428,0.0405485533784951,0.02241584181883124
0.8295029604487572,0.06075839450914296,0.03398606367771018,0.04627259847609113,0.029479982888298624
0.8605648119089354,0.04157024019686385,0.024502311262616705,0.045667427332990354,0.027695209298593693
0.8248238179871713,0.07602161582176055,0.023082260672333047,0.050439233400764186,0.02563307211797093
0.8466494185513352,0.06267422243685415,0.023370851614958665,0.043567464249207995,0.023738043147644012
0.8170273469751693,0.06117842286406536,0.025623091127268908,0.06049962239895849,0.035671516634538054
0.7911264980087088,0.09481252692157793,0.030599401629129636,0.05231125346128376,0.031150319979299956
0.7262932342119128,0.1309807789841781,0.03850262397076205,0.05880484482019415,0.04541851801295286
0.9046573267532841,0.031245620491005065,0.011717379229825306,0.03288236217912847,0.01949731134675686
0.6881965150306485,0.1283801946595902,0.02804080148619292,0.10181550869548879,0.05356698012807964
0.8215875735590498,0.060897489741185494,0.031486757038175495,0.0575823511333862,0.028445828528203057
0.9177156283615117,0.03379092109055127,0.016222819731179453,0.01907424779891809,0.013196383017839554
0.7629678386244166,0.09113435740236374,0.0451961521913885,0.058344287472283415,0.04235736430954756
0.8737101832083415,0.04705797430197611,0.02154170867802436,0.036041406311481165,0.021648727500176785
0.7690561065847025,0.06914198624526027,0.04657473766069278,0.06986460018279134,0.045362569326553095
0.7801261219522213,0.11409794092025116,0.029210542516291068,0.04618766940964256,0.03037772520159391
0.6383850548307576,0.10747725415865492,0.07631910152084063,0.10188533936070625,0.07593325012904067
0.8220856643886131,0.10151444534035886,0.01775322294499144,0.034261489599345586,0.024385177726690938
0.8191173901653933,0.05259300047297049,0.0490901680455207,0.04906449592735641,0.030134945388759084
0.8872117036014675,0.035633241510028474,0.025466756834581744,0.029219921291432287,0.022468376762489993
0.7473600700654851,0.11192744503263788,0.03742975468934346,0.05890655635443289,0.04437617385810044
0.8316830566796383,0.06799905064519639,0.036095315033558,0.03882513725834358,0.025397440383263883
0.9306086909144323,0.035395457552765755,0.010133046831139235,0.01383095451968523,0.01003185018197756
0.9460775105527484,0.01871935969063832,0.009490560265698325,0.016288321052780757,0.00942424843813432
0.8300648306153275,0.04775453484603176,0.03197164711434482,0.0549953191721097,0.035213668252186144
0.7761279576745072,0.05734044850652166,0.02944628950222656,0.08451583989870154,0.05256946441804301
0.797354186544386,0.060442892925176704,0.03079002289297331,0.06913821844832493,0.04227467918913874
0.8669720334835179,0.05309220106412206,0.019098234800007708,0.0385830059374983,0.022254524714853955
0.8246009354952207,0.05411164007378693,0.03553543582201653,0.056856310727450926,0.02889567788152486
0.8737749006408743,0.03555846398217574,0.03835427682749491,0.03361981966696341,0.018692538882491668
0.788740353963752,0.08762016365629921,0.033770172522183485,0.05106544132948595,0.038803868528279224
0.8987211438841665,0.02610708075007658,0.015988126615810914,0.035112298372554265,0.024071350377391935
0.8398914093361686,0.042931016341248705,0.04453193279785607,0.04627957558801204,0.026366065936714735
0.8960663041662844,0.029241593189767184,0.020784974066435737,0.03473099470972469,0.019176133867788006
0.920795724890778,0.015216823017771679,0.019056637697532557,0.02544308140389818,0.019487732990019668
0.8937984393220378,0.0382450282933418,0.02262089488175944,0.029404475766668336,0.015931161736192512
0.8326170653972158,0.07644020987980382,0.021267797977720406,0.04689996465186292,0.02277496209339731
0.8179346739905021,0.09032889681681742,0.02927099822328287,0.038456343829431104,0.024009087139966398
0.8280203730593365,0.06607034971881567,0.02768562887491623,0.0505351751583645,0.02768847318856715
0.7923076915731911,0.09336058937788036,0.02128348624712335,0.05841913803758908,0.03462909476421591
0.7961826514540806,0.09347000868153167,0.017266655912607856,0.05682096472662527,0.03625971922515478
0.8629546870042402,0.04277081740529006,0.02566705496967761,0.045727904582264896,0.02287953603852715
0.7574225633674221,0.08931897958820421,0.04774966564177588,0.0641655550413452,0.04134323636125275
0.8651639798873643,0.043878219077398105,0.017888200266810636,0.046954732710764086,0.02611486805766294
0.8797619762592419,0.03746749797758396,0.03136842664882675,0.031194146330680576,0.02020795278366686
0.9248098140490554,0.021707971004345746,0.013174440743600304,0.023616941157083196,0.016690833045915524
0.9197151072840485,0.03773776098531991,0.009805017067698053,0.0199757713213695,0.012766343341563898
0.9001289373730917,0.03429650596115818,0.017334428795347114,0.028199566177596443,0.020040561692806515
0.6205541720189858,0.11075807393640573,0.08454769908588897,0.10749505540752148,0.07664499955119788
0.7603260429782905,0.08362733778169987,0.050221427121723484,0.060159843184441474,0.045665348933844524
0.8741488415122216,0.03196926505454031,0.027094237655503547,0.03693642369967707,0.029851232078057496
0.8435152081187661,0.058259562455466374,0.028165839272461198,0.04558957331729268,0.024469816836013528
0.8107767115792089,0.0774492686064168,0.02669741464429482,0.048309639717156315,0.03676696545292325
0.8367862717311844,0.0521589612993166,0.02108915736147156,0.05470753915435763,0.035258070453669764
0.8672663597118712,0.049870378616727294,0.024058292147845124,0.034515237284338286,0.024289732239218015
0.7617573393797882,0.11148021981934629,0.029913891970917882,0.05584051578365568,0.04100803304629192
0.8211567686428244,0.038275765729038305,0.0305629463492409,0.06284366320518345,0.04716085607371286
0.7336459910141859,0.09582094327737513,0.043236057321413245,0.07139678123461336,0.05590022715241226
0.75988012309534,0.12113117712513662,0.034487190759360055,0.05237259520573272,0.032128913814430705
0.9502197863040821,0.01682082086103423,0.004669385794913566,0.016483001422058,0.011807005617912031
0.877625706462174,0.03845102044724912,0.018891020867415644,0.04190481856117282,0.023127433661988064
0.7078688791497911,0.09475143531695296,0.050690496598044955,0.08714944107835819,0.05953974785685248
0.8474741059559999,0.060068383313675554,0.014234271406556094,0.048780255433442735,0.029442983890325576
0.9454905259214336,0.01706819684756628,0.00714213075928454,0.021121177816306277,0.009177968655409145
0.8808954028840946,0.054074075204793806,0.016582958747868075,0.031228013748197173,0.017219549415046196
0.8987152387735496,0.04443269498107632,0.014847135819878348,0.02637218547561519,0.015632744949880324
