Delta_Power,Theta_Power,Alpha_Power,Beta_Power,Gamma_Power
0.8175166838452737,0.09415327279169601,0.05153794053169887,0.02267247716039742,0.01411962567093407
0.9714716617301664,0.01624592292502164,0.006721123988766672,0.004055056106170569,0.0015062352498749175
0.9633843603032095,0.01749880850811065,0.01038463103867288,0.006511363198346268,0.0022208369516606187
0.9507535293575851,0.02050957715287694,0.017080390477589365,0.008235398776408071,0.0034211042355406294
0.7926592849467665,0.10072577955882822,0.06417725066778861,0.03275473013147819,0.00968295469513852
0.8808074849704418,0.06665119608891179,0.026513262509300153,0.017872383302565818,0.008155673128780476
0.9263884289065288,0.0396493571752455,0.018792839217317846,0.00944975405928824,0.0057196206416197425
0.890033360518948,0.04978206198636582,0.0296105233313876,0.02062780821977039,0.009946245943528009
0.9116556216712347,0.034512554398044105,0.029168482909762906,0.016625847185491104,0.008037493835467183
0.8532794574901847,0.09339302439895043,0.034616965327434066,0.013434736443844504,0.00527581633958619
0.9050213663377867,0.05989148505926562,0.019978405332599796,0.009825108082742309,0.005283635187605511
0.8564390800901585,0.060118787299950655,0.05697012114022177,0.018689661579181477,0.007782349890487475
0.8615579908327777,0.055707417751954896,0.0524362292832745,0.02017174899197442,0.010126613140018328
0.9591728814042583,0.02349829859574291,0.011333046908852533,0.003896722999402852,0.002099050091743659
0.8900234622001177,0.0664637764272017,0.018824730976626163,0.01717962494692306,0.007508405449131506
0.8721425206860242,0.05561778269244678,0.0353308361139818,0.024683854671410335,0.012225005836136869
0.8133026741632395,0.12043958536296492,0.035989210669316596,0.019319385883442262,0.010949143921036571
0.9355724921306747,0.03379235586634959,0.01885131420813465,0.008411876425338156,0.003371961369502885
0.7949149922382907,0.13555969536316367,0.03455434256413107,0.023685598035092157,0.011285371799322534
0.8598285977782022,0.06659672093681618,0.03690472005698026,0.026496086527524443,0.010173874700476943
0.9593773746314385,0.02402877333303558,0.01010967285075275,0.003949965961837821,0.0025342132229354123
0.9395242626425796,0.03859290924498564,0.012275863176758866,0.006761689833921062,0.0028452751017547695
0.950465969900109,0.021983512025607107,0.019301207714397403,0.005780001826232786,0.002469308533653736
0.8920211900124582,0.06198341639488713,0.023763692172761856,0.01658949763708878,0.0056422037828041975
0.9218927852490851,0.0582605095268168,0.010116463590684962,0.006106785676746938,0.0036234559566662235
0.8344882092535296,0.10977085717667254,0.025512775351868792,0.017793585927400907,0.012434572290528152
0.9414367896313395,0.02777944465885614,0.01879266591315472,0.0073363671270612755,0.0046547326695883014
0.8951030825094289,0.05766192832419577,0.02699926127975201,0.011295920996540549,0.008939806890082648
0.8816443557931626,0.07939729446045088,0.015322731838788753,0.015746626036448885,0.007888991871148911
0.9148726905844807,0.03489535648994604,0.02427632660823115,0.017921271664972017,0.008034354652370181
0.8141818877101639,0.10531774635582225,0.04707523020919304,0.023501826294053396,0.009923309430767269
0.7437871504576952,0.1409131120458328,0.0732654026537518,0.029884056006822046,0.012150278835898254
0.897339732142021,0.0410436036262489,0.030189545148942183,0.021655006588437456,0.009772112494350449
0.859093471043789,0.06663943604442885,0.03958160439862168,0.024015734204999792,0.010669754308160447
0.7419826951615989,0.10854264786666651,0.09083905544867603,0.036250592690032134,0.022385008833026486
0.9391798953570135,0.03004938932745846,0.016321750243513407,0.008969977097315406,0.005478987974699361
0.944629834578344,0.029107689295366224,0.014314495786450896,0.006925704949452259,0.005022275390386737
0.9240519065420397,0.03537783208684708,0.02395439510225461,0.009986396833148148,0.006629469435710425
0.892271599595108,0.052669799464671756,0.030351645792616736,0.015530217565790202,0.009176737581813347
0.9644523495626577,0.019427813679739295,0.008739773922568628,0.005039647322322101,0.0023404155127123394
0.9002639970125166,0.054719544685235814,0.02066693950791382,0.01681153453851921,0.00753798425581442
0.8943684472312211,0.059150334605154065,0.029596484118999317,0.009670724350860402,0.007214009693764804
0.8333728224412815,0.09711016180158975,0.04045586380205901,0.017267344575849514,0.011793807379220091
0.8695423180620309,0.08477578630339722,0.025776587285282454,0.01204754247491418,0.007857765874375228
0.8898366227617622,0.060267800060961794,0.020835006492049658,0.020472692722532746,0.008587877962693948
0.9239370034767251,0.05062605532113976,0.01123484730501086,0.00829812126443246,0.005903972632691933
0.861326878245815,0.07429849989799522,0.043730854053554126,0.014189292950808136,0.006454474851827255
0.9279984093915523,0.04330631011803112,0.018525315063276346,0.0059019170643777,0.00426804836276274
0.8324110290740298,0.07726984998356984,0.04978051457745522,0.02605129049851994,0.014487315866425172
0.8730066207158796,0.07513142546838612,0.03280308960463689,0.012376022048768904,0.006682842162328381
0.8177099423482056,0.12684948676109067,0.02324449095035955,0.022152873655525367,0.010043206284818766
0.7434904445517234,0.10712686299523964,0.0913051702150654,0.038859385059376104,0.01921813717859545
0.8489551827149218,0.07828118359335202,0.04151528329464003,0.021612509500417983,0.009635840896668179
0.7466380376837235,0.1680170216645699,0.04839199136940833,0.026704562883189918,0.01024838639910826
0.9628383827494729,0.015608852270247607,0.013011238360661677,0.005676449697595236,0.002865076922022561
0.8985789072922361,0.04341919390392673,0.03652666923454988,0.013637774655217727,0.00783745491406936
0.8935868004252459,0.05706684670605158,0.028541180166536197,0.014722327499964008,0.006082845202202394
0.9275639801859915,0.03740234308373102,0.020118933898207046,0.009752385252926312,0.005162357579143802
0.964716359872413,0.01870689485672215,0.009822652462111763,0.004357246998391564,0.002396845810361481
0.9048856126503717,0.04419348032542052,0.028217432747586212,0.015134387159495942,0.007569087117125623
0.8645310391564183,0.060004759343253306,0.044271335667711596,0.01744278123283393,0.01375008459978285
0.9238653860420059,0.03853389480119363,0.02060919075454603,0.010426106355633059,0.006565422046621318
0.8330480071997803,0.07361736484312226,0.04414524690837389,0.03187439037631608,0.0173149906724074
0.9227559884922202,0.051106285361049,0.016900935708309365,0.005142514400985679,0.004094276037435736
0.8390932953220083,0.10847910448814485,0.02473035409598478,0.01947891479346672,0.008218331300395496
0.8715900952049523,0.06708828614561158,0.03274712962609112,0.019051516496999814,0.009522972526345269
0.87233307893684,0.07976591714585025,0.0249214569033394,0.014832614131693476,0.008146932882276824
0.9567467631623028,0.024950578514820732,0.008673404350722037,0.006654481990503175,0.002974771981651288
0.9716386623075466,0.016070776650034053,0.004636885552503348,0.0049783648540871455,0.002675310635828565
0.8886634560108505,0.0708251344296798,0.019620417135918247,0.014078899658990061,0.006812092764561433
0.9354485876132435,0.03315411292668276,0.01975552714120243,0.007570457169580238,0.004071315149291213
0.921318373676121,0.03827479130969418,0.02368009778475205,0.01031007896015899,0.006416658269273807
0.8949619715940287,0.04561410189252761,0.030819245119825835,0.01763968168608332,0.010964999707534477
0.9282666885829235,0.03223325043190705,0.023703152379880733,0.010885771525028851,0.004911137080259509
0.907546019365037,0.0493404461886287,0.02277136654126806,0.013380917947740842,0.00696124995732551
0.8572017449291182,0.06910247612279773,0.039235719960246634,0.021619239785413427,0.012840819202423847
0.7431759325528471,0.14805743521607634,0.06778538270226948,0.02790007276339981,0.013081176765407083
0.8797508346425654,0.06986313589723535,0.031586483731656484,0.012245909217058717,0.006553636511483961
0.8423562988683668,0.08092947638827121,0.044714371883612186,0.02121676642078193,0.010783086438967955
0.8712232678070547,0.06906706560893343,0.03510307514782087,0.013307418502993162,0.01129917293319797
0.929643519905507,0.04173100127237104,0.016970257602686497,0.006974269109510206,0.004680952109925221
0.9153810686759065,0.0355360044781075,0.031555114037415545,0.01098615089874182,0.006541661909828637
0.9322893775635901,0.03651861840947349,0.019374685128386474,0.006816844315910382,0.0050004745826397815
0.9434129086724922,0.021046069607258664,0.02253912268397728,0.008024379385865024,0.004977519650406898
0.8744597536502262,0.08673943225280373,0.02057548974813055,0.010243047837175827,0.007982276511663763
0.9047436722650382,0.06176757286426612,0.01603613022148088,0.010841158657815713,0.006611465991399099
0.7514395240719032,0.13832734251349635,0.053416425761481166,0.039629912084248264,0.01718679556887114
0.8587178141032875,0.08247732139434301,0.03288032782160129,0.017236149632051813,0.008688387048716132
0.8904425338747423,0.07242765265654716,0.02105963118659828,0.010267967953616407,0.005802214328496003
0.8526873557184866,0.06589972931270004,0.0406423674727055,0.029751797898434535,0.011018749597673468
0.819148706204602,0.0733635023636982,0.06815384967463575,0.025225679626556145,0.01410826213050785
0.8749254189839648,0.06549260306950022,0.040217128401382425,0.011944200277801869,0.007420649267350765
0.8753066317201118,0.06819869546223124,0.036887282392406726,0.011874089952883053,0.007733300472367042
0.9151048803622772,0.050221533715137406,0.016815210608182588,0.011055909182369223,0.006802466132033528
0.8648804505907929,0.1055459527857848,0.016130336642387014,0.008110538136482964,0.005332721844552169
0.9616427964747202,0.022594237193478927,0.010311549282160059,0.0028141607560681187,0.0026372562935724603
0.9139885846353664,0.0459767536819045,0.025013172642798023,0.00964844337643155,0.0053730456634995235
0.8858061236822815,0.06326748039554911,0.030003297549400447,0.013151275055158495,0.007771823317610315
0.8924577330445408,0.05549199987680906,0.026914232437015684,0.01779032140554082,0.007345713236093411
0.8713362719659511,0.07371587565459106,0.02977633825821486,0.014736861240203871,0.010434652881039189
0.4075353072461512,0.37007752137591365,0.08437606520764872,0.09282739809240857,0.04518370807787784
0.34091548591840537,0.3756202247353428,0.16793905627734074,0.042713904510097864,0.07281132855881312
0.40279721085409187,0.1952197798179924,0.21487630416084252,0.10925644123089415,0.07785026393617911
0.6797097584626247,0.16392221035217713,0.03958680276391544,0.0681065838502209,0.04867464457106173
0.7195302378632414,0.11148432837371344,0.06619610365529757,0.04239213107295386,0.060397199034793875
0.908323219123804,0.046149375619173066,0.027444495502342438,0.011250793408966649,0.006832116345714014
0.8744160719289216,0.08094252891705479,0.01867173506706106,0.017364753205347954,0.008604910881614957
0.878268411930301,0.0897886743716689,0.01576629102422471,0.010628544092956688,0.005548078580848637
0.904367600440577,0.055383079463797454,0.019888847013748788,0.012229541948177693,0.008130931133699275
0.8958943426371043,0.06533874723262727,0.01986745706925573,0.013872648793695838,0.005026804267316953
0.6914446219621908,0.1946658528676351,0.058106208927844426,0.03676393771048867,0.01901937853184103
0.8486093766541584,0.07362814664357352,0.046335639719515945,0.020342455691851745,0.01108438129090043
0.8787305601278961,0.051423196502332076,0.04190128779455343,0.017348795661353344,0.010596159913865115
0.8634453590967881,0.06567377949775813,0.042869334974486466,0.015898642127719468,0.012112884303247747
0.5956781743332893,0.17727876629992634,0.14060486832565836,0.05214409969635465,0.03429409134477152
0.9277045196147393,0.031598047144412576,0.021024204291622797,0.01231378068741016,0.007359448261815122
0.8705168567226236,0.06322758952500714,0.04022592114106278,0.015914110302238202,0.010115522309068354
0.852153397963557,0.07908936026424722,0.03813096721854893,0.019901488293641523,0.01072478626000527
0.8392472638801356,0.05216222198942273,0.06705737842874923,0.028651742337004765,0.012881393364687735
0.8929952660359948,0.05457195204282109,0.027361065847870604,0.01644804403216918,0.0086236720411443
0.9546083621194286,0.018136083439651122,0.016186255206975243,0.007317122364636218,0.0037521768693089936
0.8640533151201077,0.058135897729055364,0.048979389361412835,0.018817931227507648,0.01001346656191659
0.9450481010829728,0.027574170496746833,0.014805380009411877,0.00791552615262258,0.004656822258245988
0.9412491978411954,0.03513241028472443,0.011723488346138762,0.007346311234012854,0.004548592293928417
0.9115839877683426,0.05477900454880455,0.01899480290672811,0.009098452660790124,0.00554375211533472
0.9322854114494746,0.03410113190355731,0.020982770985887786,0.007549357899650364,0.00508132776142999
0.8680856814951231,0.06485717420700016,0.044612611315224836,0.01429745821046388,0.008147074772187759
0.9022673002657067,0.05702390224644604,0.026860252649882586,0.008288826268864685,0.0055597185690998314
0.9448203207454234,0.02635702276975137,0.018117247497323918,0.005932593748248474,0.00477281523925282
0.8366111255057397,0.10176961860312365,0.033527871016803316,0.019576810895688655,0.008514573978644843
0.9174127894109104,0.04013430625282678,0.024197365589365236,0.01140548558667924,0.00685005316021847
0.8694994311383164,0.07344829661714278,0.036172189007184816,0.011655417496288982,0.009224665741066894
0.8853092560310067,0.07479025173666848,0.01849829925230531,0.013059770366007027,0.008342422614012468
0.8483635405213001,0.0752872908215623,0.037886386623524754,0.025035911829907272,0.013426870203705461
0.8120817236893332,0.08494584649250193,0.06057813183742008,0.027823103604616952,0.014571194376127656
0.8816786710981157,0.07288292358828106,0.02427077522482329,0.013386171038134873,0.007781459050645205
0.8872690578068451,0.07027085151927365,0.024038953082438672,0.011807427763043044,0.006613709828399606
0.8481066668234452,0.07704103001940672,0.044441433051550065,0.01950214221104828,0.01090872789454971
0.8498644136746868,0.07982207549819001,0.035832876523585196,0.020494158809858366,0.013986475493679722
0.9069883174701188,0.06114463888353415,0.018731542719407104,0.008105109621062785,0.005030391305877096
0.8234670043635653,0.0828525584260035,0.04373834991364215,0.03241712482596576,0.017524962470823118
0.8979287244442238,0.055736510298332875,0.027186631116850324,0.011333875759161179,0.007814258381431849
0.880583471475411,0.07319860779460453,0.02152943680921571,0.015121650537991894,0.009566833382776798
0.9265085334230713,0.041824678148559016,0.019083410182352937,0.007451765192527137,0.005131613053489478
0.8898253372463867,0.06991986270406338,0.025032319812767146,0.009291638961255216,0.005930841275527504
0.7459784135306411,0.14594124534157873,0.060148149536231155,0.02941316059901116,0.018519030992537888
0.8671730591556738,0.0767828334672304,0.028904322738832866,0.01789218056080745,0.009247604077455621
0.92656230381555,0.04567811204114231,0.01667826355361087,0.005615878152479433,0.005465442437217214
0.8753321493057266,0.05565367419145481,0.045304348107216875,0.01275169654256877,0.010958131853033154
0.8265078655161512,0.09736052986629434,0.044044206494797754,0.017069821664138524,0.015017576458618174
0.8821217555339254,0.07117192265442299,0.026937671621255706,0.012000397605440112,0.007768252584955536
0.8649847443990298,0.06502686584657527,0.051491669349960426,0.011600919471457435,0.0068958009329768135
0.9079208415360998,0.061563937455788455,0.015419353515295718,0.009635975529681371,0.0054598919631347565
0.8736670508734443,0.07447298417181364,0.023493092395573404,0.01804223104801107,0.010324641511157693
0.8747088273799402,0.06278577121402117,0.03585673676772967,0.015537125459945587,0.011111539178363373
0.9056104709385944,0.050928049870244255,0.02143430700945372,0.015573074879371615,0.006454097302335844
0.9433367584199265,0.029981599617935097,0.014055819778081373,0.008064424251418376,0.004561397932638937
0.8802375869547138,0.05945405152068609,0.02944476808714302,0.021853264566307765,0.00901032887114928
0.9063032165911964,0.04367205970323656,0.0297925461716454,0.012785581347043634,0.007446596186877921
0.837641092213029,0.0989931429976576,0.031689235406696506,0.01838931365148055,0.013287215731136287
0.9489004906676533,0.019995535225334468,0.017459377600122856,0.008849558892818696,0.004795037614070726
0.9010728980073122,0.03288980108189179,0.03870871608886257,0.01746347336710135,0.009865111454832053
0.932862882543209,0.03156980274272685,0.0225678384202977,0.007851301558716838,0.005148174735049683
0.7883716569365952,0.10517742578062309,0.05351708339064233,0.034484006602533424,0.01844982728960584
0.898355584240178,0.05528745281219183,0.022303496830584316,0.014694957272798978,0.009358508844246764
0.8825956181280584,0.04735561156191097,0.038895192720027505,0.02211218544632128,0.009041392143681735
0.8723105884917375,0.08129773630994135,0.026795457016558007,0.012269818415511956,0.007326399766251414
0.8618938567632035,0.07200579374958,0.03398050299596142,0.020996822154482214,0.011123024336772966
0.8941294654378723,0.05237848596067089,0.03081478894227035,0.014485177349362851,0.008192082309823608
0.8853016259261312,0.06460281652581183,0.028707695519540787,0.011929122021523754,0.00945874000699251
0.9135914228607774,0.05019927954200969,0.019903081831212716,0.01004861361190331,0.006257602154096822
0.9237145179160781,0.02649069097317417,0.023325661531430637,0.01709484600876557,0.009374283570551777
0.8035888701100534,0.10159662250721778,0.05801346707697889,0.0201506715671163,0.016650368738633656
0.8970925779786404,0.04791336112128646,0.029860842074973956,0.015926949223769422,0.009206269601329855
0.9481861380029194,0.022115204632186882,0.017724401103916737,0.00794785054518721,0.004026405715789812
0.8808999873098423,0.07032851681828106,0.027854264093728515,0.014030295968847717,0.006886935809300329
0.9125920782498036,0.054248024434560546,0.017641522241199338,0.0080837519025954,0.007434623171841222
0.9406443941091001,0.028595382842721798,0.01652358170675749,0.009621239923238867,0.004615401418181924
0.9557054989123569,0.020671389166636762,0.013815260300901617,0.006113834133651097,0.00369401748645366
0.9086317077987733,0.055484568138835386,0.019367785120522882,0.011218910379821,0.005297028562047508
0.9237207632374742,0.027903947088845426,0.03085641494133973,0.010617211353815199,0.006901663378525417
0.8889145011377674,0.07590311693490205,0.018975492786537852,0.010404589254707584,0.005802299886085285
0.9459724308240316,0.030318636523649335,0.014374382174743844,0.005498471153244631,0.0038360793243304675
0.8685027984077969,0.08306424290655573,0.025667710633371553,0.014630077248642421,0.008135170803633554
0.7893086698381413,0.12608306307152436,0.051755257036531964,0.019907539672690273,0.012945470381112305
0.9133146347380039,0.04810192066108128,0.023934530195817278,0.009855067644680426,0.004793846760417327
0.8059188602622027,0.091771756031769,0.05771544800593918,0.026843751695350204,0.017750184004738837
0.8273042586785615,0.06082768031098504,0.06875905626876327,0.029150397124219716,0.013958607617470625
0.9309503189797789,0.038055044327295715,0.017156412924140156,0.008344010332157446,0.005494213436627809
0.9023181095161927,0.06536795167487558,0.017493921906517104,0.009047228865559805,0.005772788036854684
0.9198648834151784,0.038739564206295214,0.02666216635595774,0.00911810001058399,0.005615286011984648
0.9263861910233437,0.039386988632340934,0.021109809517298975,0.007999007109233468,0.005118003717782738
0.8198078501412066,0.08244721206652462,0.05968008007873381,0.02805487610892273,0.010009981604612162
0.896123671477587,0.05880214167523146,0.028849407328075997,0.010578483954954471,0.005646295564151159
0.8849904436631546,0.0564596898992926,0.031169282214281183,0.01760321787145446,0.009777366351817224
0.9307158717083167,0.032419339550084525,0.017784677260308333,0.011631132902253868,0.0074489785790368855
0.9591981506827335,0.019471391782753023,0.011232769544743592,0.006252027353849043,0.0038456606359208974
0.7769039531949895,0.09710159287462856,0.07271077476533143,0.028673796827081995,0.0246098823379686
0.8193924538238841,0.07195722094963995,0.06712938609373453,0.027255978030633652,0.01426496110210788
0.8462365642298898,0.10769657946291093,0.02562852524860283,0.012439054424749857,0.007999276633846657
0.8882586169957525,0.06992648439996302,0.018328710930956903,0.01452660248272796,0.008959585190599447
0.8929616059690351,0.053495184321998866,0.031159052062087116,0.01320975995581139,0.009174397691067794
0.9251213312751815,0.04006106474840556,0.02018758994225731,0.009034362492019884,0.005595651542135839
0.9511149932166683,0.014223116278202918,0.021628151967745035,0.007856241032928007,0.005177497504455607
0.950779321987932,0.019713414627232945,0.018007136854958035,0.007368438539246466,0.004131687990630274
0.917607323533604,0.046812771505547905,0.020760394997081256,0.008390341374658132,0.006429168589108886
0.9385900256916403,0.03819600168391871,0.012529831799898477,0.0058399525944060286,0.004844188230136457
0.8672400195590223,0.07429416827760282,0.03425846362049376,0.01355010173781598,0.010657246805065308
0.9142879792560284,0.03805473224733006,0.024889912039427437,0.014647999178289385,0.008119377278924549
0.6650507992296657,0.20454022894688162,0.07485948614120479,0.03512673133301323,0.02042275434923462
0.9257411027433885,0.024427956515350225,0.029742660530087547,0.01331494460088226,0.006773335610291504
0.9392838156546852,0.028524817994338748,0.01971366171719558,0.007341953540791725,0.0051357510929887044
0.7279413007661144,0.12308311780073829,0.09076919099807612,0.04006765097884016,0.018138739456231085
0.7502140185731373,0.13456402080431484,0.06926715832908194,0.0314159722829763,0.0145388300104896
0.8362065789854101,0.09487891388269513,0.03735816037867599,0.01878069577684146,0.012775650976377315
0.9204547172632096,0.04605049335317693,0.011905086845305867,0.010609887965693876,0.010979814572613655
0.8481928504396018,0.0773149941989148,0.04077490689031069,0.019312895657755402,0.014404352813417213
0.8418201564333901,0.07179420522109069,0.05353310096976481,0.01870746763137678,0.014145069744377715
0.7820438490980913,0.11041655251061534,0.051650496784467044,0.0378692213468268,0.018019880259999756
0.8124785159079992,0.08540060085818628,0.05069876625441897,0.03456589751556015,0.016856219463835132
0.8267286037985746,0.10201945579470392,0.04309218022021156,0.018422979649326283,0.009736780537183779
0.8914666419939453,0.054867150859624195,0.03151248436011681,0.014396881181187914,0.007756841605125798
0.9464780019717721,0.026485398054927223,0.01580967448536771,0.007461717360397765,0.003765208127535222
0.8901329556979038,0.06430149384157245,0.025247967400004675,0.01245926356211751,0.007858319498401494
0.8929271295658,0.04808368778619982,0.030344273976260404,0.01822687721001963,0.010418031461720335
0.8972665230082413,0.04362737459165027,0.028741956425403066,0.020118174211334845,0.010245971763370573
0.8196930654262556,0.09919671351493517,0.05244325167171934,0.019256476634003452,0.009410492753086615
0.8479701879155085,0.08669964506028854,0.04301213672344996,0.012438767183867354,0.009879263116885823
0.8106793760039187,0.11841662776987309,0.03916137341298599,0.020207475992165484,0.011535146821056835
0.7973819213653939,0.0814828392509098,0.07031693023564303,0.030120352624901887,0.020697956523151425
0.9538611262103117,0.020087907555864974,0.013478451818686992,0.007692087618654051,0.0048804267964819405
0.8589150627122731,0.08870866727389572,0.03177196600576051,0.01187044949953312,0.008733854508537522
0.7625457559732639,0.12281927539540546,0.07253480495431959,0.022858694087821704,0.0192414695891892
0.8038562767419875,0.13239998794234695,0.030784113735975917,0.022171101021681953,0.010788520558007723
0.731484985466428,0.16988291180492468,0.058283605032038485,0.01894333788662501,0.021405159809983604
0.8436155885007581,0.09005704410285498,0.04615982976309518,0.01289509438031814,0.007272443252973685
0.9086678273440414,0.062028279398808395,0.016003787667064194,0.007916756016432241,0.005383349573653811
0.8766959957586548,0.0697439415276647,0.031832989836634226,0.013740280110548588,0.00798679276649777
0.8773304291657472,0.08739267518301741,0.02060713429337282,0.009263785269051975,0.005405976088810531
0.7405869833824525,0.14108776626268987,0.07033630853587813,0.028593280640548044,0.019395661178431264
0.9079405032286746,0.04079518618550562,0.032871259850789966,0.011707497175412971,0.006685553559616781
0.9366919930209057,0.03756673888716609,0.014689473661712254,0.007439592555367025,0.003612201874848838
0.9324005285695711,0.03741557775914233,0.01593153347048526,0.009230343856301509,0.005022016344499775
0.908025492989739,0.04837031328448504,0.01717576542727691,0.012465938968590806,0.013962489329908168
0.9053556267449729,0.051677244974951374,0.023725911592708714,0.012208402689386546,0.007032813997980787
0.9443035496814768,0.02871094572036279,0.01548398442761236,0.007014753355509482,0.004486766815038617
0.9417352058962989,0.02120929521280129,0.020934151441030474,0.010855357572356967,0.005265989877512296
0.8961273707864854,0.06173510123334729,0.02588094584193784,0.0084781853224889,0.007778396815740422
0.9091662368241469,0.029319849622449205,0.03473321898010908,0.016608055770247255,0.010172638803047678
0.824357093212129,0.09506727474349982,0.04492250803315325,0.02148816635770876,0.014164957653509159
0.8770066839736625,0.0713638698299622,0.030323326170174886,0.013841171964720315,0.007464948061479998
0.9121146571478947,0.03919311955890929,0.026715381239315578,0.013868277488912917,0.008108564564967443
0.9096715218376428,0.04561929984470339,0.025414325865859354,0.010898269266110474,0.008396583185684023
0.9128058514247842,0.03892285418671921,0.0267647392065215,0.012259196699977867,0.00924735848199728
0.8381557495880024,0.09568947362773886,0.040018715729008364,0.016276027589505953,0.00986003346574454
0.9308007012645546,0.038367914043500054,0.017921238284037383,0.007559259396379366,0.005350887011528707
0.960048952747456,0.021676453885674685,0.008937746984909794,0.005936173221336285,0.003400673160623145
0.8847453350845969,0.05844455952747446,0.025710617609655016,0.019204960562968054,0.01189452721530566
0.9010878442957118,0.04521105652293461,0.029113255482645237,0.015112566838475812,0.009475276860232626
0.8650196875628742,0.08497188610865959,0.027333086450859214,0.013886570572384979,0.008788769305221888
0.9431326005225877,0.03443951645233212,0.010900777398398866,0.007621021586591596,0.0039060840400895907
0.9131773657402154,0.036529463365389626,0.028908643384886985,0.011952425923546308,0.00943210158596166
0.9246426236788652,0.02947619419712931,0.025427750304822312,0.011276461748825113,0.009176970070358063
0.7371439886235222,0.15734133759572402,0.05935293952145209,0.02884983547280887,0.017311898786492728
0.6410819659031025,0.2179271556472477,0.08256566779348185,0.034873747631138444,0.023551463025029324
0.8535681389886918,0.05862192252289197,0.04521933155442909,0.02941973021887797,0.01317087671510925
0.843041411520268,0.07179150939649817,0.03958744394796769,0.03007964784722797,0.0154999872880382
0.9356449851302523,0.026599170809947493,0.017493154176237858,0.01303688835615702,0.007225801527405365
0.9073460032516452,0.0514814127399533,0.018511831169302294,0.014870787782224072,0.0077899650568751325
0.9193920933969407,0.033513398685868855,0.022841827255355874,0.014686714459235542,0.009565966202599202
0.8648528709151608,0.075377369349344,0.03416350342231267,0.017077244661318335,0.008529011651864352
0.8715141003762495,0.0700185950630138,0.0274380041101075,0.017654403915015323,0.013374896535613747
0.903319860948273,0.0478296106792842,0.025543772164936078,0.014044162046741724,0.009262594160764994
0.9013152942857492,0.052262206156989365,0.02345777600069642,0.015449093695232346,0.00751562986133255
0.9083486063282824,0.03721032685764553,0.029416581162129255,0.01583731153140725,0.009187174120535596
0.9041275535105904,0.04896441625079108,0.027596526277060076,0.008896305724057448,0.010415198237500966
0.7607050588397372,0.1414289342761193,0.05605629696004174,0.025218860278328252,0.01659084964577349
0.842907768022585,0.08523351973740327,0.02489442070297083,0.027754260112995442,0.019210031424045503
0.8760902522494027,0.08390696748131578,0.01921246192158029,0.013199067113821525,0.007591251233879726
0.9068041538624837,0.03723341394029431,0.024389671251784352,0.010882188769651833,0.020690572175785966
0.8494024538988917,0.06117223315727604,0.03382412839394964,0.024582885304443074,0.03101829924543955
0.8989471149823278,0.05288170755471778,0.03023713013561288,0.010214526844144999,0.007719520483196641
0.9001017069614344,0.05281489550331872,0.030611613719317355,0.00944688898710242,0.007024894828827112
0.916535938663224,0.050605484350223696,0.015184340725087897,0.01073860198038388,0.006935634281080289
0.8774031100181162,0.09406276251240121,0.018605760457596036,0.0064354483594982245,0.003492918652388401
0.9234909373543505,0.046436039418098714,0.018048521883028763,0.007653774935798761,0.004370726408723212
0.8956494604343213,0.03959835880709725,0.03704401293299322,0.01922666102893427,0.008481506796654083
0.8455350870470204,0.06372745497800983,0.053953408089795096,0.02317207599437779,0.01361197389079692
0.7656887272473843,0.15568446225016389,0.04172788799777052,0.022667738261165384,0.014231184243515514
0.7611125961829524,0.14808046374303746,0.06563842764791539,0.017257946905732804,0.00791056552036203
0.9072918650479601,0.04671805660995323,0.030423859347219216,0.009012899633643571,0.006553319361223855
0.8279615791790134,0.0766494331424631,0.0593525331243608,0.02436474179095517,0.011671712763207557
0.9204573292842516,0.02651658166216575,0.026193299568849544,0.020147580868080016,0.006685208616653067
0.9106849276636576,0.04092597144197402,0.027222842547368932,0.012842012216070972,0.008324246130928234
0.9543142139051602,0.01780966192250436,0.015375379716558458,0.007318640736748172,0.005182103719028572
0.9162055130369049,0.037187985585715365,0.01880800052100213,0.018593357982393376,0.009205142873984303
0.9224863471262355,0.03918147641531376,0.019932072835932395,0.011108588668623012,0.007291514953895323
0.8850472679140285,0.0631209090481275,0.021155166739345685,0.018842792103904753,0.011833864194593454
0.9207510224910652,0.049326199594973495,0.0106213981119867,0.011426672611077118,0.007874707190897482
0.9183872945157772,0.04307295499924578,0.021133449884083586,0.011528667207177126,0.005877633393716485
0.912069638035557,0.03600289502657414,0.031512186054301804,0.00984842166763131,0.01056685921593586
0.8159308471273988,0.10738042062920944,0.03518725388928052,0.027412259775394476,0.014089218578716872
0.9166551748423857,0.0439592642327375,0.023154187065252775,0.01003076624910353,0.006200607610520558
0.9028028817577002,0.03691535667766392,0.029227529415318653,0.01850128391605882,0.012552948233258527
0.9251847012969451,0.03538015877908469,0.023841145286708863,0.008648799709649704,0.006945194927611587
0.8873001302383465,0.06607886360602751,0.02664535839171566,0.012573372323216364,0.0074022754406937044
0.8990836922822556,0.05041390366626691,0.028051280755721383,0.013758385636184332,0.008692737659571681
0.7607315927373774,0.13876979122894656,0.06777326175068417,0.014729036361351809,0.017996317921640075
0.7781601121009386,0.13330509187412096,0.057259491648537,0.020695921383490155,0.010579382992913411
0.8397041583215522,0.08865832807201275,0.03932928542998334,0.023360118514725234,0.008948109661726475
0.9380666939971732,0.03103810682038591,0.018612650042594783,0.007164833055541865,0.005117716084304166
0.9069563678879111,0.03591554201764706,0.028215571807870165,0.015276306790438919,0.013636211496132773
0.9188884170779146,0.044716491371628336,0.016606151447995172,0.011851471513860967,0.007937468588601261
0.8832938863698566,0.0784024528636099,0.02089325437428874,0.009370774444630692,0.008039631947613897
0.9064827884108189,0.04662025072300678,0.022437106827112592,0.015762678830584596,0.008697175208476864
0.8497690360094788,0.07659001374045765,0.040880727363805686,0.02299121432016255,0.009769008566095378
0.7483880862284524,0.15895564064079798,0.046581933297535696,0.030863691985770263,0.015210647847443564
0.8861751768372069,0.07300870901002252,0.022446758385353302,0.01144108414197645,0.006928271625440582
0.9245104813110003,0.04068057032581211,0.01945266787837736,0.009221689554955842,0.006134590929854298
0.8570222158918206,0.09506602099557594,0.023986822107696804,0.014204280534352784,0.009720660470554133
0.9373492143230698,0.04507819112940148,0.008724571123523376,0.005511996396492088,0.0033360270275131637
0.9271661599690654,0.03272241297456159,0.023195075238257302,0.008963039878989523,0.007953311939126193
0.9267339161492799,0.03475609620467351,0.019502086420474928,0.012367728943134194,0.006640172282437452
0.9333519201306483,0.032852420293628275,0.01690320865667648,0.011056968512296908,0.005835482406750286
0.6698823981764913,0.2947165969339511,0.01990048796160057,0.009178387101824965,0.006322129826132095
0.9033003561438069,0.07528337875133906,0.010290781792002266,0.005469348467844051,0.005656134845007747
0.6306481090052025,0.20795989614607027,0.12600920340954963,0.030042280980804952,0.005340510458372445
0.7313344538262749,0.12892618891808175,0.023558382253424354,0.05133904068653603,0.06484193431568291
0.8808354182344923,0.06965674524002512,0.024977381888327932,0.009465034422786393,0.015065420214368175
0.8385454174839175,0.08096986834455569,0.03722945845233342,0.013818370682679493,0.02943688503651371
0.6133815696598178,0.18709282285989495,0.05300695995696779,0.03322657461349114,0.11329207290982823
0.8308568496829897,0.052009756733247176,0.042145936507763146,0.020552344871509646,0.05443511220449039
0.8208135454072332,0.08409308607789735,0.03988756626669293,0.01983813710868402,0.03536766513949251
0.9036895428976204,0.06386110225939857,0.017285391699632488,0.008854389798023938,0.006309573345324591
0.9409805089437454,0.031172049445525967,0.016247136896404793,0.00755827070688344,0.00404203400744055
0.9650712064357654,0.017434772285877594,0.010362485541172656,0.004887031275254608,0.002244504461929927
0.8813967283037778,0.06242251793423834,0.02967995363535696,0.019322357972977572,0.007178442153649431
0.9390941165109804,0.030353681343817048,0.015746810896402133,0.009387571769273352,0.005417819479527222
0.903478248334436,0.06577701463342916,0.01805882201390124,0.0078087098337480685,0.004877205184485359
0.8238375889688536,0.11817669615252523,0.0403077758332372,0.010493476602455065,0.007184462442928995
0.8899925657231843,0.061674189384917186,0.029836788668000214,0.01176377317957122,0.0067326830443272595
0.8372301279084073,0.08256413952936903,0.04018224756966951,0.026275477522847816,0.013748007469706069
0.9078940569764893,0.059187431101885596,0.016813035403336625,0.010236616186595137,0.005868860331693407
0.8678611802060303,0.07787206124415125,0.030679291183422015,0.014999334809525975,0.008588132556870657
0.8564546623441386,0.07437378341787594,0.03632233662920506,0.019311997522704544,0.013537220086075576
0.8328140456770021,0.07921004613070282,0.04689226036732439,0.027222892142952735,0.013860755682018038
0.9288729077146514,0.022889014631617154,0.02709586767454285,0.01384351532231318,0.007298694656875524
0.8013985803971676,0.10574816457015611,0.04295911675407708,0.03601136513466422,0.013882773143934955
0.926306783765422,0.04475052447419816,0.01087012029835166,0.009922574342798338,0.008149997119229783
0.8433977052719617,0.09712740099621431,0.022963287247574345,0.025070168271097603,0.011441438213152114
0.910971451282568,0.0385909741157566,0.03029557629538242,0.011597595697040977,0.008544402609252105
0.8500872284611517,0.07983421243163354,0.03810469506420052,0.02124347941826545,0.010730384624748693
0.9295172535425824,0.035971040049024586,0.016293804282453916,0.012029292976299679,0.006188609149639497
0.870646133657761,0.080743965955886,0.02715505944553571,0.01407638787714648,0.007378453063670834
0.9300627573792701,0.029473881312374637,0.023470011418711377,0.010814922958903624,0.006178426930740271
0.9350623448661892,0.02476881241151563,0.021986565665737125,0.009469077918273965,0.00871319913828391
0.893623286151612,0.0708515172184627,0.021561836590543292,0.008530499980712841,0.005432860058669212
0.9305052489266326,0.0323722215065797,0.02130368258629082,0.0099473092235954,0.005871537756901368
0.8771255100392571,0.07365452757982396,0.029044027967242852,0.011636682569366712,0.008539251844309346
0.8584921781693002,0.06786042974836412,0.042380070132406425,0.02010401184954674,0.011163310100382438
0.8895075357173307,0.054676076893325765,0.027970523107115834,0.01504534629879539,0.01280051798343206
0.8806784725097851,0.07001170295797614,0.028353528852934812,0.012009547046859513,0.00894674863244421
0.9383919986539117,0.02689917623766834,0.01928094410032806,0.008418681625455287,0.007009199382636702
0.9336812079349589,0.04041918768433358,0.014645598971821756,0.006613107174623445,0.004640898234262452
0.9604479227471489,0.016659733792905883,0.012924742015183774,0.006064120178685274,0.0039034812660759147
0.9611894846551255,0.020520540939320882,0.008279862595555153,0.006743830759561918,0.003266281050436515
0.9351505463073776,0.02456867966084476,0.01962567567614632,0.013553118803649082,0.007101979551981964
0.8665986763194814,0.058014383789795954,0.036739629431490894,0.025009097772997507,0.013638212686234458
0.8564963381487,0.08163781056936936,0.03787022099885291,0.01434251468828031,0.00965311559479734
0.9211765318094419,0.03906120678466682,0.020362588730056922,0.012282134679866887,0.007117537995967415
0.9451743350072841,0.023531185972224162,0.01751232803492686,0.008850416550699104,0.004931734434865753
0.8732849961190727,0.06804993947800898,0.029196130914781977,0.02008738891056507,0.00938154457757126
0.8656642290266288,0.07309471244394333,0.03420736946167845,0.018064766665544733,0.008968922402204852
0.9710929852672168,0.0149973670595915,0.008023696850761746,0.0035227959864624733,0.0023631548359676
0.7932964121825461,0.13612831509486675,0.039458997458252355,0.018420788529034806,0.012695486735299992
0.9098486337013166,0.04686581752373826,0.02465049100233176,0.008472025602856795,0.010163032169756413
0.7328241290892159,0.15432023288580282,0.07024370921113772,0.02040968879123385,0.022202240022609763
0.8947998738712651,0.06635228805074452,0.01965269604496392,0.013805549415214741,0.005389592617811437
0.8118598536090625,0.11383745564176878,0.036920198631226586,0.024855183304881213,0.01252730881306086
0.9589545250069824,0.018989256358357225,0.013579669450167954,0.005836209246591087,0.0026403399379012486
0.9200802980369192,0.03758411352359649,0.031209558757998305,0.007027447492925363,0.004098582188560584
0.7006632111915988,0.16599944281440837,0.08958841568137338,0.025726442456192614,0.018022487856426888
0.7968309404354749,0.1135268788663645,0.057833761480314654,0.019953212450561458,0.011855206767284618
0.8659993243816321,0.05545706804564099,0.04741247876974935,0.01984395350621953,0.011287175296758137
0.8582748137118869,0.0904456558487838,0.028987055005638824,0.01248174733983691,0.009810728093853522
0.9623206747403034,0.015334911334568498,0.015188182663286993,0.004590768491945118,0.002565462769896206
0.9454369444549426,0.027881317534248322,0.015350884461552246,0.007851245909161256,0.0034796076400955573
0.921581917373308,0.027820148559061668,0.02939396461988875,0.015183964451616912,0.006020004996124729
0.894379092617409,0.05994837249374523,0.026036296879253594,0.014041452905100282,0.005594785104492109
0.8709253568007517,0.0677689736851059,0.035313694537286694,0.019272752593965933,0.006719222382890076
0.9265937264677494,0.0390765888197862,0.0205397563799259,0.008166214549388392,0.00562371378314993
0.9325406598206867,0.038592019499481066,0.017459195641507805,0.007108669936086495,0.004299455102237798
0.8804469624034104,0.06469728004026119,0.028543813339154483,0.020024035373441183,0.006287908843732779
0.8709021692757727,0.08717478160142463,0.023794114576701622,0.011800162095251589,0.00632877245084939
0.803814147625084,0.1287170866571269,0.03723982356042186,0.020500878509893367,0.009728063647473981
