Delta_Power,Theta_Power,Alpha_Power,Beta_Power,Gamma_Power
0.7657341590857484,0.09971201330316465,0.09452066735749796,0.02868559823867794,0.011347562014911095
0.7963597803695701,0.06706187344719176,0.07984966590783904,0.03897572637984781,0.017752953895551534
0.8261182367026298,0.1034196130000534,0.04870046953010928,0.01613994747074631,0.0056217332964613054
0.8949286358733678,0.054078839967860295,0.031724433279017306,0.014350526588445574,0.004917564291309152
0.9466291024383616,0.0165327849760128,0.024394250112851856,0.010265619970812226,0.0021782425019613054
0.8983571198791371,0.04857125514890169,0.029815132073154567,0.01774081224426339,0.005515680654543156
0.921852365472125,0.023466388699037468,0.03459474659696397,0.015555765477457384,0.004530733754416437
0.9267871224413051,0.02591012839808867,0.033220856331465695,0.010007635321543397,0.004074257507597332
0.9292422711313043,0.0333744900966596,0.01857225964229892,0.014269652023985759,0.004541327105751471
0.9145650270395035,0.033702099629535166,0.0156326116167301,0.021664366987920198,0.014435894726311115
0.8665332641303165,0.0822339145749869,0.015257661246946996,0.024662438717113884,0.011312721330635964
0.8746602813347347,0.05539577134536259,0.041066610072868936,0.02190430862074953,0.006973028626284305
0.9121379538999642,0.028291665187907374,0.038576778607391206,0.016243887193364937,0.004749715111372102
0.9085726974817901,0.0502232503677229,0.022750330883769074,0.014163120781165578,0.004290600485552633
0.9547118610668341,0.018680677552984266,0.01589728030603217,0.00796436324801525,0.0027458178261340386
0.9047094601799268,0.02438927968986035,0.052003146223334865,0.012696628788784555,0.006201485118093498
0.8722043131651522,0.06055125191482083,0.04374111331425736,0.017204252726152388,0.006299068879617148
0.9117435734945789,0.048797881432773964,0.022025628240197548,0.013933639615079534,0.003499277217370005
0.8363260825139988,0.0698557157590834,0.05447270920030458,0.030470348032246332,0.008875144494366879
0.8255716467479461,0.07266399105791814,0.0652285783331545,0.028317733608853445,0.00821805025212794
0.9263726340400585,0.04777033189954989,0.016158523835017768,0.007540656729388123,0.002157853495985833
0.9198464328336655,0.05477399558978482,0.01486002334284715,0.008365183263834647,0.0021543649698677193
0.8487908198165249,0.08314700112326806,0.03687263955969527,0.023797542272435874,0.007391997228075911
0.885646851858222,0.0606869213947823,0.033744483413032794,0.014548905831497866,0.005372837502465124
0.8889429944652951,0.053406912171240495,0.017474456500026974,0.02544128024596875,0.014734356617468657
0.8995927660026768,0.05205358397368992,0.016261391780546936,0.021273908398142305,0.010818349844944229
0.9420013827587895,0.02615730119817366,0.023446114817763743,0.006586902315611921,0.0018082989096611698
0.8528110885758537,0.05381729393298815,0.06633287183879018,0.022244904432842157,0.004793841219525485
0.9312742644841601,0.019389754992810537,0.02978603958347696,0.016069863079038595,0.0034800778605142105
0.9642636593002235,0.015328668027006657,0.015275710119885114,0.004276656677089997,0.0008553058757947653
0.8447674979195572,0.08218154397703174,0.049543617519885605,0.016242831019965622,0.007264509563559964
0.9152075613303619,0.04030406948836342,0.025871193398139213,0.01221306207918306,0.0064041137039521625
0.9423286455156147,0.03524459478186647,0.014604635781631181,0.00486304260254594,0.0029590813183416713
0.8043189766520298,0.09761051396511028,0.05875040743388818,0.028916221814772658,0.010403880134199142
0.860718331636897,0.08260845519844308,0.02575381199784606,0.02495152289645363,0.005967878270360295
0.883988275274902,0.05922966480915852,0.036003512027311016,0.014966497956437364,0.005812049932191153
0.9389779929007561,0.023216753119916212,0.024009686845604533,0.01029070394156562,0.0035048631921575308
0.9098992648022984,0.021288881059814257,0.045352656109407585,0.016457836600944804,0.007001361427535055
0.8908571316520322,0.03505182368493307,0.038819854189234546,0.024157093113029833,0.011114097360770557
0.8860053232428,0.043475691204701246,0.02453682609602988,0.03231689306179647,0.013665266394672273
0.6955667253497354,0.18803534856327042,0.04171906909376859,0.04733194740791418,0.027346909585311677
0.8607019902282357,0.036887324993424515,0.06575947751349637,0.026334051587374695,0.01031715567746903
0.9414958772400118,0.024301260756300826,0.021991671354486833,0.008656252820882766,0.0035549378283176295
0.9019658478498103,0.03520972500184493,0.03951059455345982,0.01863133183851819,0.004682500756366766
0.9283448019963318,0.03490303675566833,0.023456071531555833,0.008958425916906645,0.004337663799537242
0.748465405667756,0.13251650748433894,0.07156313795963223,0.03340380670514192,0.014051142183130834
0.8927142441714598,0.053096258638940776,0.03297874551693389,0.014993708793184497,0.0062170428794811935
0.8949620087722205,0.04918548379066178,0.03544426791397949,0.015683492606440943,0.004724746916697187
0.8478815341296574,0.09332106105177176,0.03975334192349509,0.013845671644754119,0.005198391250321629
0.8057285978088999,0.09893260134536103,0.050845002428307154,0.03235965247452478,0.012134145942907171
0.9138676488198763,0.0442095465105273,0.02611778409551881,0.012820206141935719,0.0029848144321419166
0.8235438325084271,0.052390270918279566,0.08608282401513137,0.02823505689751725,0.009748015660644673
0.9214898056635318,0.02714392637796446,0.03224427070872634,0.014196615908853604,0.004925381340923713
0.9136796140795025,0.03585964601466541,0.029805078281504423,0.015348371384844657,0.005307290239483028
0.9188244641058846,0.03681425334243389,0.012511215109985053,0.02182586858203366,0.010024198859662633
0.9126454019269332,0.0376324676635331,0.015836076634746708,0.0237404904776972,0.010145563297089594
0.8195318633404014,0.05480012453292669,0.0866259347736566,0.02896733595444274,0.010074741398572624
0.8482349634671231,0.08288544507513255,0.0482881302604499,0.01527141782667238,0.005320043370621859
0.9069161988706907,0.036539207434157,0.03294442003030164,0.014827981676634888,0.008772191988215583
0.9122708483742213,0.031299634330782776,0.03790198119033159,0.01394063035814791,0.004586905746516341
0.9243321433443038,0.046612705725614975,0.016151467256461997,0.008891542642581619,0.004012141031037515
0.8841344283503654,0.0660131383486733,0.029211327250644965,0.015494362525073274,0.0051467435252429
0.9227985771157763,0.04536965713997133,0.02088018930239148,0.0082698129727473,0.00268176346911368
0.8229878995568533,0.11180938058779988,0.03881885225204509,0.020410621067726856,0.005973246535574953
0.9095408046055328,0.05128328318458746,0.018970182502426877,0.015413170039682187,0.00479255966777051
0.8631805693804518,0.08193817081042074,0.03649467373340407,0.013871977628951265,0.004514608446771682
0.9000797080471903,0.04121310724483286,0.040619718706855885,0.013501204157438518,0.0045862618436825695
0.8497983956337941,0.08663092345046068,0.0364898821195801,0.019541650238085132,0.007539148558079804
0.8810865975123571,0.037533783179625545,0.045245182097052195,0.028448410733453416,0.007686026477511652
0.9559538497448705,0.017061909601813884,0.016825780935097345,0.00736090231334698,0.0027975574048714467
0.936061951283255,0.032914040033632914,0.017624412206489762,0.009577444655673098,0.0038221518209489596
0.8368980404401852,0.09479063754353162,0.0416052770205914,0.022109410653923765,0.004596634341768052
0.7883567816436144,0.10367802549091434,0.06941121889482339,0.029771708712276683,0.008782265258371346
0.9211556804822703,0.03299582649853239,0.028186746367528877,0.012266640147528967,0.005395106504139815
0.7358753991082931,0.14984001646616793,0.07225859481259377,0.033083271312111084,0.00894271830083401
0.8646621794457856,0.07358988741979003,0.03595705892455197,0.019622157079420402,0.006168717130451932
0.9317683103214218,0.02586910936747121,0.025196470252925197,0.013747127185811444,0.0034189828723703787
0.8713412582762755,0.05973604935151478,0.04430293032812819,0.01830073297667313,0.00631902906740843
0.9159190546941904,0.048770483596303156,0.022678715868852724,0.009627016983029186,0.003004728857624672
0.9366653709014786,0.035351733446998254,0.015092742315937668,0.010318077966992642,0.0025720753685929292
0.8758316953957633,0.06430845439283046,0.03649829897432082,0.019131502781447398,0.004230048455637841
0.8743170932850006,0.06581247453600365,0.028537194134560812,0.025255360485600398,0.00607787755883449
0.8885350468279509,0.06204119967402878,0.022865209059980934,0.02047643642797145,0.006082108010067905
0.9237170564720381,0.029803437310640977,0.022249129801977043,0.01931282011015421,0.004917556305189795
0.7226505325195516,0.14056136532275013,0.08706061707088888,0.037737638287207484,0.011989846799601989
0.604070373654561,0.1965828643866873,0.13819167889140915,0.048177776868677365,0.012977306198665106
0.8846001527980137,0.05876433723554378,0.034781871377711625,0.01787281506169173,0.00398082352703925
0.8272298824543591,0.07900136314946685,0.06596586101056037,0.022474158656267812,0.005328734729345824
0.8791236554245138,0.07284314969663915,0.024901874175975433,0.0179087603501453,0.005222560352726275
0.9235994474475642,0.0417120941042681,0.017114239633691165,0.0141313306320351,0.003442888182441511
0.9012400974968053,0.05180414967592071,0.020736023292358997,0.020484626991284293,0.0057351025436305795
0.9273794733257911,0.04133331112908853,0.014431697102150332,0.012059239562876318,0.004796278880093818
0.8760764429074672,0.048024664308361546,0.04053219988006318,0.026093610081037878,0.009273082823070091
0.936061036920313,0.03160950447517724,0.01761105496350098,0.011465138254071375,0.0032532653869375453
0.7723056327117435,0.09210257821148114,0.08564585739511751,0.03740607687979985,0.01253985480185814
0.8197803386022402,0.07082399161346245,0.08223468027317148,0.020492682313090996,0.006668307198034948
0.8583506283211109,0.07069101521355813,0.05058504145511468,0.01515668538616883,0.0052166296240474435
0.8262886354693189,0.08702237878561603,0.054225447809830934,0.024879588970920755,0.007583948964313599
0.8805297735200851,0.04917343565850234,0.0495581599163438,0.017302944062552658,0.0034356868425160524
0.821182230208292,0.0697019344299252,0.07724752199273656,0.025203749882959446,0.006664563486086828
0.8978728396562731,0.05753367916834122,0.03060666338357389,0.010303500662346657,0.0036833171294651606
0.7829514546164968,0.11266338712995828,0.06298386201683617,0.0340121855264868,0.007389110710221784
0.7100109190463935,0.1998942773112082,0.060019447341690894,0.023721502348712585,0.0063538539519946745
0.8714324648162783,0.04791349800788904,0.047168687818764314,0.02510535734119305,0.008379992015875313
0.8989676617744284,0.035749789538737246,0.036393001563058656,0.018400747178727406,0.010488799945048179
0.9613013324403793,0.017069457138965984,0.011192097867747254,0.007397185302706472,0.003039927250200936
0.9002626719070858,0.055602072028922596,0.020454549007282816,0.01618634108312476,0.007494365973584102
0.9116869759518225,0.0462612088117345,0.029019717668888542,0.009368186588046144,0.0036639109795085245
0.9122499025509607,0.05705355801656827,0.01600631202459429,0.011251889881251007,0.0034383375266260003
0.7312200166505681,0.1718176559484839,0.05942557589254815,0.029076213349299992,0.008460538159099812
0.9090999155631823,0.05180179065759815,0.019514028732215735,0.016329946419146903,0.0032543186278569235
0.8738166807408398,0.05683371664701382,0.03758062037402723,0.026010920143417774,0.005758062094701496
0.9307785674334192,0.027471656884086957,0.027286431585967812,0.01106778969549729,0.003395554401028984
0.9273260477814966,0.03415881772234058,0.02592896242724069,0.010290902871784455,0.002295269197137616
0.7764789724680834,0.13035235642876264,0.0644504374308161,0.02260258724398767,0.006115646428350131
0.915674191524508,0.03125757894425393,0.03454124558810825,0.013845847899912694,0.004681136043217107
0.7926060337996054,0.1307246122523308,0.038897473537691366,0.027602424179857546,0.010169456230514807
0.8109681248171415,0.09743271089330824,0.05832668226837523,0.025730773399973123,0.007541708621201799
0.7376926688518888,0.14294491179498844,0.07350755944533777,0.03588562083262166,0.009969239075163568
0.947652712863842,0.026520256403278358,0.01606390502441769,0.007445983236022962,0.0023171424724389624
0.786632362119261,0.12826405539950417,0.04556433711410939,0.03215528348007733,0.0073839618870479755
0.8661522947024463,0.03711952071454472,0.0728858417103073,0.019216464107465008,0.004625878765236813
0.9198023120271908,0.03538277511251372,0.028678736669515942,0.013377382914004293,0.0027587932767753876
0.9375906032515463,0.028188658365444368,0.023709156935619372,0.008643795690073317,0.0018677857573167424
0.944062154636376,0.018955011611490567,0.027367946401699712,0.008028792923446906,0.0015860944269868197
0.9211820654165416,0.031693861975793734,0.029386338514643857,0.014292556459103718,0.0034451776339171954
0.8545491373579519,0.09439614932339428,0.03473569063796054,0.012764290522470485,0.0035547321582227362
0.9180811627656653,0.035714821359623075,0.03524900734744931,0.008615573520661206,0.002339435006601039
0.862822645118594,0.062275258279710456,0.052126257795844975,0.018768469353626544,0.004007369452224189
0.8938936506794686,0.047704519251272996,0.03756905562827813,0.01683720205550306,0.003995572385477083
0.8974071568645066,0.03736761335492996,0.04106275835954752,0.019461941120157793,0.0047005303008582555
0.7252742020387647,0.13680054421031354,0.07881479226149495,0.035743913191293386,0.023366548298133605
0.8084511340806572,0.06443025129188579,0.08598834771016539,0.03301204834060055,0.00811821857669121
0.9049644179969718,0.04575452934205574,0.032648743085316775,0.012894902220618131,0.0037374073550378705
0.8799923066804859,0.05930410092854998,0.033120527405105696,0.023587166811155552,0.003995898174702812
0.8779094488394704,0.04909996897357893,0.04788612710174749,0.019878945845774456,0.005225509239428543
0.8864270456283837,0.06600094489533358,0.029910452990280473,0.014185018534728908,0.0034765379512732555
0.9205985463273626,0.0318996473630926,0.028182881613358374,0.01459182568628995,0.004727099009896505
0.8686227985346211,0.07422695202039187,0.03595892283667384,0.017138424893842704,0.004052901714470543
0.8384181282401698,0.08488379453513693,0.03696617784591972,0.034839774652783616,0.004892124725990096
0.9282346607590116,0.03723113661800717,0.02260771182770166,0.009420334757066624,0.0025061560382132002
0.9605668998087096,0.01809895298136654,0.012149838080344389,0.006955323255437829,0.002228985874141621
0.8539684537960703,0.06923743576036066,0.04279309912223293,0.02577226191200641,0.008228749409329498
0.8557964547266063,0.07430023829754609,0.04577196900690451,0.020068489337691293,0.004062848631251965
0.6023155129148303,0.21230025503069652,0.12562894241314831,0.04610592501763239,0.013649364623692543
0.7988789287140462,0.07894831732136318,0.06944102937120165,0.03113629289957863,0.02159543169381044
0.9006198187311176,0.04819966652622973,0.03002993872398923,0.015348887462635038,0.005801688556028334
0.9026482036487232,0.04867398241064751,0.020664437685992357,0.018298627471117455,0.009714748783519394
0.8799525481638321,0.05718687277721559,0.03579764340101305,0.02146545527244073,0.005597480385498527
0.8506124543006611,0.08208590423575722,0.04649071166362525,0.01761823857549278,0.0031926912244635325
0.9061979148413379,0.04112256015581787,0.03815418443741262,0.011927633198185319,0.002597707367246338
0.9324963552981685,0.03210421691484445,0.025310845856261525,0.008200259543342074,0.0018883223873834398
0.7316291751033602,0.15466938356382423,0.07093976618655165,0.03347600946396554,0.009285665682298253
0.892245099425388,0.038065789273609825,0.04790824071936278,0.016980003283473717,0.0048008672981658534
0.9298771018912796,0.023842724502889816,0.027387484827073524,0.014233467818967166,0.004659220959790127
0.8467815812665297,0.0699307443797749,0.04923239985980212,0.02148058959278362,0.012574684901109506
0.9220291141031725,0.02447430347083416,0.029307395344061484,0.017638840024997837,0.006550347056934196
0.9094569117631224,0.03990996678449495,0.03165425873410654,0.015395457237508018,0.0035834054807680265
0.8362702795822513,0.05051145408277913,0.06764747378265637,0.0376218154659934,0.00794897708631979
0.8889715357579188,0.06455035519068869,0.031935619667361886,0.011262453774247559,0.0032800356097833316
0.9500177658589732,0.026504613776498247,0.01470300645021842,0.00635131596029194,0.0024232979540183357
0.8757093515229076,0.055693443606459336,0.04685816998872274,0.016435376196512797,0.005303658685397562
0.9335047346491919,0.03519418198388045,0.019460133327121956,0.009357302354691382,0.0024836476851143752
0.8581062871455636,0.07035902744038224,0.0430736739477831,0.02281093174389716,0.005650079722374044
0.8713624953218662,0.060927689446897915,0.04689191961992242,0.015474338358330066,0.005343557252983555
0.8854701357055998,0.048921760281326776,0.04883294904730976,0.013047819414289336,0.0037273355514744902
0.8832033300013822,0.06641411642948733,0.0340017228259924,0.013189529793037663,0.003191300950100436
0.8594028744438138,0.0765600537376998,0.03926028029124531,0.020395125308599348,0.004381666218641553
0.9315415019070765,0.0280108978722215,0.025210458964398264,0.01253131205594112,0.0027058292003625706
0.8757347496549897,0.08050788938820462,0.024902676467766324,0.015139590418182563,0.0037150940708569036
0.9518140858823663,0.02663043926213703,0.011448452537895679,0.008538277524349772,0.0015687447932512563
0.9199623750020404,0.045918126419423236,0.01962259273836866,0.011690288139466574,0.0028066177007012656
0.8817292925048217,0.05102532890214677,0.047094207952733176,0.016053010209858883,0.004098160430439383
0.8515310594675884,0.07146097578107329,0.05461584100801128,0.019280780517131293,0.0031113432261955084
0.880087083207614,0.04250466797324807,0.05420623296013472,0.019273776427118406,0.003928239431884917
0.9036529178631921,0.03777503205554603,0.03719362317356783,0.01799455215554887,0.003383874752145131
0.95042261603779,0.018779971252205246,0.019536672436800965,0.008752976374203154,0.0025077638990003543
0.8863728027378299,0.05277827578903112,0.03731059676119972,0.018737497313171085,0.00480082739876794
0.8833055640203521,0.05418992526313507,0.04325402583410572,0.014243251315152559,0.005007233567254705
0.8244966473148213,0.07899764049629629,0.0696962616654589,0.021209661621167022,0.005599788902256503
0.9166886289675472,0.05492530998861035,0.019140961138096817,0.007338897912801334,0.0019062019929443341
0.8580085402836136,0.07787723911524189,0.04194770947513664,0.017964592157916546,0.004201918968091235
0.8423281685040754,0.0928137679131485,0.0326930777006037,0.026863951630103133,0.00530103425206915
0.7698501593012256,0.12562725215301038,0.06937631289441362,0.02903316358501024,0.006113112066340321
0.8643444377967252,0.04993614414685894,0.06531088217726846,0.016517133891580337,0.0038914019875672303
0.8834667653617425,0.05940904725362291,0.03732310420978506,0.015283193931727604,0.0045178892431221584
0.9173422092142606,0.031253093212279114,0.03554526389722182,0.013187830454727817,0.002671603221510777
0.9436296312269647,0.02801356764483073,0.0184498054269843,0.007964416765948133,0.0019425789352720572
0.8873320767817579,0.042005619536978844,0.04844597898410022,0.0179520607811057,0.0042642639160572204
0.8989167167961863,0.028705661349698253,0.047550938092616395,0.02106297426575053,0.00376370949574852
0.8163589053550163,0.043598405065067396,0.09782145532295528,0.036183294125405246,0.0060379401315556755
0.6857769805886692,0.13253372932636354,0.11920957985882621,0.055044135015181704,0.007435575210959422
0.8084255777667853,0.11655323824770411,0.05373061790108925,0.01769768177604161,0.003592884308379969
0.9043876850493362,0.064267446293707,0.02009623344517184,0.009262238240574323,0.0019863969712105717
0.9479574684580779,0.02137714861444286,0.017074794856089905,0.011271092100911751,0.00231949597047744
0.8631058693525552,0.060730552434595006,0.03623202011702987,0.02491431380658995,0.015017244289230227
0.9511983758596917,0.016771857049321708,0.01696158695426526,0.012076404788663212,0.002991775348058134
0.9332246681977159,0.035411912822812426,0.017278625105617295,0.011976065749104762,0.0021087281247495313
0.9320332530240183,0.03614961176765574,0.019792033596753078,0.009043178180524908,0.0029819234310477626
0.895573265174986,0.05344963617836631,0.03316266883751211,0.01471987872288502,0.003094551086250596
0.9523039056876176,0.019574491939370293,0.01788159382607153,0.008151687974977083,0.0020883205719635822
0.8580639924432286,0.06252086070532537,0.05037086542247715,0.023407362326723833,0.005636919102245292
0.8989729978568701,0.06165003191576877,0.02501055632402465,0.011459672571767696,0.0029067413315686658
0.9116859413751667,0.03184579210613641,0.036794360406133514,0.015544187696751068,0.00412971841581241
0.9063434359136133,0.045698611716060496,0.02990053642604715,0.013708972930137332,0.004348443014141343
0.8915233507334731,0.05774974255715603,0.03515518534843437,0.011938557821364479,0.0036331635395719566
0.8605872241229421,0.06582158184960707,0.05127962612908216,0.017943184153643297,0.004368383744725542
0.9197643299815246,0.04182131096687659,0.02121156117307204,0.013391943157988945,0.0038108547205377694
0.8375171466736043,0.08307695975934003,0.04963305963873782,0.024538423458040234,0.005234410470277599
0.6805901002833905,0.17637292812369687,0.10289086578244945,0.03337281134549368,0.006773294464969354
0.870999443488955,0.03404385290921471,0.06317697149441871,0.024950524171370145,0.006829207936041562
0.8825596598633395,0.030655993451986746,0.06358942396929756,0.0164043021378641,0.006790620577512067
0.8901499699767057,0.05970673070972992,0.025647969030410014,0.016035554047253247,0.008459776235900999
0.9634158594638921,0.01395467096301855,0.01573685732189808,0.00518634114812408,0.0017062711030671792
0.8611127497658594,0.08346830831788607,0.032877205709004334,0.018901914388408624,0.0036398218188416357
0.9193722957374141,0.03345427975787149,0.02093494970670807,0.020403453879177875,0.005835020918828664
0.9274563317983687,0.013837969132429349,0.02751231922924297,0.01586019695525548,0.015333182884703388
0.8036484455202123,0.08529497262544522,0.05020085335866244,0.031093795744459748,0.029761932751220396
0.8350157544027985,0.07226845376259347,0.048306622581658895,0.021295887093326027,0.023113282159622894
0.8654841687768993,0.0745834557047952,0.02534226358998979,0.022018194943087478,0.012571916985228358
0.7815587098942244,0.0791820658979962,0.0631833633861325,0.041185395040589705,0.03489046578105718
0.9071899945473131,0.04407922588450652,0.029537532348890973,0.01346750527737146,0.005725741941917918
0.81437764170707,0.0739219282763634,0.07263687401100972,0.027988719755258944,0.01107483625029767
0.8799231038142249,0.06219932115237201,0.03866010852528149,0.015565723483689602,0.00365174302443185
0.8617975093624404,0.059538204779197156,0.053692054111215415,0.019438074919933653,0.005534156827213266
0.9438693358526079,0.030594454686707916,0.012845930609634156,0.009951885982714195,0.002738392868335736
0.9595631879726805,0.020838399970819012,0.012515426663576452,0.005487498763756581,0.0015954866291673392
0.8562065111675455,0.05862156963090342,0.0367856356276106,0.02999478254396414,0.0183915010299763
0.6726246594422146,0.15916865837317976,0.07436946048596312,0.049271585517822236,0.044565636180820135
0.9408321262155711,0.029745050933073246,0.017610326554148327,0.008292074927629383,0.0035204213695778576
0.9360250200799515,0.0355167193094886,0.01611291237943019,0.008650272742258937,0.003695075488870726
0.8928200500689237,0.05639897543381453,0.034945850565658305,0.012667070487574913,0.003168053444028619
0.8161560340255777,0.07045048915456929,0.0687578008390931,0.03725579377616586,0.007379882204594153
0.8457659390721856,0.08605815844704585,0.038432791320758886,0.02144008289674193,0.008303028263267547
0.7849338310590235,0.13260640456945477,0.051052775630246315,0.022153860587082217,0.009253128154193099
0.7891893897314659,0.08798341569541386,0.06790091345653697,0.04518276582015942,0.00974351529642389
0.8718587628638625,0.08748489964376749,0.021440780472555914,0.015437389527323505,0.003778167492490655
0.7793779818138671,0.14248404090699224,0.04601339019912799,0.02261885198649713,0.009505735093515447
0.9055739325219636,0.05049978466288875,0.02281035960038552,0.016274978297689795,0.0048409449170723935
0.9204646893280155,0.038797548072764663,0.025572697454464527,0.012109819204937748,0.0030552459398174646
0.8905468347803742,0.06695867739008525,0.02801030703105205,0.010683979183887728,0.0038002016146009582
0.7932688271764189,0.12002541097017692,0.04480455420947534,0.03165235079966622,0.010248856844262534
0.9035162475587395,0.04614987883121823,0.028900902263745094,0.016777367936777515,0.004655603409519656
0.9197676457874207,0.04125337061206731,0.02224931712725728,0.013220271733476221,0.0035093947397786002
0.8590694305630417,0.062476112001684125,0.048506005568980784,0.02378402963164585,0.0061644222346477345
0.9042795057273011,0.026888584794878892,0.04249448243665736,0.017242300203718388,0.009095126837444279
0.800885936603641,0.0852533418516345,0.06663903448192854,0.03542385710505079,0.011797829957744968
0.7198948392364475,0.12751735720033805,0.09623018995086004,0.044272466735300324,0.012085146877053931
0.882857641605836,0.06251575718182695,0.02970932455477091,0.019410195349130452,0.005507081308435733
0.7651672194491236,0.11502107112315749,0.0722362578060074,0.03779564854668634,0.00977980307502517
0.9429620593436504,0.029166559556676012,0.015611342548944212,0.009394859041085212,0.002865179509644047
0.8705033670805387,0.05632307708564188,0.047337657154932704,0.020074125599708576,0.005761773079178031
0.9080640469809013,0.04522296175966637,0.02571335168669096,0.011882867080205722,0.00911677249253576
0.9226097405532309,0.035246169885043005,0.018127868822089038,0.013291421408477807,0.010724799331159187
0.8010835508765978,0.10971978157320343,0.03862124318826848,0.03846421841218904,0.012111205949741357
0.940503916875894,0.02634819693574324,0.01871649010096457,0.011504300577841948,0.002927095509556418
0.8729500621814914,0.07722058302150438,0.02266060404023503,0.021411686656019908,0.005757064100749349
0.8740480711126348,0.0725138813410802,0.030105570523324188,0.016882328022204338,0.006450149000756631
0.9061925895506703,0.05868355183889267,0.02015426413407984,0.011641670467316985,0.003327924009040158
0.8863146556197972,0.05081461996582554,0.032699746325988696,0.025029046473124806,0.005141931615263593
0.9314347624439828,0.03527845916720005,0.019952760076027608,0.010023196574825232,0.0033108217379641553
0.8339207043381971,0.077767288784488,0.027176671537009506,0.0374084731656897,0.023726862174615643
0.5270888402357262,0.0820726948515804,0.02839488494892143,0.15488091337702903,0.20756266658674313
0.8542814112818341,0.07514817109122589,0.036929684412876675,0.025363682249157884,0.008277050964905452
0.9121686450229465,0.06401671197638113,0.011216174552191985,0.010017534986256455,0.0025809334622238977
0.8479429443912382,0.07806162196542933,0.05226491649173755,0.01753398574748466,0.0041965314041103475
0.9264834384524865,0.03583302211253803,0.021050662651660983,0.013106025491805678,0.003526851291508853
0.8271775314563306,0.07755560407591433,0.05232777976277754,0.03153883986045353,0.011400244844524203
0.8835141202484159,0.05982789372571151,0.025495018133350106,0.018639672564069877,0.01252329532845244
0.8571716739737898,0.05248520558639143,0.04216358447527658,0.0296675155270041,0.01851202043753815
0.820724855001881,0.09185711873687874,0.056889789346427445,0.019790686924381715,0.01073754999043113
0.8631875572535983,0.03154903486321491,0.06799004069689625,0.02872784001272315,0.008545527173567437
0.915350286559615,0.027749337549398248,0.039058332926212566,0.012565653162993152,0.005276389801781107
0.9223131559736725,0.027522387122226752,0.027079282739434527,0.015782441498817117,0.00730273266584891
0.9180755109904873,0.04011567589739757,0.019565963666818193,0.014001943248199788,0.008240906197096892
0.9305494586770634,0.02246013249059044,0.024228297725487905,0.012548100590871518,0.010214010515986726
0.9134114095338141,0.033930681743478054,0.026914112250165382,0.017827294431552367,0.007916502040990241
0.8899026977148582,0.06248614902319066,0.026981894107485804,0.01405058570936433,0.006578673445100906
0.8465567723524002,0.08968933927708352,0.0338408816601392,0.022539760345005478,0.007373246365371564
0.9351640636786704,0.024394133365297235,0.027374242548183027,0.009448998782016906,0.0036185616258325535
0.8478804149861927,0.10126188978947433,0.028040456217217923,0.018157230775522604,0.004660008231592253
0.7068316782729599,0.18845070337501266,0.0565992064609209,0.038038481877357255,0.010079930013749034
0.8962118405126362,0.0442814889519365,0.03158684342911514,0.02171955174251392,0.006200275363798206
0.9096411500481872,0.05446870528475648,0.018775614900296406,0.013259907753617198,0.003854622013142817
0.96619992370166,0.01712648884716042,0.009412698215700803,0.005784808913016512,0.0014760803224620742
0.8293934830638675,0.09383738513006297,0.04729904962289799,0.022174688687777482,0.00729539349539405
0.8625481605523008,0.06378403780214419,0.04245335562342311,0.024257846791932592,0.006956599230199409
0.8700964720912351,0.07134970266232839,0.03479164412339334,0.018526624334336432,0.0052355567887068365
0.9678797744763198,0.015337879944534269,0.00850601616240125,0.0057486009100810725,0.002527728506663383
0.8456878185509612,0.06324280844622467,0.04627755545791983,0.028729504426473495,0.016062313118421
0.8716803217411063,0.04945424278184479,0.031825454532567056,0.027725202708291524,0.019314778236190076
0.8985872561199126,0.0528719920627004,0.023571210701746823,0.01450093106988498,0.010468610045755094
0.8084067349181203,0.09956099460953133,0.04208166533768417,0.026863559783126788,0.023087045351537407
0.9229383146984779,0.028659158176048093,0.020703776841359562,0.015173514786653098,0.012525235497461555
0.9073183284258146,0.026382677509129926,0.025730326963098415,0.023585120144897515,0.01698354695705961
0.8763494294949029,0.05561362232875508,0.026789161452981738,0.022616604326179658,0.01863118239718065
0.8722416722674502,0.08317598748568245,0.019039679397772995,0.016896909426774142,0.00864575142232037
0.9233668957877902,0.04621300489816732,0.019412251626906435,0.007649361186099723,0.0033584865010361075
0.8853238423988223,0.08794319995876888,0.012113562920446177,0.011490041910392585,0.0031293528115699013
0.897374461466122,0.04981644627739222,0.027335733069536492,0.018962098963323095,0.006511260223626074
0.8445101510915711,0.10201435937284124,0.026762028673715476,0.019320372697796694,0.007393088164075463
0.919221555473723,0.046337660147452546,0.017441330204518175,0.01206809157417547,0.004931362600130977
0.9644424250255382,0.015489485379318652,0.008919694605016177,0.008105236294920257,0.003043158695206728
0.8924057004076935,0.05084300308423955,0.026886700800295805,0.019756435651596342,0.010108160056175144
0.89385413142012,0.06981695629893254,0.0164605818272492,0.013302184331496224,0.0065661461222021955
0.9198234090775076,0.056921404668017844,0.008477987598326946,0.010627868443141442,0.00414933021300623
0.9357256933609626,0.03376871825768325,0.017397930645460045,0.010976488483105699,0.0021311692527885714
0.9131097301141878,0.05597153284331502,0.01641652180827133,0.01046752660747771,0.004034688626747998
0.8747611985783154,0.06727011664907373,0.02583708374118748,0.02214928029224258,0.009982320739180844
0.8385238656174309,0.0867150967083036,0.04599367230805233,0.021714172294492098,0.007053193071721168
0.8121684438615122,0.09758856428065396,0.04444668109080793,0.03423950002853992,0.011556810738485922
0.8841185449135504,0.05544751972622221,0.02542037259839538,0.023688757438048914,0.011324805323782956
0.7057621711599456,0.16209289400809967,0.06888715208851723,0.048372879992542785,0.01488490275089467
0.8153726136034638,0.09534861980047607,0.04157995651005337,0.035271662897553596,0.012427147188453318
0.9339869441729586,0.021448702600086796,0.022624588681422447,0.014327903957799214,0.007611860587733067
0.9365149827069804,0.023715128995954602,0.018592459127015005,0.011500921501084553,0.009676507668965509
0.8132415101042867,0.12260577854479496,0.03021734359269646,0.022875463863082698,0.011059903895139108
0.890669896629511,0.04274137606633299,0.03355179092046298,0.021270019955024103,0.01176691642866887
0.9239954749679163,0.029888529675528245,0.016671435357047015,0.019749815758881198,0.009694744240627176
0.9379458052833429,0.02770046914914962,0.016324014059522378,0.011651268009458699,0.006378443498526361
0.894994473035538,0.052435279292122286,0.02674792341463074,0.01738990396194712,0.008432420295761833
0.9327734228474407,0.038721248010701176,0.00926609109834059,0.01346899453958005,0.0057702435039373836
0.9209188217747313,0.04399439748720172,0.018020225572786343,0.012920162973377352,0.00414639219190317
0.9115087560741517,0.05121260105922544,0.015561868129217478,0.016008234929257906,0.005708539808147239
0.6909978909373438,0.16201275557311928,0.08298166412693027,0.04421612139696169,0.019791567965644918
0.8609740435958122,0.08869238781787185,0.021685869705145498,0.02084606702138269,0.0078016318597875734
0.8914749010281693,0.048147035219622214,0.03600719072112996,0.017323029787084346,0.0070478432439942534
0.8928455647730935,0.06938685698852622,0.02082084319976801,0.012113967913803012,0.004832767124809372
0.8611244120827966,0.09801020944485155,0.019231042025616023,0.016142605061152917,0.005491731385582993
0.9211330811248262,0.043576536445071805,0.017455165475680233,0.013403789365370726,0.004431427589050887
0.8692487225640749,0.07298772660841192,0.03391560171651255,0.01709592089338538,0.006752028217615422
0.8199421911843772,0.09417618659206589,0.04197131447131853,0.0320921146297115,0.01181819312252701
0.9253710425854509,0.031666714934632224,0.0202001257479741,0.01709592926082476,0.005666187471117903
0.937149757611458,0.02186220302673983,0.021090161654977378,0.015774241682195694,0.004123636024629087
0.9156556116422904,0.035626877992352014,0.02265162953395397,0.019753758026162586,0.006312122805240983
0.9121381927550577,0.04071063422895639,0.02043560396957362,0.020622621422463707,0.006092947623948739
0.945133953887822,0.0281487235932086,0.014971792958917087,0.008535121765453742,0.0032104077945984974
0.899077326033352,0.05706721128536487,0.021503972825927795,0.016189080206695426,0.006162409648660066
0.9237861425970166,0.04187589266275038,0.017236886872589674,0.012448446560923906,0.004652631306719309
0.885029185005624,0.05045682550157772,0.03275976684519392,0.021646230119902445,0.010107992527702007
0.9520456397618932,0.02161927749714085,0.015115734424173778,0.007645027193826717,0.0035743211229653273
0.9572878617599676,0.022731090181432073,0.010932074292780276,0.006134678942766633,0.0029142948230532354
0.9019379346402158,0.06808782874600829,0.01292549561359199,0.011901870620335818,0.00514687037984806
0.8567378563181189,0.1112809388140253,0.01475801157284812,0.012360313787857043,0.004862879507150627
0.8818633791913753,0.07140857322048029,0.023083679767723957,0.0157378902641689,0.007906477556251677
0.940746647683647,0.037492385270832276,0.009745082918867231,0.008688049523197204,0.0033278346034561253
0.9327529503473712,0.04551216554431381,0.009578066104556589,0.008768961368566669,0.0033878566351915372
0.9433318061857244,0.030535395716478318,0.01377674183733903,0.009058727012053052,0.0032973292484053756
0.9507847989964021,0.03355607725064379,0.007123131110235221,0.006409294984439409,0.0021266976582795965
0.8637160795460989,0.062148812057839876,0.042450885554323074,0.023629658147410942,0.00805456469432735
0.920311609242003,0.03907535322848536,0.016922901167345555,0.01699528413697713,0.006694852225189011
0.9082781795306482,0.05720046566160944,0.010749334810771423,0.018852642218723157,0.004919377778247981
0.9263502958384848,0.040963993902465884,0.011686720344713901,0.016175121662807403,0.004823868251528066
0.9382771611425654,0.028036695766436356,0.016970815549826334,0.013269237478218029,0.003446090062953998
0.7688730808008227,0.09371499375221104,0.08470346660556029,0.04090462761765267,0.011803831223753091
0.8972054754263726,0.03363412414801873,0.03762710631031863,0.025032022317780657,0.0065012717975094555
0.8572434082508417,0.0708412265973886,0.031884853983457265,0.02653750229718505,0.013493008871127329
0.933945436725961,0.037679664456734,0.013782900652431037,0.010110163177541624,0.004481834987332275
0.9183138490704107,0.039784089858829814,0.022791596191856386,0.01442015910176244,0.004690305777140438
0.9487625374380173,0.023631987167337748,0.01332548475468674,0.010779656733952018,0.003500333906006034
0.9327607713271209,0.042574408416106484,0.007977971350634102,0.01134250679281106,0.005344342113327311
0.9515309548585199,0.02520778147353538,0.010746231438243653,0.008918015129692827,0.0035970171000082353
0.9527027018854473,0.031046826434546343,0.007907418348460196,0.005803490500099658,0.002539562831446286
0.9169290477052994,0.055577350338470805,0.015059238063792064,0.009066837489429116,0.0033675264030086187
0.9015088123047877,0.07184151181037922,0.013736260034792122,0.00927503024290081,0.003638385607139741
0.701026480380801,0.14726292729246573,0.07674968396074917,0.05087896217934284,0.024081946186641327
0.8161142367274697,0.07644239102183883,0.03268143619421513,0.04536825070125694,0.029393685355219384
0.7971946801956343,0.08507174588923772,0.06479203148446723,0.03395671042309527,0.018984832007565722
0.8191861190316939,0.05826202189418041,0.03627041785218684,0.052837985102227786,0.03344345611971098
0.8583399361026645,0.04225337958310897,0.060500527685325496,0.02873182731447512,0.010174329314425908
0.8992370156687041,0.04836205005381534,0.015184546022799778,0.026655254443145145,0.010561133811535632
0.9360882296938237,0.028347492130734814,0.01575808515500048,0.014674546095147062,0.0051316469252941305
0.8854176593321273,0.06958329849124609,0.018746937110198106,0.01680772529412941,0.009444379772298832
0.8702612781738289,0.08267297294509655,0.020830940543275674,0.016694951590675303,0.009539856747123725
0.8338506446991308,0.07594591265218223,0.04623051485682875,0.02901081863370265,0.014962109158155639
0.8643182678345319,0.04675136294123598,0.053041777058166484,0.02737139033801248,0.008517201828053269
0.8719779516740407,0.04927738917894072,0.04174435928772869,0.024490633466763015,0.012509666392526876
0.9569514167309696,0.013422605971287799,0.014177662255382157,0.011325500875177152,0.0041228141671831465
0.8656321046369653,0.07654852407258368,0.03130043279111056,0.01802581798570069,0.008493120513639636
0.8997896643833877,0.05821387122884884,0.022218317891053368,0.013964380551754925,0.005813765944955257
0.8659729504887389,0.07615104314793555,0.02192725038944915,0.024212183962424322,0.0117365720114522
0.9357672012064057,0.03181651840482289,0.014675349490250865,0.010855350892098933,0.006885580006421707
0.9190438453975164,0.041752093502718225,0.018561800915024868,0.013700347654481946,0.006941912530258703
0.9240808927030028,0.03441941584184735,0.012703648569337615,0.017302892666528378,0.011493150219283868
0.9176175325462922,0.04037537911578866,0.019196025467393248,0.01563534138387984,0.00717572148664602
0.9274028554906112,0.047217905181430354,0.011733572771690912,0.009651290826469034,0.00399437572979864
0.9380693153126954,0.03847094067960573,0.010317425764686989,0.008428142932491584,0.004714175310520272
