Delta_Power,Theta_Power,Alpha_Power,Beta_Power,Gamma_Power
0.9465902600726733,0.023293835577856845,0.01167650529485079,0.01138603690898735,0.007053362145631794
0.9509064250761187,0.02332677398684256,0.009920410635330529,0.010560696017996926,0.0052856942837113145
0.8907059919710297,0.03977310807977102,0.04011676593198597,0.02126929196915207,0.008134842048061098
0.9294730211844077,0.03427049849125483,0.021539455253571278,0.01038763908663659,0.004329385984129531
0.9364403904444305,0.035325033673712404,0.013009006011418413,0.010783967964004527,0.004441601906434277
0.8565138369120604,0.06651744917013952,0.053052650505442465,0.01656155826205994,0.007354505150297744
0.8983472102094863,0.04916286066067717,0.030760302476649966,0.014631049935344476,0.007098576717842061
0.7609997418244833,0.14273443979951617,0.035510149874224156,0.04432901074539955,0.016426657756376986
0.909934781996898,0.037961578757963556,0.02535953881764667,0.019003644426618903,0.007740456000872742
0.9121470225140225,0.029119175165724435,0.03522798518336499,0.016252857353848276,0.007252959783039858
0.9290716192689773,0.04228790090128631,0.01754687037199138,0.006900872043320544,0.004192737414424446
0.7892480643616607,0.08564463426235357,0.048501174303830025,0.043472298007821535,0.03313382906433432
0.8140551217384359,0.08170200142473762,0.055355829048202264,0.028616128115763462,0.020270919672860627
0.8842318405083531,0.0679109036212963,0.026256327362733704,0.015309892301262562,0.006291036206354097
0.8385075590191587,0.0949468177443043,0.02493949242991347,0.028171871428286113,0.013434259378337378
0.8991540885361687,0.04218926959755994,0.028377817376133676,0.022016973604368793,0.008261850885768874
0.8973490940588719,0.03784787718032801,0.03401230194018806,0.020910762477328433,0.009879964343283578
0.8878095658636551,0.06247505166688703,0.02620570738015666,0.016644389791299032,0.006865285298002154
0.9232204058783762,0.04028386556955639,0.020581305477778398,0.010011288350473505,0.005903134723815459
0.8139341651198976,0.08882075378113469,0.051894549146200585,0.03307103605319075,0.012279495899576396
0.764744948737607,0.08508443404271965,0.09588646653887772,0.03483774764147018,0.019446403039325464
0.8694719136457555,0.04584388551994484,0.04778461828107017,0.027100988922336675,0.00979859363089282
0.8827512408875821,0.03879792020814963,0.054384563038045335,0.015799419898642163,0.00826685596758075
0.8645671054576703,0.05349584470913913,0.049854774404352944,0.022282122542475667,0.009800152886361903
0.772038492522232,0.09676735646317017,0.08604747354667323,0.03254583670970474,0.012600840758219824
0.6576319356358046,0.162895101633367,0.11062191851449539,0.05203811133637093,0.01681293287996215
0.9016370728591259,0.05391876757495419,0.021946518026843446,0.015922734294849132,0.006574907244227313
0.868220554167864,0.08059399588923692,0.03137261063513431,0.01338986418231466,0.006422975125450092
0.8485684627288684,0.09159884046147644,0.03233012426690303,0.018540582456147155,0.008961990086604966
0.8924440155906638,0.04263490637645206,0.04022618630079871,0.018061008662486337,0.006633883069599354
0.8792485818447924,0.04786406820732379,0.05082426263006824,0.015701092231987082,0.0063619950858286225
0.8873027891218507,0.05002561314861628,0.02192121090364686,0.023529464922098578,0.017220921903787784
0.8491045760517852,0.07023212303541536,0.02451679120403632,0.027714396450503446,0.028432113258259513
0.6825149536324541,0.19558621819640437,0.05736765014248633,0.04010822116502866,0.024422956863626832
0.925462601729772,0.04116822993458004,0.017888777954401337,0.010046172658764656,0.005434217722481826
0.7844268539038556,0.11738496837984558,0.05527171530605085,0.02472481906997042,0.018191643340277855
0.7894149225084366,0.0750435818397256,0.06110317987230823,0.04162522730199828,0.03281308847753127
0.8023440660965515,0.07368046060101148,0.0581934330944814,0.03601188608679326,0.029770154121162382
0.890722915423479,0.046993674361401935,0.03435545540640737,0.01765910798665285,0.010268846822058739
0.9037789845443022,0.05447188953818546,0.021422563946957004,0.013390976711499991,0.006935585259055299
0.9274764398091185,0.02975868767880337,0.020853490442890758,0.014529271708638596,0.00738211036054889
0.8647548723255605,0.07124456863370537,0.030009259010094064,0.026021587072910957,0.007969712957729405
0.7555689051910504,0.12344696599868538,0.07356001743308581,0.03489917651981824,0.012524934857360172
0.7246788416565161,0.11847941403475103,0.10470113319714736,0.038056488722226334,0.014084122389359273
0.90984413114725,0.029127461087185842,0.03910309430955121,0.016399893013349896,0.005525420442663074
0.8706842666016769,0.05837454047680462,0.05193025884929563,0.01303139825420208,0.005979535818020661
0.8690843707893318,0.04897212382219854,0.05855087761864242,0.016152693585374373,0.0072399341844530864
0.8354622045865515,0.08110545323823261,0.06565629617690612,0.012086742203904422,0.005689303794405436
0.7754650671401759,0.08319595860182072,0.10062129328653471,0.02916299400071635,0.011554686970752482
0.871771864543458,0.03768310355904033,0.06712486583677044,0.01776226189235477,0.005657904168376291
0.8598908630676413,0.07023468130560262,0.044909714656176325,0.018714457658647,0.006250283311932569
0.7926369591670521,0.06816105911626837,0.08762664346889171,0.033961592650675616,0.01761374559711223
0.8967345287317099,0.05395906248332347,0.028588117174909798,0.015281378362944908,0.005436913247112093
0.8717615188723263,0.08163494466539539,0.017758154257899363,0.019767196818280194,0.009078185386098616
0.8151384131968479,0.09097088209043964,0.04921059411336546,0.03226314764543088,0.012416962953916146
0.9009271730923957,0.05557140761815105,0.021613253381276277,0.015429299929879547,0.006458865978297642
0.9360403094862586,0.02377956803224896,0.026445971695485643,0.010154903847406417,0.0035792469386006906
0.8357766886952813,0.07447439535250513,0.05544581693810718,0.025084577133806976,0.009218521880299483
0.9386270930184516,0.03100699410507325,0.019286268871412115,0.007464334585991211,0.00361530941907174
0.8966468703464183,0.05688361370418534,0.026418417873181523,0.0146154593785225,0.005435638697692403
0.8187083214543156,0.06922626236447928,0.06930326094829597,0.03057139220422626,0.012190763028682931
0.8652551436711416,0.06275448460184693,0.046725851341501354,0.018193732674788382,0.0070707877107214845
0.9113577928599299,0.04524356458154003,0.026686740327193148,0.011035113292097436,0.005676788939239423
0.7608385527246815,0.07717462297373273,0.10944250122046717,0.03987729327924878,0.012667029801869886
0.7387489671790302,0.10458220633283759,0.10768961301380306,0.03517456171251173,0.013804651761817504
0.8784691978206615,0.057773297219023884,0.04045567617894511,0.015848624180267265,0.0074532046011023395
0.7103103678314372,0.1437105138882569,0.08184530124630883,0.048893282102773786,0.015240534931223407
0.8689532710820151,0.07153320651021938,0.03844657238687509,0.013957093799684909,0.0071098562212053
0.8500585414514461,0.06340213100935191,0.0588239311587634,0.01954693338685308,0.00816846299358542
0.9236692255375112,0.036327196470272174,0.022872247994215538,0.013627570351126661,0.0035037596468745417
0.940111643047697,0.021299132414867646,0.02576938398105969,0.009282561575980511,0.0035372789803951054
0.8225865401488885,0.07081059177580591,0.061236620447737436,0.03395034785001893,0.01141589977754931
0.8152812900290035,0.099990679903189,0.0588674578248032,0.019745992699426854,0.0061145795435773075
0.9001173246105211,0.04431282925344543,0.035088303586133046,0.015277155270588153,0.005204387279312196
0.8509009003493881,0.047394840315501056,0.07464889640425033,0.019905206385567913,0.007150156545292279
0.8560248388047387,0.0636094467745453,0.054951964915247314,0.019104550733536493,0.006309198771932354
0.9332939864481807,0.034469625730777186,0.016857724244299675,0.010123792905177773,0.005254870671564784
0.805742217339318,0.1171606104822704,0.03771938458033824,0.03029389737141677,0.009083890226656639
0.8094720230920137,0.10419877730907898,0.050213422550862266,0.024898237914405603,0.011217539133639357
0.7976342105648292,0.07354582151860835,0.07109885317931464,0.046047584868267315,0.011673529868980572
0.8338984469680537,0.0721511613603432,0.06287336357248999,0.02235487495999607,0.00872215313911691
0.7521828067894263,0.11167606935414726,0.07077033778928542,0.046144341026916426,0.019226445040224607
0.728979964208746,0.12730849126537225,0.09270975984331645,0.03440059389364409,0.01660119078892132
0.8476309394550766,0.07987385717929292,0.03696131036674081,0.024605224234690797,0.010928668764198967
0.7549968017144071,0.13278683612837847,0.06807056133771824,0.031560965454095875,0.012584835365400485
0.9151046948146601,0.040633155194411345,0.02259919715775184,0.015298197036995354,0.00636475579618137
0.8438549064159441,0.1099634294305095,0.017827949705655245,0.018509751991809962,0.009843962456081457
0.8627844708161551,0.08848776903583577,0.017253354163023184,0.022738116999327995,0.008736288985658144
0.9239201044432079,0.05177067090226211,0.008287575125587091,0.010413514043127287,0.005608135485815599
0.9541327280776458,0.025532515650415182,0.009756206566899402,0.006767957384975005,0.0038105923200647653
0.9074655393202117,0.043621754934176894,0.025087065730863643,0.016220226519573173,0.007605413495174559
0.8577587708159696,0.08017121129401786,0.03489435793085201,0.016612494737765812,0.010563165221394666
0.8781245963363691,0.04803159130520118,0.04431270251638317,0.017229246337635798,0.012301863504410794
0.8669962112486476,0.06792160329841243,0.03982941791663337,0.018187641287312418,0.007065126248994301
0.826462211098536,0.08873607964930846,0.05122721478513006,0.021975158917009845,0.011599335550015575
0.9021714084943837,0.07093038709853386,0.01421362844164354,0.00845497100257048,0.004229604962868474
0.9218780867284448,0.04242870042086982,0.018609422937769737,0.012769327363315286,0.0043144625496004665
0.9246456174868442,0.026034234265777452,0.032394788501404884,0.011010953829744666,0.005914405916228785
0.7884449789044385,0.07653260580441057,0.09826535125160607,0.024567701162426087,0.012189362877118455
0.876013468362357,0.06499630533207401,0.033832705370514096,0.017849058281527722,0.007308462653527019
0.9582725951170766,0.019865126500994642,0.013501705289708177,0.005219845111735724,0.00314072798048486
0.8193752402468982,0.060103963845257125,0.07732088238759893,0.03088697907242083,0.012312934447825056
0.880750659956107,0.0594571359115251,0.03752373039250076,0.016334050451640603,0.005934423288226576
0.8918312523761299,0.04427932652427139,0.04043810194033397,0.017236861193030507,0.006214457966234214
0.8540061329340165,0.07091429479534281,0.053715089613838675,0.01393476199285906,0.007429720663943063
0.8689992563541203,0.05804057296487131,0.05038233239335076,0.015988404735117995,0.0065894335525397045
0.9158897583461139,0.042686830898340015,0.019212688120280902,0.015465588284679194,0.006745134350586246
0.8957077949787388,0.04781341114239004,0.035529788656802425,0.015158506561398428,0.00579049866067031
0.9079453229880429,0.04869013913742399,0.018345459048103325,0.01664129200617675,0.008377786820253249
0.872534830559953,0.07441438117913049,0.028239575817226664,0.017933271951105577,0.006877940492584307
0.8612974654496754,0.08430569725977459,0.03148753404121055,0.01612914661088142,0.006780156638457888
0.8507588997198696,0.06464807616232467,0.0561292739065643,0.018037579184032013,0.010426171027209533
0.9372768259794045,0.024069188761766985,0.022927616885863682,0.011346419470292518,0.004379948902672566
0.8397111546496686,0.06275453791043903,0.07010686897982843,0.020208146029034833,0.0072192924310287955
0.8593006417155868,0.07971651241373998,0.03748974910135478,0.015805666640792748,0.0076874301285256436
0.8209790508445253,0.07176687161259078,0.05653899824230857,0.033276080211444896,0.017438999089130717
0.9347470327505468,0.028873160126458616,0.018427052758040203,0.012802612256576614,0.005150142108377559
0.9071322250572149,0.05478131863826631,0.017032706066408037,0.013157993989694076,0.00789575624841676
0.9309022726366538,0.023720322323413368,0.02715121520833679,0.013545160345831888,0.004681029485763967
0.9043138381820144,0.035119713352150785,0.04053475818272589,0.011656388114710118,0.008375302168398692
0.8637341617028623,0.05527613409277212,0.048954659381027124,0.024738912199248717,0.007296132624089662
0.8623743944288017,0.08724259847649653,0.029529546595175277,0.01547610628156402,0.005377354217962487
0.8179367558441779,0.09041860458927252,0.0526418205259372,0.02553544004850731,0.013467378992105095
0.6483504338764317,0.2082053675297282,0.09778047307434964,0.032448924974296314,0.013214800545194368
0.6839980896784035,0.14882650374006437,0.10867322127195647,0.04219231659227365,0.016309868717302098
0.9019899565482975,0.0470154232490189,0.025616035100735454,0.017931642805316263,0.0074469422966319376
0.8487661545801198,0.05660166533835309,0.06300967799673877,0.02283420472449232,0.008788297360296144
0.8989771796456693,0.04489711629408041,0.036358781193328825,0.014357383062981803,0.005409539803939665
0.9175557965849357,0.037353223132550184,0.023516680639482493,0.015946950505586456,0.005627349137445091
0.8376566063031442,0.08141036445448413,0.045563673289730246,0.026950832849192405,0.00841852310344891
0.808870012786188,0.10659099482719732,0.05357260366657646,0.025012028808727813,0.0059543599113104926
0.7436716162040965,0.08436779277333822,0.10164658798128717,0.05480818259601028,0.015505820445267618
0.9430666439354458,0.02576456931205448,0.015485295143852496,0.010835865293398193,0.004847626315249022
0.8260301281202322,0.077421821738296,0.05862899251047907,0.027867515777585974,0.010051541853406823
0.7725553380620679,0.09705423256010445,0.07700876730774418,0.04013004544435453,0.013251616625728813
0.8327658850376474,0.07459730197586084,0.05766941006627353,0.025052313884749322,0.009915089035468732
0.8521231895305709,0.06700192972345415,0.045986489706117094,0.02533776634522072,0.00955062469463703
0.8738017436735706,0.05647926486315718,0.040514222291605555,0.021766043660946536,0.0074387255107201825
0.912209238891486,0.04852103157598821,0.02043898977132659,0.012695345933812146,0.00613539382738716
0.9020176782573143,0.04843692202306574,0.02656004211282093,0.015666535536399604,0.007318822070399454
0.9222011057640657,0.026577969911598352,0.031501534182349474,0.015032881246828441,0.004686508895158182
0.7190329469211215,0.112687856538222,0.10241758914007937,0.04088289967425438,0.02497870772632279
0.7980155293496775,0.08725771579123734,0.07020763403356227,0.033681171655347945,0.01083794917017507
0.7907041224723537,0.08916890733129416,0.08163701694724262,0.029906734216269694,0.008583219032840126
0.8310911236849035,0.07970473530903345,0.05001463168368961,0.02930082160345806,0.009888687718915655
0.8583224386733882,0.08396014954345732,0.028622780000540807,0.018633301282676998,0.010461330499936625
0.9260543439872922,0.034067927596819286,0.020969419672434965,0.013768000044494983,0.005140308698958636
0.8171282113793797,0.07466899087746896,0.06756504181486839,0.028123839926002023,0.012513916002281064
0.8511796665375106,0.061267057470666124,0.05230029282632832,0.021945922870675694,0.013307060294818944
0.9357945109016713,0.020532185937903943,0.02521296937603683,0.013590440455157672,0.0048698933292302005
0.891179852252218,0.049131574550784825,0.03485878911212717,0.016579092115179248,0.008250691969690908
0.8132975782192834,0.10249026299810317,0.043214963660790855,0.02899662899320996,0.01200056612861262
0.8725513323971866,0.05154150177922562,0.05591731795101716,0.014749522719170566,0.00524032515339996
0.8858128918847055,0.0492324830316033,0.037787599926111935,0.019414943407161423,0.007752081750418071
0.8264455445470754,0.07336203208804569,0.06846068234672686,0.02288163328697477,0.008850107731177446
0.8947326129021562,0.046530999249884436,0.027082745533427852,0.022218121878015574,0.009435520436516036
0.7897289633429719,0.09835330492537453,0.071404644485991,0.029575577762088415,0.010937509483573936
0.9197994106881673,0.044489668219796226,0.02014383980752989,0.011817661432496043,0.0037494198520106143
0.89340059094066,0.03881027161844983,0.04095638037496134,0.019479318854493374,0.007353438211435495
0.903722374651719,0.027568419965997737,0.04569204276341478,0.017148996633671407,0.00586816598519729
0.8746877862370964,0.051943622747515183,0.04080106142128522,0.023610642293774884,0.00895688730032819
0.88044656445084,0.05070365412366055,0.041921691907861505,0.017755942855472526,0.009172146662165282
0.8907780590917797,0.04950921649097987,0.04066487349432974,0.013924663821699152,0.0051231871012118605
0.8998977106792908,0.05232485001202236,0.025940276042424278,0.015663749485451014,0.006173413780811456
0.8075488364644836,0.0977454635963623,0.053548380790034045,0.031098617561970004,0.010058701587149948
0.7916989859386385,0.08753087927281689,0.07707771386011374,0.032283079651921925,0.011409341276508786
0.752742860216753,0.15288234822703822,0.04284637896426092,0.03719732401127795,0.014331088580669978
0.90081929547116,0.049980756212289264,0.030257899417430265,0.0139643491110958,0.004977699788024766
0.7466728761526745,0.11721006060262504,0.09190061447295701,0.03222378199609575,0.01199266677564764
0.8243469815613796,0.08648918517996669,0.046214396953784376,0.0309649993164887,0.011984436988380592
0.9451269548526999,0.023860968267524024,0.020939726598861362,0.006913055828232768,0.003159294452681842
0.6937890480964394,0.12271631709889637,0.12341499389444475,0.04601207326868254,0.014067567641536955
0.8649703571261124,0.06962303914774966,0.04300591612470868,0.0170039380350304,0.005396749566398814
0.7036962171323998,0.15632431877196118,0.08432020319919849,0.043149681038656414,0.012509579857784064
0.936434346846809,0.026329401084075423,0.023531315668997087,0.009306139162586052,0.004398797237532197
0.9298383400938336,0.028842558674380993,0.026876701567583008,0.010721014643833111,0.003721385020369319
0.8935492165489228,0.05329191539101749,0.036303067326670095,0.013026592367107882,0.003829208366281744
0.8112981058692158,0.1063021265544729,0.05918576235545604,0.016029481711518245,0.007184523509337057
0.9295396725194518,0.024088187951475045,0.027707216538715083,0.013036549933639766,0.005628373056718397
0.7888930917359469,0.12756479042590432,0.04023417006313124,0.02918557601523768,0.014122371759779838
0.821517482609516,0.0791794443167158,0.06349552954427254,0.024768272716062443,0.011039270813433243
0.8729426778128344,0.04945003976394216,0.048284421783469506,0.020087354137666318,0.009235506502087553
0.8469971725669003,0.07747522881176237,0.039566607670211244,0.023667598333621875,0.012293392617504093
0.8515530360987543,0.05193925587773078,0.05849542331994356,0.02856202308572892,0.009450261617842206
0.8602446766158877,0.060833093105249994,0.057087901622651656,0.016054497060485423,0.005779831595725182
0.890465432581436,0.041564433656872526,0.0412052457314916,0.02080044495076304,0.005964443079436985
0.8039245323546921,0.07323888261257579,0.08312489928481978,0.028257025502924756,0.011454660244987378
0.8046663891307883,0.05134902005607811,0.0942014558714861,0.03839985856655008,0.011383276375097279
0.678727402584115,0.12265223781784237,0.1402973843918422,0.04229368815727133,0.01602928704892904
0.8451894734277308,0.06594562831193564,0.05761337653679866,0.021452265002952973,0.009799256720582041
0.6561000235273132,0.14585781784300536,0.12720835040753942,0.05291846235696896,0.01791534586517313
0.834138460761915,0.07001430786999854,0.06385302026282547,0.022533609122290462,0.009460601982970714
0.9045313614455675,0.03406251104438747,0.04014576353235072,0.015527193728230226,0.0057331702494639435
0.7509484880413779,0.11234257729041587,0.07768049682958744,0.043395560360695785,0.015632877477922993
0.8144296457600406,0.06648313226197694,0.08305365429228073,0.02768805856809402,0.008345509117607576
0.94902153926424,0.02016540904024796,0.018964759125270993,0.009179803408193764,0.0026684891620472706
0.8360854813226178,0.09192667777093841,0.04910119064438508,0.016709037027798548,0.00617761323426019
0.8393288295866549,0.06327703897847138,0.06349787834356284,0.023821384252924124,0.010074868838386606
0.8578295785878556,0.050295437249043395,0.06140200597519983,0.021005020459677996,0.009467957728223448
0.8754539708344775,0.06719766231056154,0.03495656509594235,0.016521121585342042,0.005870680173676394
0.8367178980212608,0.0878515536703958,0.04829657461995336,0.018605289334500796,0.008528684353889142
0.9078202494560406,0.044031044476640496,0.023938719324404688,0.017636580264154725,0.006573406478759422
0.8209055836930537,0.08811003478282836,0.05331941475649648,0.02793695916985728,0.009728007597764411
0.78141851602419,0.08486459121815564,0.08340796453561872,0.03892309131511601,0.011385836906919763
0.8316841816249883,0.07374851838018946,0.05811967294243655,0.023024304147261906,0.013423322905123863
0.8600657658874491,0.03920302061301442,0.06264871308005728,0.02485515782859868,0.013227342590880728
0.7848794433632552,0.12981046801108187,0.03890946144760208,0.028963629316537013,0.017436997861523976
0.913617585160497,0.034508244187363035,0.02494634676393874,0.018676149109482267,0.008251674778719041
0.9035701429188814,0.04645094315244585,0.03260673061953717,0.01245987450738522,0.004912308801750623
0.9201484076008707,0.043805155481121495,0.01673853580752247,0.01307799128738971,0.006229909823095455
0.9006757813280323,0.040276608942883256,0.03085553884379016,0.020391155672215448,0.007800915213078873
0.8636315868003048,0.03267379444167473,0.06571067586797782,0.02574908531910839,0.012234857570934402
0.9110224694334272,0.026577338376804118,0.03219957852564588,0.02282988008282135,0.007370733581301272
0.7020936901019873,0.13183742201284818,0.10171488782447602,0.04620410518197894,0.018149894878709827
0.8542529828127681,0.040741409588482075,0.06100170320637107,0.032677467743381476,0.01132643664899723
0.7507475495908749,0.11884826161289934,0.07341570427074327,0.040936690550065796,0.01605179397541663
0.8749654362800039,0.05862244492033359,0.043778977271912566,0.017662458473700425,0.004970683054049399
0.9318329720585817,0.03379476995923479,0.018821728004586456,0.010686510452178277,0.00486401952541887
0.8524501616492998,0.06253533571113483,0.04201140336663551,0.032033004727863267,0.010970094545066766
0.8576630955614384,0.05939391766945582,0.047548501499875134,0.025966725739842208,0.009427759529388435
0.7509689643018587,0.12777802631457916,0.07468718796156243,0.0350493858927177,0.011516435529282195
0.9123026232810814,0.023992683305474074,0.040856392746464784,0.017630702513753756,0.005217598153226359
0.8613700397596653,0.037518988230893564,0.06693458772430531,0.025282422532910187,0.008893961752225774
0.876091286278176,0.04470659223805199,0.0457467190496596,0.02530098946463188,0.0081544129694805
0.8906451924205584,0.05561763338454886,0.026609579546510064,0.02017286018456736,0.006954734463815293
0.6465012226692416,0.1402689149492103,0.12374565300846305,0.06364353897976638,0.025840670393318787
0.9281772641668399,0.034250403192988575,0.01671791632928856,0.012255561953483473,0.008598854357399443
0.8698235389009765,0.07091636869699634,0.036327375342161926,0.0177447623670436,0.005187954692821483
0.7975421153299938,0.09017837285867028,0.0573591800923954,0.0388290656657128,0.01609126605322764
0.7747428690307181,0.08518696623937602,0.07444471034139122,0.04604678683344008,0.01957866755507448
0.7314287073846272,0.14545837372279108,0.052779757098253464,0.051779570450326,0.018553591344002397
0.8661522869767401,0.05263578609519888,0.04724411604963325,0.025523759256206136,0.008444051622221763
0.8323136163230507,0.05075480485646714,0.07570332531846743,0.031751248831226604,0.009477004670787971
0.8372738116783277,0.08131453340801344,0.037207637241177954,0.03212913783072256,0.01207487984175814
0.7909240417615765,0.09507035444421125,0.07220478147207286,0.029249427811564758,0.012551394510574455
0.828143176218768,0.07931392436317032,0.06191450404252419,0.020989260616948828,0.009639134758588661
0.7741897500688595,0.09092218332453271,0.0913168874912658,0.029412368296937365,0.01415881081840483
0.8173688118060284,0.0851296936649113,0.06119792711816283,0.02430030102654292,0.012003266384354628
0.8990007894399773,0.022899500943990927,0.05011094744318835,0.019880971270362556,0.00810779090248097
0.8591594795130176,0.06411654219825123,0.04884189993647942,0.019410730542059006,0.008471347810192521
0.8271008068164598,0.07630688487484553,0.058769161439558855,0.026637730805701625,0.011185416063434105
0.8087993830801763,0.08070159064207319,0.06553831031435953,0.034603103490472874,0.010357612472917943
0.8178970397858946,0.09221282204990203,0.04328682923037013,0.03354219052436092,0.013061118409472442
0.7428888185949751,0.15099393080928206,0.05721396127152886,0.03811915981505661,0.01078412950915731
0.7722730748640391,0.08882474802276087,0.09340552327359165,0.03295475912636624,0.012541894713242088
0.8333630566722926,0.07284279916228933,0.06139141216961843,0.02068045076870451,0.011722281227095054
0.713352257706009,0.09173077036074011,0.12890912102929403,0.04934671816473818,0.016661132739218775
0.7807366217720724,0.08841362451811878,0.08818050143172537,0.0311097851087304,0.011559467169352997
0.5741657224828254,0.12534995912956004,0.2045026029389873,0.07027006518018852,0.02571165026843854
0.8863298317927527,0.06564590191038434,0.02164852918281946,0.01754316495875086,0.008832572155292486
0.9124215159390654,0.041071017785256826,0.020895334090362615,0.01918026794856478,0.006431864236750529
0.8386522857737653,0.04711318864633978,0.07922497879608054,0.025705274596304114,0.009304272187510473
0.8293044542926119,0.05574756136026168,0.0789776549318617,0.027837544539117545,0.00813278487614713
0.7683256625811433,0.1032145716777216,0.08688055956856601,0.031441169817554716,0.010138036355014354
0.9328002043300713,0.03149437050542206,0.02233497029623729,0.008779503779116599,0.004590951089152813
0.9165624161057563,0.03234172239010566,0.03162547521284176,0.012849807904906654,0.006620578386389567
0.8643096222157677,0.0485865235222205,0.05788333212707388,0.021090050664299306,0.008130471470638525
0.8913519666821714,0.04352453182050061,0.03645249061561349,0.021024520363869464,0.007646490517844947
0.8559876406136737,0.06666156111064896,0.043275278435275503,0.02539573541310439,0.008679784427297329
0.8060563617697367,0.08736784833461643,0.05934159142299987,0.03634057795463665,0.010893620518010554
0.712428479304182,0.11892454595741175,0.10825769732581286,0.0460464716160072,0.014342805796586276
0.8786371294751115,0.029222717032879524,0.05810713746569728,0.024773719928638194,0.009259296097673637
0.7378906519582004,0.13517568014942527,0.08982619515016492,0.025996190013827303,0.011111282728382185
0.8582407109424894,0.050939057118788725,0.06352260583446728,0.018953388409638967,0.008344237694615538
0.9199949125861883,0.030148901026863496,0.03347847042789709,0.011452066471914966,0.004925649487136203
0.926514645498517,0.030674565050694096,0.026986933963156167,0.010868443242819922,0.004955412244812734
0.8219094926233905,0.07561553752781364,0.05605073741182523,0.03426647328679849,0.012157759150172063
0.8406485590402792,0.0742312249632213,0.04656555916359052,0.02458991654205664,0.013964740290852174
0.84125313505077,0.06052393647910101,0.054264376921972654,0.031947699593427074,0.012010851954729064
0.7953956793562169,0.06578609285981639,0.09721999230204004,0.029652255298557133,0.01194598018336964
0.8474483963398801,0.07515150419663714,0.047958423231280016,0.020005119191884104,0.009436557040318762
0.9023939463305537,0.036809523360990706,0.03623765528520485,0.01806109231494725,0.006497782708303483
0.8363243756560893,0.053099910585110516,0.07109387022031502,0.028014362824380377,0.011467480714104654
0.9027167050466857,0.036101226757577064,0.03871592431003342,0.014924928865535876,0.007541215020168214
0.8212306902947563,0.037330903384636155,0.08813621050610491,0.04053770352040532,0.01276449229409712
0.9363059290486505,0.02000001534825855,0.022881878829982598,0.015441350695355892,0.0053708260777526875
0.8393876698175544,0.049961243659310595,0.07461206263279568,0.026342507381674127,0.009696516508665279
0.7900306072315137,0.07916823357154851,0.07454201899594834,0.041439202178017824,0.014819938022971713
0.8974771830103082,0.04362989014451827,0.037333602687345466,0.014794406412677931,0.006764917745150088
0.7236877675661488,0.12221246655892425,0.0924138611097205,0.04343890446403263,0.018247000301174154
0.7535415023299089,0.1289637017504045,0.06505534198981641,0.03943258302587312,0.013006870903996902
0.8033437569757902,0.0906352997290511,0.052060700252366164,0.030510220728995816,0.023450022313796802
0.7745057317898741,0.10902462043652693,0.07625127259242291,0.029539361877510557,0.010679013303665347
0.6973157266344953,0.15832133482331573,0.09291910773676859,0.03595981160555959,0.015484019199860742
0.8397511610510384,0.046397159464416894,0.06971763963295641,0.03324355466286034,0.010890485188728198
0.9389981833544001,0.024204129956371816,0.017618742198582758,0.015406463373885182,0.0037724811167601786
0.8639338927803365,0.061002416842990397,0.046970366014928856,0.019949348112091016,0.00814397624965322
0.9043674994254554,0.03870295366913245,0.027430270000623726,0.02285373926400242,0.0066455376407860214
0.8385799140802669,0.06355094403672913,0.05038073756399948,0.033356236095693007,0.014132168223311432
0.8599548762544412,0.048891868173353455,0.059323177554127804,0.024437349495401002,0.007392728522676567
0.8912604454396693,0.04875372334116462,0.040063722738383406,0.013564159852490957,0.006357948628291762
0.9497926994312001,0.021734410513480133,0.01355192179357099,0.009536815209079062,0.0053841530526696725
0.725446095729539,0.09247523903647131,0.11493151661982741,0.05060312846160234,0.016544020152560065
0.8058256696413094,0.08645032933330281,0.07148612012504288,0.02587384656886722,0.010364034331477635
0.776950722883611,0.10168412362807944,0.07141878724995367,0.03647326118365248,0.01347310505470343
0.7987693656140158,0.06588641267209812,0.10040574068015856,0.02677283374380505,0.008165647289922577
0.8218753290902279,0.08147670215604687,0.04927179017242143,0.03785648497236098,0.009519693608942646
0.8090491730385929,0.10065547282463144,0.050797508886658294,0.030089554179609283,0.009408291070507908
0.7776504923296698,0.07988887700984049,0.07914614875688779,0.04783097118654939,0.015483510717052578
0.691479134021934,0.12713771898812656,0.11058862152315428,0.05174358072859735,0.019050944738187792
0.7962445738595066,0.0716984018924461,0.09037679961414505,0.031356413001117425,0.010323811632784964
0.80837590658236,0.07014043977633842,0.07891944838582426,0.03220112345043554,0.01036308180504192
0.769455224405119,0.11301809137787674,0.06212420841988332,0.04229415274755722,0.013108323049563367
0.9217410512330234,0.036230263193934305,0.024132743787592156,0.013118741756718897,0.0047772000287309374
0.8782277669417539,0.045947862147736294,0.046807397605423434,0.020695275279555274,0.008321698025530906
0.9286214560835316,0.01627071702557144,0.03797619295949858,0.012407286544761089,0.0047243473866372876
0.7528489934369251,0.0851141193211358,0.1116570021218676,0.03584231051690919,0.014537574603162337
0.7682344554755997,0.11866460050098539,0.06699113008311816,0.03091089713752068,0.015198916802776475
0.5915819325470252,0.1452950198956752,0.17917128192067416,0.06375229115176975,0.020199474484855717
0.8360744499444751,0.07422165627510137,0.06019213892997523,0.02081372784863239,0.008698027001815696
0.8770659181311137,0.0578718111489384,0.04236666516792507,0.016022066056749787,0.006673539495273066
0.8789017286566992,0.040843305901860236,0.0527457913439814,0.020402048172189192,0.007107125925269658
0.885920997361656,0.04147363885886222,0.036905002354667094,0.02680475566153203,0.008895605763282783
0.7231998031356721,0.11762544558188258,0.09731138216606,0.046767146632879994,0.015096222483505325
0.6684693533358684,0.15092595115285468,0.10120103192169477,0.05898771076199758,0.020415952827584637
0.8322957832270781,0.07135736172575774,0.06266928738188011,0.02508575859828938,0.008591809066994836
0.8780461994882603,0.05425206508505938,0.04121580519398152,0.01993147812461157,0.006554452108087278
0.8972526489274386,0.04373375599294341,0.0414487170997135,0.011907809679749696,0.005657068300155182
0.8356656976486241,0.07336549195990615,0.05609287638154227,0.02568928179616526,0.009186652213762058
0.8305412638918864,0.070209110111188,0.06359647272096611,0.02668060627489042,0.008972547001069295
0.778108270886372,0.10171508422655107,0.0662339525371919,0.03770874144247362,0.01623395090741142
0.7742616573777064,0.07578594528945108,0.09290442094739583,0.040161147493102595,0.016886828892344184
0.801614004621686,0.07561619019801345,0.07418959314790377,0.03442421796257086,0.014155994069825859
0.8619931826641929,0.0571198532432328,0.046025154956810345,0.024466709967398075,0.010395099168365715
0.8995750397826201,0.042754238442582526,0.027195714948939565,0.018788139774760588,0.011686867051097423
0.7663957408896621,0.11019421313041831,0.04001820128489655,0.04783183856752263,0.035560006127500654
0.8375361143546194,0.029438240026017606,0.017101926687876686,0.03186875176545796,0.08405496716602827
0.7592507063296648,0.06177140207848831,0.059167611447285565,0.03639792042827147,0.08341235971628964
0.8429832437348705,0.032144494591987836,0.042920145706125845,0.042498356846923796,0.03945375912009215
0.8737633950111776,0.03131308791878442,0.036175097803605324,0.02993320642880039,0.028815212837632186
0.8488947198415863,0.07279722608440205,0.039233502433603545,0.02345341356206242,0.015621138078345708
0.9133262066257557,0.03322045462738106,0.02581164378775403,0.016245686967774578,0.011396007991334552
0.7859134925493617,0.06694411492022963,0.07910080537056047,0.04806989489934309,0.019971692260505013
0.8381663838292233,0.067458251750043,0.059565494817034104,0.023210930769765995,0.011598938833933838
0.7583862032868948,0.1385453497752525,0.06084488960989539,0.027619519628125328,0.014604037699832002
0.825290469332621,0.06439946001049204,0.06238617259626672,0.031992927414812494,0.015930970645807938
0.8641114262643098,0.06746049030348271,0.04009320953156637,0.02005944348063004,0.00827543042001094
0.9292655143162295,0.02739314391897271,0.026278593964265334,0.011500798130324258,0.005561949670207976
0.8880315637049656,0.05602341169700757,0.031129101727978743,0.0168418889642364,0.007974033905811695
0.6441106848531976,0.18869567907349974,0.08207435074698008,0.05577811372909327,0.02934117159722956
0.6603650448108526,0.17775250515064053,0.08154309345367129,0.051017994270823215,0.02932136231401265
0.8006522827097106,0.09637977796871879,0.054198927645099676,0.034568552025807484,0.014200459650663484
0.835419843132183,0.0785489255630203,0.05396635242112794,0.021883156396883874,0.01018172248678496
0.8441367143404409,0.0625745868536428,0.051369154392854596,0.027813660137482557,0.0141058842755793
0.9239975351028542,0.03045131215705393,0.022603903990717853,0.014135723778169428,0.008811524971204443
0.8726619058974753,0.040135982419302024,0.04616397240335891,0.027864524410030737,0.013173614869832869
0.6851858232257368,0.12949662595300232,0.10545993999448383,0.05348490374431585,0.026372707082461096
0.8669451648833498,0.055503905123341024,0.037288780057523646,0.027712522488027615,0.01254962744775791
0.8554600397225735,0.038612699487667476,0.05746672269747248,0.03421722355311346,0.014243314539173189
0.7742955870103228,0.08708175155032317,0.08488681737698901,0.03893092998319423,0.014804914079170797
0.7790490226897392,0.07665234649039172,0.08540198534981532,0.042584067824267574,0.01631257764578615
0.8144161270010446,0.06766680292070802,0.06626220997324314,0.033132019492167576,0.018522840612836648
0.8800863918017137,0.059810018856825055,0.03329503740876604,0.018032690273072544,0.008775861659622526
0.8424928288631026,0.05979410908585904,0.059021393754049314,0.02830444465434498,0.01038722364264366
0.8637739308221145,0.06219460317116099,0.04279285983503757,0.02100660293281766,0.010232003238869369
0.8945975319888698,0.05041374941285518,0.03450916183748774,0.015030724263724414,0.00544883249706299
0.779637533146862,0.08010707348094681,0.08679394067814082,0.03763125546258693,0.01583019723146345
0.835615148987194,0.06854725608057696,0.03989930376772693,0.03914280288887763,0.01679548827562441
0.8472628916670435,0.052204866499971164,0.05548845097736958,0.026676821368190117,0.01836696948742567
0.8505486060822488,0.05811260861865009,0.05722703487560258,0.024224142829679197,0.009887607593819283
0.8193484333159353,0.0849205009999274,0.05499954664285693,0.028479757434174115,0.01225176160710632
0.7788853874075357,0.11215254959032268,0.07764568100489731,0.02073882926322876,0.010577552734015666
0.841111502221751,0.06934240561737576,0.04886428313861372,0.02912982255745857,0.011551986464800906
0.866009324601587,0.05678211974449,0.03845869733536023,0.02795736834033065,0.010792489978232228
0.868439165471954,0.04526303371628289,0.05611830340488407,0.021608381793277964,0.00857111561360115
0.8133136951801504,0.08906997020874233,0.04665771042842656,0.0368559474324958,0.014102676750185127
0.8275794860380523,0.06795866366106486,0.06054717518329588,0.030280125144144767,0.013634549973442213
0.8539878539680776,0.06726372759601429,0.04463397228683833,0.024683470826231634,0.009430975322838053
0.7777413935969831,0.11018428293215175,0.06806008363500247,0.03197463045405245,0.012039609381810241
0.8428178870540154,0.040565787495173776,0.05412418956093221,0.04238717057455128,0.020104965315327416
0.8435156196588982,0.06681030589549945,0.05887835915973027,0.022223242563380388,0.008572472722491476
0.9503916767033652,0.022620318281528766,0.01575226965170593,0.007748696123009336,0.0034870392403908187
0.8556230858725091,0.045337583090967006,0.06600817785665278,0.022553001271422766,0.01047815190844814
0.8085514608270107,0.09252024679851738,0.05155366298013973,0.03309443545708864,0.014280193937243604
0.856854114416241,0.07387552331343454,0.035433383009185714,0.02356376585843353,0.010273213402704937
0.8132828757290442,0.07595452036235216,0.06392416970779775,0.03611265784636568,0.010725776354440159
0.8595707254158549,0.05648450363519598,0.04778219087850611,0.025996214655024396,0.010166365415418528
0.8090776140726901,0.086339134458956,0.060516022639140354,0.0325823793757911,0.01148484945342263
0.9097019145483506,0.04546058471433437,0.023017989309376242,0.016034809106617674,0.00578470232132114
0.8094701419754526,0.06543584629919635,0.07129323654058009,0.0396331766803909,0.01416759850437991
0.824732712640793,0.08646535002887834,0.039853939619472756,0.03580826289772,0.013139734813136196
0.9448384132112474,0.020835927034528436,0.018486283850859653,0.01148260433722416,0.00435677156614025
0.9109633534088207,0.030960549268251883,0.029741263683298578,0.02183765167398382,0.006497181965645001
0.8036331850150527,0.11131689346908578,0.04742763559604558,0.025584574548492944,0.012037711371322994
0.865869793118527,0.07760830374298587,0.027070716073075183,0.019028786207429167,0.010422400857983091
0.788339988353982,0.08545346715479409,0.07527768646383629,0.037177449664910614,0.013751408362476965
0.8775432761447295,0.052256136455599844,0.03759809803801167,0.024101670219673296,0.008500819141985888
0.9214618650928406,0.04139652834445586,0.01798489547202485,0.013518457477364946,0.005638253613313647
0.8895050827797296,0.05707908814286269,0.02911572160494004,0.017694728450963305,0.006605379021504251
0.907741326992948,0.04045567387397193,0.023316524543324273,0.017606165112306504,0.010880309477449106
0.8531061044719571,0.07475226387548317,0.01920369313489611,0.03191087069821961,0.02102706781944397
