Delta_Power,Theta_Power,Alpha_Power,Beta_Power,Gamma_Power
0.8535038624235658,0.09284222633649182,0.025251637163685368,0.019040290995511033,0.009361983080745971
0.8465563717774626,0.08504567125734616,0.028365182608836182,0.02334359529405441,0.016689179062300784
0.8470273081452108,0.08865396548828139,0.028073793312776193,0.01535713417453591,0.02088779887919556
0.7808138392047523,0.14496135722634232,0.034431820524556636,0.02058283894322485,0.019210144101123688
0.8447227030408954,0.07736613554408096,0.03542971557123713,0.025127927331821277,0.017353518511965416
0.8780384682437693,0.05589498251629094,0.027961598251109963,0.026745280992643745,0.01135966999618611
0.9205190056848114,0.0363798143941865,0.017521214352927396,0.016549758860297154,0.009030206707777442
0.8041036589823446,0.09515007393984536,0.03054236356308086,0.04399291634439844,0.02621098717033079
0.8728780721611267,0.06952534742907403,0.027086724670258702,0.018487721930676902,0.012022133808863793
0.9369262739898644,0.039654052318042005,0.010423357570464002,0.007316612765263556,0.005679703356366107
0.9017962601067236,0.047302666809635,0.020962521828333844,0.015508621245764742,0.0144299300095426
0.9116470748421989,0.03609280576227663,0.013986723098212365,0.020617871310903584,0.01765552498640869
0.9282353609851919,0.03324217886135045,0.010752503077979094,0.015039397255701428,0.012730559819777375
0.7841212323374159,0.09609364242400531,0.04401546493303596,0.04615803244010608,0.02961162786543688
0.8573805588583789,0.09060818918759873,0.021401657781687813,0.01936575476391707,0.011243839408417472
0.9114133643607248,0.056412720189078044,0.01438409467670849,0.010772699214506257,0.007017121558982262
0.905040406462084,0.05496126790630725,0.020921404804874,0.010950944210811163,0.008125976615923586
0.8876251122257266,0.0679690736330715,0.017424247146176994,0.014977301199739893,0.012004265795284767
0.8434209688076922,0.08277185281281274,0.023814876326680296,0.032778133663760645,0.017214168389054024
0.7860944925401873,0.12403996383292673,0.03517027308658954,0.03480969016467063,0.01988558037562602
0.8335889948786321,0.08660092983237504,0.03377124808618726,0.028417911423466866,0.017620915779338785
0.8510658000674524,0.08408955512500484,0.027202265942721886,0.02400375757187257,0.013638621292948135
0.8176793113140992,0.09513898508549062,0.028355452625580296,0.04042700077011918,0.018399250204710654
0.9073524341219112,0.0488905118267592,0.016514538191397667,0.01838282361786534,0.008859692242066402
0.9097719802875176,0.04376024129739301,0.023153958783664698,0.01357048044534491,0.009743339186079496
0.8483711145091457,0.05743050837841567,0.046118680396427504,0.030697584315788343,0.01738211240022287
0.9189760818847154,0.035359676166516585,0.017281389726901124,0.01644090319648825,0.011941949025378496
0.8974199279101499,0.054409964934753245,0.0167331712319831,0.021518141095991487,0.00991879482712227
0.8759373861672489,0.07995937416557752,0.018355187996202477,0.013638800049671263,0.012109251621300002
0.9194438330293826,0.03458449633328496,0.024091286233049097,0.012506958355602872,0.009373426048680644
0.9539332697623987,0.024913308767844203,0.006461137069241195,0.008918181471970526,0.005774102928545438
0.8803813477485913,0.06925233982907841,0.020885173959942983,0.01867284490629899,0.01080829355608837
0.9181881594805571,0.03959395871566503,0.01796422752453623,0.013719069522008567,0.010534584757232983
0.8506615325979572,0.09959532214607009,0.020469732763473324,0.01720124476854384,0.012072167723955394
0.9443673725971127,0.024501394912863364,0.012520055771322966,0.01118678017184283,0.00742439654685815
0.9292263665519583,0.03217168763943483,0.01754797252581283,0.013755000457409856,0.007298972825384036
0.9109187676800419,0.03690598130183088,0.025104809340280823,0.01603911049713064,0.011031331180715828
0.889217699895368,0.05218424526561939,0.01819174401853642,0.02863598540117978,0.011770325419296577
0.9510855973569183,0.015014629173286512,0.015597829337000624,0.011522411284752692,0.006779532848041914
0.9398082911455493,0.024065698241100057,0.015508307154466019,0.01275036274369928,0.007867340715185456
0.7847469802699764,0.09685227701847395,0.04105503604204614,0.04479669068268096,0.03254901598682298
0.8874516919044109,0.06339312840134055,0.012506382363652787,0.01982024231992442,0.01682855501067153
0.8771286625944521,0.05567426891381516,0.015246166987579107,0.02748412326250829,0.02446677824164535
0.8773294603504277,0.06996463597018315,0.018205654041220425,0.014964098717585028,0.0195361509205836
0.6888161868104692,0.19171921184881915,0.04928051947026346,0.042864105463805105,0.027319976406642937
0.8394698077230607,0.0827835618236382,0.03053208841553715,0.029907550223987056,0.017306991813776942
0.8737257571645684,0.0741094426298507,0.018894287865208848,0.020456338353392545,0.012814173986980038
0.9400155123422873,0.032749468723093006,0.011978666407660545,0.009178733652896207,0.006077618874062823
0.9217438781536785,0.04655463082651704,0.009991089018886219,0.0141826619811443,0.007527740019773994
0.8575635539719803,0.059574145454067896,0.04118538774838509,0.024605961735880488,0.017070951089686325
0.9059489391618039,0.027598614283645413,0.02560109543869475,0.020433691894228338,0.020417659221627738
0.8310137237165024,0.1070486417761741,0.01867256300694058,0.025075135642696547,0.018189935857686246
0.8059364169901039,0.11165525995037134,0.029961908478098247,0.02947749059610578,0.022968923985320952
0.8442331955181388,0.0797214625510643,0.03278795472612847,0.024295696364695012,0.018961690839973445
0.8922794585252765,0.04972444129132813,0.022991410288090767,0.020241334868818687,0.014763355026486027
0.9076423239616412,0.05209509197901898,0.013331833358536332,0.013930162565545245,0.013000588135258336
0.9470285723016622,0.03390687814400598,0.0030270726258270846,0.009022030700390036,0.00701544622811442
0.7857053221384919,0.08918920007011763,0.05593493780463154,0.042461922020191355,0.026708617966567545
0.8711652523834246,0.06781743986887714,0.028946419297510795,0.019193664112419635,0.012877224337767902
0.8826202484599336,0.07260015677230533,0.02225438983292861,0.01317551024745332,0.009349694687378955
0.9608712313400685,0.022916073262998948,0.0044871687335546,0.007154830159947202,0.004570696503430951
0.9351068524044658,0.025833529185465467,0.01783696519349479,0.013188998458938226,0.008033654757635905
0.9199043511036724,0.04523599469578248,0.01463092913559774,0.012203560453644825,0.008025164611302453
0.8877145539402271,0.06328461810021678,0.019481242048494583,0.01673227637079282,0.01278730954026874
0.9080394877148835,0.047161210268797944,0.017510019381433813,0.015966937407287714,0.011322345227596842
0.9323057231276637,0.025638277122459977,0.017129638825344653,0.014923956600857784,0.010002404323673744
0.8937260778644724,0.07491951337135003,0.00915005465780561,0.011263081189422375,0.010941272916949558
0.7077778211114241,0.1597782340698633,0.06541774562902483,0.041589712211515834,0.025436486978171965
0.8688210401943923,0.032588902052423645,0.04289273921593826,0.03708490052503877,0.018612418012206856
0.9153475756896288,0.024397246421845625,0.02321334204664099,0.021353749656935418,0.015688086184948862
0.8661098066900204,0.0652849903757821,0.02242428389404918,0.025683224636910088,0.02049769440323829
0.9143266752446648,0.03767024321004414,0.02032649068774919,0.015250355605884282,0.012426235251657666
0.8728852420632393,0.07160676446285957,0.020792280236220272,0.02363434071039814,0.011081372527282434
0.8680768762554931,0.08926074956256735,0.019302749713177345,0.014496473199904025,0.00886315126885808
0.8997386563734968,0.040583840774622224,0.021582943238324374,0.026212218474607592,0.011882341138949048
0.9134917354690909,0.035053304003832234,0.02282751731413307,0.019157950810284194,0.00946949240265958
0.8318111977366311,0.1237353922549074,0.01685761248368569,0.01748943679246273,0.010106360732313005
0.9052659050427724,0.05123205927483328,0.020226633941851396,0.014458857585539666,0.008816544155003502
0.904023589243633,0.03977812600587313,0.025515838801256522,0.018466797755830898,0.012215648193406333
0.9591327500640627,0.02146814610187447,0.006757234127044232,0.007873101487179256,0.0047687682198394536
0.8351037628619665,0.07790529820520167,0.038329475963046845,0.02471100632053211,0.023950456649253035
0.927199908648803,0.044552838236142936,0.009637118040310162,0.012986691973916284,0.005623443100827736
0.914664815859125,0.04283847823764966,0.013606384280316424,0.017264954051359388,0.01162536757154938
0.9364014290511771,0.032939732927588915,0.01325741117711486,0.011202651735199444,0.006198775108919686
0.9271214848160367,0.03428134014634754,0.02005730137552307,0.011578468790017749,0.0069614048720748325
0.9146131200699237,0.04015252161509595,0.015362532974810938,0.018759083742730498,0.011112741597438783
0.6610338730807993,0.17811381503006068,0.05849584497023225,0.06209959914052116,0.0402568677783864
0.7722196025228374,0.11762306253544304,0.04758492282844119,0.037411130114128534,0.02516128199914981
0.9271579524208985,0.022773902477210072,0.02161489579943768,0.01854994592608315,0.009903303376370454
0.8325084220126225,0.073296102513612,0.0416404014999368,0.03137055355028104,0.02118452042354771
0.9298384335459241,0.04859960832081857,0.00841309271982983,0.0088280804247257,0.0043207849887016495
0.920267072394629,0.03254937171235006,0.020098402161700675,0.0156606183654453,0.011424535365874853
0.9087998311590383,0.035727170441465506,0.031214147351114656,0.014575555790570667,0.009683295257810934
0.8414011420181282,0.0719120523659315,0.03648815861017012,0.0322285977013628,0.01797004930440729
0.8176777586122805,0.09640363943758061,0.04747018985205085,0.02337802241999818,0.01507038967808985
0.9232283573865528,0.028323068986433005,0.02160142091755874,0.016933849562713557,0.009913303146741957
0.9049487134436474,0.042817406835681186,0.019601649831369646,0.022678989373735785,0.009953240515566092
0.8818550662256597,0.061053598365502,0.02506214748921687,0.02003841645219318,0.01199077146742856
0.9301489963022631,0.029651645729559372,0.012699085718874795,0.016367550019556316,0.011132722229746185
0.8968003056521907,0.06634491265879579,0.014023315391469685,0.01398387490750479,0.008847591390038836
0.9312795353327411,0.036481569368696946,0.013913785371384171,0.011241741297751118,0.0070833686294270205
0.8593175282330882,0.05473568922326076,0.040228474139791866,0.026771585790209957,0.018946722613649374
0.8866927679627673,0.056828181200507366,0.01841454978899879,0.024566163832017752,0.013498337215709056
0.9677111203598252,0.01740786906281562,0.004743949966018323,0.005745561716112692,0.004391498895228245
0.7917749495660708,0.13220357768447819,0.026992296231078582,0.03303824889298167,0.01599092762539068
0.8856867854851664,0.06229419276113663,0.021873698327623516,0.01988316678920119,0.01026215663687227
0.915449000909905,0.04244089126436401,0.020868912278440895,0.012547158300682886,0.008694037246606976
0.9002133912893016,0.04996022674009086,0.022527604310065716,0.01643460304468465,0.010864174615857324
0.923077058263882,0.03680696312845158,0.016503534876489985,0.012489132791115326,0.011123310940061049
0.7805788017461706,0.0748585816370652,0.0559919934899297,0.048383079217070565,0.04018754390976389
0.8706348886933432,0.07176141406200277,0.02548425671944521,0.01868653390459317,0.01343290662061561
0.9164450997931365,0.03929466443794006,0.018872004692752013,0.014057907818679959,0.011330323257491512
0.8678271560401667,0.06807261837661897,0.023761336239153632,0.025884181188464608,0.01445470815559617
0.8312199826310868,0.08170567164408328,0.038848508888826364,0.027004428903058698,0.021221407932944827
0.9261978329512688,0.029519406644472453,0.016996655025481113,0.016557700400613374,0.010728404978164557
0.8421471986103054,0.08876494260553261,0.031074470352516984,0.023299129568203646,0.014714258863441439
0.8619371883856322,0.07456673006837757,0.01920752527193159,0.024689958617318236,0.01959859765674047
0.9152606676463735,0.032343552988409616,0.020737741344694725,0.02096728997711602,0.010690748043406098
0.8664247525479915,0.07442322235395976,0.024247730975013725,0.02389742858598339,0.011006865537051694
0.9124810623691019,0.04471977378386432,0.015425806510185757,0.017163993075682716,0.010209364261165482
0.8672571189981734,0.0674025911170342,0.02886146038845853,0.023808622684820792,0.012670206811513283
0.8363840217671648,0.08191563735982947,0.040382918467316176,0.026935889185263132,0.014381533220426717
0.8769616266700776,0.04910319619887047,0.029015835826166375,0.026530852285156812,0.018388489019728622
0.8863876483458548,0.07036913194334156,0.017917987153881078,0.013804558998627583,0.01152067355829473
0.8225984338126645,0.11245100546846322,0.022271245690617135,0.028619973110569397,0.014059341917685713
0.8893713601684953,0.05652193936126069,0.019239723725273924,0.02217007115495623,0.012696905590013834
0.8917621886965702,0.038809832848295145,0.029718865690427747,0.02547069443165195,0.014238418333055038
0.842885735378139,0.058003370152515416,0.05219928153925631,0.0320103372077631,0.01490127572232622
0.699107038289586,0.13590564551094894,0.08190272288921109,0.06031179173441645,0.022772801575837654
0.8998755857091416,0.0399083652670353,0.027313123992611373,0.020290057664474257,0.012612867366737576
0.8637926088570879,0.0626336211114192,0.0346195125630071,0.0270271326595737,0.011927124808912313
0.7812715329729212,0.11022430838397367,0.043285810529408136,0.03976565166216937,0.025452696451527715
0.9160750490779717,0.05820129719529153,0.007559858362520185,0.011134672298140373,0.007029123066076318
0.7778039857233301,0.07135271813846394,0.07567599601388736,0.046762171748324824,0.02840512837599389
0.8407528790531124,0.07840905581433923,0.029413862024386707,0.03003973165327745,0.02138447145488437
0.8506015815998701,0.06104256111981395,0.034336270215262824,0.03787319308032911,0.016146393984724033
0.9495970871690256,0.02669560583509838,0.009092046322013653,0.00891253905295535,0.0057027216209069595
0.9316648861979443,0.03681287895510876,0.013852578996512835,0.010469108428961815,0.007200547421472086
0.8732860269303273,0.062109868006394314,0.02706689382337349,0.02505463924940591,0.012482571990499059
0.8938502100870908,0.04407877289009637,0.023738806727977874,0.023453610452235072,0.014878599842600117
0.7975476294458342,0.10207197807184282,0.04355389213315386,0.03674579412085053,0.020080706228318458
0.8213039526560323,0.08701216732450735,0.035731757578409934,0.03786061256041035,0.018091509880640212
0.8883370131596292,0.04280377721683574,0.024956659767521303,0.025825713302543855,0.018076836553469842
0.9239332568643005,0.039404368363714366,0.012999969891176607,0.011798408981014214,0.011863995899794233
0.9501611957837756,0.026570071393051595,0.010217639815409874,0.007334883784872451,0.005716209222890349
0.946519905076202,0.026591057604726475,0.01107060867659398,0.008323468266130344,0.007494960376347269
0.9271753582332688,0.043559674522747505,0.013701943746089056,0.00857325179232569,0.006989771705568886
0.9640604084673484,0.020867306286887193,0.006948665796080642,0.005054412349737808,0.003069207099945932
0.8944984556034287,0.062149015311717924,0.010186163864690317,0.021327195776554866,0.01183916944360826
0.8882212346939792,0.06639970194057553,0.023160414372820622,0.012085699267868887,0.010132949724755603
0.9297936669828193,0.03275220572652963,0.0117763947397012,0.015285167315456436,0.01039256523549351
0.8491567199640327,0.09273770776131558,0.023849489119955693,0.020273909819298885,0.013982173335397075
0.9495892388763733,0.018858265698286643,0.016676693140520563,0.01053632929911971,0.004339472985699833
0.8211513632790721,0.07358882342441725,0.042048888028737456,0.03767762585343255,0.02553329941434074
0.8145651255059675,0.08473121478453738,0.03341951507739993,0.043226996667627235,0.02405714796446769
0.8742216324546616,0.06636399153472189,0.021033360949313275,0.02188117499684541,0.016499840064457913
0.8887992335559463,0.053430818439730576,0.025021198595379466,0.020815944777687553,0.011932804631256034
0.8528855918395817,0.08391566952634709,0.026456614905372048,0.024454872312388208,0.012287251416310981
0.8487600757247582,0.09067313183676283,0.017769069111518657,0.025588079062262518,0.017209644264697996
0.9074595082482192,0.05372934630149574,0.013134651461651716,0.015258460913618065,0.010418033075015229
0.8673709725188817,0.08129272848243244,0.01904168163303543,0.019157717021115225,0.01313690034453512
0.9603003618011322,0.011935507990017934,0.011729108586073412,0.00975748345318958,0.006277538169586845
0.7838405182004043,0.12276375850220912,0.0277591495321701,0.04432780900543587,0.021308764759780587
0.8683041859978183,0.07471786439808456,0.02127711825367434,0.022447550404660264,0.013253280945762488
0.9218363936284475,0.040177601047703695,0.018125580205381974,0.012557782382420116,0.0073026427360466896
0.9301653208785375,0.03889384366179603,0.011646361819105576,0.011759860296167594,0.007534613344393169
0.899123793394869,0.03752979666620863,0.03074848002800882,0.020368020015718868,0.012229909895194648
0.8908612380399188,0.04270050762584995,0.02753616762211785,0.02430593951853767,0.014596147193575517
0.828069841009313,0.0957031678526421,0.0318525949930557,0.022881492581246936,0.021492903563742064
0.8710206143267482,0.06178264341595334,0.02349074358051713,0.028100765849796035,0.01560523282698522
0.9012189137584866,0.051525944608067406,0.018187118492564668,0.017193983465967833,0.01187403967491345
0.9048855389169556,0.04249809205936238,0.027518643673617723,0.01685122614810588,0.008246499201958355
0.8722918305817395,0.067070481994497,0.02523154768503041,0.021460714054087476,0.013945425684645593
0.9292197747495335,0.031093336331017955,0.01949499057848181,0.012458170068955103,0.007733728272011382
0.8470241870996619,0.08782901758624709,0.026602275080398193,0.02111881749177015,0.01742570274192262
0.8851041676296917,0.06317164486539752,0.026364873429606264,0.01693253916443593,0.00842677491086857
0.9094747172243949,0.03607634381535473,0.027863162453671708,0.01620331044305726,0.01038246606352123
0.9512906157832832,0.026785079297234136,0.009857160177438814,0.007942107838079493,0.004125036903964412
0.9214041781259953,0.041772296573233884,0.01421689217087372,0.012660089527573134,0.009946543602323875
0.9027322784315297,0.03772066973521666,0.027571690738033786,0.018901046118858778,0.013074314976361115
0.9319066316803634,0.033796360955446275,0.013666891131289521,0.012792666364326733,0.00783744986857438
0.917295267773352,0.03479845960739786,0.023666728481698793,0.013920869116434031,0.01031867502111712
0.9173668504883621,0.05132394702873889,0.011963218850479062,0.012405255639439975,0.00694072799297982
0.8355656288320291,0.10483162720888244,0.02273773849446069,0.02416935523523002,0.012695650229397754
0.9567861110967493,0.021736446857340254,0.00824522445306728,0.007215812977255038,0.006016404615588047
0.9232401602739747,0.04094405105427457,0.01479988227298494,0.01280519517628294,0.008210711222482871
0.8147381385822733,0.08947294895157207,0.03924754904542913,0.03968938458499942,0.01685197883572611
0.7629295082492219,0.1764087879347011,0.019373680724917103,0.026356851059592182,0.014931172031567708
0.9179906867452268,0.041008733394504296,0.016259783720516712,0.015358267298421257,0.00938252884133103
0.893066282781863,0.04665647132790468,0.03333948344774492,0.015303283112350605,0.011634479330136997
0.9094515806720304,0.03941469852872251,0.01911664757586895,0.017702496324102243,0.014314576899275946
0.8368234030425153,0.06226647315832009,0.046221261007340454,0.02651887324520192,0.02816998954662236
0.9142592005653353,0.027163374236501055,0.024547289213411684,0.020021827988638427,0.014008307996113939
0.9014576151011419,0.03945848403694453,0.022429406124245904,0.02309775800386718,0.013556736733800541
0.9486467191419621,0.02337174567613104,0.011637950802412905,0.010345413708651401,0.005998170670842413
0.929433607691396,0.026467218749831083,0.011048677118371228,0.01556211928590649,0.017488377154495097
0.9484175307508479,0.02123464642237747,0.008088929484312866,0.011556154837074138,0.010702738505387745
0.8866522512559345,0.07460391333558482,0.011396745401854088,0.014321051315429595,0.013026038691197056
0.9227156557981507,0.03505093804666863,0.019453439032148287,0.013782788226593352,0.00899717889643885
0.8573634784778275,0.09051555609404527,0.02246705384280511,0.014312451660542272,0.015341459924779852
0.7572675492396537,0.14787382450168612,0.03386715058541018,0.0334131583898639,0.02757831728338624
0.8441604357754476,0.07967836903153867,0.03250562681700372,0.026099449361044746,0.017556119014965097
0.9101305035446389,0.02916464330603853,0.015228823848952215,0.030609346886439733,0.014866682413930625
0.860272617977762,0.07085335833254268,0.024975827288524256,0.029599226575252487,0.014298969825918662
0.8654221355243582,0.06953943239908085,0.02598126822814904,0.022247641535885536,0.016809522312526134
0.9252737533870807,0.028548530713125485,0.018442832100598293,0.017540709511069976,0.01019417428812548
0.8656710409004994,0.07748564313650805,0.020086385543081734,0.026025729062571907,0.010731201357338798
0.8952558011424028,0.05556396345804435,0.020652138445797275,0.017124179528382282,0.011403917425373307
0.9484759719422287,0.022801814808897175,0.01273297853200881,0.009660825160462403,0.006328409556403001
0.9172675863778712,0.037879671299448026,0.02122913234610705,0.014639871403256042,0.008983738573317824
0.9085271403376114,0.04871897568617445,0.017496284558786573,0.014348707188243541,0.010908892229183932
0.9373922557014799,0.03977134438934636,0.008657953391059469,0.007643159849708029,0.006535286668406173
0.8506089658375792,0.05645561272089351,0.054710806544403516,0.02217881773732507,0.01604579715979867
0.8806675949401882,0.06340250356401803,0.025017879798010945,0.020922993013431875,0.009989028684350849
0.9451994289728264,0.0286587647320657,0.011190156815915252,0.009780040745649367,0.005171608733543195
0.9105666163010444,0.05191919204797283,0.018411453957561538,0.009800084089016899,0.009302653604404645
0.8990016338305575,0.05696652633911553,0.017978066120617763,0.014893584429248688,0.011160189280460696
0.940748703919959,0.03205910156208004,0.011785519221795559,0.009752181268083835,0.005654494028081492
0.8741205548425499,0.07428677899269166,0.023531102541520722,0.01737756442495334,0.01068399919828426
0.8987487408102026,0.06794797057070723,0.014301718232775056,0.012941146660228935,0.0060604237260863895
0.769829420329845,0.13434266664403968,0.04612079536856068,0.02945547533370139,0.020251642323853344
0.8732242117144039,0.04635217754821305,0.03907073371942004,0.018325486319022668,0.023027390698940386
0.8698938851709099,0.06649786019042528,0.03296103794780525,0.019497988330647982,0.011149228360211512
0.9182838389591244,0.038829535405209836,0.020004058589827067,0.015680926834249074,0.007201640211589553
0.7985752330622752,0.1045724488501142,0.03406408226164787,0.04452699358114222,0.018261242244820508
0.8384908119516143,0.09322182952711712,0.026406031597403817,0.024373452974917525,0.017507873948947345
0.899469997853237,0.04826710357781938,0.018670448960886297,0.021319884905882196,0.012272564702175043
0.6909096971811554,0.1938596855750258,0.05639001785535065,0.03829178980432781,0.020548809584140338
0.9229549403241293,0.028850238430673712,0.02195016360658912,0.016610009842205502,0.009634647796402282
0.8608111457481269,0.08080882657913617,0.025828291770467065,0.018516280806039277,0.01403545509623065
0.8606812662479341,0.06140884937427256,0.0396570212782989,0.02279370053207219,0.015459162567422116
0.8907060851190223,0.059456855104798395,0.01852936638303572,0.019836750029941917,0.01147094336320155
0.9260697119979141,0.04855573730282642,0.01168246911381751,0.007524656843775896,0.006167424741666045
0.9324323512966829,0.025351743679305854,0.022923206927379404,0.011884347738915588,0.007408350357716294
0.9615555873362243,0.01732123310837934,0.009028896810906429,0.00710469129736998,0.004989591447120087
0.8921131146398008,0.0474252450871067,0.020497081281293718,0.01924675222788429,0.020717806763914492
0.9181548224302339,0.04187663611664776,0.008167566214982236,0.01849853290533446,0.013302442332801827
0.8808693446803536,0.06247629962695827,0.01586425992900564,0.02120984387032757,0.019580251893355077
