Delta_Power,Theta_Power,Alpha_Power,Beta_Power,Gamma_Power
0.5983214565821611,0.13927708982851222,0.16887976531527432,0.0576594588147766,0.03586222945927572
0.8563034902117589,0.06628472482182492,0.041318283385629484,0.021391311175466856,0.01470219040531963
0.8238124538265085,0.08632254878742343,0.058620883840750086,0.0181447241307579,0.013099389414559872
0.917128079503028,0.029636008527050655,0.024646515922164623,0.01680141202865733,0.011787984019099175
0.8827952906249675,0.04111616537142106,0.04075831363486616,0.02036796702232128,0.014962263346423981
0.8011669416166634,0.07483488111083715,0.04765508844508665,0.04833344256458717,0.028009646262825535
0.7884213011637561,0.0872846859429468,0.052805101042313174,0.03215477683073868,0.03933413502024523
0.865047849044257,0.062195362070237896,0.031383890391867134,0.019645263031917753,0.021727635461720143
0.6641431058521504,0.20691284113220243,0.03371529991144535,0.04583793373447691,0.049390819369724746
0.7843173465093997,0.11184651454562174,0.058235787268208355,0.023601350829281505,0.02199900084748852
0.7591723693217572,0.11166434769429662,0.05862141492787102,0.03993295887132023,0.03060890918475481
0.7137167734732786,0.12358222640648375,0.07325389941216134,0.04550327570169382,0.0439438250063824
0.7353470931209195,0.09017612766195932,0.10225788409914846,0.043166386739307464,0.029052508378665024
0.8879186961573324,0.04072032900431998,0.03582902137898524,0.02034009365007978,0.015191859809282329
0.8253246560023171,0.07482692064888466,0.049662812768164276,0.030071009263401904,0.020114601317232056
0.7181915693573131,0.1479375552415537,0.05186838958175959,0.04128568420995973,0.040716801609413725
0.8766100552545465,0.04686877957259707,0.01580043618805812,0.030259784375515117,0.030460944609283135
0.9190761857938348,0.03572535101226061,0.013020920803538817,0.01377593227272776,0.018401610117637898
0.76435458349372,0.0546308170886378,0.1098476855183658,0.03961914948251137,0.03154776441676503
0.9115790067084859,0.030832823119826696,0.029688138543178096,0.013701162777729045,0.014198868850780429
0.505033936651887,0.23232474716778811,0.1492820896268107,0.06325573997461041,0.05010348657890404
0.6919713500143397,0.15484058608085716,0.059488047939734265,0.0450000932394469,0.04869992272562172
0.8467635822877351,0.055727200615381785,0.04587530453150868,0.027650807637457316,0.023983104927917106
0.9057446003744223,0.048205571487736555,0.015431744103713155,0.016327526540297597,0.01429055749383047
0.8735765740593892,0.03862083730452801,0.037009632771470055,0.02844793976895378,0.02234501609565884
0.8970312927987149,0.042768170757507114,0.021121246541822788,0.02027794323837595,0.018801346663579417
0.9364510201814107,0.03264537763236116,0.010253218509243458,0.012202362870857216,0.00844802080612755
0.9342271827991591,0.027761290885592167,0.010977697535422886,0.012515213677483547,0.01451861510234217
0.8785148206804563,0.04595694858055433,0.028351464792175814,0.02568039219680593,0.02149637375000745
0.873099548760758,0.05613348769976869,0.02387579431042689,0.022448578922070413,0.024442590306975938
0.8584555060820263,0.05979675366357184,0.030039554984850197,0.0266393475119289,0.025068837757623058
0.7948844607139018,0.11132042135116302,0.041777613048740475,0.02748554148792768,0.024531963398266972
0.8700704499177755,0.06038858049124454,0.033173544987312044,0.018611699221631608,0.017755725382036285
0.8529760733052004,0.05347973922191262,0.04372543493080024,0.027603432637046475,0.02221531990504004
0.7624278902105658,0.0817734461737888,0.06648150951989032,0.0417088520165947,0.04760830207916049
0.9418205290019104,0.021690543621912476,0.010604956404931944,0.01117319137070309,0.014710779600542113
0.7143030928920032,0.17565029551274342,0.040784583352343605,0.02957866913924258,0.0396833591036671
0.815190757505551,0.04915429296389279,0.0692252234989427,0.03129321299622293,0.03513651303539046
0.8496294772389222,0.04096648573646694,0.06655351142638735,0.020511854454063633,0.022338671144160046
0.8600396424645049,0.05146120898372665,0.039630828605575825,0.022953653052092574,0.02591466689410008
0.8648684332763391,0.0549695531503346,0.02955514299834371,0.02483371649637325,0.025773154078609417
0.8656670796224434,0.0544708459001268,0.03573923815604119,0.022516070510026243,0.021606765811362574
0.8301338085902117,0.08427920590293513,0.03746211467754375,0.022375726296994563,0.02574914453231467
0.8722855767638361,0.01994245338633543,0.07397713345180233,0.016915799207836802,0.016879037190189537
0.7728816043442653,0.04256177250578138,0.02670558646948555,0.03688151997864401,0.12096951670182364
0.8633885245530625,0.05134793482984372,0.019837946811253056,0.024065884280847886,0.04135970952499278
0.8566489425980847,0.04901678838966944,0.020079612934989777,0.03639746018367009,0.03785719589358592
0.7100533150874802,0.07082169524385883,0.12462891642967708,0.04718258999563452,0.04731348324334961
0.7921277113514482,0.05837583154352283,0.061425853054495765,0.04272303973644241,0.04534756431409076
0.6823269252400719,0.09933932650561027,0.1259751502568989,0.04424533567473705,0.048113262322681996
0.8106338466697648,0.07896714990580914,0.04316442568876011,0.03353576817357719,0.033698809562088594
0.8565162405296987,0.05899524410683698,0.035220745769486105,0.025679033173448877,0.023588736420529353
0.7745484156319126,0.11314638304801644,0.043166070542399335,0.03151768400783819,0.03762144676983345
0.874751663337931,0.04944753384421463,0.02653986017110456,0.02722918609383494,0.022031756552914863
0.7957483111691488,0.06494448636041562,0.0737324548735847,0.03468161146598166,0.030893136130869185
0.8857437183327309,0.05078186900772191,0.021350151655237203,0.017681132975214113,0.024443128029095654
0.880458256764156,0.051116592737910325,0.02429603484449732,0.020477199597760353,0.023651916055676063
0.89518202498446,0.029042184267954144,0.030380867312711154,0.024017185198912435,0.021377738235962215
0.7596390474276093,0.0690115941633747,0.10118926997795095,0.035611326322275504,0.034548762108789446
0.7433193984235926,0.0835648319472649,0.13149871462547316,0.020285272721281042,0.021331782282388457
0.5314646163612572,0.1460201335863378,0.20419563923059142,0.05862224867591063,0.059697362145902995
0.8547730108211402,0.04632244946982628,0.04979971562890925,0.025258464795326934,0.023846359284797423
0.8756744290661345,0.07884116664127931,0.014406561815592325,0.016741212422082378,0.0143366300549113
0.7615602902101472,0.11323672522025206,0.050907950619104525,0.03839538172326021,0.03589965222723581
0.8637947086742408,0.050270650081945166,0.03143285364269273,0.029164130957841535,0.025337656643279943
0.6528985415511209,0.1453030185629579,0.052321355828057435,0.07521373434234817,0.0742633497155157
0.8071257722918918,0.07932914011788829,0.03385240017622358,0.03998480254996687,0.0397078848640296
0.8036807348876632,0.11328039073034894,0.03287363610644862,0.02717970452165895,0.0229855337538804
0.8206760042877876,0.07469432371765376,0.04054112435289618,0.03131063450867815,0.032777913132984254
0.7857175985897996,0.07880186747870091,0.04676245698360658,0.05214364503415829,0.036574431913734405
0.7841204713744064,0.07277028101020443,0.04564921674490616,0.05341133555532616,0.044048695315156844
0.838480454126793,0.04908163652564626,0.04300464736347783,0.029904398991203042,0.03952886299287987
0.7894917783324407,0.08729866143388545,0.040621239422594956,0.03447288183448277,0.04811543897659623
0.9243994883007448,0.023203581697182823,0.02430840268372703,0.013174326779685212,0.014914200538660233
0.7355132107381518,0.09184905316482284,0.07012973882327053,0.0478153716204688,0.054692625653285996
0.9010120322140989,0.034214443588475044,0.018950351193108384,0.02626817774833323,0.01955499525598443
0.8938933988252945,0.037452071985326775,0.024698326839826423,0.02347069375010216,0.020485508599450104
0.9134953165809888,0.04038216835031527,0.017448853854383464,0.013955173103721715,0.014718488110590604
0.8265125065982925,0.11015722128161111,0.023564986342268873,0.020167338729691772,0.01959794704813609
0.7110208353567451,0.09744111178834632,0.09668197958128182,0.050184790114068206,0.04467128315955861
0.7962519721472355,0.09262279276218674,0.04511135145094111,0.02825382613927321,0.03776005750036341
0.882821524485999,0.051068723157070284,0.01780051712140331,0.023349980553653397,0.02495925468187382
0.6091248360004594,0.20759740005898042,0.061396063096947145,0.05624728038305132,0.06563442046056193
0.9130529110668361,0.03203278898754444,0.017997421013089984,0.01924357886784237,0.01767330006468726
0.8865301782505072,0.053982363412622775,0.01340114546717605,0.020406969847130346,0.02567934302256366
0.9337928463896926,0.013161231790980471,0.01589980900559452,0.01782185850412818,0.0193242543096043
0.8019694705972482,0.07774423832832092,0.04002738484875076,0.03735917766461167,0.042899728561068516
0.9000281726542173,0.041677587695431485,0.020445133179716062,0.0165693140527974,0.021279792417837715
0.9049028747421924,0.049374009191831845,0.013858128057573632,0.015476021803511666,0.016388966204890464
0.7948027158744507,0.10060295346587722,0.03494219990129179,0.034662575319400424,0.03498955543897981
0.935317088180207,0.024914677355718676,0.011310790662756845,0.014097441335518471,0.014360002465799318
0.8880841056135956,0.04513051458092745,0.01914971568578925,0.02390097920695546,0.023734684912732226
0.926318328720621,0.02826975384621534,0.014904326520540453,0.01429787876301008,0.016209712149613364
0.8300042879224663,0.060219143553596165,0.05019470989602894,0.030770468579658126,0.0288113900482507
0.8406011438606493,0.043422645813886544,0.04742946780579299,0.033196833014765836,0.03534990950490547
0.7265967507824016,0.13226026651906844,0.04363182749513284,0.04756439318602947,0.04994676201736762
0.8372087584827047,0.08397798436352878,0.024320429993215653,0.027818204274360585,0.02667462288619027
0.955554488860295,0.015799181274192126,0.006622395853771115,0.011252539225004741,0.01077139478673708
0.8710086630088694,0.05766942068093442,0.032760690219635805,0.018346870193208846,0.02021435589735156
0.7903074549421194,0.03685868696647291,0.04392691338405736,0.03464208090201075,0.09426486380533947
0.8380716791794056,0.06360281844673529,0.034189152125931564,0.03348166318399165,0.03065468706393586
0.7467985772360557,0.10773363428972056,0.04384864405086023,0.04467785574360585,0.056941288679757576
0.9003090274055953,0.050646403808443576,0.018368235668740907,0.0161352514328767,0.014541081684343574
0.8345605704898597,0.04859308868078228,0.05106178919429824,0.03683173863073723,0.028952813004322606
0.7936537071906347,0.07856298277417625,0.06726138853330388,0.033722752634315074,0.026799168867569997
0.8876676135359257,0.047405127550946516,0.02126311471325867,0.023968718947486572,0.019695425252382742
0.8660778808846296,0.04489228960786446,0.032113699161863414,0.031723375947364844,0.025192754398277922
0.9002967675256429,0.023362382784231892,0.04245579425514969,0.020569975610139984,0.013315079824835504
0.8619069914794112,0.027813898632816143,0.051621300375405285,0.029171633500812266,0.02948617601155519
0.8408351042477422,0.05847355426965778,0.05017665982806337,0.026512372089918138,0.024002309564618487
0.7511689120403645,0.07169645311666539,0.10761912743218074,0.033422980804500485,0.036092526606288845
0.8367493020805001,0.07100823302354493,0.04262448031680635,0.025928865135848626,0.023689119443299864
0.8429420859838546,0.047971053055459296,0.05921556832765289,0.027085034612836744,0.022786258020196504
0.8104649816961508,0.07421630812667417,0.04677258412216327,0.03709574241955487,0.0314503836354567
0.8415602193001575,0.05576376084352603,0.023919284809482407,0.0316338863027401,0.047122848744093976
0.7935736034139559,0.08072550532334609,0.04405850170751356,0.03723637120961972,0.04440601834556478
0.7274659699340029,0.09005666097965294,0.09504748764809554,0.04540693660624589,0.042022944832002876
0.8708923514959233,0.04820639851101161,0.025355950547090444,0.03267596165148899,0.02286933779448545
0.8906873478865632,0.031316760817643605,0.021020610712605803,0.032787079472816574,0.02418820111037085
0.6650401040263472,0.099111148668987,0.07109643496708139,0.07943218970290072,0.08532012263468382
0.7451952748957287,0.10075385542056838,0.054729068086123975,0.044546218081032575,0.05477558351654654
0.8503126955422733,0.05024372143123331,0.03232358765070606,0.030798190903170788,0.036321804472616626
0.9383332187507737,0.020460848846699017,0.010112503790277795,0.014748590613764706,0.016344837998484994
0.9178624321683633,0.03512447989642813,0.017112502218646502,0.01549108030528479,0.014409505411277237
0.6076866340156671,0.19168167621507717,0.09351145803977534,0.05647325865824401,0.050646973071236404
0.71901439679878,0.08572008017155551,0.02406728624869194,0.05850018514535464,0.11269805163561791
0.7294837868190799,0.09745775864343821,0.06696104766487178,0.04184899160281901,0.06424841526979116
0.8172137068952342,0.04249888360789774,0.07620672900391666,0.030951554247574082,0.03312912624537722
0.9145253754007694,0.022336057046002552,0.026546423509799074,0.019523344757537194,0.017068799285891875
0.7648002036098903,0.10250974445752524,0.06644586687250585,0.03587572023424564,0.030368464825832785
0.7795282902090426,0.08987942447063117,0.06166988340265205,0.03941322153602809,0.029509180381646315
0.8733363800492013,0.04741481708615923,0.026899088327179455,0.02460122612366662,0.027748488413793633
0.8939529823348532,0.03187461405733101,0.03441126013346014,0.01941996351709358,0.020341179957262007
0.8480946700021957,0.05426556605175817,0.03874380511655942,0.030308731750024832,0.02858722707946152
0.8115277010945944,0.0915219118684057,0.024576982806733122,0.03573076611003371,0.03664263812023326
0.7211453110199019,0.06453629747446353,0.08903874906594261,0.050563847251281095,0.07471579518841064
0.8693196625710673,0.026150765402777047,0.0476095444294323,0.027388966156207267,0.029531061440515913
0.8906012112038417,0.03571674612899196,0.03206426822570376,0.023725635565110852,0.017892138876351858
0.9032294486946743,0.02687519937873552,0.03321800589408207,0.019975180400472317,0.01670216563203559
0.8574139542299547,0.05321318500402638,0.04217756550536959,0.025709699027071122,0.021485596233578274
0.8574841299199643,0.03775421459892756,0.05781481542248382,0.020119832870824098,0.026827007187800185
0.7552099745707864,0.08060331040493444,0.10811778053506622,0.030557992801664647,0.02551094168754841
0.8577268437867286,0.05371728027035549,0.03577787093276363,0.027507407456391665,0.02527059755376066
0.749293237088232,0.09381741196818309,0.08561350019580505,0.035867286578685896,0.035408564169093916
0.8429043884087507,0.053628662354181456,0.05226387685155213,0.02705698525893082,0.02414608712658488
0.6667326727843184,0.09856774849399472,0.09853271073040773,0.05284961262199429,0.08331725536928483
0.7594784657238243,0.0901642020793088,0.06388951887881682,0.037895593257261384,0.04857222006078876
0.8111425335865532,0.06742950425294947,0.022254811089748958,0.04364055110838162,0.055532599962366716
0.575951589810463,0.07906008091635597,0.19515745079761776,0.07570220307900165,0.07412867539656175
0.516617646879713,0.11637364256241928,0.18628150212170266,0.09358585493769828,0.08714135349846697
0.7259604949403902,0.1272527287572995,0.06521842041413196,0.0427762533158961,0.038792102572282244
0.8018167137791661,0.056574359473901756,0.05054736526980574,0.05220612293476786,0.038855438542358574
0.6385481439299585,0.09959650429231665,0.153182609015473,0.061449557178678005,0.04722318558357371
0.8238348244323624,0.04251675655314126,0.07854889808850482,0.03119716396756114,0.023902356958430314
0.85745984522213,0.04569909204835292,0.047967400182856404,0.03061139992906328,0.018262262617597575
0.7868720097276554,0.07755112980489046,0.061393995285746704,0.03820815574963728,0.035974709432070075
0.9230482970313274,0.025828299000300075,0.013897721640222706,0.018567205321902126,0.018658477006247478
0.7542472685761413,0.06723839947249825,0.0881029024228463,0.052922937869331464,0.03748849165918282
0.7416827989513635,0.06092609010028895,0.10819387963942798,0.04390959308642963,0.04528763822248995
0.7748521631677716,0.11072986794510323,0.04474232509930041,0.030559935175388228,0.039115708612436635
0.8626827569985779,0.05527233785399275,0.027306333603846784,0.025477992362603986,0.029260579180978522
0.8080061693405871,0.07057443355082622,0.05923501556931588,0.028622784365664296,0.0335615971736064
0.860766320365721,0.04588714555204896,0.04776730939315935,0.023551903947792413,0.02202732074127823
0.8931147468680338,0.03596194253217276,0.022530342187212407,0.021228400912681182,0.027164567499899712
0.9412091983287172,0.017032210994052853,0.022842154934943324,0.010644523870634054,0.00827191187165278
0.8517746222052924,0.05531362996112039,0.034991377266617295,0.026644380900049478,0.031275989666920176
0.8728362027025223,0.024174674352495734,0.03559220568460841,0.02706933637430051,0.04032758088607325
0.7714712528280485,0.07961842946859717,0.059602250830210125,0.04447591264891285,0.0448321542242314
0.8567674079874681,0.04806809732686037,0.027779985459714437,0.03044415034874963,0.03694035887720729
0.8049402151885539,0.08571151134210828,0.05713704304742056,0.02756012017423037,0.024651110247686844
0.7277434589730655,0.06977630913058623,0.06206389601652177,0.06408151581990106,0.07633482005992538
0.6183845767846691,0.11667363465919982,0.15965403722848112,0.051338632590452356,0.05394911873719776
0.7848385791569228,0.061034151104256924,0.04613159861027755,0.05400431584916027,0.053991355279382515
0.7169315912884398,0.03944155707409248,0.11517890877513505,0.07299287218270568,0.05545507067962706
0.7450146849365155,0.07321777682100479,0.08745479569653705,0.048200852402500716,0.046111890143442025
0.7792745304833791,0.044192019130430055,0.08250315152807321,0.058807737527432354,0.03522256133068546
0.8970222916073424,0.03733006705616948,0.026479622852630322,0.02226409264588114,0.016903925837976546
0.8501203819388756,0.07266177919042677,0.02123388115031098,0.03061935859296546,0.025364599127421148
0.8432087861317342,0.05411002771330053,0.031958131933193544,0.035156306669734835,0.03556674755203675
0.8102499818163486,0.0667264136404718,0.05790952601183805,0.03698708436637332,0.02812699416496822
0.7926630333221851,0.047610445682311923,0.06098005295077841,0.0569205445925195,0.04182592345220513
0.6913386317570787,0.08615302385981684,0.09395387777605922,0.06759525895398867,0.0609592076530563
0.7729236855022026,0.05062715283737987,0.09586924824085055,0.03428777972458453,0.046292133694982335
0.798460069343813,0.049354695638625656,0.05863441153996866,0.04537025004261386,0.04818057343497889
0.814415757167389,0.06538959733049705,0.04947795396721757,0.02765037288553675,0.04306631864935967
0.9013040646016134,0.029231220292764377,0.04266998689785254,0.01393754800539048,0.012857180202379283
0.6612865599185841,0.10213632828823126,0.068767954609935,0.07614925819548425,0.09165989898776547
0.8122287424304434,0.047338000745679364,0.05663160649689564,0.045912153596217455,0.03788949673076412
0.7739252344437282,0.04164293191949477,0.10379881910562075,0.04248133037935274,0.0381516841518035
0.8871864925659747,0.03614577136211878,0.025081897006653947,0.028982901903534884,0.022602937161717882
0.880991848046212,0.03991801499903779,0.035250406393970056,0.024008007917701787,0.01983172264307813
0.7370433536014906,0.07827905373582406,0.08120853585758628,0.05434950107379842,0.04911955573130058
0.8136218495413511,0.0421247540110164,0.030073649270999793,0.05131926857209085,0.06286047860454208
0.8956123936424589,0.007550441358909774,0.03730851076718028,0.03134343401774316,0.02818522021370811
0.4589875073615439,0.047899618374255694,0.159833291841649,0.1521391509681647,0.18114043145438655
0.19563239921975295,0.09856646772812315,0.19416231419960672,0.2506085957561037,0.26103022309641344
0.3227384834745044,0.014526619970679394,0.05268391404105189,0.1957704551965679,0.4142805273171964
0.31238737308720965,0.072447213263623,0.26976537376222626,0.15984980298723359,0.18555023689970748
0.08835687562738086,0.12121789728209122,0.3810871622540612,0.21923839784922095,0.19009966698724576
0.09330101822405186,0.11378884765313026,0.3368282873913799,0.2143968683301224,0.24168497840131553
0.2170817663782079,0.07376295471718873,0.3144363631722509,0.21363172804470207,0.18108718768765036
0.7745975461375829,0.06814645119968979,0.05737199810176991,0.05420119146890712,0.04568281309205003
0.7372912343012024,0.10631916255151455,0.06678061592481677,0.05401595204047749,0.035593035181988725
0.9083268809372668,0.03247690573865229,0.02454874223910973,0.021236801638168986,0.013410669446802258
0.8360841253607446,0.05979109457536988,0.05121231253369239,0.027731106738133827,0.025181360792059397
0.8709777129099259,0.05098672301002926,0.02995890168872163,0.02353403602720075,0.02454262636412224
0.7592854168842754,0.060343230283176674,0.07644054805701589,0.05332324432940817,0.05060756044612392
0.7432345723388225,0.10623959942197302,0.06331885448948482,0.04501242014562787,0.04219455360409189
0.467353010415549,0.13177078897893682,0.11234619688869342,0.1504927992843932,0.13803720443242776
0.9324482604255049,0.010320822368025699,0.01456004599279639,0.021426005035017057,0.021244866178655945
0.8299409500346787,0.048892115051432,0.050588105546247264,0.03645680205460982,0.03412202731303193
0.9033376191370001,0.037680278301766915,0.03764625541553499,0.011530920230291316,0.00980492691540677
0.8091120828048904,0.07473302036505566,0.0421006776927565,0.03283082722430169,0.041223391912995844
0.763032670357868,0.0667803129603561,0.08235593853982685,0.04354541130388857,0.044285666838060574
0.9379761455375412,0.021732952947365762,0.01796965150422882,0.011564887411652201,0.010756362599212312
0.7380762473556226,0.06339359290782803,0.09779451075816843,0.05224613606127205,0.04848951291710917
0.611188587914819,0.14903825566444082,0.14070498280919302,0.04696788286259823,0.052100290748949174
0.8629208599999044,0.05340446850440727,0.03555009988405227,0.023757544418941227,0.02436702719269479
0.8953021089624494,0.03420179391783989,0.035612025467653664,0.019345752040900548,0.015538319611156589
0.7116850965955027,0.08150829470543985,0.12136883599398043,0.044780075301044456,0.04065769740403249
0.8355004141234332,0.06452173975727313,0.049136486643073476,0.029349826594507397,0.021491532881712707
0.8933892874052941,0.028345809911748593,0.030516295033214274,0.025249012529347557,0.022499595120395514
0.7149160657628569,0.07573134706195593,0.06428961749047837,0.05937494483470108,0.08568802485000758
0.8489893285518774,0.03202594434463634,0.03433065961295001,0.03444986307728545,0.05020420441325087
0.7575565252766284,0.08313412055491604,0.04735527392155726,0.055667360880090146,0.056286719366807896
0.7006649977543102,0.06941663782547178,0.12469384798850769,0.058705608425537334,0.0465189080061729
0.8786060325052064,0.03275506813881739,0.054321362263751644,0.0169492107563791,0.017368326335845344
0.8063229850477825,0.07415462185504682,0.06560920150180514,0.030762061167527697,0.02315113042783764
0.8003842062389551,0.05806740560618318,0.05687458985410797,0.04730456385058749,0.03736923445016647
0.7358165373325857,0.03983966783136809,0.14743684073689345,0.04253945402266583,0.03436750007648704
0.8538188668161396,0.0415053731773696,0.05426054724845455,0.03106350367970267,0.019351709078333678
0.8788627560664245,0.04417766436253241,0.022287875777944853,0.0260290512322906,0.028642652560807516
0.8245120319130548,0.047718025333586676,0.05323597158904239,0.04322255163013617,0.031311419534180034
0.7901894008055728,0.09711959878103411,0.04532675419734417,0.037598329685009826,0.029765916531038848
0.8886681617548524,0.04769797590546996,0.019407792105636347,0.025112834180075205,0.019113236053966236
0.8140076580351451,0.06760372236489917,0.0423708298136402,0.044249061542581174,0.031768728243734286
0.8002134421577557,0.07945876302491275,0.055235326308591313,0.037478979208504765,0.02761348930023539
0.8296183550637012,0.07433920198361535,0.0386305514170308,0.031282314784471306,0.026129576751181195
0.8941562778802966,0.03571744021110691,0.031606266269125605,0.018965398761017608,0.01955461687845302
0.8377599198865646,0.06521325011958815,0.05196500877351587,0.023499224429973868,0.02156259679035733
0.8088763902763364,0.07245547744599307,0.05466966315988782,0.03323046387996083,0.030768005237822
0.916680789165749,0.03158310144352815,0.018156380741286764,0.017283322193715603,0.01629640645572023
0.8818938033696563,0.0411984798368927,0.02610342052290665,0.023919083348949585,0.02688521292159452
0.910366082012834,0.02112050506247966,0.023618921035822058,0.02481248398050222,0.02008200790836226
0.7067057452892129,0.06725967950824183,0.11751740748572588,0.06328864380823071,0.045228523908588725
0.8254031684284056,0.04358431706207096,0.04892258816594844,0.04173754338816049,0.04035238295541448
0.839931656969421,0.0476867496511805,0.04312437594025632,0.03275956174474782,0.03649765569439453
0.8886279126653429,0.043176381762186536,0.02640220440869399,0.02006117936971484,0.021732321794061746
0.8342293725233917,0.06745679012495462,0.039075707522655864,0.028519957365821382,0.0307181724631766
0.8685839726744874,0.0317055580888085,0.06507397171809834,0.017661596176019697,0.01697490134258608
0.810176504197989,0.03457994115637853,0.10176541390241702,0.027245053575966325,0.02623308716724931
0.8004647364967561,0.057821251635245235,0.061089934438020174,0.03905367932968579,0.04157039810029289
0.6632977467385626,0.07007860179917728,0.16873604375813445,0.04687998113817137,0.05100762656595448
0.7331854034391723,0.06277219663084338,0.11908102885745564,0.04488097520778725,0.04008039586474136
0.7969945574237856,0.09935260311271978,0.03964731193727936,0.03291944646106758,0.03108608106514766
0.7274894247061147,0.0963109450223017,0.07321138449794896,0.061772392998743805,0.04121585277489114
0.8540950435850351,0.038067551254189855,0.06921294630996748,0.02316548977692883,0.015458969073878672
0.6920526767060495,0.08319705520093225,0.13411942343200114,0.05030804402864504,0.04032280063237209
0.9235512564908107,0.02170059282580386,0.026811983930258243,0.015083747049949484,0.012852419703177702
0.7186105482937498,0.06110957910253111,0.09642974779437158,0.07118351671628323,0.05266660809306429
0.8768561797331929,0.04031026864342963,0.03142581708182405,0.029540981776389853,0.021866752765163543
0.9174030057000874,0.034099795072820197,0.018708906396807768,0.01785186173044548,0.011936431099839245
0.8043235824252671,0.0749507849967445,0.045108506066670655,0.04230007123942285,0.03331705527189496
0.8730895655557821,0.052903032057412425,0.03625040406694755,0.01998929242292769,0.017767705896930375
0.7121594465522391,0.14112997738281277,0.07382064439199372,0.03967708919669126,0.03321284247626344
0.7746408445744211,0.07943970791598857,0.06809521970778852,0.0447503704179134,0.033073857383888364
0.7933511580028109,0.057405630347392364,0.0507270191248854,0.05142380082137246,0.047092391703539016
0.8765450354079665,0.0397485559245798,0.0428029910640776,0.020083839855769083,0.02081957774760699
0.9027907061388313,0.022905317732399892,0.04467193136191182,0.01688113167307148,0.012750913093785428
0.8887762487752692,0.038634679618354664,0.03808814597214061,0.017995300266622726,0.01650562536761244
0.8445133123742943,0.06625657257395967,0.03407552813165123,0.030007333688428103,0.02514725323166678
0.8869373456696928,0.036307547340994444,0.04990612626092907,0.016146640697257384,0.010702340031126337
0.8041725563779522,0.0784064324465789,0.06632136796617036,0.031037513649463687,0.020062129559834805
0.7633213464450905,0.1085118983797182,0.053604999387258156,0.03954151581074465,0.035020239977188436
0.8196300154499042,0.06935906286044073,0.06166145653216904,0.02281970406456207,0.02652976109292391
0.7437822819278218,0.13002718526439183,0.053654880899534844,0.04214917936897136,0.030386472539280323
0.6937694625428408,0.08685357422605487,0.06653385039845389,0.07688152077865688,0.0759615920539934
0.8250267491699489,0.03719466256516572,0.07313204354580305,0.03301719757047729,0.031629347148605304
0.7021939210092957,0.06716233090760622,0.12436374040198733,0.05852467107563025,0.04775533660548047
0.8161109603015887,0.046661309221152025,0.08808557460482226,0.028519420035596633,0.02062273583684042
0.7352832432628662,0.06213247144080463,0.11080203082471739,0.05151703458473048,0.04026521988688125
0.7448587085535693,0.07817271659924582,0.0964581170656078,0.048145132141099715,0.03236532564047696
0.851122446366305,0.04263420682348596,0.05419554018836319,0.030091629318875487,0.021956177302970257
0.8541102521192778,0.03232649608526271,0.06836470875011236,0.02780370247816419,0.017394840567182962
0.749236973658874,0.06914180064577272,0.10934398627114858,0.04420344448117714,0.02807379494302782
0.7896462586488873,0.07354811521446876,0.062293702310184516,0.04543156891567582,0.02908035491078389
0.7545544168625415,0.07888999454861895,0.10468986516172786,0.0386304643915115,0.023235259035600118
0.8424601732484871,0.05696173755395646,0.048908042042022065,0.03015335453188363,0.02151669262365089
0.9202789897622954,0.029738709686455964,0.026369822151834747,0.013945439509490521,0.009667038889923395
0.9093857680659143,0.02822584026333478,0.03049474981073673,0.01939501123206331,0.012498630627950792
0.7096207937448797,0.10869309836781563,0.12398668956059138,0.03826617983202069,0.019433238494692407
0.8512118339983632,0.04852833317125282,0.0631999194402641,0.022248903736739354,0.014811009653380336
0.698928964669905,0.08712900411015109,0.11331049915197369,0.051447616230223994,0.04918391583774624
0.8583642933228445,0.0507084576672286,0.03694255486880829,0.02515315084974628,0.02883154329137238
0.7270757081132304,0.10090102213647142,0.07713510894309494,0.04835607087503404,0.04653208993216916
0.8501920962580631,0.054076146193700644,0.03888716717951953,0.028855569113316583,0.02798902125540014
0.6124823547854331,0.14619656634030043,0.1497567545566603,0.04803689574341723,0.04352742857418906
0.8200134407128942,0.05573993600062612,0.07525834673587975,0.024478983307549294,0.024509293243050706
0.6412979465858036,0.07030316638642939,0.10886075953292136,0.09615907284343783,0.08337905465140778
0.7110182744078885,0.1157087135519601,0.07052784281139936,0.05403751941927023,0.04870764980948187
0.8236341017803229,0.05785660539977769,0.07354003284179252,0.026806994757181707,0.01816226522092511
0.8337359240411182,0.04566676437870716,0.07606953171117768,0.024055769453307094,0.02047201041568989
0.8630463542836451,0.036201352846874556,0.05836616639422869,0.022966179030734567,0.019419947444517038
0.8576754389800042,0.04959397758290448,0.03869920607490814,0.029251979117337498,0.024779398244845697
0.851043499861818,0.05368784488496792,0.040950386450255394,0.031275896306965034,0.02304237249599371
0.8509410531581079,0.0354991829365026,0.05510719257338919,0.03375982155614302,0.024692749775857323
0.8900047044453547,0.03375857802535414,0.027244385611488956,0.02835230192793217,0.0206400299898699
0.8020125736209018,0.050647267164772934,0.04387875097632685,0.05971204982474296,0.043749358413255675
0.90874935495037,0.03449604409952151,0.013123261399666799,0.023029758389428733,0.020601581161013127
0.7361256354400196,0.09579180904813395,0.02901730262453995,0.05998813495229285,0.07907711793501343
0.8660615253074988,0.04745248619498495,0.02870410220407181,0.03212303649354119,0.02565884979990313
0.8350240390574217,0.04755042003947829,0.061063876675062974,0.03127498987932029,0.02508667434871686
0.73773440541019,0.07329776519550271,0.1245173769740898,0.03263540670908483,0.03181504571113273
0.8127657339780421,0.05039199767943099,0.06999848599985671,0.0344452496665971,0.0323985326760733
0.8660652695691867,0.02279513786044259,0.06681307732861898,0.024963911986596657,0.019362603255155014
0.8638039579736572,0.03940650682865916,0.05640212737051864,0.022589171180794333,0.017798236646370817
0.8341306469154518,0.039327428799064805,0.0653413224199956,0.03771682389866839,0.023483777966819285
0.8754167835145497,0.040310901889771024,0.042250397904630636,0.023365194088216305,0.01865672260283235
0.828038461270371,0.0378211107738077,0.06785628223394494,0.03748476150981825,0.028799384212058354
0.9194205136365016,0.022054526188135113,0.03142729731638696,0.014996524928755105,0.01210113793022119
0.6373881044120697,0.10492426993700807,0.16995593453112584,0.045564592013952555,0.042167099105843674
0.7463389896104213,0.05508952551366298,0.1375859327642344,0.032728889590430896,0.028256662521250236
0.9089991285766312,0.04004185456728581,0.015961775446667898,0.017003554996818018,0.017993686412596997
0.8650986135645387,0.03540649509590558,0.054467280524030534,0.025530505743574343,0.019497105071950686
0.8353660859679383,0.04504293076540847,0.05142636828621959,0.04118871619295215,0.026975898787481682
0.8667104783866035,0.03921285776805092,0.038404206065822864,0.028357163603911335,0.027315294175610946
0.9029024891818455,0.01982550614847153,0.037288311617084534,0.021270590900994594,0.018713102151604124
0.7465597202748168,0.04885826474054026,0.13507314846163002,0.036024618601964736,0.033484247921047997
0.7997645241624932,0.056902143886002746,0.07919073046767092,0.03341319413522908,0.03072940734860385
0.6371958991318658,0.16631487217301116,0.06830950251509678,0.06324873576038956,0.06493099041963662
0.7844799595706432,0.10118320941860043,0.033038523552888124,0.04503279618254592,0.03626551127532251
0.8684648211394955,0.036336399911929,0.045564669677116226,0.028003510189717133,0.021630599081742353
0.7652992910196578,0.09212867522454803,0.09174746327675631,0.028407073187903135,0.022417497291134843
0.9374215326213234,0.021241048102022056,0.01905972026391877,0.012395505754538969,0.00988219325819688
0.8456032614178602,0.03203351586919052,0.08893373069764782,0.0196507779979368,0.013778714017364755
0.7586649508297626,0.09187965620010853,0.10058720346487408,0.027253040809101667,0.02161514869615314
0.7509152659325343,0.05329523980158055,0.11401089316568565,0.04540555893450388,0.03637304216569572
0.6976356010616002,0.07182872825090973,0.17299443367145603,0.03479160904214488,0.022749627973889477
0.785760038605718,0.06031941332583253,0.08966541386897138,0.03605165360121815,0.028203480598259924
0.8953319366184271,0.051208649368390036,0.027115745388882322,0.015135756930027862,0.01120791169427264
0.7541326656728298,0.0702580445431577,0.08370675500677519,0.046557143109406104,0.04534539166783131
0.8118675822141975,0.05318508461872066,0.06872426556059338,0.0331328911460031,0.03309017646048519
0.8855065145106586,0.031719897089184775,0.04267688340625008,0.02261886735199833,0.017477837641908262
0.868314032617336,0.04578157763186104,0.03210143677099809,0.028304708538004826,0.02549824444180009
0.7682771327429828,0.057248484341404775,0.08009574361764124,0.03885556302808434,0.0555230762698867
0.9144504297871014,0.030631200824087376,0.02519733254770291,0.01642832450263013,0.01329271233847811
0.8435916059310163,0.03127743973338354,0.02686007051764398,0.03488302965752596,0.06338785416043025
0.8763851349078782,0.020041240979727117,0.020477739091941657,0.03254462465641824,0.050551260364034824
0.7810518286613476,0.041192807898380326,0.12233870982610974,0.027485195491315263,0.02793145812284705
0.7584750124022034,0.04494924967338157,0.08520578537382122,0.061123498201977364,0.05024645434861659
0.8085132108315518,0.052665263555186734,0.05992761328320096,0.040094289884999926,0.03879962244506018
0.817653883202215,0.07589905636278463,0.05531845888246623,0.02903785892744666,0.02209074262508727
0.832621894166826,0.05737520773913512,0.055537754942709225,0.033004356450908226,0.02146078670042141
0.7882852944783721,0.09125796803591736,0.0529432090295091,0.0414665769754027,0.026046951480798514
0.9224734552076573,0.03658807628652758,0.019391812800012002,0.012615516097794996,0.00893113960800822
0.9160072999961186,0.02604595529459544,0.027364163454633227,0.019710648355622168,0.01087193289903048
0.850523701374084,0.04653453667753536,0.028018254918948365,0.03950043526426284,0.03542307176516953
0.7197376934107528,0.06598594110545146,0.10083159029054402,0.0584724822448532,0.05497229294839855
0.758018135085333,0.07053047832047044,0.08637190381599288,0.04884219251575924,0.036237290262444335
0.8298171904742833,0.04249772116301904,0.04762392033292257,0.04000790565205251,0.04005326237772267
0.8609616752114224,0.03512688294983331,0.03471309683995628,0.04115388740904154,0.028044457589746358
0.8510125417514234,0.05330418908862062,0.03595996442634892,0.03327965198424774,0.02644365274935928
0.8261078473173056,0.05435641797857513,0.048991477010355715,0.039341087283852,0.03120317040991156
0.7924304486324095,0.07534381969773493,0.03289992469401513,0.053706450811977786,0.04561935616386261
0.8743135967226111,0.04663563429760792,0.04017131199805942,0.024986164402766915,0.013893292578954657
0.8444253783403054,0.05024916054103736,0.04170250067522736,0.03698409376903966,0.026638866674390384
0.8048497241484138,0.037474177698393715,0.0812924145704972,0.046754525093085274,0.029629158489609852
0.8463917241217573,0.03153219168910597,0.051187754382824434,0.043912177142466084,0.026976152663846103
0.8900179536991326,0.03620745852939355,0.03828658041045431,0.020560967554209966,0.014927039806809775
0.8066185345774961,0.08143762095829118,0.03627165092222979,0.04638855294375075,0.029283640598232123
0.828074719259787,0.03452965156258714,0.07088409104035676,0.03991198510424741,0.026599553033021608
0.8907204942319521,0.0338425995618078,0.030698171566108642,0.024108067680243917,0.0206306669598873
0.8323477639781331,0.06835068576693731,0.04530923340988514,0.030528555897462957,0.023463760947581482
