Delta_Power,Theta_Power,Alpha_Power,Beta_Power,Gamma_Power
0.8732130826760245,0.05543240818121934,0.0357343512979174,0.022581420609421123,0.013038737235417744
0.9139159641559247,0.034272477366914855,0.02317821536378462,0.019646115961884165,0.008987227151491525
0.8564596883843505,0.08730742268428991,0.03405513322562344,0.013855342828476018,0.008322412877260292
0.8916672323928182,0.05546214482699172,0.024500811612324966,0.016167998493531,0.012201812674334022
0.8726087779814209,0.07357437734665671,0.026879491459580258,0.017544367901333745,0.009392985311008455
0.87206014202654,0.07688909878233825,0.03189515689314968,0.01140640880005417,0.007749193497918008
0.9442892820516176,0.03005938568686079,0.016803815027710577,0.004920389562702415,0.003927127671108907
0.7982161701696191,0.11026720182310554,0.04570036404322803,0.03082622968814091,0.014990034275906292
0.922457094423444,0.03733472098475695,0.022343298106874212,0.011418476609228068,0.006446409875696665
0.9358468121713132,0.03634831059403116,0.01616459364159643,0.00677011136882189,0.004870172224237347
0.8679375036492083,0.05777806832326959,0.04251960033429597,0.017441680693955467,0.014323146999270503
0.9586271527927325,0.01878963484761013,0.011107215627386632,0.0069184675512744525,0.004557529180996145
0.9271321613488022,0.03445982287028509,0.022964449995434753,0.009907523919597656,0.005536041865880708
0.9338513069539212,0.021552018358262266,0.026110841607072787,0.010406337320709095,0.008079495760034599
0.9178081217312757,0.04665745950379453,0.024278708715003382,0.006126829991980447,0.00512888005794585
0.8866716839243421,0.05950384605626656,0.02913371521870886,0.016351420150277955,0.008339334650404512
0.9043143040219942,0.04238816251337435,0.03695311398711892,0.010617774039997387,0.005726645437515234
0.9124386067843011,0.053372435897084715,0.020780739032428098,0.006736119750210213,0.00667209853597568
0.9162569294752969,0.04127821082131554,0.02035540370440902,0.015235514421129654,0.006873941577848924
0.9536518417191215,0.02321615675259535,0.013309579030301054,0.006092805774149214,0.003729616723832717
0.8103954587301846,0.10232049426866088,0.04445677764332064,0.02717052365504463,0.01565674570278928
0.8675013727513671,0.08172206925518545,0.02667617206258108,0.015356769802729207,0.008743616128137191
0.9603198987204496,0.021619273163904173,0.010416922262157166,0.004284599643872701,0.0033593062096162222
0.9428077708585331,0.034770303712976354,0.015463452943643353,0.00400356106602545,0.002954911418821542
0.9086189113857475,0.053599370764058386,0.01955158358543048,0.01277005119398366,0.005460083070779817
0.9209166640749882,0.030862267713666465,0.028014820631985037,0.011833282904232478,0.008372964675128035
0.8847585994273108,0.062238445706681814,0.032279284326128775,0.013446086148742202,0.007277584391136167
0.9009215455154129,0.04653837043100669,0.027294071815192215,0.016843457579853748,0.00840255465853444
0.9182921770119046,0.046164770917881785,0.020359121876889978,0.009983994481714126,0.00519993571160971
0.9241056679874711,0.04392647287744718,0.01518120653072852,0.011374834828994299,0.005411817775358888
0.8346548429954663,0.10369883390850151,0.03124573665722439,0.017707237563690015,0.012693348875117786
0.8718338306425587,0.07400709161265637,0.0321357413741225,0.014161328081913397,0.007862008288749401
0.8247206238918688,0.09150497245575646,0.055391160077781824,0.016129498830239574,0.012253744744353265
0.8926175005553644,0.06063778484678953,0.026357094880638438,0.012095571560967132,0.008292048156240432
0.8595271592951289,0.0803293741228381,0.04093379966891835,0.010714004710698378,0.00849566220241616
0.8622543392153027,0.07000518735334339,0.04080154565394535,0.014987549132665319,0.011951378644743117
0.9468994887357048,0.0319879722965534,0.007548615232917724,0.008046446060395538,0.005517477674428379
0.9252789382751803,0.03453192876506175,0.025241051683108435,0.008044756696377796,0.006903324580272001
0.8522158236045986,0.0919279955707615,0.031444341967943865,0.013736713136601015,0.010675125720094884
0.9255838422420875,0.050469450991038736,0.011628732995119505,0.007696151838365357,0.004621821933388467
0.7975028124736849,0.14216496941694073,0.025447959139123438,0.022282690448331012,0.01260156852191995
0.8717173661009254,0.044872888786362974,0.05078974621060567,0.020737653827745155,0.011882345074360935
0.8334397932503304,0.0854757967756376,0.05053895282088329,0.02043282701286862,0.010112630140280314
0.8703369391003022,0.06421989867574204,0.043063832553104295,0.01464252346284481,0.0077368062080068346
0.9446020135057065,0.03213898088668493,0.01292581862405116,0.006610778601268509,0.0037224083822890368
0.9244097650603685,0.044850477485180604,0.013594003231280466,0.009769192312008217,0.007376561911162317
0.8350618502342306,0.0716721194058348,0.049193847877513276,0.023600297850216265,0.020471884632205263
0.9406931601989568,0.02999174964823604,0.015938305236484002,0.008614705277567428,0.004762079638755498
0.9143495882241075,0.040576419561139276,0.025957157323117125,0.011907815717838752,0.007209019173797393
0.8423550317709718,0.09155455853240414,0.04314130115971594,0.013335731456565962,0.009613377080342307
0.9330575036299266,0.0293656232873867,0.02283540796908947,0.008900242310676936,0.00584122280292017
0.9540282868952684,0.019102149396675844,0.01520305636517487,0.00715811809898778,0.0045083892438931225
0.8814433798407153,0.07289790767077681,0.02661488885051096,0.010977824829290297,0.008065998808706672
0.8800334183829929,0.06407758168406545,0.031114099660473227,0.01602011358363845,0.00875478668883003
0.7886092524771215,0.12388166631939901,0.05071390169291844,0.021192245527489873,0.015602933983071537
0.8402421628972121,0.08943932359847118,0.045784464566227305,0.010681483054229717,0.013852565883859795
0.9550609694048312,0.01946240377384886,0.013952099262299428,0.006476267533804963,0.005048260025215688
0.9078440688354158,0.040239794866701276,0.027577016736021493,0.015254252493340554,0.009084867068520972
0.7703794490874649,0.12423173490166174,0.05410173899365541,0.03136143694822611,0.01992564006899184
0.8668672190153713,0.06883784854934112,0.04629650398019906,0.010542599584846952,0.007455828870241716
0.9535957688882892,0.023649871962248235,0.012902260559808849,0.00597155250569923,0.0038805460839546257
0.8574578051874031,0.07574202444867963,0.03813234267632434,0.018052632328449968,0.010615195359143093
0.7424535567566574,0.17320439762047116,0.051265345488199415,0.01815842784602647,0.014918272288645553
0.9498713239434167,0.02616422158868973,0.014079642726000877,0.005726963671595631,0.004157848070296839
0.9108742809288466,0.05149885610787115,0.020106937027357316,0.011921823095907322,0.005598102840017501
0.9487091009227384,0.015799637196625624,0.02080607087512436,0.009563533642836746,0.005121657362675057
0.8821623727029929,0.05804150272138597,0.033858175630608986,0.014194443969367788,0.011743504975644413
0.9270952561992499,0.031234003059471077,0.027307847264532212,0.009015433600277211,0.00534745987646957
0.8938016343028525,0.06020350112090474,0.025479280641871063,0.012892439253267031,0.007623144681104793
0.9327909263419489,0.03871530383315853,0.017815802593979847,0.007061365262056053,0.0036166019688568043
0.8472005352492402,0.0835087621327188,0.042928503373535605,0.016765896966635337,0.009596302277870006
0.8370373273683961,0.08273272932158482,0.04518878281569919,0.022188098325710677,0.012853062168608794
0.9378053611933104,0.03447305376225711,0.015093801783173247,0.007685011122465539,0.0049427721387937185
0.8951301400037835,0.05326670267198664,0.029800349257387514,0.012340956843067297,0.009461851223774858
0.8985119167473131,0.05920965454563685,0.023372834556835892,0.01256302165606177,0.006342572494152477
0.8877909495488566,0.05991896095128231,0.029703161297562158,0.013111697636899027,0.009475230565399992
0.9368895033624762,0.0333529363097559,0.01569911067672947,0.00821028020795557,0.005848169443082975
0.8353988529898365,0.10265123813987216,0.031282430415402365,0.014449479142941278,0.016217999311947635
0.9161078083398793,0.05042825666528696,0.01807321307082942,0.008934920823124535,0.006455801100879753
0.8631145167857955,0.04852697192433703,0.05304803640098748,0.019688324596077538,0.01562215029280239
0.7925737971429717,0.12477568755793153,0.0466192923392917,0.020784112861331534,0.015247110098473397
0.9156759773744938,0.041232846990399113,0.0245901623189966,0.01149014531928017,0.007010867996830401
0.9012154293006761,0.05903349001440215,0.015345333263855603,0.014595574190283813,0.009810173230782369
0.8611032302593631,0.07733127694159737,0.0340951052547452,0.01304477893551142,0.014425608608782918
0.8561847822211935,0.08388827196493559,0.030057610822459026,0.01970268056549807,0.010166654425913748
0.8167387457744236,0.08198543133662076,0.04686613465208837,0.030638778418923894,0.023770909817943296
0.900293885441559,0.05353268672546657,0.021864182892442272,0.012677816364349927,0.011631428576182072
0.933849364129246,0.03281225095361185,0.01959000778556499,0.009702506305109364,0.004045870826467838
0.8973831869712443,0.06631940160083497,0.015619606549590388,0.01285152481675879,0.007826280061571536
0.9008011576388123,0.05807602885421186,0.01877414414364343,0.01512132728455886,0.00722734207877373
0.8151732959384378,0.13095950665576622,0.026225228983921673,0.019620090614929215,0.008021877806944943
0.922133027267746,0.039908437078527835,0.023745099507929798,0.010292114271817318,0.003921321873979231
0.9191860165461887,0.03460561773272257,0.0240212014662146,0.01447957763702224,0.007707586617851944
0.8895933765383649,0.05420490547366699,0.03857297798766198,0.01189443358350625,0.005734306416799637
0.771589729797106,0.083862431058727,0.09577496444582925,0.033224463127478863,0.015548411570858746
0.9332974415259647,0.032434572261879784,0.020113691420506983,0.007961218816710207,0.006193075974938273
0.8676356922705231,0.05743095989364369,0.0471919319205919,0.018521903884292326,0.009219512030949126
0.8076928084763408,0.12167095141962261,0.037722663323952785,0.021144145010894257,0.011769431769189832
0.9271561071947174,0.03961204976629107,0.021850502211176438,0.006912443123800196,0.00446889770401482
0.8725973610279223,0.07657582435675844,0.029003270887041775,0.015229493436230939,0.006594050292046512
0.9000591861554711,0.05533812310623696,0.023843559639372673,0.014487091684261972,0.006272039414657427
0.9791367094700218,0.005712228915329437,0.008343474364932015,0.0042998273742354525,0.002507759875481369
0.9181714421510536,0.03927609635685698,0.02465612157586797,0.012065246939150957,0.005831092977070446
0.8598130729075488,0.07895906989753433,0.03837102017021488,0.016247865946477404,0.006608971078224681
0.9295055014515278,0.04208047142620472,0.014837907592902166,0.007949051710187172,0.005627067819178034
0.8756050548076827,0.062380748274195263,0.04018170085699561,0.011952332114812685,0.00988016394631345
0.816796303657984,0.10506824927617521,0.04292396634028609,0.019087072565271777,0.016124408160282835
0.9314908113015119,0.04175947145654025,0.016010975266198865,0.006207786608489489,0.004530955367259542
0.9230682030355248,0.03680074556169539,0.02731868039645626,0.007475209319687713,0.005337161686635646
0.8162538020835584,0.06916531331514791,0.08513065075053147,0.01802368790182445,0.011426545948937848
0.9340528573608706,0.027819260769380714,0.02863532990816666,0.005606269286449026,0.0038862826751330905
0.9311914082241152,0.029497108135905108,0.02559102993496615,0.008928155672979119,0.004792298032034452
0.9133994388174512,0.0460087568628038,0.022336503487508864,0.011807639560136899,0.006447661272099083
0.9317944950553388,0.043130947624626347,0.014187413765258032,0.0067903775138963155,0.004096766040880656
0.8718177167074115,0.06362040072316581,0.04335262249580558,0.014012695145875722,0.007196564927741319
0.9381047349834557,0.02337365149098675,0.020741612365959988,0.012271278204262373,0.005508722955335155
0.9391923912246436,0.04264467066757667,0.00997976515639036,0.005692099045228141,0.0024910739061611946
0.8646605391876903,0.07702461891481775,0.03229862699924505,0.017371089816640074,0.008645125081606761
0.931831277771815,0.03425529427189737,0.020941620984280405,0.008790720897610634,0.004181086074396593
0.7957320833401831,0.09098776203763273,0.07470228428914974,0.025512116180588473,0.013065754152445848
0.8556213183521089,0.07197684132850876,0.04482676286374486,0.01935086208331122,0.008224215372326392
0.8891651211231996,0.052595343845775584,0.03270330488457805,0.016477700242510617,0.009058529903936232
0.7814719382761387,0.11787142892582982,0.07136055560723338,0.015898354660155663,0.01339772253064226
0.8454034694696316,0.09673943416213218,0.03677856754927207,0.01362583640337365,0.0074526924155908615
0.8952371475940982,0.04255884151191621,0.03454007221104137,0.0164576798342592,0.011206258848684982
0.8245045216872942,0.09989820774752896,0.0402939562564962,0.024502945511752746,0.010800368796927994
0.8780863133949307,0.0577366443767014,0.04509236280932695,0.012739584382466971,0.006345095036573979
0.935841310228058,0.03505420827016768,0.01795205983643918,0.007172199432506504,0.003980222232828532
0.8174245386280282,0.13110993461924905,0.02890153453028801,0.014760362577915952,0.007803629644518858
0.8820298482718475,0.05165179666279557,0.04172055915543934,0.017244090754694998,0.00735370515522271
0.8799574795167588,0.06569775127926439,0.03513657382359426,0.012087599164802666,0.007120596215579703
0.9367671349543032,0.03309130028006357,0.01646846247288995,0.00907093598527332,0.004602166307470234
0.8524293941752096,0.08072624093309876,0.037625582816523846,0.017835024584491287,0.011383757490676442
0.8513411158821493,0.1014305494824414,0.02685085011280315,0.011971851491158392,0.008405633031447595
0.8919412922184845,0.07695330912033828,0.01731371979022527,0.007904283868409382,0.005887395002542681
0.9478895872774104,0.02097951690302125,0.017126223795605657,0.008554843721592839,0.0054498283023697944
0.9510819201378852,0.032453189771506026,0.009484744617892237,0.004885993909464998,0.0020941515632513764
0.9550052982598464,0.01822106944597236,0.014055050051890566,0.007511988385941588,0.005206593856348887
0.9094282885872843,0.05923607085060814,0.016579770267053637,0.010035580934795575,0.004720289360258338
0.9185157036771975,0.04579375576319558,0.024958879336001806,0.006281873897556591,0.0044497873260484315
0.8977014669650889,0.04244517388298533,0.041258424730883266,0.01232730087848605,0.0062676335425565985
0.9535134387025556,0.018766746143250444,0.016811711831364522,0.0067688594317203395,0.0041392438911090615
0.7652030701357947,0.12218551902812631,0.082534638627026,0.019628366321605206,0.010448405887447838
0.9256439227092592,0.037915704762167615,0.019770782537653797,0.009208927837798897,0.007460662153120517
0.9527882806629957,0.016510975002721064,0.01797081996228813,0.008084717877376597,0.004645206494618304
0.8963324490493708,0.046807197097694535,0.03242839581248003,0.016296877451500928,0.008135080588953444
0.9090726657276617,0.04360367787456053,0.027831031714697172,0.011360197569008891,0.008132427114071748
0.9327489866339378,0.03395154916071909,0.020433413050336375,0.007918546729190989,0.004947504425815667
0.7860990506136906,0.10569873304053765,0.060116686397557684,0.035970054437936265,0.012115475510277774
0.8784255396837886,0.07134621656425612,0.02774560224080983,0.016357635822888336,0.006125005688257133
0.8385320915780712,0.07105638306742885,0.05130422075183241,0.026471069302006087,0.012636235300661406
0.9227514174006947,0.038808993759789634,0.02087044388840038,0.011206530361970665,0.006362614589144604
0.8588509193728333,0.05438542629922948,0.05946479285990902,0.015787588897330798,0.01151127257069758
0.9153818966363025,0.026874950466473254,0.040954267659725936,0.010822839813224046,0.0059660454242741615
0.925629758600981,0.04267400301479892,0.018258419688485503,0.009104509254211062,0.004333309441523403
0.9093846430035976,0.05683640333439913,0.022039332225220778,0.007650636530775314,0.004088984906007294
0.9383945156800929,0.020323122487303086,0.022869626936918894,0.011431919647121539,0.006980815248563499
0.751578242975412,0.12781600370105528,0.07992429658892071,0.025770924877369043,0.014910531857243035
0.9382623859094276,0.023181312339552004,0.022782653614967216,0.010397831676461104,0.005375816459592186
0.9022329968962394,0.040765845906629336,0.040681013869482044,0.009652769944571517,0.006667373383077826
0.8876504154764903,0.047981518282880095,0.030660060007142335,0.023838726683976193,0.009869279549511036
0.8135505183327519,0.07888031625844243,0.07011844365800374,0.01889628606005456,0.018554435690747325
0.9470236353687053,0.022872608443194557,0.016945671494951974,0.007773920860797431,0.005384163832350487
0.9282309832348148,0.045090826819390785,0.01527450569237544,0.006419107534502591,0.004984576718916073
0.9337241929569473,0.03723208476019661,0.017138725896095473,0.008175548798259715,0.0037294475885010243
0.8595931449861441,0.0788583807182956,0.033599791346547184,0.018158711736712328,0.009789971212300897
0.9293578942908854,0.03746815831003039,0.023803228784580154,0.005710246730188548,0.003660471884315184
0.9063744493396001,0.05788117278997093,0.02348106255572849,0.007326684974197706,0.00493663034050272
0.9444305996167679,0.024795176359467378,0.01985970995556893,0.007235883749757686,0.0036786303184380654
0.9274552880828218,0.03739266362167906,0.020170880002397796,0.01013007067252797,0.004851097620573036
0.9296300204714201,0.028431487669481906,0.028199607819600767,0.008760423324432597,0.004978460715064715
0.9665458912989456,0.016789260352570445,0.009931456492630634,0.004284327485768357,0.002449064370084743
0.8628787582397711,0.06963625770623852,0.04759481065424039,0.012466225135457277,0.0074239482642926725
0.9553573977956215,0.02082193644127606,0.013177931326184637,0.007552550607753855,0.003090183829163997
0.8700178848352236,0.06279310677596206,0.04391567171839803,0.015215170257599097,0.00805816641281738
0.8206437717229141,0.0882430441690595,0.05895176149027143,0.018748977177686983,0.013412445440067729
0.8771636706857547,0.07963298635606972,0.023863435189713223,0.013263078964344288,0.006076828804118065
0.8317015409152353,0.07993331332968687,0.046442033364835815,0.029342360747481113,0.012580751642760844
0.8542494975582478,0.07683036518988631,0.04163824384908194,0.016985435640074674,0.01029645776270951
0.8392317287143576,0.07306362855300251,0.05401582890141208,0.02160474542064662,0.012084068410581444
0.8927864909173677,0.04455235298223928,0.036302104017737535,0.01662306779983707,0.009735984282818366
0.9529479520061722,0.013081337152924538,0.01857031901170403,0.010246035219799084,0.005154356609400284
0.7789612345248211,0.09077208789306482,0.08565476740505973,0.025263274244036054,0.01934863593301841
0.9002635226670925,0.058118311548200276,0.023980117304903716,0.011042066172788183,0.00659598230701533
0.959348189855844,0.01837383965235972,0.013809638798563548,0.004967297727226502,0.003501033966005854
0.8484036698748587,0.0937937601350465,0.035812927822010024,0.014220373758291285,0.0077692684097937816
0.9296853035041751,0.036393916151089264,0.022206271405216603,0.00768142089752219,0.0040330880419970115
0.8964984047014098,0.05931905402813662,0.019632059079795268,0.016947123962340254,0.007603358228317912
0.8592565229804925,0.06777663227758486,0.0467615668709074,0.016270663855978064,0.009934614015037275
0.876292324843101,0.048756969808054634,0.046093516202778205,0.01738111336273928,0.011476075783326961
0.7817118528116505,0.1219867623726783,0.059051973712481554,0.02659600122339756,0.010653409879792143
0.9003491990637922,0.054185238510273244,0.029074096627307318,0.00947899308440483,0.006912472714222431
0.8998588995726591,0.05662672255069227,0.024593994995313676,0.01221888488801571,0.006701497993319187
0.82887471846553,0.07778152079913014,0.06301093381204292,0.01817108558036177,0.012161741342935151
0.8791304744006876,0.07122295961793029,0.024411037028212186,0.016158655986823194,0.009076872966346801
0.9372815940032164,0.029955972601367193,0.020500703302765176,0.007723348191572422,0.004538381901078607
0.7741437322039247,0.11377285518768003,0.06832354483750763,0.02690371815082739,0.01685614962006008
0.875069753832263,0.06597219978365636,0.035084763344068036,0.015375293328262676,0.008497989711749965
0.877029415463339,0.0713848986581511,0.027757068541473473,0.015998005688790323,0.007830611648246052
0.9122570483027547,0.05004924781849981,0.021283063373851295,0.009642850208915917,0.006767790295978417
0.8969497770655673,0.0486109505371845,0.02763259746483968,0.013083954558135841,0.013722720374272598
0.9052784625139965,0.04069357573900064,0.030214238376121173,0.013381563463162488,0.010432159907719145
0.9134357534704627,0.05279834475909515,0.019813290107393973,0.007824056850940233,0.006128554812107873
0.9368513588949436,0.040673690066361255,0.012313558929513356,0.006450396888865745,0.003710995220315892
0.8366371207633263,0.1064286088304934,0.02928607587698653,0.016399085400937725,0.011249109128255861
0.9060054468380162,0.05775480860642857,0.02295638214878242,0.008319447918417374,0.004963914488355413
0.9240669609310969,0.05286580384366471,0.015315533616984999,0.004780517000489184,0.0029711846077640374
0.863502979352569,0.07286935539281661,0.03939751460540356,0.016815294158233535,0.0074148564909773795
0.7494496908990226,0.1758111017832473,0.04498562376352818,0.021771104813829427,0.007982478740372494
0.7407908349638632,0.16636415366449725,0.05066260997348956,0.03055819722916853,0.011624204168981552
0.9177286073281464,0.0486550186286229,0.02147915909848765,0.00812422760288982,0.004012987341853211
0.9257767562082733,0.03716407543012551,0.02591649982660409,0.007485322947105833,0.003657345587891385
0.8381923148158017,0.1162587139031607,0.024632183832103464,0.01443732791828167,0.00647945953065253
0.9455267087205728,0.02836067793534085,0.012673563651726458,0.009264602911036642,0.0041744467813232735
0.8936308147327399,0.07179444005464772,0.019420474416268645,0.012008364741555921,0.0031459060547878834
0.9292656391968902,0.03429737566712094,0.020331122461904994,0.012057981462177157,0.004047881211906742
0.96410684543541,0.018681267150967025,0.010064995850586228,0.005333038959901525,0.0018138526031353228
0.8729729506333795,0.08493201821150562,0.02435377583430585,0.012381971941362823,0.005359283379446062
0.9117395847440253,0.04979390709244149,0.024147886728690768,0.010359037472356444,0.003959583962485867
0.8799020074278314,0.0691862792242388,0.033958242335845476,0.0120652813172582,0.004888189694825857
0.8579133342067354,0.08747483531747346,0.030959087099756137,0.01598155403269738,0.007671189343337627
0.7797258056289945,0.1281631294071843,0.06396249359368635,0.02107017305804589,0.007078398312088959
0.9400998019493132,0.02129626955902904,0.025037006943761382,0.008910129621048354,0.004656791926847916
0.951253030413826,0.01878240684761222,0.020004478237621085,0.007239432667480639,0.00272065183345994
0.8578283424716667,0.04622832852956596,0.059477361651127915,0.025403477977354504,0.01106248937028503
0.8054244098794171,0.11294653616335383,0.04776370094295218,0.023103925411712755,0.01076142760256427
0.8365327674847923,0.10500478305260406,0.03753458599914496,0.014427573543940683,0.006500289919517994
0.8812385985100587,0.061452252136139064,0.0372757174944224,0.014618022424798507,0.005415409434581153
0.9225624541034246,0.05211271511881372,0.012808765521029887,0.009097126950753326,0.0034189383059781884
0.9511307783506092,0.032794018407370486,0.009124259484982048,0.0048240965029197605,0.0021268472541185685
0.9117798699610137,0.04927397848708852,0.018566098479697077,0.014255190807502626,0.006124862264698381
0.843468871942613,0.08624296467125928,0.04378584281513242,0.016656374884177223,0.00984594568681786
0.8541751800528997,0.05875623199204904,0.0614789358887212,0.017999893314953445,0.007589758751376577
0.9357478967343217,0.035904764501841796,0.016238670433302106,0.0081066019536673,0.004002066376867017
0.7848991466803038,0.12359195083529932,0.06784054737315445,0.01523099629699841,0.008437358814244086
0.8238358898457069,0.09754455784065787,0.04997813324658437,0.019195048960707926,0.009446370106342993
0.875209779913724,0.08280636154784199,0.02241906212388163,0.013503308566010527,0.006061487848542132
0.8828154778977194,0.07857017619303647,0.021176257292846265,0.012635257812106742,0.0048028308042910835
0.8732460119912638,0.06795251848690397,0.04085763227832721,0.011132417837806895,0.006811419405698036
0.8374168215777005,0.09123010962993906,0.045215985353169945,0.015597813912514316,0.010539269526676075
0.9349366079139501,0.039035421269103567,0.015815975798469644,0.005887279898477243,0.004324715119999558
0.9226110923862877,0.04159765134433139,0.018789216212698218,0.011922550474369603,0.005079489582313097
0.9321429539282643,0.04087517423247843,0.017639087916474908,0.005755853790739378,0.003586930132043114
0.8042636655949794,0.12787454769399897,0.03811254263084873,0.01998533798568757,0.00976390609448546
0.8917171829648383,0.07556505951852834,0.01737081043436706,0.01054951317122018,0.004797433911046428
0.9011433525600708,0.05160810669423971,0.031508682558238875,0.009595165669301953,0.0061446925181483725
0.8151816369697816,0.11455396050011701,0.047524145942055,0.01618036452201938,0.006559892066027037
0.8706796243686464,0.07421054335046888,0.03324378994061192,0.01560057768359147,0.006265464656681459
0.8288179994796294,0.1009865312224951,0.04175034003178599,0.020650498819343343,0.0077946304467459825
0.7226154925919346,0.12833098119735956,0.10149974202800446,0.02852857972738648,0.019025204455314994
0.8629960101048454,0.06477342844456854,0.04222832675147462,0.018132712860438212,0.011869521838673227
0.831565741581474,0.11983586879944227,0.027356766773707953,0.014354618431355302,0.006887004414020497
0.7983503684264954,0.13174274029450492,0.03950577550815925,0.019270148911110105,0.01113096685973025
0.9315356317903744,0.04555187112876004,0.009375945959450393,0.0091193469045621,0.0044172042168533635
0.9553634680219444,0.030211399385239986,0.007582427830252348,0.004832553487827984,0.002010151274735508
0.8512074245354212,0.09649906377241244,0.025447291931509363,0.020132831436546653,0.006713388324110369
0.9239568933687202,0.03437762098995088,0.024670077152088365,0.01178660353412372,0.005208804955116903
0.907276754429343,0.03852880057987176,0.03672240252573326,0.009168937245728837,0.008303105219323198
0.9138001857719927,0.043961659703707884,0.02278765692067393,0.013119112618394786,0.00633138498523092
0.8624679473251892,0.08806386554149966,0.027049713943826357,0.016343721437145638,0.0060747517523389825
0.8162588207924025,0.1344702493093743,0.030212352617111454,0.013014622300186693,0.006043954980924956
0.9489447862861742,0.03114625132809318,0.011359169661131771,0.0056406409157454,0.002909151808855351
0.7534319929233234,0.15016241986795367,0.06246763689190827,0.025541960970181302,0.008395989346633274
0.7428563459026815,0.15230135795619473,0.06300483846317298,0.030682178127062792,0.011155279550888115
0.8625956228920426,0.09440387900714509,0.023219889289370986,0.014526635767153408,0.005253973044287776
0.8749475484221031,0.09102451828235822,0.0174891938397648,0.011444597189007732,0.005094142266766109
0.9042385477552867,0.05698937461704752,0.02550802608628542,0.008506038328644437,0.004758013212736021
0.8208464688842836,0.10831285418227289,0.03961227974005617,0.023638559616397284,0.007589837576990098
0.9266144311578681,0.03492890598589397,0.01892408031585195,0.013926836104667934,0.00560574643571791
0.8431533285164388,0.09501108612149885,0.04033121560750097,0.016180051707788325,0.00532431804677305
0.8403332524623687,0.10205366010329289,0.03541707244713987,0.01687263733003357,0.0053233776571649264
0.9107912007876338,0.060209450365415314,0.015331514459957233,0.009060806136679981,0.004607028250313798
0.9380531146259512,0.03559096840871621,0.016335595838180336,0.007045204412380705,0.002975116714771462
0.8914081677681369,0.05300478105884967,0.03904996463622584,0.010333366051634466,0.006203720485152918
0.7851518169893142,0.14020607884753353,0.04851725831799141,0.017739396267591592,0.008385449577569506
0.8963422231297588,0.06467983740257455,0.025330781237165784,0.009693323706358956,0.003953834524142003
0.8802088568265033,0.07643176406918456,0.028065525251328573,0.010920779691436682,0.004373074161546892
0.8559178262916051,0.10204123080657607,0.027605492333123975,0.009570136613740551,0.004865313954954494
0.8801161499994373,0.0706149681905371,0.030307117081663282,0.012982256392059011,0.0059795083363034145
0.8272088717973326,0.10849836525009612,0.04194333051557081,0.01439221828814313,0.007957214148857134
0.9213374722850058,0.03213759313813395,0.030883387518676936,0.011330043541248603,0.004311503516934717
0.8992140759481356,0.0561906794029501,0.02205739244409024,0.015873495343883,0.006664356860941149
0.905147818516926,0.058223162986215354,0.01846507116017367,0.011896473760133615,0.006267473576551118
0.9163458626419297,0.051943469182258485,0.01469196136065585,0.011946173183148697,0.005072533632007389
0.7298134043760836,0.15277706490024814,0.0769655475109926,0.026103952357103142,0.014340030855572684
0.8408040664654114,0.10381338794649858,0.04037617525955359,0.008830631098942146,0.006175739229594538
0.9022088074493559,0.0529479829967727,0.027377993830924586,0.012461754015738983,0.005003461707207762
0.8971589827701936,0.04567196035641119,0.03867958835575467,0.012242692107055886,0.0062467764105847475
0.9589817714258596,0.02851902961498283,0.00721122653544041,0.0035335633646633446,0.0017544090590539917
0.945072691439228,0.03853339964493862,0.010401506755844727,0.003905011298420263,0.0020873908615682848
0.9275714329363458,0.03749601774781051,0.020456474330092036,0.010440207922367724,0.004035867063383895
0.8467028072069965,0.08671895885569554,0.041858484097980694,0.01828518189494074,0.006434567944386301
0.9237320002916882,0.04465921477958805,0.015807533631932116,0.011608399415458649,0.004192851881332954
0.8566609826107933,0.07784580482085872,0.035807855990410996,0.02030531456161254,0.009380042016324409
0.9430889461313887,0.02742517711253297,0.01672061639323655,0.009537093935478731,0.0032281664273628133
0.8457132747105117,0.08120857998730889,0.04617449435771677,0.01868463697822559,0.008219013966236966
0.9246485480064061,0.036885350754815194,0.0243218328935996,0.009711810014548357,0.004432458330630881
0.9194102460011147,0.024446042228465834,0.03895948491758565,0.01030080376189992,0.0068834230909341305
0.9336730267967028,0.030210230316088965,0.02266065680634189,0.009414616613561718,0.004041469467304498
0.8954654566105335,0.06654993933211063,0.02058875274005937,0.010953291959425213,0.006442559357871457
0.849605814079001,0.08336242975804334,0.029932419400107938,0.029240579354458847,0.00785875740838899
0.7836583035420852,0.1396812002138886,0.045734543957064215,0.02107856823685232,0.009847384050109797
0.8233097842014471,0.08651544456623803,0.06337365514517442,0.01701512239678111,0.009785993690359157
0.7733841025852876,0.12444259918866847,0.06459454604829555,0.0185851628134709,0.01899358936427752
0.9251323618156392,0.043819957022051506,0.019080056557179145,0.008062244701604151,0.003905379903525909
0.8781861958234132,0.05121373173896686,0.042659544903918996,0.017848782768475773,0.010091744765225227
0.8925902824583271,0.06356878738194252,0.026240921206221714,0.012225497805969848,0.005374511147538731
0.9835848005233041,0.008028911313361739,0.004895341878689334,0.002215090312531009,0.001275855972113822
0.838532973073639,0.0818068166947063,0.052447401138323545,0.017805021600268606,0.009407787493062559
0.9447216980744925,0.026843168020792018,0.018525533399847017,0.0055406426881758125,0.0043689578166926256
0.9578542057411986,0.016560711477294054,0.01513366798689517,0.007500869142358883,0.0029505456522532837
0.8826050353440618,0.0655119362660469,0.03171080469440513,0.014134670927351484,0.006037552768134649
0.7654840377523849,0.14356057057452554,0.05417637367616892,0.024900376689531524,0.011878641307389118
0.8528401558871641,0.08001245684591389,0.04163627410778295,0.01714190225558405,0.008369210903555163
0.9468885599839516,0.03321987684268145,0.009485632489209481,0.007197504094382218,0.0032084265897752576
0.9357146255009494,0.02974077524946142,0.016173374111781845,0.013382421776251128,0.0049888033615559735
0.8926665318020043,0.06354422496042367,0.024763722758505483,0.012983105019878783,0.006042415459187724
0.9019694068216656,0.0424861827185591,0.034486730830696484,0.015659837949870362,0.0053978416792083445
0.9627525902712356,0.017511233744283605,0.010490604276883388,0.007065890183087838,0.002179681524509494
0.809200371348128,0.08867075387627651,0.06383413541992604,0.02320626182939714,0.015088477526272345
0.9108708470486951,0.028760915338282938,0.04007593743756495,0.013966549752233033,0.006325750423223856
0.8839871691589908,0.07030803667360966,0.026749296238698272,0.011372031896086083,0.007583466032615076
0.8771325883301465,0.06454002440862351,0.03853933935900043,0.012827594925751475,0.006960452976478107
0.9207363449310114,0.05049342078822075,0.015508979931259449,0.009602532150623757,0.003658722198884721
0.8900552409327951,0.06319028930590488,0.026567828815109402,0.014770299300041687,0.005416341646149061
0.8928886909643916,0.05721218541814715,0.030237904544868945,0.012180493636548792,0.007480725436043674
0.9538287836556476,0.03117984386583678,0.008661752520871346,0.004222741447455189,0.0021068785101890338
0.8332348913900826,0.09941309055852429,0.04010585029120308,0.018391225002011086,0.008854942758178962
0.9158031335402284,0.049288684533288024,0.02205344438510025,0.008534747040461373,0.004319990500922079
0.8925638420865291,0.05146482313560172,0.03285417174033294,0.016219442465096667,0.0068977205724400125
0.8435084599930465,0.09292219272777043,0.04179814573885622,0.01501762934944948,0.006753572190877481
0.7072017956308598,0.18600424994910542,0.06689433331835427,0.02483965225814496,0.01505996884353555
0.9380449098323554,0.04184943900755243,0.008581430008271157,0.007821955817221046,0.0037022653346000345
0.8909871480045455,0.05309309156702297,0.03065383551872187,0.019728716973456198,0.005537207936253507
0.9544682112413345,0.02867301772567657,0.011251284904063671,0.0036534914008696556,0.0019539947280557625
0.8040314310630645,0.14142846211664825,0.03362009267143367,0.012291886229883918,0.008628127918969573
0.9231905847174307,0.031183116002979818,0.021208218983441714,0.01890180728055764,0.0055162730155900504
0.8742529404628223,0.07827114456522027,0.02798607737523939,0.012513919417297723,0.006975918179420071
0.8596696501472072,0.07807368357938609,0.03742734433705206,0.016380282364719237,0.008449039571635458
0.9630169757730115,0.025137805195704674,0.004957981541565535,0.00466264988094593,0.0022245876087723894
0.9633422163651469,0.020097791557608345,0.010343289734173707,0.003720515487908177,0.0024961868551628408
0.9355508995345707,0.038101259494713054,0.015277717566639579,0.007639157243562737,0.003430966160513877
0.8878679630214287,0.06588937385964622,0.0242333311577543,0.015163150869081966,0.0068461810920888745
0.9326885449359941,0.03700832601718156,0.01753244745762905,0.0083280482139597,0.004442633375235618
0.8700916992182354,0.07329712223327556,0.02864847585615856,0.018581622136939747,0.00938108055539066
0.912861988454946,0.05777450575789136,0.014003360404515353,0.009161433136056675,0.006198712246590622
0.9075637064097021,0.039765651659815944,0.036756138616234,0.01066833564002397,0.005246167674223974
0.6951122060257694,0.17159661389420464,0.08417960624741218,0.03257099877924751,0.016540575053366133
0.9064112459101564,0.04766132876187554,0.022736176857735206,0.015570049004373029,0.0076211994658598224
0.8406468723018127,0.07194297060933538,0.04968788613220106,0.024688329224625553,0.013033941732025206
0.9713102077539643,0.011196045148124705,0.01031099302694583,0.004293631939262537,0.002889122131702581
0.895152497212736,0.04245429678121627,0.03663968291425683,0.018387076056613955,0.007366447035177047
0.9365473540635656,0.03350227054795056,0.019137651245353098,0.007279152494579636,0.0035335716485510324
0.8963656466051316,0.05669019975919059,0.022526324108627756,0.015563969826016601,0.008853859701033268
0.9360005504591102,0.030383416146359383,0.01661288508793254,0.011097867661241354,0.005905280645356575
0.8685050787687999,0.06532128729887238,0.032330508106414,0.0208676061754032,0.012975519650510355
0.8935593281782342,0.059023871627937596,0.02844091308537781,0.011860731268265052,0.007115155840185273
0.9148321496399524,0.05211026586176067,0.017921429545375577,0.009849717457888115,0.005286437495023144
0.8191494625456212,0.10788190100081611,0.04988527811735405,0.015196995226601288,0.007886363109607494
0.8924433838787358,0.05176498910993023,0.03361441036030138,0.015070876306733634,0.007106340344299111
0.8591298280078566,0.0817343744385086,0.03327699633574526,0.018486336429245756,0.007372464788643747
0.8605680077063033,0.08145603050121808,0.030338578950624962,0.018696207249213073,0.008941175592640524
0.94057152180282,0.04095674247666231,0.010921636331050583,0.005181456326814166,0.002368643062652932
0.8784378312656353,0.07374559500189062,0.02990133429532005,0.012965344301620243,0.004949895135533754
0.73606437688711,0.18151765747639242,0.04480178492825552,0.026664060253359535,0.01095212045488251
0.8819966565707364,0.06896916529105891,0.023541006961872776,0.015037372100335272,0.01045579907599646
0.8444168359923591,0.0909834976956208,0.034245385856325576,0.022593083243246576,0.007761197212447953
0.9244189662903329,0.04505831780975919,0.018137175102789376,0.008597037644238088,0.0037885031528802895
0.8998799161990845,0.06170060374339641,0.02025278235543904,0.012625118277951049,0.005541579424128949
0.9064789704348137,0.05557282333166874,0.021210330513015317,0.010347289576155959,0.00639058614434604
0.8866016678018576,0.07334834181055926,0.01662387985036964,0.01420014326278952,0.009225967274423756
0.9287466500251185,0.04187404108269948,0.017008107880780207,0.007369138805459805,0.005002062205942043
0.9326627537107406,0.04519414115702967,0.009522984499726224,0.008836373928700762,0.0037837467038029024
0.9082320450006309,0.05936739135945394,0.012189766409382706,0.01451291615091502,0.005697881079617622
0.7660652837466689,0.15141655257877626,0.045025796845739575,0.021713636032416016,0.015778730796399475
0.9504981492505009,0.03280277836747441,0.006425606141711004,0.007035113919107474,0.0032383523212063275
0.8830115828812244,0.0843571882570935,0.016768162278708604,0.01151043822494337,0.004352628358030302
0.8817356343385172,0.08031149811139032,0.01759670137731437,0.014165509525522079,0.006190656647256029
0.797861575668912,0.13047998806033856,0.03586869996336131,0.025333934571150935,0.010455801736237126
0.8331858199476727,0.08040889092676849,0.041020429215456726,0.032931989605394535,0.01245287030470753
0.884395912401847,0.06184325711780401,0.03429582759588412,0.012393036628941216,0.007071966255523552
0.8279619506300788,0.08986367605249099,0.04727988541953629,0.024680222191107954,0.010214265706785927
0.7695718912942359,0.12116858352530772,0.06852936609145685,0.02807808539728346,0.012652073691716137
0.9128933853721012,0.05528953667472775,0.019230736887442805,0.008139368555644223,0.004446972510083914
0.8097152891735149,0.11760697188075732,0.04646979708721347,0.018269867853356322,0.007938074005158233
0.9162629975669356,0.04540770619480985,0.019277859998455958,0.014163949786636116,0.004887486453162359
0.7654182911563489,0.1569514889442698,0.04591061198256436,0.02061414178934048,0.011105466127476189
0.9180031286194594,0.045847195681397605,0.016486252955184917,0.012343075443685052,0.00732034730027287
0.9450019699365129,0.02251483846079181,0.0194540412198642,0.009343517480201903,0.003685632902629352
0.9451904250418282,0.02868440805610421,0.012597029928712446,0.009631978896759442,0.0038961580765956966
0.8586432072680388,0.08440339982957043,0.033450484589342355,0.015292732473464932,0.008210175839583686
0.852669296819385,0.10437746111811497,0.021635391793982845,0.014185640740742559,0.007132209527774531
0.889634807376759,0.06868696760220418,0.02384910186570483,0.012133925022745072,0.005695198132586662
0.8794631366614456,0.0673514204746065,0.03216967147535575,0.01512553739858001,0.005890233990012277
