Delta_Power,Theta_Power,Alpha_Power,Beta_Power,Gamma_Power
0.6893120749844789,0.12006846937940996,0.04694940775218402,0.06882715420426519,0.074842893679662
0.8715249018060016,0.050850519559414505,0.018404319078352733,0.030003614812015952,0.029216644744215002
0.8775951500140224,0.03114898745851652,0.02218135237499542,0.037758776110390684,0.03131573404207469
0.7542659206602221,0.06245618546720395,0.05386961126052569,0.07034832471161975,0.05905995790042849
0.8319714271698695,0.07152987140872319,0.02114896877014594,0.03800039984065384,0.03734933281060763
0.8869973872459168,0.042167450122933284,0.018876973967495773,0.026276171857128373,0.02568201680652565
0.8755426975377313,0.028196321867498268,0.025580563303560438,0.035311845301713427,0.03536857198949652
0.8701424362848849,0.030402376478411552,0.02628998107381909,0.04039653886623689,0.03276866729664757
0.884178857389294,0.04889363823518709,0.016478062472138146,0.024663773438766065,0.025785668464614806
0.7742127667013632,0.04683566461661348,0.03481524412818901,0.0690522482167869,0.07508407633704715
0.7315239552162526,0.06643309675631738,0.03015488674118348,0.07856008711730046,0.09332797416894612
0.5156480255298288,0.21097556572120876,0.058870554965879944,0.09839909493561308,0.11610675884746947
0.7396737518359087,0.056963854330263554,0.05321220453809488,0.0771242155865618,0.07302597370917123
0.883189192064417,0.026825554905120085,0.016388008229957833,0.03720548325345408,0.036391761547050934
0.8332707768275504,0.06846305972106319,0.024696166478524646,0.03898963344138231,0.034580363531479606
0.667151762225202,0.15884195469944618,0.031301307981000816,0.06675168231944971,0.07595329277490132
0.8110574141546459,0.055186220937254414,0.03567942166162299,0.04629802879017823,0.05177891445629855
0.8631124057046561,0.05856251549102997,0.021073405665912676,0.026452628538725455,0.030799044599675838
0.7148091256998454,0.12706805125029652,0.06730051777650198,0.048912014474230214,0.04191029079912589
0.8802607501565466,0.03516357651722042,0.0234025718623205,0.03326012177911679,0.0279129796847954
0.7745780224613656,0.08205410701373513,0.026860226901892652,0.05477055098937265,0.061737092633634034
0.8156265676800488,0.08575432053011942,0.02821624181024915,0.034224702783862276,0.03617816719572043
0.8851467338588088,0.048654358775507014,0.02229768412596068,0.022873610679753634,0.021027612559969742
0.8368193688530516,0.053138562137023566,0.027288991598605802,0.03864449091614221,0.0441085864951768
0.794196461923462,0.05369261788875964,0.025220180870120075,0.06630875016332173,0.06058198915433658
0.8786544751671626,0.033817712770726045,0.03136543117676766,0.02897542313289371,0.027186957752449878
0.802418975725589,0.03928026027583352,0.03920275447921705,0.06908971106665113,0.050008298452709245
0.8696106610005462,0.05440245598733375,0.019280648808404157,0.030032646623838227,0.02667358757987798
0.8643861341953116,0.05088788268442867,0.021481254932922567,0.03367207436563243,0.0295726538217047
0.6899801816315718,0.07343894145534244,0.04788972285594217,0.09031934901439069,0.09837180504275278
0.6315508974689044,0.08867273037972838,0.04620622772819884,0.09822233469317972,0.13534780972998883
0.6364669569375344,0.12385342587090467,0.049733842480900035,0.08722203402493202,0.1027237406857287
0.8765040488645055,0.04428272609313576,0.018414712080784167,0.02758330265244757,0.03321521030912702
0.6350587233236699,0.11213363164094023,0.04704503877160467,0.09524584851410874,0.11051675774967641
0.860909569626759,0.031180891887873756,0.0194327422126248,0.0473732825808434,0.04110351369189896
0.5573165182451995,0.08797897024925397,0.10053865489943903,0.14119066751346246,0.11297518909264521
0.8118604874046512,0.0438193696833668,0.0479376793032573,0.050115091809261075,0.046267371799463664
0.8193137463517711,0.05490007387823674,0.030825496538946787,0.043745923180735974,0.05121476005030928
0.8566467328050674,0.02425701296007477,0.026358855491146402,0.04350814961219442,0.049229249131517126
0.8422289533391233,0.03177268872468566,0.02600628460140744,0.044507049652257054,0.05548502368252667
0.9176347531494211,0.02150968324411271,0.010475937232630732,0.023547477551283204,0.026832148822552207
0.8495698816096788,0.03857582009541582,0.02226650146162938,0.0428702103984625,0.04671758643481356
0.920487448821874,0.021176015845227488,0.009636278527486416,0.024608262603295135,0.024091994202117044
0.7641730917954016,0.08999750261498984,0.0392992258165468,0.05072019132869202,0.05580998844436973
0.542534184924711,0.2243490978618472,0.09314169942464454,0.09152971154557694,0.04844530624322043
0.9118918810657629,0.031983831635589356,0.010590527389645728,0.019895329952955718,0.025638429956046583
0.8992319821728972,0.030954925298884394,0.012132724039000266,0.029705210311643172,0.027975158177575038
0.8695658895429487,0.032386968800689725,0.019341363242451278,0.04193252321070121,0.03677325520320891
0.8230953068551471,0.056475253312113206,0.026844794119806527,0.049528070563131604,0.04405657514980159
0.7316337419030805,0.0757252936098617,0.03234334812138078,0.07389497060509063,0.08640264576058634
0.5917583178962512,0.07823396888112885,0.06933919014074537,0.11648846744048277,0.1441800556413918
0.796829866166501,0.04904383649197143,0.03146396675753467,0.06172876205573918,0.06093356852825383
0.8844135305760984,0.03515597361299452,0.009396296315163283,0.0366598456373556,0.03437435385838809
0.7672695616473553,0.060671750852460696,0.02761738292725352,0.07267833194258587,0.07176297263034462
0.8921111440369978,0.021637704105860668,0.013702835733620782,0.035827343834639015,0.036720972288881513
0.7896987771884555,0.049563181289312586,0.022792010741729655,0.05748334330703243,0.08046268747346964
0.669319570847935,0.11982705355574978,0.042668938375468694,0.0823198963612887,0.08586454085955768
0.8013133886064798,0.04343448475814402,0.02668279861112222,0.05794070775251074,0.07062862027174344
0.7884900806611753,0.09012573968473757,0.019123213598986794,0.053135209640201464,0.049125756414899045
0.8944529706160687,0.023152139368540322,0.01032876221523609,0.03646487865002047,0.035601249150134386
0.850518887985284,0.026153918987511588,0.020611686584055842,0.052456176688166545,0.05025932975498204
0.790722886602827,0.08925742664909138,0.0222957245956804,0.04669084322394078,0.05103311892846044
0.8302440341534545,0.04970584632829203,0.01963677655599219,0.048470173855136134,0.05194316910712502
0.5509846622589181,0.09498893495747128,0.05917682120547995,0.13416002914420996,0.16068955243392066
0.6268417869181774,0.031925524189123484,0.023820466125190683,0.09142827920686174,0.2259839435606466
0.6285081858589484,0.06925445549730663,0.03537103093343588,0.08751229223382738,0.1793540354764817
0.44968214039337245,0.1754048415658051,0.040981555253899335,0.13179577524059077,0.20213568754633213
0.4866100731821956,0.11412048211431784,0.07361399064373211,0.1374655986883869,0.1881898553713675
0.7928886246300819,0.06497345988296262,0.022891603313492676,0.051469269193385146,0.0677770429800774
0.7852967802158354,0.03785943125182709,0.036934922332388175,0.05254273563038451,0.08736613056956495
0.6002828634783413,0.044225341284685284,0.04423053285015158,0.10278872343070175,0.20847253895612014
0.935142200456439,0.012717844113595342,0.00639051050118386,0.01645274872744563,0.029296696201336268
0.7322835641150343,0.040102128330437976,0.02335810635499206,0.07852616973777138,0.12573003146176429
0.8047007690017245,0.015520798175316423,0.018776727340961835,0.05182184311029663,0.10917986237170073
0.694913947572061,0.031758868075942505,0.020288355119001664,0.09916695488791447,0.15387187434508048
0.7796006683597771,0.04552250748136911,0.02090286339579757,0.061407357436431366,0.09256660332662478
0.7717484945961988,0.03228126181553837,0.02809479534359155,0.06169802553728797,0.1061774227073832
0.7988376711341264,0.01868465360737241,0.023191252982103054,0.05998594627428192,0.09930047600211599
0.7980839684939495,0.03672567579079242,0.01635069795357923,0.05221958946946265,0.0966200682922162
0.813735717851702,0.04950122415431734,0.01007177311757746,0.05147390229210929,0.07521738258429389
0.46853317497266456,0.09957784745868802,0.05100665355373877,0.15996367381935067,0.22091865019555795
0.7052786129681783,0.025991551972111778,0.030299022951032484,0.09946858521774637,0.13896222689093088
0.7106971353686409,0.031962114747978984,0.030313484122460346,0.0898328176094141,0.13719444815150575
0.7472963450668457,0.0780014790969314,0.023106509439896075,0.06131938824677681,0.09027627814954992
0.49000167477421136,0.14210863005078178,0.07619869762095181,0.12315213570364061,0.1685388618504145
0.7153107015676188,0.08033031023823194,0.03608696013576998,0.06990862766949739,0.09836340038888182
0.6952324296775959,0.0703159747245585,0.024055755898925658,0.08918918516519488,0.12120665453372535
0.6995831701015516,0.08831634070393692,0.023421285246089458,0.07742127468462326,0.11125792926379893
0.5837115320923602,0.09692119673282411,0.03778705051881306,0.10670229988124001,0.1748779207747626
0.7714340229800843,0.05811585706913858,0.01513546259369103,0.05710635148359765,0.09820830587348825
0.8297731974627793,0.047449509409638296,0.014620994680235476,0.047479205900690456,0.06067709254665639
0.7836282475680071,0.048832966482736884,0.023289128626610103,0.060466986943093895,0.08378267037955217
0.748088847780683,0.07624312421546368,0.02913116445372168,0.06257908712717815,0.08395777642295339
0.8020280734480907,0.031957118107369564,0.025525540695647924,0.05962841702378426,0.08086085072510764
0.8965857104557248,0.031473082375319185,0.013641829687226962,0.022815514376537654,0.03548386310519134
0.8113490075302163,0.0390293350140424,0.024035338900355235,0.052693998510321645,0.07289232004506446
0.6547717680856416,0.06382336194730358,0.046009993897212505,0.10319570781358012,0.13219916825626235
0.7719980696628781,0.07598007725083886,0.026450113735704484,0.061887632549352985,0.0636841068012258
0.8364133795909121,0.028111868629916933,0.024950800347176203,0.05030920775037796,0.0602147436816168
0.8087254005556858,0.02823193963947929,0.028838017830466172,0.060474220173656675,0.07373042180071203
0.8209835534788131,0.02058757682409067,0.020360012548489747,0.06309026094445729,0.07497859620414932
0.883902243248577,0.015683290015081213,0.019753906112936204,0.03936249996360717,0.041298060659798484
0.8941039460707073,0.024296267446667987,0.010405121687451663,0.03208452381093906,0.03911014098423401
0.7012888709084091,0.04190945299966898,0.036979272439252565,0.09974230209650384,0.12008010155616565
0.6238245202651647,0.06173904548725716,0.043198191203907284,0.11944193019185873,0.151796312851812
0.6171078491173497,0.14279390135416778,0.05710090806780808,0.07852616814403941,0.10447117331663469
0.7773331961645529,0.04698182616416972,0.029255461958184212,0.06038772343002607,0.08604179228306705
0.49392985120197086,0.10427105172793939,0.06857245148449029,0.13894660705780879,0.19428003852779066
0.545931030638261,0.08712485294863682,0.07945001998470784,0.12474395792829547,0.16275013850009876
0.7818731897984585,0.03484852816826045,0.031488707414293535,0.07188918275401994,0.07990039186496746
0.5463022066384753,0.12513614613580523,0.037225313989944914,0.11359599564608462,0.17774033758969007
0.7407925120658228,0.05222713169795271,0.032811727356143384,0.07087523458692613,0.1032933942931548
0.67640396424189,0.07783645135830676,0.03538195354910278,0.08411204512454157,0.12626558572615895
0.8831021262670766,0.018431782642931913,0.018001959069467405,0.03931067271247294,0.041153459308051143
0.6353660757766065,0.06443099641668153,0.04214107690980275,0.11963201571869883,0.13842983517821048
0.7033443066597932,0.05608488007772476,0.04356401075666761,0.10380238244942158,0.09320442005639284
0.8498727887230138,0.029655124419712277,0.015483020542724523,0.04643701110617394,0.058552055208375774
0.7798264927306665,0.04045880493118354,0.027500066778244864,0.07546794548174625,0.07674669007815886
0.7914418416646378,0.0493672510304161,0.027400515469003833,0.0581497392558674,0.07364065258007484
0.7674873914047957,0.030580508761595702,0.03490574373276677,0.08772676526221017,0.07929959083863167
0.7525594708021603,0.05414313862712591,0.027199013964843696,0.06854127994573421,0.09755709666013576
0.9088798607652745,0.0176439012823993,0.01054251886753179,0.024187924570951074,0.0387457945138434
0.7326616581416352,0.03322116834598738,0.040224204526667084,0.08557793920417658,0.10831502978153386
0.768744535601623,0.03174631719121958,0.027745831668189565,0.07141650761231204,0.10034680792665575
0.7822296835138917,0.03601743754368182,0.02524802549452614,0.06762201617484047,0.08888283727306004
0.8064778002535785,0.03427703698895619,0.02300679367860829,0.05847763930197138,0.07776072977688589
0.8249203499240854,0.03405799449296178,0.02307147620536108,0.04664987482918941,0.07130030454840222
0.6658921757940663,0.053089897073504984,0.04895822174988439,0.10540139032989139,0.12665831505265285
0.9165706871596457,0.009329808649095103,0.013026810541049184,0.02812678906064537,0.032945904589564826
0.7494372965229895,0.0669779676430271,0.03319832841516391,0.07506573948142675,0.07532066793739242
0.8433118865137738,0.02466886306458466,0.02203691412179297,0.05169298442633839,0.058289351873509934
0.6758311389006202,0.05912396692909607,0.05103078690566676,0.10265533393684124,0.11135877332777576
0.6784901898715295,0.057769134121078994,0.05394352580625976,0.09835755650269916,0.11143959369843277
0.5955119224381901,0.11338723637719784,0.06236810225332749,0.11205300475277921,0.11667973417850533
0.7315325304501393,0.041706629218631865,0.046094540283127816,0.08573504112144585,0.09493125892665519
0.6959209100707504,0.054927567514749844,0.05497536898123317,0.09406762111637595,0.10010853231689078
0.8459948782013172,0.022657569091760345,0.03388521803977429,0.04363526261668204,0.053827072050465975
0.7770110888419098,0.03056895512114459,0.040342847712871284,0.06401038748690407,0.08806672083717021
0.5240774652734309,0.05107530428997606,0.06853264178806022,0.15991633199488856,0.19639825665364413
0.5818741227497329,0.08073358114647534,0.06760637421587583,0.12969373104585633,0.14009219084205965
0.8027185475095986,0.04945859599290783,0.026405678599001538,0.05371276346868401,0.06770441442980818
0.6909236659526768,0.061004754000076045,0.04025386450928964,0.08750309412656877,0.12031462141138863
0.7349445107636783,0.07196399841232011,0.049208622414822066,0.06267747849681789,0.0812053899123617
0.7460386017530853,0.05337676760390826,0.02749257439113585,0.07738401104110984,0.09570804521076068
0.7680019689951205,0.04112038943143947,0.031084759670554133,0.07958212046352307,0.08021076143936273
0.7458205299855605,0.03051152461691468,0.033643754810047964,0.09096085593242043,0.09906333465505628
0.6643218646248811,0.06588126774262933,0.07339297248821967,0.09847627979845791,0.09792761534581212
0.5856103019419443,0.072095122303986,0.07949764953181755,0.12874632075026468,0.13405060547198738
0.6078160730894987,0.08828064041737797,0.08533619835949283,0.10807755021455917,0.11048953791907129
0.7212095810745487,0.06385300097151352,0.04643583458289606,0.07406021015997741,0.09444137321106434
0.6883558775300491,0.05642228173287255,0.04888752060731731,0.0855325920386655,0.12080172809109578
0.7381987424025942,0.040787807100837715,0.031787763023369005,0.0859198909137069,0.10330579655949214
0.7980289104021483,0.03644979651441127,0.04816796645352927,0.060346473340834914,0.05700685328907626
0.7727366267482677,0.03285916610831767,0.05184834191892794,0.07071855732868743,0.07183730789579922
0.6353866610967415,0.05096516533891875,0.10533330660117399,0.10166813072852507,0.10664673623464073
0.7531817086106464,0.03027306034773571,0.05309973386027286,0.07339629761731066,0.09004919956403443
0.6266312030294101,0.05520165439665995,0.10375852763811039,0.10491682660461892,0.10949178833120064
0.7880725403423813,0.03864093345210781,0.03270986721408638,0.06609613053409426,0.07448052845733029
0.6473459823249742,0.08904792904047042,0.04580177639976924,0.10351242653960731,0.11429188569517881
0.6682893229716748,0.06919890281716395,0.05163227277561482,0.0990497525635803,0.11182974887196606
0.523936689398617,0.12246674857929021,0.09367935048026192,0.12989002097396515,0.13002719056786563
0.7723296365118704,0.05270735985362659,0.05243109600468852,0.06425969016101792,0.058272217468796524
0.8102623014341614,0.033439990885141005,0.04280444631329437,0.05311958442182027,0.06037367694558294
0.8185110934555053,0.028719515109485366,0.033819487706775994,0.052014004866575786,0.0669358988616574
0.6311274821576863,0.09591093924852329,0.052873273062186144,0.10407185349908868,0.11601645203251544
0.7058803310186814,0.05775250537062633,0.05140583461339016,0.08841927343535902,0.09654205556194298
0.6884234897295824,0.05532596735587171,0.07418677236383514,0.09310028823018236,0.08896348232052823
0.510759216697847,0.10092215405358229,0.07161795744432511,0.16067094087775247,0.15602973092649325
0.6788898378299567,0.0468669674724053,0.045816631545987,0.10394637798746265,0.1244801851641883
0.7339013278206171,0.036575356158291,0.053028486267401885,0.0840667636988056,0.09242806605488425
0.6043631345828141,0.07158713280779223,0.09665553555966454,0.12034112335418785,0.10705307369554122
0.5904593282726921,0.07032105684865272,0.11479960415134356,0.11703061223196819,0.1073893984953436
0.7023873003688512,0.01968208415730758,0.07038942832020997,0.09914537755528438,0.1083958095983467
0.5059528768797796,0.05500300220895838,0.07522388386720048,0.13366900448809943,0.230151232555962
0.6577980570725558,0.04640043817995507,0.029659676597497225,0.10594927277983103,0.16019255537016117
0.6534602241805588,0.04851156379321333,0.03535448601749917,0.11788805327053978,0.1447856727381889
0.7244131100362596,0.03400072153955672,0.024451476298608794,0.1005448414349449,0.1165898506906301
0.8532873646510443,0.01873019655039544,0.013438998012525924,0.0493445521216099,0.06519888866442462
0.740780066177971,0.045147955463871056,0.046397442850330047,0.07653718104147353,0.0911373544663542
0.7456879275241683,0.04192737186092582,0.0439672081727741,0.08588950808016693,0.08252798436196467
0.8781402501960229,0.022202614934370195,0.02856987621233494,0.03348488737413041,0.0376023712831415
0.7018084477540719,0.05621752261277252,0.07051031009228918,0.07561976171659351,0.09584395782427275
0.6352618301206923,0.0745632217020702,0.07381909796352197,0.09498892552596555,0.12136692468775002
0.7832339485913696,0.11875074110320673,0.028485855168572147,0.03249999338507025,0.037029461751781234
0.8225855805310719,0.041420375333225484,0.017067688740497293,0.06415926386182563,0.054767091533379775
0.829266248883227,0.031003572043593736,0.01639364147391107,0.05635182645648664,0.06698471114278143
0.8159271881211234,0.036029488250926875,0.04271868193968155,0.05231815176647281,0.05300648992179533
0.8493163710265407,0.03349816429407656,0.03154901752597108,0.037925676164271935,0.047710770989139895
0.7079519938893977,0.05295564426839446,0.036440961656908244,0.10432709247024542,0.09832430771505425
0.7584830496380874,0.04473760976205233,0.04528600564698329,0.07203452126368595,0.07945881368919108
0.8315553702501236,0.029328811912215064,0.031698090863307785,0.054654441926170264,0.05276328504818326
0.9303248844442331,0.019105213621476755,0.011893863718113533,0.021008643973039864,0.017667394243136805
0.6980415018738858,0.10638802651283687,0.05494158260684035,0.06538454991142678,0.07524433909501002
0.7605955650575965,0.07284456077942018,0.027904988422192422,0.06058759990646428,0.07806728583432687
0.7232690048811391,0.04762573096862109,0.05520428228572871,0.08355589631626173,0.09034508554824941
0.7330635633625553,0.038570578564437935,0.060952767753314104,0.08197487056751339,0.08543821975217944
0.7088501457429475,0.0381464383051188,0.07800364618288523,0.08812407828235311,0.08687569148669534
0.809476268276581,0.03914142497211517,0.033167453506017186,0.05655605911865489,0.06165879412663167
0.7712123003964872,0.035124597945746835,0.04717872742316395,0.08008609512528654,0.0663982791093153
0.8183515271447411,0.03210390270342773,0.0438563595538344,0.05725927469677928,0.04842893590121754
0.7084229122408983,0.05088858623593068,0.06573013797658615,0.07421331813654122,0.10074504541004359
0.5224360260122407,0.0841073167364436,0.10349859673181709,0.13604049590583994,0.1539175646136587
0.7510762152509528,0.032725763900969033,0.039366812975879566,0.09126774576712796,0.0855634621050704
0.8205825445857805,0.030546540193825734,0.03609267801588909,0.05341682292208993,0.05936141428241463
0.594414681603407,0.12001526257525841,0.07839111464349209,0.10817284332172794,0.09900609785611465
0.5986114765228838,0.07932142554764611,0.0821808473798513,0.10159585263259865,0.13829039791702027
0.6843981152948789,0.046280724667154445,0.06279497262540965,0.09408238971209362,0.11244379770046338
0.8182198404482139,0.03338329064755234,0.03257358339822836,0.05491852437084468,0.060904761135160836
0.6755118044538388,0.08818118727132881,0.047798981628445404,0.08675381070588023,0.1017542159405066
0.612661069434707,0.052719537473040146,0.051078281626927485,0.12904534113548374,0.1544957703298414
0.7564061571680469,0.04046723824105641,0.04787355916381897,0.07474481505445449,0.08050823037262328
0.6216973273658076,0.047388802550173234,0.08093719353961093,0.10535028459924486,0.14462639194516322
0.6928684067826679,0.12444939734085608,0.053747070517268056,0.06165105900389432,0.0672840663553136
0.6409624616862223,0.06361921360334104,0.06253366018272691,0.10392386736569115,0.12896079716201864
0.6652791516951123,0.05034657496130644,0.05875546033171183,0.10748935206546516,0.11812946094640449
0.5365738047799786,0.06194973161085431,0.15681426692534772,0.10783108208020106,0.13683111460361824
0.7995689071148409,0.021466532708384663,0.04764132470906998,0.06456012464820358,0.06676311081950108
0.742669311787009,0.03481547336670409,0.04312144420210467,0.07750678898122144,0.10188698166296059
0.8070790974215434,0.024485640821666713,0.0390483883493029,0.05712147684011105,0.07226539656737595
0.8731549766258021,0.016531043590695526,0.018145569972174865,0.03925760296042215,0.052910806850905545
0.7686514510113155,0.05835619570323419,0.025860552796421098,0.056386147675090766,0.09074565281393833
0.7996819924673972,0.060461654553183426,0.02893689402107041,0.0459497397095597,0.06496971924878896
0.7591420928569727,0.04671947392182125,0.042606635482190694,0.07048090812740265,0.08105088961161286
0.6112835985048822,0.11152947200153622,0.05398449954868369,0.10010302964150561,0.12309940030339217
0.7089299011387835,0.0751791621025421,0.03833873817458643,0.07953892520211092,0.09801327338197709
0.6522285215973213,0.051396784073471494,0.03729697339379609,0.13666294712856053,0.12241477380685094
0.8004006109842475,0.024833010867436386,0.01698676171538212,0.06588482565466447,0.09189479077826945
0.7493829951123228,0.020465886917126714,0.03545407949348803,0.10227023655497622,0.09242680192208622
0.8730930059108554,0.02286338997911729,0.013580241407420097,0.0411641628365832,0.04929919986602399
0.6965297567740361,0.06913150803687457,0.038637525964017434,0.08429187825466433,0.11140933097040773
0.7494802546664083,0.07705006091626145,0.02398802386884927,0.06106698971674288,0.08841467083173812
0.729801353156679,0.05789200188245963,0.029427703551320652,0.09082995180254311,0.09204898960699745
0.6540804018507297,0.07543370376840697,0.04905356122569105,0.1027611695722906,0.11867116358288161
0.7296834713202198,0.02682992052153922,0.043038879984772446,0.09788758459738561,0.10256014357608287
0.6886329248966769,0.02794404308565736,0.042293705246398985,0.11582046465156169,0.12530886211970532
0.8030538073178898,0.04003562341399791,0.021087849619101207,0.062335852615693375,0.07348686703331771
0.5309529169541467,0.0759198348648578,0.06557375654680138,0.14465783894096454,0.1828956526932296
0.7182626707866829,0.06523395809031782,0.027362015635041266,0.08513401242639901,0.10400734306155901
0.4951832204934256,0.07314219026732295,0.06381076253465663,0.1770709038644728,0.19079292284012203
0.6989335569004695,0.040088993725975616,0.03278031820556791,0.10723532040119937,0.12096181076678716
0.7702503726627589,0.0716564474143305,0.03029456353189593,0.06000483273460322,0.06779378365641152
0.5304462639155865,0.08200036174593685,0.07287458591558771,0.13670760942491025,0.17797117899797874
0.6938072681173025,0.04627727214805774,0.05965359313913224,0.09349222306781944,0.10676964352768814
0.6619361941208719,0.053240227362493946,0.04909081071299418,0.11102621019011405,0.12470655761352588
0.6732512490733297,0.06719443239293484,0.03352270211443495,0.09263245760566234,0.13339915881363823
0.8140202132615041,0.023362658897058936,0.01082454771538246,0.051297419818990685,0.1004951603070639
0.7713606745719542,0.04175514359031465,0.02007832657641658,0.06451849992624246,0.1022873553350721
0.6934500539083365,0.077832229270916,0.03431485183754613,0.08042286825803881,0.11397999672516262
0.7459215345077468,0.04327623649148272,0.04377777477380069,0.08110468002368518,0.08591977420328459
0.8110526101294613,0.027407668494284162,0.02969991597921681,0.057361838557701585,0.07447796683933619
0.7928278753075559,0.04435046769818484,0.020418627973320724,0.06716494817970944,0.07523808084122902
0.818141203554504,0.022315586198271307,0.02012108498774981,0.06422173431700151,0.0752003909424734
0.6784670789574173,0.028007662890816725,0.04103697620723942,0.11383551955060456,0.13865276239392207
0.696933689607089,0.045641641441922426,0.0217912705870448,0.10965139527891135,0.1259820030850324
0.8452757923606843,0.016366179143321537,0.029087522548904683,0.048400090084691864,0.060870415862397366
0.6256053081002843,0.05508571812662008,0.05920500005452724,0.1076554882071672,0.15244848551140108
0.8374991153601304,0.025134370384993946,0.02335601000005878,0.04563584391494375,0.06837466033987295
0.7910336346319019,0.04095353719221149,0.020882377388616872,0.060333472316692706,0.08679697847057692
0.6835301760640694,0.045664495723365645,0.02977895346605404,0.12788599640105294,0.11314037834545802
0.5633895403940229,0.0915509190731658,0.046295628577826466,0.1367857294458995,0.16197818250908513
0.5844745605148219,0.07201755315866507,0.05580981289061071,0.12323359925227123,0.16446447418363086
0.7086474871598928,0.048814534311460905,0.04241742495941553,0.08269112152476515,0.11742943204446578
0.5891033814748693,0.07459954570957775,0.053217690424385636,0.12269230267495874,0.16038707971620883
0.868195224842691,0.01247043890274749,0.014417879477802749,0.04572029752183291,0.059196159254925884
0.6643059799228372,0.03120827242341757,0.04135607294853641,0.11032244756572337,0.15280722713948522
0.7185410599921865,0.06353332508568584,0.040571985566901884,0.07416781565680956,0.1031858136984162
0.7059192305854796,0.05536294284216965,0.04120898502771634,0.08817088987101543,0.10933795167361894
0.6621200903011955,0.058909932855181334,0.052799501914697844,0.10531093682618535,0.12085953810274001
0.688352936391002,0.04656980120913615,0.026171983619569336,0.08118979724945972,0.1577154815308326
0.8233526129444829,0.02141041741445777,0.025037471087554043,0.058405553754943315,0.07179394479856195
0.7180276672859518,0.04878092307045946,0.029239856896742803,0.07507849577384176,0.12887305697300402
0.6686056336536791,0.05672493547192944,0.04631231190106503,0.10317179355124426,0.1251853254220822
0.9121086859281121,0.008691906808058444,0.007429372008345283,0.03230120755407247,0.03946882770141163
0.7774833419680347,0.04014597205570663,0.020169366911266376,0.06939803747225241,0.09280328159273973
0.5424708930684251,0.0668504767738821,0.08185922963715701,0.13856379851964848,0.17025560200088738
0.7442939228022167,0.035856849110504345,0.024212657797282773,0.09001179693740775,0.10562477335258846
0.6351526297992641,0.10375607487930429,0.042983795452550363,0.08172598092304144,0.13638151894583989
0.6424581840926609,0.0530312374648616,0.06589752950297707,0.1105098977466217,0.12810315119287863
0.7009104396004668,0.054638981011458844,0.037243846647825506,0.09117123457402673,0.11603549816622201
0.7303091519042468,0.047170882800433286,0.029612560559739085,0.0809219179660639,0.11198548676951682
0.6420247210618422,0.06336738764004275,0.027047274698474892,0.10113298988271845,0.16642762671692185
0.7163192143270524,0.030570213659871174,0.027999290239075585,0.0794339034259551,0.1456773783480458
0.6793515779387008,0.05552858405594848,0.0191157083925418,0.09399896181527528,0.15200516779753367
0.8244203713183742,0.014989653429160242,0.013831101713053422,0.05569554760730429,0.09106332593210784
0.6704327786077536,0.03409460563217375,0.04546373686509751,0.0855106944913703,0.16449818440360472
0.6068312785235558,0.07517354009004569,0.028065268629449452,0.11386915711190128,0.17606075564504775
0.5299639179628893,0.095732431319525,0.045692299101002094,0.12797399038411095,0.2006373612324727
0.8845423240641925,0.02190562695773789,0.007610985422918707,0.031716063365680724,0.05422500018947024
0.7785262618677029,0.036794469737467334,0.015312842782259457,0.05601032227687529,0.11335610333569464
0.6230876328380817,0.0223755650398832,0.02408520619246185,0.11928830977678828,0.211163286152785
0.4345013535023309,0.07611348938635781,0.049173239146865215,0.1448605798236049,0.2953513381408409
0.6377447112211238,0.03480752426856918,0.03844168673834776,0.10145191931429247,0.18755415845766682
0.39895771347538866,0.10043759760211948,0.07898479824732633,0.1529342565774729,0.2686856340976928
0.6434468445153108,0.06896563065659123,0.05161227412085006,0.10442134687854626,0.13155390382870166
0.7820290900329155,0.02488801288291299,0.0338739748476808,0.07290324696985474,0.08630567526663593
0.5234823232046686,0.05021349847736533,0.09055501403789301,0.15801585661714135,0.17773330766293188
0.7641071805973051,0.03833366945267135,0.040042416746472874,0.0664329631172473,0.09108377008630339
0.7489733974138145,0.03959140679586729,0.027168951449944027,0.07519942495450618,0.10906681938586804
0.8221845381686217,0.03318137763782098,0.020362138257340873,0.05714322764628692,0.06712871828992971
0.6925434787039745,0.0613412218331228,0.037518756015337724,0.09476735612023961,0.11382918732732529
0.8470411677329986,0.023636955678940124,0.025753484173802205,0.048806481762556884,0.05476191065170217
0.7365963282508617,0.047374807643117495,0.03128922813657915,0.09801193188372138,0.08672770408572034
0.695106006238975,0.040228068664876694,0.03766432069293313,0.10522645997049603,0.12177514443271896
0.8484209357655046,0.023370475763169134,0.026629951714392783,0.04970086497311613,0.051877771783817465
0.7341111365097638,0.03976746626040502,0.024802495124731292,0.08889798807935369,0.11242091402574633
0.8373611696642502,0.03576691613296288,0.02168217083202941,0.04447553439817606,0.060714208972581535
0.6573363770774792,0.05227042888932928,0.05156643627490651,0.12145328727108201,0.11737347048720304
0.7706450740612113,0.04984664413581409,0.024436498775398868,0.07283713580819308,0.08223464721938285
0.5917297606912316,0.1021274470477206,0.0711868368697317,0.12176267387008595,0.11319328152123029
0.7939034348013639,0.03501611785762963,0.026721326820107534,0.06206836867848564,0.08229075184241351
0.7836140013405085,0.043657935927913755,0.025887897093792214,0.06128231508697846,0.08555785055080721
0.8076954411850663,0.028049846567146874,0.027427983760720115,0.06364761768573902,0.07317911080132775
0.8956892517089953,0.024739347204017142,0.006988970853233312,0.03146636013421161,0.041116070099542726
0.7938028070927238,0.03872587466611178,0.021704486519631024,0.06976089673663534,0.07600593498489805
0.7678523843116377,0.038192649658114614,0.039166612695300515,0.07501607037898791,0.07977228295595913
0.7013898463155038,0.042851972148611944,0.04676255251762233,0.09718775270926765,0.11180787630899389
0.7385266068488867,0.04065475430538458,0.038141962710784356,0.08739680297181658,0.09527987316312778
0.5844683465353493,0.12472183846026304,0.07219154370554308,0.0968791465773924,0.12173912472145242
0.7510663277948609,0.06536305492181056,0.033007217259911265,0.07098453417331367,0.07957886585010343
0.7180050108241184,0.0660065146516058,0.05223883914720122,0.08537076905145433,0.0783788663256205
