Delta_Power,Theta_Power,Alpha_Power,Beta_Power,Gamma_Power
0.8687500727653416,0.08218788972940233,0.02770408462659921,0.01613234164717594,0.005225611231480883
0.9291427051982016,0.03939184326481458,0.016348998637185936,0.011897879082867168,0.0032185738169306943
0.9115760115166752,0.029118852629564852,0.035108325607971384,0.019593354157961082,0.004603456087827283
0.8738485231086658,0.0644775408214386,0.034431060323111475,0.021617703822198773,0.005625171924585499
0.8988166666071987,0.04791484147854416,0.030653895206333357,0.0164067904574892,0.00620780625043478
0.9052016734632566,0.03334350402393404,0.039646431295742655,0.017418398903108968,0.004389992313957465
0.9167596178834525,0.04608027845449277,0.01895009092754204,0.014325156189298718,0.0038848565452139655
0.9056379405176569,0.040251877216963224,0.03139893794935005,0.01706331307463042,0.005647931241399333
0.915258300726447,0.04645390745904809,0.015571388861160202,0.015444174340550622,0.007272228612794073
0.9144266879404602,0.045818090300298916,0.023295633955354073,0.012062724723641623,0.00439686308024499
0.8624780731968082,0.08642042403430222,0.021653972368702208,0.022429905094665654,0.007017625305521803
0.8534677921693452,0.09820002265071079,0.0225542517099187,0.02092128774712339,0.004856645722902176
0.7693414821439335,0.09831002675254674,0.0728285346253371,0.0474458135996075,0.012074142878575406
0.8464361571188675,0.07428821467757862,0.03674126544779354,0.034678788917047454,0.00785557383871263
0.9495889660619066,0.030414238354515417,0.011840237949005331,0.006784457105921216,0.0013721005286515193
0.9089383049920157,0.050027821169827576,0.02765412312330118,0.010516402267077257,0.0028633484477783595
0.8218856642424723,0.096673685985658,0.057557869005062795,0.01987438394958987,0.00400839681721708
0.9083313165260697,0.04373295288863188,0.031089290547365932,0.014079621302172874,0.0027668187357595435
0.9370102634025533,0.02154187455136724,0.026254849796462018,0.012035455980662614,0.003157556268954909
0.9065025509940156,0.05729886479171494,0.02209954148743319,0.010943350191331393,0.0031556925355049246
0.8701440069773443,0.07789075769767934,0.03447641591406374,0.0131863015156326,0.0043025178952799
0.8489319303894153,0.0853587485204409,0.047847371012827794,0.013861711410249953,0.00400023866706593
0.9503841442765295,0.03230143612068537,0.01118729993559206,0.004480087160517874,0.0016470325066751848
0.9265236829373686,0.033302295146530735,0.017955700749867673,0.01754037671418043,0.0046779444520526755
0.9321500687781202,0.03396208685463204,0.01160200932053044,0.018529346749921655,0.003756488296795297
0.7694418220972061,0.16131268078657973,0.0265321814886804,0.0345574930494028,0.008155822578130799
0.8998462114338005,0.03804778925849826,0.037855460314650785,0.019377946240276184,0.004872592752774053
0.9025268578397998,0.04658190145114979,0.0326058481963035,0.014634716717891605,0.0036506757948552696
0.886366580779734,0.05920937825818536,0.03406819160813643,0.015589395794208202,0.004766453559736147
0.8646484126800602,0.0737170807138143,0.042303128116685275,0.014938988538478054,0.004392389950962206
0.8125741219938748,0.10380711276879012,0.053549636186247945,0.023128974046335335,0.006940155004751942
0.9063533458370208,0.053041621385675954,0.026070601438037702,0.011896743054666111,0.002637688284599473
0.9530046658776762,0.02428967885590233,0.011094475671680598,0.009411262881192968,0.002199916713547866
0.900016549571538,0.04403184878143805,0.03757683904284321,0.015142675704444674,0.0032320868997362507
0.8815618691600527,0.04862561536191477,0.045121564074115925,0.01939589860474257,0.005295052799174117
0.761507300384975,0.11256713944289641,0.07433250155528592,0.04224701814134237,0.00934604047550022
0.933999987110985,0.03530862273903846,0.015142680219823122,0.012267641923896103,0.003281068006257404
0.8505720605667146,0.07227569840507454,0.0456462753612388,0.024156529914349363,0.007349435752622883
0.8824613509541219,0.0682757029984077,0.02388442642762251,0.021010355813496435,0.004368163806351356
0.9118462316197038,0.048062949904712646,0.024485102333947018,0.01246517369488098,0.00314054244675562
0.7975612262003704,0.09643632125101195,0.06740580640989756,0.030455845635215275,0.008140800503504892
0.9146552326186065,0.038739883514221245,0.030635414168488067,0.013323920279200456,0.0026455494194837187
0.86017351753609,0.06928214177255587,0.05122144032288552,0.015206183833843775,0.00411671653462492
0.8257850196250923,0.120533641403595,0.02761103095622422,0.0212315832136801,0.004838724801408565
0.9292043612353955,0.021305709564777543,0.03152200426120964,0.014481476968016526,0.00348644797060052
0.9547905380331724,0.020901120378655928,0.014609277295151773,0.007782542283734764,0.001916522009285011
0.7782828965901448,0.11509667106220792,0.06467874118493101,0.03575846199671259,0.006183229166003638
0.8767346131872875,0.05648619438311159,0.04110508396484507,0.02000111986231697,0.005672988602438628
0.9007576249159398,0.05000456967126966,0.030073104271134563,0.015811469790887822,0.003353231350768268
0.8493267541749321,0.06491804828311437,0.03761936271754516,0.03399590227324786,0.014139932551160401
0.9417280794201115,0.03665314653549381,0.01037925119612386,0.008006482488575425,0.0032330403596955693
0.9626242531825544,0.012356665923512944,0.013358852175456298,0.009747680165636294,0.001912548552839999
0.8480113926345164,0.08315396958475563,0.038686052123072176,0.02424546357846363,0.005903122079192071
0.8719404250912548,0.05835214314148992,0.04080794588605571,0.021697912930751573,0.007201572950447992
0.9580123808151244,0.01919835735808343,0.014923054973080475,0.006045746084434154,0.001820460769277392
0.8933888412230113,0.04021205932627045,0.04325627481979708,0.018649486103021244,0.004493338527900039
0.9049778668307317,0.0522469590102343,0.02311125368635118,0.015425233484761432,0.00423868698792143
0.8093634046790723,0.08716270692702906,0.05788610797512045,0.037844390587615497,0.007743389831162805
0.9167169483244256,0.04431393822631627,0.020859706757897185,0.013410949332655561,0.004698457358705387
0.6926813954983714,0.2096881229220398,0.05138162954242625,0.03420388428304487,0.012044967754117753
0.895519150570489,0.061376277729060846,0.022597762205997126,0.015617281609009766,0.004889527885443
0.9007384392843505,0.04512118487788827,0.025142833986200857,0.022542477214919535,0.006455064636640915
0.9086338618151136,0.04546148361243405,0.023751888587206935,0.01734353704967485,0.004809228935570332
0.8701536049283953,0.08717915313073746,0.02562395334198134,0.012709610743424865,0.004333677855460769
0.8749260560042864,0.08542287485715971,0.02257445155797687,0.012979668925640574,0.004096948654936503
0.8831737189833977,0.058204614789694874,0.035627371943603964,0.01669153297226228,0.006302761311041231
0.9524573148594304,0.021943980235961984,0.011798590702953592,0.010518587109947294,0.003281527091706938
0.9494705356259978,0.015336902407168134,0.01976396760461063,0.012179714054361685,0.003248880307861854
0.8747622339395489,0.053817688669415595,0.0482859877961562,0.018098791103504163,0.005035298491375305
0.9533504720175424,0.016850938519285468,0.01662960990551889,0.010222152729703605,0.0029468268279497474
0.9143463014607535,0.044797760936146035,0.026294450601879026,0.010998842725976928,0.0035626442752444364
0.7986595421508164,0.12326425125663883,0.040677404548621864,0.029791587626606744,0.007607214417316242
0.9290216975952359,0.0277735158126641,0.028259575372224077,0.011784798096308498,0.003160413123567361
0.823024921748243,0.10486863722203389,0.03752858558913051,0.027178048996423017,0.007399806444169695
0.8804082779658855,0.06897238506191901,0.02616819238919485,0.017202579909093095,0.0072485646739075685
0.9199311179935373,0.0569291289956306,0.010116910993229674,0.008924888313223502,0.004097953704378761
0.9651055650580556,0.017493143065772508,0.008433113010150909,0.006689412555639901,0.0022787663103812014
0.9191291890263157,0.046981059874285275,0.017585140219561677,0.01282148910351874,0.003483121776318443
0.9048792890394664,0.0577557265566588,0.017948550825362345,0.01424055059261851,0.005175882985894026
0.94999707942941,0.025431815451683975,0.00918354009686108,0.01126273887098312,0.004124826151061721
0.9240040907111952,0.03549945884617124,0.014358500166845617,0.01917482876095918,0.0069631215148287665
0.8874872283054662,0.0620343356507071,0.0224379466220116,0.02243557141892989,0.0056049180028851665
0.806328982863642,0.08588585258257064,0.046411518155666694,0.04930847630882303,0.012065170089297776
0.9138203930777383,0.03989662329924623,0.01995410449507797,0.01757342470964036,0.008755454418297086
0.8499733030250718,0.07365411315564009,0.03409870327399916,0.029249441307270016,0.013024439238019117
0.851567469557586,0.056134127044486046,0.017317386799363534,0.03956544096117615,0.035415575637388126
0.9111952846406917,0.0448199669475748,0.013650106368344182,0.020740523641905352,0.009594118401483887
0.9275217325728095,0.035519276382303976,0.014523717414987352,0.016112335050221503,0.00632293857967795
0.9481293209136488,0.03159153562801802,0.009476820543290595,0.008384367183415698,0.002417955731626945
0.9204208901320794,0.02919832775135276,0.032522668537269254,0.013726346627189885,0.004131766952108569
0.8770621159789825,0.06360804428250848,0.030693602835693112,0.021547048345472764,0.0070891885573429675
0.8437568511206541,0.08608796081767581,0.038592930758986975,0.02510811488611047,0.0064541424165727454
0.9225121148899248,0.022526180054016246,0.029073665211290123,0.017654518545811182,0.008233521298957727
0.877350123333562,0.05752127113048198,0.030116612480340723,0.02478668194254351,0.010225311113071876
0.8276226742785714,0.06412979789093953,0.033879898899983836,0.043502857719188825,0.030864771211316235
0.9110192491145195,0.03669053605021339,0.02075034063319461,0.021539503030181532,0.010000371171891113
0.9303517584239829,0.017439491181125047,0.027259059517708795,0.014914487842911862,0.01003520303427168
0.838719227725691,0.10837684834736766,0.028097391430905953,0.019390438946135666,0.005416093549899725
0.8830594685896644,0.05852898044978065,0.031828748713680424,0.021250455832317036,0.0053323464145573415
0.89671375591026,0.06553174386188056,0.020171703643027554,0.013913079914878348,0.003669716669953499
0.87328260165188,0.07975933465506377,0.032716153434316934,0.011095352447320943,0.0031465578114185278
0.923639513588662,0.0256803461170434,0.030713771875983932,0.015688141700092244,0.0042782267182182535
0.8502494651292712,0.08723800893132122,0.03761352210540126,0.019708292151593487,0.005190711682412633
0.9135869982298489,0.05059566977590404,0.022735247441944547,0.010075371464322375,0.0030067130879801755
0.7715732902749405,0.09606952288458348,0.09362897286551819,0.027316047128204304,0.01141216684675338
0.8381223975771341,0.0747161869872757,0.06101325668310392,0.020411722804049702,0.005736435948436455
0.8467849662026762,0.06541955540673058,0.048701037713698304,0.02917388546639537,0.009920555210499596
0.8585493808234076,0.07838674392360954,0.04097140422171201,0.017377497200750453,0.004714973830520473
0.9085415711238829,0.03718210911830012,0.02712800474616949,0.014848945296032241,0.012299369715615415
0.7764322821686017,0.11126386595527599,0.0494428178941626,0.03951074752958624,0.02335028645237348
0.8078820651920338,0.1001206467833624,0.06048403541997887,0.023771485810408353,0.007741766794216509
0.8716183494585249,0.07031698778221934,0.03541747506880076,0.017106893463010104,0.005540294227444639
0.8344284040665344,0.10351565271412291,0.040002816675910234,0.018013558334128585,0.0040395682093037665
0.8521798237866555,0.06645972343735067,0.051665440043973256,0.023482015729543518,0.006212997002477321
0.9203578055236447,0.030573410110313223,0.028153625864627895,0.017077521805063372,0.003837636696350905
0.925330473748012,0.04101680185735666,0.020526073312986132,0.011214417981725731,0.0019122330999195361
0.8696699263195132,0.07318378294162944,0.03204365111420135,0.0213442649432528,0.003758374681403101
0.9080591648360478,0.03338028929532077,0.04033316102865499,0.014623298432224851,0.00360408640775131
0.7388678112995459,0.1423722729355111,0.07339916095476602,0.0381858449882401,0.00717490982193697
0.8747395593514755,0.06847896901694983,0.03198683895527881,0.019244508696819453,0.005550123979476621
0.9465461211343259,0.018958257577711215,0.02508695179722421,0.007213169963670606,0.0021954995270680477
0.9494781184910833,0.021553698974082058,0.019950386946867616,0.007339915766255345,0.0016778798217116444
0.9175641650767429,0.04036236340582705,0.027778718112130323,0.011113866563430186,0.0031808868418693017
0.9105176057291448,0.03901685345717066,0.036641108865569115,0.010297832679823612,0.003526599268291924
0.9547873177702259,0.02639246177586053,0.013003923509139786,0.004903886226786302,0.000912410717987531
0.896504345064823,0.060772993058881355,0.02815630618803528,0.012004769245070964,0.0025615864431893206
0.8612186727227076,0.06577397108535946,0.03243803656843581,0.030113165258464625,0.01045615436503251
0.919383644212935,0.03728437422901053,0.02633923582272547,0.01398573595430367,0.003007009781025367
0.8576770663228828,0.052547072357734835,0.054844666147775153,0.02754444475830142,0.00738675041330592
0.8568379064021691,0.06539157528059857,0.0573383235928872,0.016124762410692783,0.004307432313652282
0.9372410284290555,0.020285867439584965,0.03135845130439909,0.009180838026627822,0.001933814800332649
0.927897550010077,0.033817908689284665,0.02623040247587116,0.009681776284937512,0.0023723625398297706
0.9122909059358073,0.049144091824481026,0.024966359497265056,0.011630173718136893,0.001968469024309745
0.8518251864599427,0.07339077495384465,0.04725160474958004,0.022057477086569143,0.005474956750063497
0.8634782216880991,0.07193613058337639,0.04295074214873314,0.018165982417764365,0.003468923162026934
0.9179136285690578,0.05120479264395618,0.015947609605707985,0.011755589980434357,0.0031783792008439585
0.8649708716287937,0.058224700787076596,0.03311850059157231,0.02721417929104512,0.016471747701512045
0.8955241987292465,0.045628290871684025,0.024545814753680523,0.022706540243256152,0.011595155402132701
0.9309827141073614,0.039919651291830276,0.02088951030645011,0.006475125687573303,0.0017329986067848048
0.8556548658315314,0.09165082441431877,0.035836130038588945,0.012960361642968009,0.003897818072592876
0.8702879170974341,0.06435059090779499,0.044126697531857974,0.016962887219651723,0.004271907243261366
0.8965049515278861,0.047876647382247756,0.03714078369300239,0.014837568071884277,0.00364004932497972
0.8843712871229368,0.048853225305582164,0.04625648538717645,0.01608374841969177,0.004435253764612622
0.8375661309075726,0.05125241035801635,0.07335897554583326,0.0316383312602097,0.006184151928367952
0.9126978078261974,0.04923919883591146,0.02268490664640011,0.012283923671490862,0.0030941630200004284
0.8550271033168734,0.061159298412479815,0.04066786448100961,0.030203600132143477,0.012942133657493542
0.7412212346390767,0.04891425152013084,0.06585013692365825,0.07189029392971548,0.07212408298741865
0.9001514825871617,0.061350397623356506,0.023630655664522375,0.010319195088616858,0.004548269036342686
0.8951782271631509,0.03371140773656337,0.04878537901947459,0.016952543237693712,0.005372442843117444
0.871521000798322,0.03684072123480858,0.06039646410075531,0.02517639830099157,0.0060654155651227205
0.8675691042324843,0.06343064427259029,0.04536876711505423,0.01924415476562917,0.004387329614241869
0.8290282091191903,0.08458388556293647,0.06851936702917977,0.01272710559968878,0.005141432689004716
0.8540597260340969,0.0691183347132532,0.03719625012818923,0.026789285640100094,0.012836403484360662
0.9057482295075343,0.04439351511813034,0.0240204639847935,0.020854797691819228,0.004982993697722522
0.7920015590168671,0.1209742957450992,0.05242699084452218,0.029786140900808694,0.004811013492702601
0.9600228406569242,0.017966044266078108,0.012235380022028546,0.0075419735070022045,0.0022337615479669694
0.9247120450307708,0.04122369958757069,0.021750245639898427,0.009748964333713504,0.0025650454080463863
0.8495891540144515,0.09814438251655001,0.021735384283658434,0.021287510682922433,0.009243568502417714
0.9425368379567318,0.03355216936528958,0.011855735513067612,0.008303478876691752,0.0037517782882191546
0.9112332080115354,0.03288969861854491,0.01991599803277277,0.022082378742887352,0.013878716594259632
0.7971303994868609,0.11089879325753028,0.02139371055927865,0.04158078599372078,0.02899631070260935
0.8969333134131782,0.06273814043915982,0.01742238128883888,0.016726739133640985,0.006179425725182198
0.9189659162160734,0.04408943531683277,0.013424267689977523,0.01835362070039468,0.005166760076722006
0.8431217733918563,0.1022983185458461,0.024057481136063603,0.022217639884756567,0.008304787041477319
0.875016497070093,0.07797752482154205,0.024630971276788854,0.01698572076402453,0.005389286067551672
0.8341412806068891,0.09189122277381556,0.04241696036374071,0.02479036432322878,0.006760171932325935
0.9111763995862342,0.030327808105797792,0.025921548432783947,0.022873366601073683,0.009700877274110483
0.8341470681624078,0.06237005060845819,0.026125882958151755,0.03850074179713356,0.03885625647384875
0.920411517948085,0.031383509531433894,0.024583921420632086,0.016695636304622723,0.006925414795226541
0.927324666447244,0.030359357598352985,0.020583595764135168,0.01654575063661124,0.005186629553656511
0.9134319510840523,0.04029817924254559,0.024029876149791043,0.01764845129992843,0.0045915422236828445
0.970162576398656,0.0090305881781277,0.010191815842031653,0.008801042302326962,0.0018139772788578346
0.8897179696213798,0.035331928849277196,0.048969638281969353,0.021103920031611264,0.004876543215762309
0.9333576916367368,0.028535395649264685,0.020509577748147993,0.014836534061277499,0.002760800904573026
0.8418715710374421,0.06257746473742809,0.0619019078430744,0.02586644299647076,0.007782613385584754
0.7623815072513056,0.1063654916411639,0.0915907037832073,0.03370548566726456,0.005956811657058448
0.8432757687731205,0.0722636135635873,0.05803928343159636,0.02171524052424519,0.0047060937074505215
0.8754004499019737,0.05821449428079427,0.04972841618277417,0.013686518783382926,0.0029701208510747746
0.652667635026789,0.26710402751021245,0.0507235079739834,0.024282383443999432,0.005222446045015817
0.7930218638430906,0.1080885285838078,0.06246472006081386,0.03002787301947371,0.006397014492813807
0.8527190434539034,0.0707405510363077,0.048349715514793584,0.022601540339795945,0.0055891496551994276
0.9169371569748435,0.04799975861349131,0.02244366385257331,0.010164759820073633,0.002454660739018392
0.889906547835143,0.062179072368949685,0.030341256429744567,0.013890852504077776,0.0036822708620848636
0.721384891293205,0.12732585587040726,0.10193687614661771,0.039366047168067006,0.009986329521702968
0.9336801957284538,0.040623600038731784,0.015182282575530327,0.008389522398847346,0.0021243992584367133
0.8658409933070187,0.04877843766301171,0.058421029349486155,0.021617689704196377,0.005341849976287442
0.8143311199401766,0.0557312269755276,0.09273765607256831,0.031237396434967448,0.005962600576759966
0.8722273168812881,0.07340995746631157,0.03709477696787721,0.014230866045086327,0.0030370826394369057
0.8018970835928182,0.0958644137196169,0.06845428875017967,0.027333188724947267,0.0064510252124379075
0.9452733263029292,0.033088184640094394,0.013416105449206298,0.006732199670141563,0.0014901839376288745
0.8207329581965614,0.0614861230241309,0.0788909782508338,0.03267984789891065,0.006210092629563275
0.9242352925590188,0.03796978698097106,0.022232936430104447,0.013384291141098414,0.0021776928888075273
0.8022670449034127,0.08138805701281966,0.06972271984876367,0.03767657561906833,0.008945602615935412
0.8061325529898672,0.10414180935293246,0.053859368688204054,0.030801590261261752,0.00506467870773461
0.8323233672377607,0.0960285856458955,0.047898128128807636,0.020169989839525372,0.0035799291480107897
0.9234465357659375,0.038286334839827,0.026542822843362335,0.009867226668168683,0.0018570798827046119
0.8900206303381127,0.05527104202362518,0.036095328691316486,0.016625362586300003,0.0019876363606454463
0.9009126569333344,0.04854323224447185,0.033529615466896596,0.014049285113171306,0.0029652102421259072
0.95445453367155,0.01820655610348587,0.01626184334306106,0.009133206900567289,0.0019438599813358004
0.9448083035236655,0.02081832967656559,0.020760452503346523,0.011750749084572657,0.0018621652118496511
0.9107918797429461,0.0420505361122933,0.032431121853711914,0.012025707790204072,0.0027007545008446176
0.8826342696642001,0.054137633769931345,0.03752002930083222,0.021292254582911473,0.004415812682124964
0.8590038828624587,0.08891161000687574,0.03170981915001236,0.01619368894132535,0.00418099903932759
0.933226481128748,0.03364900885788106,0.015254109070501697,0.012886321495189723,0.004984079447679601
0.9379011936044467,0.046073373276537384,0.010175821926873156,0.004358571687745921,0.0014910395043967876
0.9057390607575425,0.04770186540649295,0.022649676034273165,0.017376507616639492,0.006532890185051875
0.9288401008658036,0.03269568971642268,0.0226010186229597,0.01267064391867828,0.0031925468761357296
0.8644735047299379,0.057084940975559384,0.05182441940498567,0.020734541269671107,0.005882593619846002
0.8627780119043339,0.0617404306431781,0.05057998703520511,0.020138980212250364,0.004762590205032444
0.8240707956310018,0.09639864174758364,0.05924816846769097,0.016028500717404942,0.004253893436318712
0.789947763304884,0.12107397719712913,0.0632129431695062,0.02095876246191602,0.004806553866564729
0.8327324978719224,0.11306946904313268,0.032705461472467716,0.018495238358234495,0.002997333254242702
0.8702309015464379,0.06184191001724108,0.04376994076846846,0.020592491718830288,0.0035647559490222763
0.9009706778250224,0.05280016382463875,0.030363675692672294,0.01355552020489389,0.0023099624527728696
0.674063222849461,0.19824823657563515,0.09289445288197397,0.027815348787823473,0.006978738905106418
0.8893602287452763,0.044777992080734186,0.04384954749637528,0.01869017047739396,0.0033220612002203115
0.8665858988500281,0.049656830679886445,0.05832028806335755,0.020400200818865396,0.0050367815878622334
0.8635324439504981,0.08400638898098865,0.03183400530151302,0.01651008588052049,0.004117075886479793
0.7434227845748982,0.15404277717690815,0.039015346912611576,0.05258398822152588,0.01093510311405646
0.8702092734033323,0.06744643523894997,0.03455302569620419,0.02360586155576749,0.004185404105746124
0.9194130132823798,0.04691750418022466,0.01956466369726228,0.011714416885901786,0.002390401954231405
0.9464450447025712,0.024254268117437333,0.018042714998831054,0.00877545126143835,0.0024825209197221355
0.9227556115315907,0.03368132745762714,0.028935330929479107,0.012480491293188442,0.0021472387881148157
0.9058870039735415,0.035016697889436274,0.0391157863621793,0.017198015444525504,0.002782496330317168
0.88812551822463,0.06811066775484269,0.026635587948528543,0.014282755634696572,0.0028454704373022093
0.8374759838353655,0.08614899638993555,0.04487637024601215,0.02665308694086455,0.004845562587822158
0.9599385961261763,0.01864353482759443,0.013674514464345653,0.00622237989106478,0.0015209746908189893
0.8874781683176922,0.06133397073447888,0.0348746964183132,0.012960882489320022,0.003352282040195629
0.8643533558316516,0.08213627590406514,0.028663802317106003,0.01861558670719151,0.006230979239985462
0.843741548119146,0.10395273248534595,0.021867086559270096,0.0244852449853807,0.005953387850857563
0.7865143248533032,0.13843502128620513,0.04359029591415618,0.024548221233452606,0.006912136712883029
0.9137244240544206,0.036241743520746966,0.028037500833189274,0.0186797332019878,0.003316598389655084
0.8572098853520018,0.06562841892174194,0.05587521561827139,0.01803188960038517,0.003254590507599576
0.9255506685670136,0.04681926501938315,0.018147059821415467,0.00813148079239964,0.001351525799788197
0.9171755846496179,0.041578036957962514,0.024995025660233348,0.012954964352769105,0.003296388379417014
0.8933768658378329,0.058974960605503515,0.028042942777240797,0.0150533872243261,0.004551843555096487
0.8841324095135241,0.05830778517848958,0.04066249828259462,0.014136157563166833,0.002761149462224887
0.9131287765724917,0.053220106888067296,0.017794021024104812,0.013184297634720435,0.0026727978806156813
0.914646731698049,0.052055069420494024,0.019519490348595077,0.011415503885546924,0.002363204647314898
0.7959074337577324,0.11914209968702213,0.05731212837774387,0.02323903503495534,0.004399303142546347
0.8804993302623206,0.07428990803261078,0.02871295527420508,0.013269951129990049,0.0032278553008736233
0.9355574846525053,0.036858109200403714,0.01625206036947887,0.009572307105973196,0.001760038671638836
0.9144806615061518,0.058203667283569405,0.016702830022256667,0.007866950673562002,0.0027458905144600487
0.9552320748804345,0.02722996278118076,0.010611989301457556,0.005515743514051242,0.0014102295228758165
0.9337013675316982,0.022512858721687744,0.025610612027920563,0.014892064468900306,0.0032830972497933093
0.9422139372675358,0.031078094246850284,0.0164689732864186,0.008700258526161925,0.0015387366730335052
0.9004250428588849,0.04527043018596719,0.03807501976645114,0.01308060683235908,0.003148900356337699
0.8338964302028681,0.09854980829932791,0.04311016490173678,0.020342455560218242,0.004101141035848775
0.8773553889918081,0.07430155101489128,0.03188640893263471,0.013386016639301241,0.0030706344213645366
0.8684371498470355,0.059965633066732874,0.04274988542452862,0.022939932072902448,0.005907399588800627
0.893137210525062,0.057481571577369064,0.03163287544368077,0.013724146647875099,0.004024195806013244
0.9262446092071414,0.030715788345030713,0.028851066706458876,0.011632525654709718,0.002556010086659236
0.961038231676994,0.020167329286436244,0.012813006865637503,0.004932423499191629,0.0010490086717407161
0.9027023631537978,0.05431339579583637,0.02990800345792883,0.010838946039274454,0.002237291553162273
0.9333701396116925,0.04461969136818056,0.015193411683736559,0.005262418946589605,0.00155433838980065
0.9069263139489492,0.03857411397342694,0.028153488365683762,0.02256023232810532,0.0037858513838350256
0.8311858019357898,0.0917212855176466,0.038607485443564654,0.031242727799576687,0.007242699303422421
0.8708639958273967,0.08767143226427514,0.026475761165021247,0.012006495272960967,0.0029823154703459477
0.9282635758038108,0.04300305393540971,0.01676219474866329,0.009307044344860961,0.0026641311672552298
0.8838212625304505,0.07987486414952394,0.01977476510199739,0.012832108747760342,0.0036969994702677838
0.9469487427072896,0.02651262282055078,0.015609356023759104,0.008586476099838349,0.002342802348562288
0.895598730143234,0.03982440871141702,0.04721184220425366,0.01417523621767663,0.0031897827234186496
0.8441273390958287,0.10208891190970124,0.03629125098630325,0.014466567567513817,0.0030259304406529976
0.8694495854175007,0.06269786259576686,0.043687117139847846,0.019564408193356746,0.004601026653527905
0.862752645595268,0.07872987443919031,0.031164005464806178,0.019949281184996896,0.007404193315738516
0.9203039419252983,0.0361718526392553,0.024614458605649942,0.015079757392912554,0.0038299894368836844
0.9327133105780608,0.04008825652603244,0.014444284842391159,0.010352237692966166,0.002401910360549151
0.855983963042737,0.07728963453177917,0.036442832421527294,0.025150826046425892,0.005132743957530393
0.915984335692097,0.05978796032002348,0.009344593875070395,0.012014611616131415,0.0028684984966778283
0.884886375640779,0.08961459136162625,0.010624241984074675,0.011646017863653857,0.0032287731498661814
0.9245500908497397,0.040790186139533925,0.021105204102927218,0.011241908350762981,0.0023126105570362974
0.9029889773058855,0.04602356118782795,0.026270247495778318,0.019634824103438527,0.005082389907069734
0.9322788300636393,0.03264027296547795,0.02157667385703842,0.010999689962772067,0.002504533151072206
0.9296675796566329,0.015391392355115404,0.038404571306230914,0.013175690122631778,0.0033607665593889447
0.8785134030716155,0.07547771806129898,0.027580561733754578,0.014156040929647392,0.004272276203683505
0.9308903865817832,0.024324870131738164,0.02321070438089635,0.018668207960742308,0.002905830944840074
0.889556105474979,0.055746361869639126,0.029833945177471014,0.020026666799733896,0.004836920678176742
0.6857490181057027,0.19095142402841725,0.0847715198663463,0.029180744037713067,0.009347293961820486
0.7697456383397984,0.14528832926567165,0.04960231299022712,0.02764573844495599,0.007717980959346792
0.9250122215074547,0.03663194082136671,0.023394384078349973,0.01185247503692496,0.0031089785559036717
0.8617196190134699,0.08327270616596633,0.03733704644764591,0.014413328162823941,0.0032573002100939968
0.9239537302482118,0.031019627740586447,0.031108584141064603,0.011758347725762806,0.00215971014437444
0.8853226113431424,0.05941901375219578,0.029011584800562068,0.021151814784618427,0.005094975319481261
0.9376948433880093,0.03539370661442784,0.01568992751950554,0.009055794807639623,0.0021657276704174972
0.8211644893857255,0.1048027631565256,0.036816419737114095,0.02701107296423794,0.010205254756396779
