Delta_Power,Theta_Power,Alpha_Power,Beta_Power,Gamma_Power
0.6893120749844789,0.12006846937940996,0.04694940775218402,0.08525516024264566,0.058414887641281533
0.8715249018060016,0.050850519559414505,0.018404319078352733,0.03743077017092218,0.02178948938530877
0.8775951500140224,0.03114898745851652,0.02218135237499542,0.04648898748331845,0.022585522669146936
0.7542659206602221,0.06245618546720395,0.05386961126052569,0.08562798399195709,0.04378029862009117
0.8319714271698695,0.07152987140872319,0.02114896877014594,0.049291417532962775,0.026058315118298706
0.8869973872459168,0.042167450122933284,0.018876973967495773,0.033584330180627314,0.018373858483026702
0.8755426975377313,0.028196321867498268,0.025580563303560438,0.04380937908246596,0.026871038208744005
0.8701424362848849,0.030402376478411552,0.02628998107381909,0.0490833064845292,0.024081899678355268
0.884178857389294,0.04889363823518709,0.016478062472138146,0.031136209499294618,0.019313232404086264
0.7742127667013632,0.04683566461661348,0.03481524412818901,0.09060279459582991,0.053533529958004186
0.7315239552162526,0.06643309675631738,0.03015488674118348,0.10391533163112664,0.0679727296551199
0.5156480255298288,0.21097556572120876,0.058870554965879944,0.1296321984979629,0.08487365528511968
0.7396737518359087,0.056963854330263554,0.05321220453809488,0.09304386854259007,0.05710632075314295
0.883189192064417,0.026825554905120085,0.016388008229957833,0.04838480489701845,0.025212439903486573
0.8332707768275504,0.06846305972106319,0.024696166478524646,0.048818641485095064,0.024751355487766843
0.667151762225202,0.15884195469944618,0.031301307981000816,0.08879117170921388,0.05391380338513713
0.8110574141546459,0.055186220937254414,0.03567942166162299,0.0620743694358379,0.03600257381063889
0.8631124057046561,0.05856251549102997,0.021073405665912676,0.03616712665400691,0.02108454648439439
0.7148091256998454,0.12706805125029652,0.06730051777650198,0.06286813629491192,0.027954168978444174
0.8802607501565466,0.03516357651722042,0.0234025718623205,0.04066060865939289,0.02051249280451929
0.7745780224613656,0.08205410701373513,0.026860226901892652,0.07152112838727856,0.04498651523572813
0.8156265676800488,0.08575432053011942,0.02821624181024915,0.04536089948300808,0.02504197049657461
0.8851467338588088,0.048654358775507014,0.02229768412596068,0.029178311057520608,0.014722912182202764
0.8368193688530516,0.053138562137023566,0.027288991598605802,0.050495150187690734,0.032257927223628295
0.794196461923462,0.05369261788875964,0.025220180870120075,0.08510593078490268,0.04178480853275563
0.8786544751671626,0.033817712770726045,0.03136543117676766,0.03611468166412156,0.020047699221222032
0.802418975725589,0.03928026027583352,0.03920275447921705,0.08086543815158202,0.03823257136777837
0.8696106610005462,0.05440245598733375,0.019280648808404157,0.036789357933142565,0.019916876270573633
0.8643861341953116,0.05088788268442867,0.021481254932922567,0.04173535087130917,0.021509377316027957
0.6899801816315718,0.07343894145534244,0.04788972285594217,0.1086566555153595,0.08003449854178403
0.6315508974689044,0.08867273037972838,0.04620622772819884,0.13080078206603737,0.10276936235713116
0.6364669569375344,0.12385342587090467,0.049733842480900035,0.11300907596339146,0.07693669874726923
0.8765040488645055,0.04428272609313576,0.018414712080784167,0.037563344729874285,0.023235168231700316
0.6350587233236699,0.11213363164094023,0.04704503877160467,0.12373276508851161,0.08202984117527357
0.860909569626759,0.031180891887873756,0.0194327422126248,0.059561534115411846,0.028915262157330517
0.5573165182451995,0.08797897024925397,0.10053865489943903,0.17590094392441186,0.07826491268169587
0.8118604874046512,0.0438193696833668,0.0479376793032573,0.06267904038382863,0.033703423224896105
0.8193137463517711,0.05490007387823674,0.030825496538946787,0.06126126302832467,0.033699420202720584
0.8566467328050674,0.02425701296007477,0.026358855491146402,0.0576194881773166,0.035117910566394954
0.8422289533391233,0.03177268872468566,0.02600628460140744,0.0605550740615788,0.03943699927320495
0.9176347531494211,0.02150968324411271,0.010475937232630732,0.030871940178060088,0.01950768619577532
0.8495698816096788,0.03857582009541582,0.02226650146162938,0.055433053134927246,0.03415474369834882
0.920487448821874,0.021176015845227488,0.009636278527486416,0.030853065816565103,0.017847190988847073
0.7641730917954016,0.08999750261498984,0.0392992258165468,0.06629018701701374,0.04023999275604802
0.542534184924711,0.2243490978618472,0.09314169942464454,0.10324809734755888,0.0367269204412385
0.9118918810657629,0.031983831635589356,0.010590527389645728,0.026080267921162782,0.019453491987839515
0.8992319821728972,0.030954925298884394,0.012132724039000266,0.0356447408274207,0.02203562766179751
0.8695658895429487,0.032386968800689725,0.019341363242451278,0.05485265429601311,0.02385312411789703
0.8230953068551471,0.056475253312113206,0.026844794119806527,0.0608629641250188,0.03272168158791439
0.7316337419030805,0.0757252936098617,0.03234334812138078,0.09266679013206287,0.06763082623361412
0.5917583178962512,0.07823396888112885,0.06933919014074537,0.1512280641782238,0.10944045890365077
0.796829866166501,0.04904383649197143,0.03146396675753467,0.08305155241564499,0.03961077816834801
0.8844135305760984,0.03515597361299452,0.009396296315163283,0.04524200533089532,0.02579219416484835
0.7672695616473553,0.060671750852460696,0.02761738292725352,0.0903940339153118,0.054047270657618704
0.8921111440369978,0.021637704105860668,0.013702835733620782,0.04455253593985158,0.02799578018366894
0.7896987771884555,0.049563181289312586,0.022792010741729655,0.07722422481940634,0.060721805961095734
0.669319570847935,0.11982705355574978,0.042668938375468694,0.09963725183220347,0.06854718538864289
0.8013133886064798,0.04343448475814402,0.02668279861112222,0.07275790381292908,0.05581142421132508
0.7884900806611753,0.09012573968473757,0.019123213598986794,0.06729461575382115,0.03496635030127938
0.8944529706160687,0.023152139368540322,0.01032876221523609,0.04504776872479978,0.027018359075355068
0.850518887985284,0.026153918987511588,0.020611686584055842,0.0637964392931995,0.03891906714994911
0.790722886602827,0.08925742664909138,0.0222957245956804,0.05900303715073001,0.03872092500167121
0.8302440341534545,0.04970584632829203,0.01963677655599219,0.06216890599419781,0.038244436968063365
0.5509846622589181,0.09498893495747128,0.05917682120547995,0.1810214924009489,0.11382808917718182
0.6268417869181774,0.031925524189123484,0.023820466125190683,0.13272309892395628,0.18468912384355204
0.6285081858589484,0.06925445549730663,0.03537103093343588,0.13164581532667038,0.13522051238363872
0.44968214039337245,0.1754048415658051,0.040981555253899335,0.17656457647275647,0.15736688631416643
0.4866100731821956,0.11412048211431784,0.07361399064373211,0.1859962183641517,0.13965923569560273
0.7928886246300819,0.06497345988296262,0.022891603313492676,0.06364113246261699,0.055605179710845554
0.7852967802158354,0.03785943125182709,0.036934922332388175,0.075513037302186,0.06439582889776346
0.6002828634783413,0.044225341284685284,0.04423053285015158,0.1519447971946613,0.15931646519216058
0.935142200456439,0.012717844113595342,0.00639051050118386,0.02499774212953911,0.020751702799242794
0.7322835641150343,0.040102128330437976,0.02335810635499206,0.10437510300955305,0.0998810981899826
0.8047007690017245,0.015520798175316423,0.018776727340961835,0.07326140703509422,0.08774029844690315
0.694913947572061,0.031758868075942505,0.020288355119001664,0.13971231961909622,0.11332650961389872
0.7796006683597771,0.04552250748136911,0.02090286339579757,0.08811405137665701,0.06585990938639913
0.7717484945961988,0.03228126181553837,0.02809479534359155,0.09447141139879794,0.07340403684587324
0.7988376711341264,0.01868465360737241,0.023191252982103054,0.09221094366565935,0.06707547861073856
0.7980839684939495,0.03672567579079242,0.01635069795357923,0.08023382616151428,0.06860583160016456
0.813735717851702,0.04950122415431734,0.01007177311757746,0.06939794796982383,0.05729333690657935
0.46853317497266456,0.09957784745868802,0.05100665355373877,0.20690046970787965,0.17398185430702898
0.7052786129681783,0.025991551972111778,0.030299022951032484,0.1280383553588462,0.11039245674983103
0.7106971353686409,0.031962114747978984,0.030313484122460346,0.12184950202784184,0.10517776373307795
0.7472963450668457,0.0780014790969314,0.023106509439896075,0.08848868622510749,0.06310698017121924
0.49000167477421136,0.14210863005078178,0.07619869762095181,0.16286439576153722,0.1288266017925179
0.7153107015676188,0.08033031023823194,0.03608696013576998,0.0975540834578303,0.07071794460054891
0.6952324296775959,0.0703159747245585,0.024055755898925658,0.12513950017715766,0.08525633952176258
0.6995831701015516,0.08831634070393692,0.023421285246089458,0.1010452774708421,0.08763392647758012
0.5837115320923602,0.09692119673282411,0.03778705051881306,0.14082677110845168,0.14075344954755092
0.7714340229800843,0.05811585706913858,0.01513546259369103,0.08721852465490493,0.068096132702181
0.8297731974627793,0.047449509409638296,0.014620994680235476,0.0617561173107576,0.04640018113658924
0.7836282475680071,0.048832966482736884,0.023289128626610103,0.0800999938600735,0.06414966346257257
0.748088847780683,0.07624312421546368,0.02913116445372168,0.08365240188316166,0.06288446166696991
0.8020280734480907,0.031957118107369564,0.025525540695647924,0.07776520114901107,0.06272406659988083
0.8965857104557248,0.031473082375319185,0.013641829687226962,0.03202024169286362,0.02627913578886538
0.8113490075302163,0.0390293350140424,0.024035338900355235,0.07108115910379394,0.05450515945159218
0.6547717680856416,0.06382336194730358,0.046009993897212505,0.1345345100821631,0.10086036598767936
0.7719980696628781,0.07598007725083886,0.026450113735704484,0.07711672830598405,0.048455011044594716
0.8364133795909121,0.028111868629916933,0.024950800347176203,0.06215789585399763,0.048366055577997155
0.8087254005556858,0.02823193963947929,0.028838017830466172,0.07778312210287774,0.056421519871490966
0.8209835534788131,0.02058757682409067,0.020360012548489747,0.08159068367127705,0.056478173477329544
0.883902243248577,0.015683290015081213,0.019753906112936204,0.05021349661715572,0.030447064006249924
0.8941039460707073,0.024296267446667987,0.010405121687451663,0.04164439559709978,0.029550269198073287
0.7012888709084091,0.04190945299966898,0.036979272439252565,0.132347185997276,0.0874752176553935
0.6238245202651647,0.06173904548725716,0.043198191203907284,0.1489626868402809,0.12227555620338974
0.6171078491173497,0.14279390135416778,0.05710090806780808,0.10144270607820757,0.08155463538246659
0.7773331961645529,0.04698182616416972,0.029255461958184212,0.08418803765009629,0.06224147806299683
0.49392985120197086,0.10427105172793939,0.06857245148449029,0.19473466829183847,0.13849197729376103
0.545931030638261,0.08712485294863682,0.07945001998470784,0.16112691508833743,0.1263671813400568
0.7818731897984585,0.03484852816826045,0.031488707414293535,0.08934803662575516,0.06244153799323227
0.5463022066384753,0.12513614613580523,0.037225313989944914,0.1489735420356812,0.14236279120009346
0.7407925120658228,0.05222713169795271,0.032811727356143384,0.08777705441464248,0.08639157446543846
0.67640396424189,0.07783645135830676,0.03538195354910278,0.11248523347770072,0.09789239737299979
0.8831021262670766,0.018431782642931913,0.018001959069467405,0.0472161051168097,0.03324802690371439
0.6353660757766065,0.06443099641668153,0.04214107690980275,0.15251766506403888,0.1055441858328704
0.7033443066597932,0.05608488007772476,0.04356401075666761,0.12072448613157145,0.07628231637424301
0.8498727887230138,0.029655124419712277,0.015483020542724523,0.05875982039743876,0.04622924591711095
0.7798264927306665,0.04045880493118354,0.027500066778244864,0.09394507727117966,0.058269558288725445
0.7914418416646378,0.0493672510304161,0.027400515469003833,0.06919417159487876,0.0625962202410635
0.7674873914047957,0.030580508761595702,0.03490574373276677,0.10431357124854809,0.06271278485229374
0.7525594708021603,0.05414313862712591,0.027199013964843696,0.08893875684079615,0.07715961976507384
0.9088798607652745,0.0176439012823993,0.01054251886753179,0.032939617520507516,0.029994101564286967
0.7326616581416352,0.03322116834598738,0.040224204526667084,0.11898473469742715,0.07490823428828326
0.768744535601623,0.03174631719121958,0.027745831668189565,0.09719524910791556,0.07456806643105222
0.7822296835138917,0.03601743754368182,0.02524802549452614,0.0856782572689634,0.07082659617893709
0.8064778002535785,0.03427703698895619,0.02300679367860829,0.07850872342622424,0.05772964565263304
0.8249203499240854,0.03405799449296178,0.02307147620536108,0.061173068359126316,0.056777111018465325
0.6658921757940663,0.053089897073504984,0.04895822174988439,0.14067752322740354,0.09138218215514064
0.9165706871596457,0.009329808649095103,0.013026810541049184,0.0366352393328395,0.024437454317370686
0.7494372965229895,0.0669779676430271,0.03319832841516391,0.0954091014969679,0.05497730592185127
0.8433118865137738,0.02466886306458466,0.02203691412179297,0.06388130387878233,0.04610103242106601
0.6758311389006202,0.05912396692909607,0.05103078690566676,0.1218685884463978,0.09214551881821922
0.6784901898715295,0.057769134121078994,0.05394352580625976,0.1287663136486728,0.08103083655245913
0.5955119224381901,0.11338723637719784,0.06236810225332749,0.13898849685021292,0.08974424208107164
0.7315325304501393,0.041706629218631865,0.046094540283127816,0.10415717348274409,0.07650912656535694
0.6959209100707504,0.054927567514749844,0.05497536898123317,0.11373667887481274,0.08043947455845399
0.8459948782013172,0.022657569091760345,0.03388521803977429,0.055836095391655634,0.041626239275492374
0.7770110888419098,0.03056895512114459,0.040342847712871284,0.08688075870349926,0.06519634962057502
0.5240774652734309,0.05107530428997606,0.06853264178806022,0.20781487284947334,0.1484997157990594
0.5818741227497329,0.08073358114647534,0.06760637421587583,0.16336094796052883,0.10642497392738713
0.8027185475095986,0.04945859599290783,0.026405678599001538,0.07358634438847488,0.047830833510017316
0.6909236659526768,0.061004754000076045,0.04025386450928964,0.11463503712684421,0.09318267841111319
0.7349445107636783,0.07196399841232011,0.049208622414822066,0.08183202360921546,0.06205084479996412
0.7460386017530853,0.05337676760390826,0.02749257439113585,0.0986572664415523,0.07443478981031822
0.7680019689951205,0.04112038943143947,0.031084759670554133,0.09889814752117926,0.06089473438170655
0.7458205299855605,0.03051152461691468,0.033643754810047964,0.11672709029191716,0.07329710029555955
0.6643218646248811,0.06588126774262933,0.07339297248821967,0.12339822377130111,0.07300567137296893
0.5856103019419443,0.072095122303986,0.07949764953181755,0.1619839994034368,0.10081292681881528
0.6078160730894987,0.08828064041737797,0.08533619835949283,0.1355061056140092,0.08306098251962124
0.7212095810745487,0.06385300097151352,0.04643583458289606,0.09584397940092203,0.07265760397011971
0.6883558775300491,0.05642228173287255,0.04888752060731731,0.11210540163732866,0.09422891849243263
0.7381987424025942,0.040787807100837715,0.031787763023369005,0.11494235748819553,0.0742833299850035
0.7980289104021483,0.03644979651441127,0.04816796645352927,0.07665922715925345,0.040694099470657726
0.7727366267482677,0.03285916610831767,0.05184834191892794,0.08709951376915327,0.05545635145533337
0.6353866610967415,0.05096516533891875,0.10533330660117399,0.1335497427360569,0.0747651242271089
0.7531817086106464,0.03027306034773571,0.05309973386027286,0.10140985809688242,0.062035639084462656
0.6266312030294101,0.05520165439665995,0.10375852763811039,0.13205937367342868,0.08234924126239089
0.7880725403423813,0.03864093345210781,0.03270986721408638,0.0828747721117046,0.057701886879719944
0.6473459823249742,0.08904792904047042,0.04580177639976924,0.1329507519691509,0.0848535602656352
0.6682893229716748,0.06919890281716395,0.05163227277561482,0.12670653526069767,0.08417296617484872
0.523936689398617,0.12246674857929021,0.09367935048026192,0.16774210337853557,0.09217510816329526
0.7723296365118704,0.05270735985362659,0.05243109600468852,0.0778231024108403,0.044708805218974114
0.8102623014341614,0.033439990885141005,0.04280444631329437,0.07005415020896096,0.04343911115844224
0.8185110934555053,0.028719515109485366,0.033819487706775994,0.06762794448370327,0.05132195924452995
0.6311274821576863,0.09591093924852329,0.052873273062186144,0.12898028983664014,0.09110801569496395
0.7058803310186814,0.05775250537062633,0.05140583461339016,0.1099528357801966,0.0750084932171054
0.6884234897295824,0.05532596735587171,0.07418677236383514,0.11249807051641213,0.06956570003429843
0.510759216697847,0.10092215405358229,0.07161795744432511,0.19617879566184196,0.12052187614240373
0.6788898378299567,0.0468669674724053,0.045816631545987,0.13458044065336502,0.09384612249828596
0.7339013278206171,0.036575356158291,0.053028486267401885,0.10485760362028078,0.07163722613340905
0.6043631345828141,0.07158713280779223,0.09665553555966454,0.15209210351100672,0.07530209353872235
0.5904593282726921,0.07032105684865272,0.11479960415134356,0.1389446274205021,0.08547538330680966
0.7023873003688512,0.01968208415730758,0.07038942832020997,0.1278708325172882,0.07967035463634287
0.5059528768797796,0.05500300220895838,0.07522388386720048,0.18781021075591403,0.17601002628814738
0.6577980570725558,0.04640043817995507,0.029659676597497225,0.142373088137396,0.12376874001259623
0.6534602241805588,0.04851156379321333,0.03535448601749917,0.1464088105728812,0.11626491543584748
0.7244131100362596,0.03400072153955672,0.024451476298608794,0.1307997530891088,0.08633493903646622
0.8532873646510443,0.01873019655039544,0.013438998012525924,0.06510025030429488,0.049443190481739646
0.740780066177971,0.045147955463871056,0.046397442850330047,0.09995381633602747,0.06772071917180031
0.7456879275241683,0.04192737186092582,0.0439672081727741,0.10472499754260264,0.06369249489952894
0.8781402501960229,0.022202614934370195,0.02856987621233494,0.04174194930737056,0.02934530934990135
0.7018084477540719,0.05621752261277252,0.07051031009228918,0.09753684070690873,0.07392687883395752
0.6352618301206923,0.0745632217020702,0.07381909796352197,0.12266318423882178,0.09369266597489381
0.7832339485913696,0.11875074110320673,0.028485855168572147,0.040381075023170655,0.02914838011368083
0.8225855805310719,0.041420375333225484,0.017067688740497293,0.07727968052856454,0.04164667486664086
0.829266248883227,0.031003572043593736,0.01639364147391107,0.06975059761571138,0.05358593998355667
0.8159271881211234,0.036029488250926875,0.04271868193968155,0.06209258037863858,0.04323206130962956
0.8493163710265407,0.03349816429407656,0.03154901752597108,0.04679535698915396,0.03884109016425785
0.7079519938893977,0.05295564426839446,0.036440961656908244,0.1263695413193649,0.07628185886593475
0.7584830496380874,0.04473760976205233,0.04528600564698329,0.09746652045072951,0.05402681450214749
0.8315553702501236,0.029328811912215064,0.031698090863307785,0.06858912085641944,0.038828606117934095
0.9303248844442331,0.019105213621476755,0.011893863718113533,0.025227623348966947,0.013448414867209721
0.6980415018738858,0.10638802651283687,0.05494158260684035,0.08115747676541331,0.05947141224102351
0.7605955650575965,0.07284456077942018,0.027904988422192422,0.07686131585152255,0.061793569889268624
0.7232690048811391,0.04762573096862109,0.05520428228572871,0.10845616890554909,0.06544481295896204
0.7330635633625553,0.038570578564437935,0.060952767753314104,0.1023109941637375,0.06510209615595532
0.7088501457429475,0.0381464383051188,0.07800364618288523,0.10516161642301303,0.06983815334603541
0.809476268276581,0.03914142497211517,0.033167453506017186,0.06788252796239505,0.05033232528289152
0.7712123003964872,0.035124597945746835,0.04717872742316395,0.09650910143718003,0.04997527279742181
0.8183515271447411,0.03210390270342773,0.0438563595538344,0.06935704914536765,0.036331161452629164
0.7084229122408983,0.05088858623593068,0.06573013797658615,0.09809298698738468,0.07686537655920016
0.5224360260122407,0.0841073167364436,0.10349859673181709,0.16820813222029674,0.121749928299202
0.7510762152509528,0.032725763900969033,0.039366812975879566,0.1138936939741813,0.06293751389801708
0.8205825445857805,0.030546540193825734,0.03609267801588909,0.06797065416675802,0.04480758303774657
0.594414681603407,0.12001526257525841,0.07839111464349209,0.13642564654272274,0.07075329463511987
0.5986114765228838,0.07932142554764611,0.0821808473798513,0.13535405904694117,0.10453219150267773
0.6843981152948789,0.046280724667154445,0.06279497262540965,0.12129317535753795,0.08523301205501907
0.8182198404482139,0.03338329064755234,0.03257358339822836,0.07040491178041001,0.04541837372559551
0.6755118044538388,0.08818118727132881,0.047798981628445404,0.1154352940936388,0.073072732552748
0.612661069434707,0.052719537473040146,0.051078281626927485,0.1702269347428144,0.11331417672251069
0.7564061571680469,0.04046723824105641,0.04787355916381897,0.09215443767642828,0.06309860775064949
0.6216973273658076,0.047388802550173234,0.08093719353961093,0.1498805101642856,0.1000961663801225
0.6928684067826679,0.12444939734085608,0.053747070517268056,0.08249959555063988,0.04643552980856802
0.6409624616862223,0.06361921360334104,0.06253366018272691,0.13803234444448603,0.09485232008322374
0.6652791516951123,0.05034657496130644,0.05875546033171183,0.13613807189030544,0.08948074112156419
0.5365738047799786,0.06194973161085431,0.15681426692534772,0.14921314784240425,0.09544904884141506
0.7995689071148409,0.021466532708384663,0.04764132470906998,0.08241430002382608,0.04890893544387863
0.742669311787009,0.03481547336670409,0.04312144420210467,0.10478245480721925,0.0746113158369628
0.8070790974215434,0.024485640821666713,0.0390483883493029,0.07497756397812297,0.054409309429364026
0.8731549766258021,0.016531043590695526,0.018145569972174865,0.05121906598162463,0.04094934382970307
0.7686514510113155,0.05835619570323419,0.025860552796421098,0.07410509605977922,0.07302670442924987
0.7996819924673972,0.060461654553183426,0.02893689402107041,0.06297363745996094,0.04794582149838772
0.7591420928569727,0.04671947392182125,0.042606635482190694,0.09127017875694221,0.060261618982073294
0.6112835985048822,0.11152947200153622,0.05398449954868369,0.12256416113686366,0.1006382688080341
0.7089299011387835,0.0751791621025421,0.03833873817458643,0.10248785432494845,0.07506434425913956
0.6522285215973213,0.051396784073471494,0.03729697339379609,0.16405592107402237,0.09502179986138908
0.8004006109842475,0.024833010867436386,0.01698676171538212,0.08520869382135636,0.07257092261157756
0.7493829951123228,0.020465886917126714,0.03545407949348803,0.12525806588707197,0.06943897258999047
0.8730930059108554,0.02286338997911729,0.013580241407420097,0.0492970618651863,0.04116630083742088
0.6965297567740361,0.06913150803687457,0.038637525964017434,0.11061558230156789,0.08508562692350413
0.7494802546664083,0.07705006091626145,0.02398802386884927,0.08561437628762801,0.06386728426085297
0.729801353156679,0.05789200188245963,0.029427703551320652,0.11970976784381117,0.06316917356572943
0.6540804018507297,0.07543370376840697,0.04905356122569105,0.1365596775819294,0.08487265557324279
0.7296834713202198,0.02682992052153922,0.043038879984772446,0.12023224357104946,0.08021548460241903
0.6886329248966769,0.02794404308565736,0.042293705246398985,0.1459917831408305,0.09513754363043654
0.8030538073178898,0.04003562341399791,0.021087849619101207,0.08106745135716312,0.05475526829184795
0.5309529169541467,0.0759198348648578,0.06557375654680138,0.20351564214830054,0.12403784948589365
0.7182626707866829,0.06523395809031782,0.027362015635041266,0.11123988064066126,0.07790147484729679
0.4951832204934256,0.07314219026732295,0.06381076253465663,0.22212311100694304,0.1457407156976518
0.6989335569004695,0.040088993725975616,0.03278031820556791,0.1383903030595398,0.08980682810844677
0.7702503726627589,0.0716564474143305,0.03029456353189593,0.07403814630744941,0.05376047008356534
0.5304462639155865,0.08200036174593685,0.07287458591558771,0.1774003147574291,0.1372784736654599
0.6938072681173025,0.04627727214805774,0.05965359313913224,0.12046181544337584,0.0798000511521317
0.6619361941208719,0.053240227362493946,0.04909081071299418,0.1409125265155106,0.09482024128812934
0.6732512490733297,0.06719443239293484,0.03352270211443495,0.12467073063816908,0.10136088578113152
0.8140202132615041,0.023362658897058936,0.01082454771538246,0.07951775762000773,0.07227482250604682
0.7713606745719542,0.04175514359031465,0.02007832657641658,0.09384235516996924,0.07296350009134535
0.6934500539083365,0.077832229270916,0.03431485183754613,0.1074163457437253,0.08698651923947613
0.7459215345077468,0.04327623649148272,0.04377777477380069,0.09996133919910907,0.06706311502786068
0.8110526101294613,0.027407668494284162,0.02969991597921681,0.07356280351160172,0.05827700188543608
0.7928278753075559,0.04435046769818484,0.020418627973320724,0.0842695904760338,0.05813343854490467
0.818141203554504,0.022315586198271307,0.02012108498774981,0.08029025844553615,0.05913186681393874
0.6784670789574173,0.028007662890816725,0.04103697620723942,0.14375905303319136,0.1087292289113352
0.696933689607089,0.045641641441922426,0.0217912705870448,0.1349017991577758,0.10073159920616793
0.8452757923606843,0.016366179143321537,0.029087522548904683,0.06267163042305708,0.04659887552403216
0.6256053081002843,0.05508571812662008,0.05920500005452724,0.14111992821430577,0.1189840455042625
0.8374991153601304,0.025134370384993946,0.02335601000005878,0.06776791026282394,0.04624259399199275
0.7910336346319019,0.04095353719221149,0.020882377388616872,0.08360302146707263,0.06352742932019702
0.6835301760640694,0.045664495723365645,0.02977895346605404,0.15712901341563928,0.08389736133087168
0.5633895403940229,0.0915509190731658,0.046295628577826466,0.1741526079155359,0.12461130403944878
0.5844745605148219,0.07201755315866507,0.05580981289061071,0.16495787591687622,0.12274019751902586
0.7086474871598928,0.048814534311460905,0.04241742495941553,0.10277841784952758,0.09734213571970335
0.5891033814748693,0.07459954570957775,0.053217690424385636,0.1785668991585783,0.10451248323258927
0.868195224842691,0.01247043890274749,0.014417879477802749,0.06421306799752376,0.040703388779235024
0.6643059799228372,0.03120827242341757,0.04135607294853641,0.15746557900883734,0.10566409569637125
0.7185410599921865,0.06353332508568584,0.040571985566901884,0.10025320006107312,0.07710042929415262
0.7059192305854796,0.05536294284216965,0.04120898502771634,0.11956785283234464,0.07794098871228976
0.6621200903011955,0.058909932855181334,0.052799501914697844,0.1406598952038203,0.08551057972510508
0.688352936391002,0.04656980120913615,0.026171983619569336,0.1267105225680633,0.11219475621222903
0.8233526129444829,0.02141041741445777,0.025037471087554043,0.07618821885060516,0.0540112797029001
0.7180276672859518,0.04878092307045946,0.029239856896742803,0.11031229755608857,0.09363925519075718
0.6686056336536791,0.05672493547192944,0.04631231190106503,0.13880970030882048,0.08954741866450593
0.9121086859281121,0.008691906808058444,0.007429372008345283,0.040585416035701774,0.031184619219782335
0.7774833419680347,0.04014597205570663,0.020169366911266376,0.09267924236588589,0.06952207669910629
0.5424708930684251,0.0668504767738821,0.08185922963715701,0.19504034503986167,0.11377905548067421
0.7442939228022167,0.035856849110504345,0.024212657797282773,0.11757289447404538,0.07806367581595078
0.6351526297992641,0.10375607487930429,0.042983795452550363,0.11265470478713834,0.10545279508174299
0.6424581840926609,0.0530312374648616,0.06589752950297707,0.14520286437590002,0.09341018456360035
0.7009104396004668,0.054638981011458844,0.037243846647825506,0.12486668325446805,0.08234004948578066
0.7303091519042468,0.047170882800433286,0.029612560559739085,0.11733168628619148,0.07557571844938925
0.6420247210618422,0.06336738764004275,0.027047274698474892,0.14202490331822162,0.1255357132814186
0.7163192143270524,0.030570213659871174,0.027999290239075585,0.1173205767515484,0.10779070502245253
0.6793515779387008,0.05552858405594848,0.0191157083925418,0.1269431464913031,0.11906098312150588
0.8244203713183742,0.014989653429160242,0.013831101713053422,0.07883205812928021,0.06792681541013193
0.6704327786077536,0.03409460563217375,0.04546373686509751,0.11995150289885531,0.13005737599611972
0.6068312785235558,0.07517354009004569,0.028065268629449452,0.16585835137505092,0.12407156138189811
0.5299639179628893,0.095732431319525,0.045692299101002094,0.18922745298267407,0.13938389863390957
0.8845423240641925,0.02190562695773789,0.007610985422918707,0.04476822351022711,0.04117284004492386
0.7785262618677029,0.036794469737467334,0.015312842782259457,0.08315814577627034,0.08620827983629956
0.6230876328380817,0.0223755650398832,0.02408520619246185,0.16880933837653075,0.16164225755304254
0.4345013535023309,0.07611348938635781,0.049173239146865215,0.223938248831499,0.21627366913294688
0.6377447112211238,0.03480752426856918,0.03844168673834776,0.15490668189130094,0.13409939588065836
0.39895771347538866,0.10043759760211948,0.07898479824732633,0.22916342640662216,0.19245646426854357
0.6434468445153108,0.06896563065659123,0.05161227412085006,0.13998281950352937,0.09599243120371856
0.7820290900329155,0.02488801288291299,0.0338739748476808,0.09413719064163549,0.0650717315948552
0.5234823232046686,0.05021349847736533,0.09055501403789301,0.19460323712988123,0.14114592715019192
0.7641071805973051,0.03833366945267135,0.040042416746472874,0.09046085505357772,0.06705587814997296
0.7489733974138145,0.03959140679586729,0.027168951449944027,0.09827173412006387,0.08599451022031034
0.8221845381686217,0.03318137763782098,0.020362138257340873,0.06890277408524521,0.05536917185097139
0.6925434787039745,0.0613412218331228,0.037518756015337724,0.12189130309470934,0.08670524035285558
0.8470411677329986,0.023636955678940124,0.025753484173802205,0.06088740324776666,0.04268098916649238
0.7365963282508617,0.047374807643117495,0.03128922813657915,0.12178949239953844,0.06295014356990328
0.695106006238975,0.040228068664876694,0.03766432069293313,0.13292224235980596,0.094079362043409
0.8484209357655046,0.023370475763169134,0.026629951714392783,0.06053125102309093,0.041047385733842666
0.7341111365097638,0.03976746626040502,0.024802495124731292,0.1181185486445407,0.08320035346055936
0.8373611696642502,0.03576691613296288,0.02168217083202941,0.06092318612796135,0.04426655724279624
0.6573363770774792,0.05227042888932928,0.05156643627490651,0.15073865146480656,0.08808810629347848
0.7706450740612113,0.04984664413581409,0.024436498775398868,0.09298074572922209,0.06209103729835386
0.5917297606912316,0.1021274470477206,0.0711868368697317,0.1500163281752814,0.08493962721603483
0.7939034348013639,0.03501611785762963,0.026721326820107534,0.08365379270151109,0.060705327819388075
0.7836140013405085,0.043657935927913755,0.025887897093792214,0.08443315580927448,0.0624070098285112
0.8076954411850663,0.028049846567146874,0.027427983760720115,0.08243505097349109,0.05439167751357569
0.8956892517089953,0.024739347204017142,0.006988970853233312,0.04579046669304147,0.026791963540712855
0.7938028070927238,0.03872587466611178,0.021704486519631024,0.08970580718843435,0.056061024533099066
0.7678523843116377,0.038192649658114614,0.039166612695300515,0.10260393881136663,0.05218441452358042
0.7013898463155038,0.042851972148611944,0.04676255251762233,0.13130094357846728,0.07769468543979426
0.7385266068488867,0.04065475430538458,0.038141962710784356,0.11747325217875647,0.0652034239561879
0.5844683465353493,0.12472183846026304,0.07219154370554308,0.129952618910589,0.08866565238825581
0.7510663277948609,0.06536305492181056,0.033007217259911265,0.09442988624263957,0.05613351378077754
0.7180050108241184,0.0660065146516058,0.05223883914720122,0.10600955829507283,0.05774007708200198
