Delta_Power,Theta_Power,Alpha_Power,Beta_Power,Gamma_Power
0.9170465447946389,0.02622461283467816,0.03873718863115955,0.01304834978773453,0.004943303951788983
0.8433551621558498,0.039332664282762636,0.06535793751796548,0.03571224132071605,0.016241994722705936
0.9379378147811716,0.020312089164394642,0.025744766515801657,0.011548101383689884,0.004457228154942416
0.8182749891224103,0.07620055088278507,0.06138493830415693,0.03207112126760051,0.012068400423047236
0.8419664967895405,0.0518734000631732,0.07955061166812587,0.019471599676329672,0.007137891802830548
0.8532759517551077,0.03294683139306569,0.08132321058299624,0.024406469646761048,0.008047536622069161
0.7963848953760565,0.05945380340248449,0.08878461337072462,0.041663193770256665,0.013713494080477588
0.9526774892741543,0.023154722562112966,0.0093980963156766,0.009531897236520582,0.005237794611535756
0.8657389447350076,0.05786373850244659,0.034356718963434986,0.025017548176471786,0.017023049622639123
0.920358568159471,0.0533358163128736,0.010339582547436525,0.009382467252050044,0.006583565728168775
0.84487471704447,0.036752056319769674,0.09262609295428262,0.019447238176824623,0.006299895504652979
0.7738458624629375,0.08654331058905171,0.10386352796520669,0.028343833669898028,0.007403465312906213
0.6503321226647731,0.07196828828091088,0.22524711388880436,0.040450875736318045,0.012001599429193537
0.42970353377802456,0.15020594254719058,0.3185516381704275,0.07301571620887458,0.028523169295482924
0.7608576232288667,0.06460319019192665,0.14320877277034894,0.02182200357678484,0.00950841023207251
0.919205420133185,0.019190699155497884,0.050500748561154093,0.007505910048086992,0.003597222102075899
0.7973377681657471,0.03489391590788992,0.13806131669533067,0.0221252246049154,0.007581774626117154
0.8220396360944476,0.06769173742539478,0.0828284366464826,0.018758487193196307,0.00868170264047866
0.9151838939977602,0.019308867051342302,0.052214928404653194,0.00977499252191048,0.003517318024333927
0.6089843525606088,0.1161508937738487,0.21255266117730323,0.046553902642158834,0.01575818984608022
0.7163512250410196,0.08007558908185285,0.15518770185108188,0.037062187188025904,0.011323296838019727
0.8877712316038564,0.02259572366674264,0.0686645386880712,0.01475589740155033,0.0062126086397795415
0.9243178381211875,0.02850788205129835,0.03308977075366926,0.010330252382823207,0.003754256691021648
0.8780265620654005,0.06103339133840907,0.02802100700418216,0.019611382063315096,0.013307657528692986
0.8762269851751517,0.0702305107506747,0.020314118682191885,0.018139817870312554,0.015088567521669103
0.8684149033453524,0.03690528342481315,0.0724414070866011,0.015719520168249183,0.006518885974983972
0.5014911754283585,0.13356162385219078,0.29919090400744924,0.04948764617468069,0.01626865053732063
0.8919997610685717,0.035055139385539634,0.049828012200123215,0.016950990669926787,0.006166096675838787
0.7236998848038261,0.12345246731674665,0.11354502250205843,0.029482994273186333,0.009819631104182342
0.8456747038918884,0.04891782529364061,0.07445151715088073,0.02194507131401199,0.0090108823495781
0.6626057459166431,0.07838354484243093,0.21028906121603122,0.035163854218113556,0.013557793806781149
0.4919445504173817,0.18387184541448695,0.22874773080680652,0.07253927240898914,0.022896600952335828
0.8014860305099804,0.07507052529176567,0.08977459073923008,0.02427326910809735,0.00939558435092653
0.8533275293751829,0.05951642242225316,0.059918690989260746,0.020033625219797395,0.007203731993505821
0.8160301146041831,0.04161642469783856,0.11177602476585537,0.022720708106210075,0.007856727825913033
0.8273805028832987,0.0438919719922227,0.09676647649450049,0.023218240678748562,0.008742807951229375
0.8709193939486425,0.06391114786905762,0.04487800755008573,0.013233386220657863,0.0070580644115562806
0.8121772042798918,0.0707190144374603,0.08582047533172138,0.021753257732433726,0.009530048218492768
0.8011307093235718,0.06100361994857004,0.09547225263529742,0.031600089188483886,0.010793328904077198
0.8214459905525514,0.047662494698090835,0.10262943544292817,0.022324082071907527,0.005937997234521984
0.8761787705737489,0.03582125660952316,0.06268399877462558,0.01872230938951263,0.0065936646525898476
0.83403085925108,0.0448795459821497,0.09582110880473461,0.01822517870552085,0.007043307256514916
0.8490340740690752,0.08388939562745817,0.04728293600445197,0.01226904339437851,0.007524550904635981
0.7942528576425562,0.054300199237330024,0.11010474621477277,0.029708746692306644,0.011633450213034248
0.683365911254151,0.1116301124979857,0.161516613660291,0.03215371594360039,0.011333646643971901
0.7493288064506524,0.05112159496913969,0.14638065965252606,0.04050849929405384,0.012660439633627897
0.8683900591465786,0.040243476844586894,0.06663661682291648,0.018763812727009933,0.005966034458908017
0.8826705496589823,0.04326645751889479,0.05286851281353185,0.015846689498311976,0.0053477905102793126
0.8613778748017592,0.06307227590370662,0.037844890386234065,0.026574571952510846,0.011130386955788971
0.7714458463020695,0.11951879291436023,0.03833572087167638,0.048541470149118617,0.022158169762775508
0.8807287808523669,0.049473012558221806,0.039692015428850445,0.022358377560078097,0.007747813600482582
0.7951261621069743,0.057693388266355054,0.11725004480167359,0.021509067160263604,0.008421337664733668
0.760193243491785,0.086369538218449,0.11907263931876609,0.025172417378025762,0.009192161592974169
0.5372219334919475,0.13787127985625036,0.24195718163698668,0.06309535056979984,0.019854254445015623
0.6944013333538757,0.07955548973531239,0.17145251413761287,0.03959044627941242,0.015000216493786609
0.8479724920349145,0.05796222815772249,0.06692679689515911,0.017716715489278407,0.009421767422925406
0.7889421610378211,0.11932139379005356,0.06250567142941593,0.02052966105795558,0.008701112684753888
0.8401969515603612,0.06686555020193874,0.06561537433889295,0.020771857605279394,0.006550266293527662
0.8129477764430688,0.05434265436734313,0.10047077381682058,0.023770423837097245,0.00846837153567017
0.6864033322813655,0.09015372348431837,0.1597266210373313,0.049192766836127014,0.014523556360857904
0.8039950669131594,0.09169676158875491,0.06418511431173274,0.029236361070928852,0.010886696115424052
0.7579052160010729,0.08326212774195241,0.10348286357638627,0.040208144299129195,0.015141648381459306
0.816360820067636,0.04609265439909039,0.10156272542816717,0.027281420916776565,0.008702379188329976
0.718445613015662,0.07971771815292295,0.15364687319834655,0.03491361707254791,0.013276178560520609
0.7340659915566171,0.08041075309316861,0.1390103275349942,0.035534003448691474,0.010978924366528812
0.8005203128007391,0.059910295735573056,0.10144826373194778,0.02729963012243363,0.01082149760930673
0.951121090456783,0.013963015468261593,0.025671352618188287,0.006012297133806637,0.003232244322960515
0.8902880494613828,0.03374274389856954,0.04860020907236867,0.019209811983563564,0.008159185584115339
0.8358374964518008,0.06470625995571476,0.07467079176880201,0.01812233215932829,0.006663119664353968
0.8239515556154221,0.057791425146447806,0.07540448746953493,0.032407849381365254,0.010444682387229896
0.8464861643769578,0.06369167117316088,0.06360009193565551,0.01634979444682673,0.0098722780673989
0.6313729171808021,0.058150781481454736,0.11857069104734921,0.06800522028988233,0.12390039000051194
0.8101016361958056,0.05092448272439443,0.08693240955663246,0.03602080010919347,0.01602067141397403
0.881350946733615,0.04766310492349308,0.046338075151176765,0.018943124630322425,0.005704748561392688
0.7129531718179011,0.06560697300325301,0.17659196223945053,0.033150987014943754,0.01169690592445149
0.896184522180115,0.034033592835463616,0.05307106721220102,0.01243935727364048,0.004271460498579945
0.7627520970714066,0.07472187169474771,0.12177722554790336,0.031141283423972377,0.00960752226196982
0.4644793137102661,0.23599195819337818,0.19923511297099067,0.08159937030624964,0.018694244819115264
0.7473393551492513,0.10000688148604159,0.1048292253188684,0.03518886951011003,0.012635668535728825
0.8761385907851891,0.02923029001095339,0.074680693872702,0.013858263319531477,0.006092162011624215
0.8802555022716216,0.04543248183046459,0.05479355810211761,0.013475933924645366,0.006042523871150967
0.8874435485382668,0.07127158208359455,0.02044863120023614,0.011758002356315217,0.009078235821587172
0.9142023165940681,0.044288489430370434,0.016454047692542318,0.015136317233955376,0.009918829049063813
0.8993143908321972,0.03549723658473032,0.035314078870898095,0.018718041198719525,0.011156252513454904
0.8629994588375216,0.04922135241598055,0.06469886732341991,0.016326957334523634,0.006753364088554143
0.7922433869950883,0.04264627858213064,0.1300881462002107,0.024411882593245327,0.01061030562932508
0.7467748563277279,0.046445400907154696,0.14826909882159184,0.04163367337762557,0.016876970565899978
0.7835975789813335,0.06745617029923086,0.11235059634365109,0.02668865321862109,0.009907001157163359
0.819306448062354,0.09237269872924118,0.06742248760308343,0.013309175736573597,0.007589189868748044
0.7468468220304268,0.12754825158035465,0.09383019788561582,0.021410657585727178,0.010364070917875617
0.6771286700502044,0.10053774509041143,0.1722574640446115,0.03644788540667382,0.013628235408098852
0.6924181955511919,0.10756275750787421,0.14179544553466922,0.04598162205718346,0.012241979349081165
0.7950058309405135,0.035056405870002506,0.12491413707431291,0.03435242793540118,0.010671198179769897
0.8121173295895541,0.050397567388839715,0.11039529313994509,0.02087522347154716,0.00621458641011394
0.8657570741477469,0.02591091251211333,0.08494267385809032,0.015972948038535596,0.007416391443513697
0.8595366236465134,0.038690276398064855,0.07977595001180154,0.015694880963436686,0.006302268980183502
0.8615218543206754,0.033477904674776286,0.07510594066069953,0.02127937087950739,0.008614929464341293
0.8793595849125098,0.04306017247130779,0.05658006677491009,0.014235960275986576,0.006764215565285488
0.7958058936655334,0.0870350924292076,0.08108487308427399,0.024753221761590668,0.011320919059394299
0.9205555368312628,0.043349303903496006,0.018838576870819097,0.01105192473475206,0.006204657659669932
0.8209010617412679,0.07550363283021083,0.07891594669586467,0.01753756520751824,0.007141793525138321
0.7986188820008323,0.07669382472630153,0.0902667276928699,0.021877192899408957,0.012543372680587153
0.773832562045284,0.0672032270577066,0.12113746666237059,0.02805543759439856,0.009771306640240335
0.8734578618740948,0.025115681528873893,0.077309840096382,0.01828055630278563,0.0058360601978635785
0.7799080392418284,0.04610602118275757,0.13196298612104357,0.031763896088004,0.010259057366366495
0.8313663694298249,0.04658099547189835,0.09553325626776173,0.01946291828512253,0.007056460545392524
0.8258410880642679,0.05460360313397892,0.08869211987869977,0.02234490490093688,0.00851828402211638
0.8321860124402551,0.03603365562109373,0.09462489945684413,0.029312759713210686,0.00784267276859624
0.9163048756785848,0.031175272444508267,0.03837386433780513,0.009807513990222578,0.004338473548879237
0.8376015065872439,0.04760017905729673,0.08769818313747338,0.02016892180087289,0.006931209417113199
0.9060280674889486,0.038811647267177646,0.04175362280529236,0.009302216261911252,0.004104446176670259
0.8019238993884782,0.04768031546153815,0.09691418306014493,0.04027536944713745,0.013206232642701177
0.8357539260729324,0.03752316534236776,0.09005801120335283,0.025715513664349914,0.010949383716996887
0.689013097658786,0.09133943414186871,0.1726730279783821,0.03352783664646181,0.013446603574501306
0.8131330048587733,0.054123935397821066,0.09928150075409092,0.0249354942529619,0.008526064736352883
0.6643142660292557,0.06981314747193541,0.21106015713664059,0.04125465089972014,0.013557778462448322
0.7700996852188069,0.05356265395464259,0.1357187621993239,0.0289018679370428,0.01171703069018406
0.8772179033338838,0.03988271478147917,0.06160769084361699,0.01306317134192849,0.008228519699091693
0.8889490410734544,0.06950914370883758,0.017819695776613506,0.013762528471283472,0.009959590969811112
0.9472984980054161,0.03005651396718377,0.00835532571930957,0.008528308584645006,0.0057613537234454835
0.815527687021108,0.09747279143269805,0.0469232611990919,0.027309744443922382,0.012766515903179607
0.713492047469375,0.06906026461364849,0.1734664239632741,0.029636569858045005,0.014344694095657196
0.9120870815903589,0.020285855966442223,0.05504034737009347,0.008859967732747939,0.003726747340357493
0.9033531329736673,0.010249341193232507,0.06992305456098738,0.011833817448355072,0.0046406538237578595
0.7360982463981681,0.08344427988314584,0.1465430174314266,0.023789001741761552,0.010125454545497676
0.7594834523524588,0.06585694336345893,0.1287120162847698,0.03655652257721466,0.009391065422097765
0.8708762909941892,0.04930901163080454,0.0637756430010283,0.011904160822126815,0.004134893551851265
0.874909781433757,0.03903529682362002,0.06691743834882949,0.013661821241182622,0.005475662152610771
0.9065093020318777,0.027877219208639944,0.049018450992485786,0.011781676008169768,0.0048133517588266886
0.8928017511985138,0.028663023090328966,0.058511426381556715,0.014613267188405282,0.005410532141195262
0.7280176820174905,0.0776912304762347,0.1520921960989743,0.031190065019279855,0.011008826388020697
0.8148832086035134,0.036348988145656444,0.11666531565209956,0.022571136196593733,0.009531351402136616
0.7146540859374669,0.07344317577007034,0.16056265228449904,0.03637415154469263,0.014965934463271236
0.906080423622967,0.030774980025414376,0.04749003804673608,0.011003295391887947,0.004651262912994472
0.8335642718318199,0.03667762794615019,0.09920771559399927,0.021107527063856456,0.00944285756417425
0.8962082123787989,0.049596410902126395,0.03472832824595423,0.013439084075743315,0.006027964397377309
0.7472463977654448,0.07620738907038661,0.13800429615400608,0.028038222209161568,0.010503694801000845
0.6834487955220502,0.09691170100219863,0.1641399282684397,0.03834159166546455,0.01715798354184681
0.7507289469301758,0.07244220851083652,0.1360410237072585,0.030839031416558322,0.009948789435170925
0.7595768469441234,0.09449016864045082,0.11143909950524805,0.023631769600471447,0.01086211530970623
0.7814637611030464,0.04008562816188806,0.13665564042823597,0.031493922800239306,0.010301047506590454
0.8904343607301575,0.03412045626815767,0.05708786445590144,0.012734601738405647,0.005622716807377724
0.7844546892575003,0.1149408058804151,0.05837733534422505,0.029026251022808272,0.013200918495051474
0.7452954936462522,0.08564071708603915,0.11581555867779154,0.03618635954924542,0.017061871040671684
0.8448005021213848,0.038532817933987884,0.09200760367867875,0.018310650478923548,0.006348425787025274
0.8136881562012865,0.06118936955410742,0.08653094196368842,0.026598672767378886,0.011992859513538878
0.9201681685525096,0.028512110467351873,0.03783061613587936,0.010147723900171239,0.003341380944088167
0.790179996614672,0.07725761410006873,0.09737990483803652,0.02552042798176382,0.009662056465459236
0.837276048419493,0.04926468986927863,0.08692685556643542,0.01990609803545008,0.006626308109342658
0.8972773087158844,0.07048474030777432,0.01312705186761967,0.011178946148549243,0.007931952960172368
0.8347968595737097,0.08155827023148612,0.028965765890660067,0.03004106923659179,0.024638035067552258
0.8276126433404563,0.09077371261850586,0.03175685704645077,0.029085442675706986,0.02077134431887997
0.687152164077929,0.10088059310433824,0.14188881250377197,0.04239299132780786,0.027685438986153128
0.6699810958191257,0.09049004877068774,0.06546657850182686,0.044750237391458086,0.12931203951690187
0.681440482873207,0.03291655050530055,0.08367910690649777,0.04098192235723876,0.16098193735775604
0.6099095838572651,0.11082560848381215,0.14726413717329498,0.0419615033601227,0.0900391671255051
0.6618611825829164,0.12487835808000075,0.1492973001110984,0.038432965147399197,0.025530194078585262
0.9550445599904768,0.01846658459931063,0.018694246344030763,0.005058317872566609,0.002736291193615289
0.9001098828365162,0.024194936793967357,0.05852314319594291,0.011229956378644145,0.005942080794929441
0.7847035497735906,0.051896496607871705,0.12938877583391084,0.024459723403754297,0.009551454380872853
0.7749792639466525,0.04644441092445324,0.13187114628068608,0.029132977442136106,0.017572201406072213
0.7982889963957316,0.07383751084026875,0.09278427961903173,0.025624977806225458,0.009464235338742568
0.9226328360726547,0.03690553989350378,0.024647959772475015,0.010495594839912645,0.005318069421453796
0.9053962933747735,0.03175021552417243,0.02668086650428864,0.024889667877762107,0.01128295671900307
0.8648159806958139,0.058693854275550954,0.02841104436309932,0.029905795317493968,0.01817332534804194
0.8435750919704097,0.06338454736727957,0.0650932102891581,0.019048724167106405,0.008898426206046205
0.8329387804543388,0.03833579724848536,0.09479423904162626,0.020525291613101203,0.013405891642448282
0.712359041458845,0.06413019738716493,0.1670623522496318,0.04195599324399753,0.014492415660360662
0.9414333355285527,0.015361409395794624,0.032002423728684906,0.007710866991111647,0.0034919643558560328
0.8091150593257613,0.05064378139871901,0.11054258054716916,0.020501694133362284,0.009196884594988195
0.8318130661189446,0.039410154935197686,0.09784004883229472,0.02223277202873372,0.008703958084829311
0.8111965153238797,0.039420221044993306,0.11409205004974693,0.02356887678253761,0.011722336798842471
0.8583380560324376,0.057529405897606994,0.05946955235074978,0.01672832414446633,0.007934661574739443
0.8037826006290949,0.043000145343081234,0.10849448355989945,0.029246201332893944,0.015476569135030602
0.8183087867636509,0.06576188229750414,0.087459839417342,0.01912812254522163,0.009341368976281465
0.7769446879669157,0.08130180612845972,0.087560799823606,0.03735336236483297,0.016839343716185506
0.9271269087673601,0.033036357502132505,0.026130052019907753,0.008543897940977277,0.005162783769622325
0.9262589935612021,0.01862515145926911,0.03887519743053372,0.01116104209703127,0.00507961545196387
0.7952350681272867,0.06153311780890081,0.10830677412202608,0.023256563595913264,0.011668476345873214
0.7337165829646048,0.07343328967088178,0.1430496287114314,0.035800266713368466,0.01400023193971349
0.733584678381658,0.06823694731267603,0.1509396482608831,0.033070950883497305,0.01416777516128556
0.7157019934342789,0.06933032365160689,0.16107388142378418,0.036057101472974556,0.017836700017355756
0.6816931539805839,0.07355108356281531,0.1882077909209457,0.03672794595481125,0.019820025580843666
0.8305074107311834,0.057471518773211605,0.08135732230775498,0.020165479589024194,0.010498268598825843
0.8479023321627326,0.07941660291171207,0.04957487873591376,0.015731643753093754,0.007374542436547772
0.9133903725868096,0.025191251657243858,0.041728241084361586,0.012608596433691518,0.007081538237893403
0.7892292811508014,0.055258243988136224,0.11685255009054493,0.028028834136880676,0.010631090633637003
0.7543939060073285,0.078903153743708,0.12215083543047375,0.027745902302019256,0.016806202516470515
0.7888880585258716,0.0900351017589445,0.08719163314833155,0.022207140433698255,0.011678066133154062
0.8149506013440813,0.04712118231194218,0.10471497242892164,0.02137039100458421,0.011842852910470662
0.7320866565009237,0.07512837968353425,0.12793496631541948,0.04811884981443736,0.016731147685685347
0.5471727724282885,0.16518724579322805,0.19399244848576694,0.06507153328092931,0.028576000011787138
0.5911279742327796,0.09848939000045151,0.23292996624062695,0.05266012117176334,0.02479254835437845
0.8291665894389924,0.04301693209762261,0.0878868512641578,0.02796704723114568,0.01196257996808154
0.8407273936133219,0.04197175229487156,0.08428132274698727,0.02421412863713556,0.008805402707683744
0.8974783945877511,0.029076134005313944,0.04489828323770043,0.01921638337623407,0.009330804793000292
0.9188401289125613,0.018393002945938184,0.03907849919255952,0.01642379305676373,0.007264575892177074
0.9072948185973501,0.026524953802396847,0.045532471379492505,0.014385141218404434,0.006262615002356019
0.8804438336298297,0.02500884132435567,0.061598651593489054,0.022938983832761134,0.0100096896195643
0.8969491776878072,0.03573163560891382,0.045833492405517165,0.015850012297653242,0.005635682000108357
0.7877504860517025,0.07359346020228948,0.09966763445104103,0.026888486308703812,0.01209993298626353
0.7929070770463771,0.05563956767992292,0.10955391368069416,0.02688034367971514,0.015019097913290726
0.8044688221784011,0.09155052565008331,0.054549817302985346,0.03343175760684892,0.015999077261681025
0.8507717827072383,0.06641971009185386,0.05070566730441742,0.01940516857332847,0.012697671323162088
0.9212897961804571,0.01842958256826622,0.040773451237512116,0.013573620309450222,0.0059335497043143
0.8684010309958595,0.042284641314963116,0.06966065932201193,0.01309929902045762,0.006554369346707895
0.8485447320076567,0.028641078739287704,0.09394744785582007,0.019877696932554405,0.008989044464680917
0.7562974396769518,0.07660286184595447,0.1285572215697888,0.027881631241766514,0.010660845665538144
0.8975703447680002,0.018728059710002385,0.06276311106478373,0.013531652287260812,0.007406832169952807
0.7637767692783185,0.06244741503694748,0.12347939332968169,0.03599649581269995,0.014299926542352388
0.7448622223915649,0.08351930756226054,0.13562695391197138,0.024983147062731317,0.011008369071471858
0.8778586278332615,0.029730272000097292,0.06696256835540566,0.01780604570254392,0.00764248610869196
0.7580252347090235,0.07293706537820367,0.12929285603061363,0.027428382245534844,0.012316461636624433
0.9001845828880579,0.017191104064785863,0.043219549986778974,0.023064105796498216,0.0163406572638789
0.918653999847284,0.016984182515889228,0.02935722856507439,0.01326865879604648,0.021735930275705768
0.8377979625534795,0.022685516297807684,0.10173064935561228,0.024970004750729424,0.012815867042371108
0.8139336836211075,0.038946407055257835,0.11152447410238303,0.026407935932055312,0.009187499289196186
0.7970446228217491,0.05565826328971796,0.1122827322991218,0.023755762103021806,0.011258619486389409
0.8052083827074538,0.04790241110820884,0.10911206862302275,0.02532461210664654,0.012452525454668215
0.6721628496218054,0.07201819149034391,0.19031761505738226,0.04129767245167503,0.024203671378793496
0.6471089526216064,0.1275885831951952,0.14843143268065007,0.048826555175165466,0.028044476327382828
0.7990290720554079,0.0687405316815988,0.09002793607411995,0.02803700794304646,0.01416545224582674
0.7456246467998465,0.051599042050472145,0.14952864754018713,0.03697418965122359,0.0162734739582705
0.7502911391503588,0.08567097444996337,0.11783407616034554,0.02958226271931395,0.01662154752001839
0.8326503177782159,0.05372359410165488,0.08239286402048632,0.021353139907165006,0.009880084192477913
0.7435558463081166,0.08168500409758889,0.1316240619694141,0.03187340714382635,0.011261680481053965
0.8882314423078179,0.045617834941288245,0.04835218514858833,0.012545118688673031,0.005253418913632406
0.7624665528180569,0.1065979660146461,0.0897424044820575,0.028438810002546753,0.012754266682692821
0.6586861087618281,0.13659071498952433,0.12627089923987675,0.056704096671692815,0.02174818033707807
0.9186934093725828,0.023122486605396203,0.04129949566259663,0.011280838821664065,0.005603769537760094
0.8084563114545308,0.07041875714663302,0.08611769491743813,0.023695113381204336,0.011312123100193899
0.803806071955077,0.06433287300364034,0.09525127557283558,0.026058305963108028,0.010551473505339044
0.6920597532060233,0.07706264990837977,0.16989513327443212,0.043880767774122066,0.017101695837042477
0.8394320226714488,0.0713849184707754,0.06949403028873537,0.012470779683829243,0.0072182488852112385
0.9323287104369279,0.02394965756857724,0.02589557464777758,0.01103132155590534,0.006794735790811859
0.8310754468062794,0.036042858847740784,0.09733921613989495,0.025266208985461978,0.010276269220622868
0.5942703472067515,0.07311480427876328,0.26240482245069596,0.048993698585457664,0.021216327478331482
0.7780729804682228,0.07564123639346536,0.10563185771930414,0.02954171283094836,0.011112212588059127
0.7699559710361827,0.0877523312422004,0.09813183152062382,0.029730618748186152,0.01442924745280696
0.8238386354324644,0.07533043791774116,0.06559117656421849,0.02048283391764775,0.014756916167928048
0.8077502154173117,0.06422049879391441,0.09392080633827904,0.02294939791618401,0.011159081534310649
0.8074332232085351,0.0487478984178738,0.1090969124434616,0.025895850022019513,0.008826115908110067
0.8117061365473242,0.048581870589805225,0.10033267762764227,0.028640451222304977,0.010738864012923226
0.8196630361422329,0.09316020250797737,0.05619573898327063,0.020552660728833914,0.010428361637685108
0.8201324181762668,0.0487979431733171,0.10138363470801703,0.01878976176188767,0.010896242180511457
0.7616497796316379,0.08389159044708039,0.10481266072157722,0.034383369624174334,0.01526259957553032
0.8433676139620584,0.045194710989822064,0.07210603714671598,0.026468338814031916,0.012863299087371521
0.6744291019721095,0.0772022987148347,0.18494612135838354,0.04103762202829249,0.022384855926379687
0.6193744743563626,0.059954066126625134,0.24049834791471125,0.05189242389282328,0.02828068770947761
0.5347615275653593,0.1712166586479683,0.21685947883017945,0.050444431284064735,0.02671790367242824
0.9033058898507911,0.029905089241506522,0.04939739010779247,0.011564019171410632,0.0058276116284990635
0.7254381031700026,0.08096138800733067,0.13957601695949387,0.03708447491165075,0.016940016951521985
0.8368575767803488,0.058579965708145984,0.07959675565466945,0.015869037859545427,0.009096663997290214
0.8247586138971579,0.03476826439731116,0.10672990611967342,0.022679424464303637,0.011063791121553864
0.8527317025568979,0.03035543987012081,0.0804506000492641,0.026017498906245197,0.01044475861747194
0.8428331315818532,0.029145911828088827,0.09465827705070474,0.023287971594508433,0.010074707944844892
0.683437932137763,0.12667361549814896,0.13230604050138683,0.04367279108010237,0.0139096207825987
0.8815521949534791,0.0420063742462682,0.05034680422191475,0.017474763591622713,0.008619862986715155
0.7831201829070535,0.06715019451995054,0.09173484395805893,0.040419038543865755,0.01757574007107137
0.7599262224342838,0.12095935234833603,0.07545552154135211,0.029369890472888502,0.014289013203139559
0.8394719051562847,0.05558344461086753,0.07457584252672841,0.020970106104914347,0.009398701601204894
0.8949710406550102,0.024278623455918722,0.062178721198679614,0.012574949879890697,0.005996664810501012
0.8187664046811501,0.04742485171898669,0.08653691967893762,0.03554909370189924,0.011722730219026558
0.7931137201391216,0.06264650323386664,0.10215014884313797,0.028035727961824172,0.014053899822049836
0.8311369133196272,0.04177342470587231,0.09991214546223369,0.017728205237197016,0.009449311275069577
0.8239684259632061,0.04559142615120478,0.0953202812157366,0.025851673323198005,0.009268193346654841
0.8211643875818182,0.056785657894235106,0.08322404408677793,0.028149787441306136,0.010676122995862732
0.9176825837827034,0.02185701960574185,0.04323647215703793,0.011526131293582983,0.005697793160933842
0.8589250046143604,0.03043691065037777,0.06894572450841782,0.03015234187913442,0.01154001834770975
0.8012030476280908,0.0485780755023651,0.11625907340048998,0.02333901001792354,0.010620793451130395
0.8254162657775823,0.049427054167400744,0.0894116022782607,0.024619374493346384,0.011125703283410115
0.7484311680653211,0.07383730809470652,0.12650405973695913,0.03657073866730649,0.014656725435706872
0.8261913971959466,0.0506040957723884,0.09430259658702848,0.02044577873660308,0.008456131708033414
0.8898887006187027,0.029721919618533647,0.06054317812262038,0.013852442380536184,0.0059937592596069865
0.8989163631450322,0.022945856851741057,0.05463349848452979,0.016373340783005612,0.007130940735691381
0.8413073192687123,0.030661418523414953,0.09772112701039788,0.02089716188236282,0.009412973315111992
0.8320514047634936,0.03568362867405582,0.10167301870975021,0.02168141615032817,0.008910531702372302
0.8668407838398448,0.04283396514038608,0.052469348570060796,0.025137907523448796,0.012717994926259584
0.7943018906029292,0.05072129998271405,0.10906271851254613,0.03404119804030561,0.011872892861505172
0.556176279969013,0.11240513477161002,0.2633000759073688,0.04915906894674726,0.018959440405261027
0.8440483695116547,0.04382529639022118,0.08131074622854424,0.021700539842023102,0.00911504802755668
0.8574528460070052,0.02949592614036538,0.08588872097224434,0.018152696896301293,0.009009809984083773
0.6824698656196803,0.096154850212912,0.16897233880348703,0.0369558887876107,0.0154470565763101
0.9111068347676092,0.03639092513439443,0.03437957502028188,0.009921631668708297,0.008201033409006417
0.9159881739770112,0.04592199550041166,0.01299733249955946,0.012181292408509374,0.012911205614508427
0.8418258073932771,0.05541674964992922,0.06502983066226817,0.02113633915490784,0.0165912731396174
0.7482114021067421,0.08320479444156711,0.1326127511467991,0.023546896011874943,0.012424156293016693
0.8183083658236433,0.026471747195554778,0.1222455934445366,0.021993700462994863,0.010980593073270602
0.8688533851864035,0.020342564136499052,0.08186019938129913,0.01885726460225051,0.01008658669354777
0.8575105075003239,0.029224071671710518,0.08198010638215299,0.02043927775533122,0.010846036690481587
0.7092235052603392,0.12100759639182332,0.09553669081290442,0.04370561285522227,0.030526594679710743
0.7138675595245757,0.09839800698771455,0.07952741389186314,0.06378288714567408,0.0444241324501725
0.8256802694432619,0.06743017199920004,0.07666973878461666,0.018453817551472358,0.011766002221449174
0.9029280704025694,0.021104040571417945,0.04941720872702617,0.017717555447444456,0.008833124851541876
0.8945666506080852,0.035127517739648534,0.05153222906404514,0.01200748478218055,0.006766117806040557
0.9059203368289831,0.033698258053033586,0.037301692299284143,0.015595106909636744,0.007484605909062718
0.7275394248756042,0.1342212832931905,0.08576471914705036,0.03178961221215289,0.020684960472002033
0.8610584078195274,0.025314178644599537,0.08427255865801392,0.02040835019325439,0.00894650468460476
0.7571686758957589,0.10317443444089687,0.0921892743927004,0.03072441052761391,0.016743204743029993
0.8661708054330609,0.0427563856083627,0.06091774897218994,0.01951670164323902,0.010638358343147586
0.8076305309274424,0.08062327824860804,0.06608323277900487,0.03054104477300691,0.015121913271937838
0.6793213672401515,0.14403128079329194,0.1122300568629003,0.03701787008339907,0.027399425020257506
0.7883910806812854,0.059128830057651585,0.10639632525692597,0.03166230569305574,0.014421458311081275
0.6663794044990354,0.08330886402789608,0.2003286704826033,0.033582420586004295,0.01640064040446103
0.7353841953640063,0.06689335556817444,0.13567715801906308,0.04576808329918396,0.016277207749572312
0.8337015166384613,0.03201218505974911,0.09355949555557155,0.02977261325885606,0.010954189487362013
0.7639675879219648,0.06351965079228696,0.12510404815651646,0.03495286089929356,0.012455852229938138
0.8383272709432249,0.052308475497601134,0.08202622866389096,0.01945855669491616,0.00787946820036671
0.735295488318097,0.06446446130327514,0.15127780879921426,0.03251125409323478,0.016450987486178733
0.8157852032381535,0.06659381741260557,0.08694652901947877,0.021128164235715004,0.009546286094047129
0.8667542162381845,0.04398357720438348,0.05641235881751782,0.02390681652078168,0.008943031219132461
0.8230370507658409,0.04238851646774602,0.08830101303837509,0.030462853101249007,0.015810566626789112
0.8306987422175451,0.03546017595579082,0.10061128899814487,0.022941890883802652,0.01028790194471671
0.8801790185615326,0.0267138566338467,0.06689131446808978,0.01814849842227542,0.008067311914255318
0.7463282268317173,0.06070658713689531,0.14378647176229115,0.02758405909326011,0.021594655175836107
0.9126951108218351,0.016918196819916485,0.04871145922985954,0.014043260054601709,0.007631973073787258
0.9054817371851362,0.04196672624516733,0.035994535876145595,0.011382033342082942,0.00517496735146788
0.8654298437521865,0.05277674962847151,0.052532554296243913,0.01878387817217714,0.010476974150920776
0.8265469081749356,0.056566557873958145,0.07818821694142104,0.02660684593719722,0.012091471072487951
0.8433961151197328,0.05024532626851596,0.06986703829621438,0.024473803510769786,0.012017716804766824
0.8186748454136726,0.05821738646190736,0.08234935661275129,0.02854382210009409,0.01221458941157452
0.5700904833053232,0.1877052613114286,0.16726272710212,0.04971197100913814,0.025229557271990218
0.8356344550842396,0.05545245588826142,0.07744103525262201,0.02044541101551232,0.011026642759364918
0.8875435040936244,0.02339821050550405,0.06019683741799024,0.019039272954729094,0.009822175028152342
0.8468971187695805,0.05153003460952732,0.06803766477214569,0.02420463166597602,0.009330550182770386
0.7289848688570031,0.09745411707309093,0.11422335887430712,0.040845757119462735,0.018491898076136052
0.7164658162450641,0.10402890087254212,0.12884809591711405,0.0317792664504588,0.018877920514820786
0.7145886245911025,0.06721056886085913,0.16479543542065153,0.036711169268512325,0.016694201858874533
0.9031549651455879,0.035778539045642106,0.034754457317776564,0.017290576580678507,0.009021461910315056
0.8933227006200026,0.04055346355901215,0.03895209872854596,0.02043681525512146,0.006734921837317375
0.9112127435749673,0.028244828111208247,0.03825440577936484,0.015337070492250231,0.0069509520422094484
0.9284953747694149,0.03047776104076856,0.02731491261217397,0.008732762200906751,0.004979189376735882
0.8197004853250087,0.06189967696381913,0.07583016857162761,0.030710143222464605,0.011859525917079908
0.8146394988117417,0.04663169357883495,0.08695012317117592,0.03333705874464268,0.018441625693604743
0.701042044335209,0.08598980484458228,0.15019574644767342,0.03936439546554704,0.0234080089069884
0.8547431086595602,0.061976670409582574,0.046835579490042016,0.02411742987419109,0.01232721156662423
0.8998176183665122,0.02711808599566894,0.041368998345494006,0.021654804112609102,0.010040493179715684
0.8513540678319318,0.04358404518575317,0.06745992398447828,0.02556430397775329,0.012037659020083366
0.8186030440453792,0.05291625818866037,0.07885750969520576,0.0335140726010301,0.0161091154697245
0.8271237286560099,0.04704439521622587,0.0742083131348048,0.03712115266338166,0.01450241032957778
0.9139977037929145,0.03515705260730552,0.02993721244663559,0.013808274246429914,0.007099756906714874
0.7079982296524804,0.09562853990624173,0.14483803477975782,0.034681953227862244,0.01685324243365784
0.8131513718373172,0.06218205819508356,0.08388720258964098,0.02775668956400526,0.01302267781395304
0.8574300186403412,0.03612196107740871,0.066396801806123,0.027577343433284225,0.01247387504284307
0.8333074212707724,0.04546974367090801,0.0761830935392036,0.03350062811218328,0.011539113406932876
0.8318804711812616,0.03372064169622896,0.09592151793569492,0.027187974320644955,0.01128939486616946
0.8238035266339535,0.05859881232428076,0.07964180336066819,0.026773160564885438,0.011182697116212082
0.7426884728154141,0.10788212287569132,0.10654808335757068,0.02798675268568496,0.014894568265639223
0.8999709365475632,0.032323437876052824,0.05032528159107451,0.011140626767313188,0.006239717217996251
0.7719868829452203,0.10871430503066334,0.07917987776994385,0.026258128794425246,0.01386080545974711
0.9289121858377514,0.01634083493733742,0.038416771609913886,0.009957763986379035,0.006372443628618037
0.9329927605771531,0.011927921624096218,0.036455602128029965,0.012581287497329586,0.0060424281733910444
0.9011257150042441,0.028886148137170636,0.04597725983321069,0.01636655087345984,0.007644326151914545
0.7360875466497877,0.042667946227063505,0.1627794495675862,0.03992632650782747,0.018538731047735
0.8233802505821096,0.07346634147554042,0.06728825700584476,0.022125755333835852,0.013739395602669256
0.8215675606153773,0.08349003939529931,0.03774493642111395,0.03111425458690697,0.026083208981302505
0.8983801982494066,0.03017128041951316,0.05326648195915943,0.012922693428907865,0.0052593459430129025
0.7789274190038494,0.06653426582059126,0.11567974224536377,0.02570001552806443,0.013158557402131097
0.6817001185499091,0.10943547347576933,0.14604966298221503,0.041469199439712355,0.021345545552394304
0.7973954597687786,0.07632247297925382,0.09661920358254954,0.020964955547240302,0.008697908122177899
0.9152464954490453,0.02508525237653419,0.0410104106043378,0.01320323066327246,0.005454610906810347
0.9408023794757658,0.01416105043784912,0.031314596211364294,0.008667278138215948,0.005054695736804628
0.8613072752769365,0.03564106573683738,0.07349915692085833,0.018990119870767087,0.010562382194600772
0.6842976728730502,0.08417100315676238,0.17185878792656825,0.04082425715558095,0.01884827888803814
0.8807085364008593,0.03903252447982055,0.051417576427485824,0.020641484375941647,0.008199878315892781
0.9320913935789061,0.01524733236946337,0.03690866109941353,0.010374724587049642,0.005377888365167178
0.8667154795429881,0.055489523073170254,0.04958593724512444,0.01993513380324042,0.008273926335476887
0.8414444250935781,0.051627100002492474,0.06688579436584491,0.027151009056673055,0.01289167148141153
0.927941377322292,0.03221588250169288,0.022253089357783796,0.012903827440706755,0.0046858233775246075
0.768731325815815,0.054285413307948636,0.12314765443145011,0.03979851899660203,0.014037087448184092
0.9171022553097364,0.034678956538404054,0.03149488998517036,0.011764720731475253,0.0049591774352138575
0.8118549687073703,0.06152664705812643,0.08266039860393544,0.030303705745911208,0.01365427988465667
0.8230186244279217,0.05110518567330869,0.08554212609399277,0.028355060545142606,0.011979003259634361
0.6516667934634695,0.07330760496491312,0.20210199749877755,0.053574043066874015,0.019349561005966062
0.802374276891039,0.06406026645272936,0.08628712231700686,0.030844363069363948,0.016433971269860816
0.9169492600328569,0.027355549244758467,0.03756196138458536,0.012538214401494377,0.005595014936304933
0.8221090670272481,0.043639705290961964,0.08553014634212838,0.03300112335923439,0.015719957980427263
0.846016057393353,0.05330256398238145,0.06852441571065622,0.024590602126660935,0.007566360786948494
0.8346051890343078,0.05452211954323434,0.0722540008988823,0.02710865301771495,0.01151003750586034
0.7724168596401169,0.0441328262419184,0.1317736617376221,0.03874813672375711,0.01292851565658541
0.8190952787123488,0.05223222486391654,0.09688123372291223,0.022544241613573067,0.009247021087249533
0.711781498827883,0.09608380074859323,0.1326602602383363,0.04176473221320373,0.017709707971983908
0.7655852434477978,0.0920430193065304,0.08738303793023518,0.038202687073012866,0.01678601224242369
0.8659996317491185,0.04500922168843477,0.06053152857264294,0.019327635405062576,0.009131982584741108
0.8417692169014566,0.07128480974733274,0.05526945343787017,0.021986782065711814,0.009689737847628579
0.902938849618869,0.048313862734957226,0.02781874568628839,0.014210758464285312,0.006717783495600039
0.6772374867742823,0.1651195898035872,0.09751012485168481,0.04327421663856324,0.016858581931882412
0.8705588217292877,0.06257856228492036,0.03982837566905405,0.018745675332140676,0.008288564984596937
0.78108586035961,0.08248421753483597,0.08502681072577385,0.03896061364999615,0.012442497729783855
0.9161454366930728,0.021184491786910897,0.03889095109443175,0.01616080417470379,0.007618316250880864
0.7958610318535023,0.06593831667810679,0.08610385637104304,0.034304531954582156,0.017792263142765836
0.9129179658930483,0.03121968724382137,0.04113966332277048,0.00876954278401581,0.005953140756343948
0.7879465882933399,0.11193879155346641,0.053863129970944425,0.025873713597588756,0.020377776584660542
0.7844725176079648,0.07307849168079066,0.10831302839687033,0.024521250027200854,0.009614712287173564
0.830795370130181,0.03367998751214351,0.09777427309428594,0.027467942567786667,0.010282426695602856
0.6948745154576386,0.13449000450663803,0.12498450212840982,0.030224495345100577,0.015426482562213115
0.8248615470066618,0.04149413393883962,0.09658606319913378,0.02660178020970877,0.010456475645655985
