Delta_Power,Theta_Power,Alpha_Power,Beta_Power,Gamma_Power
0.7209020344551428,0.025284405099523205,0.02381129283201744,0.11743168033768374,0.11257058727563297
0.8868454662870737,0.021327535428961982,0.013244571484277367,0.03928497605380772,0.03929745074587915
0.911680505330749,0.034502937260005785,0.022742772187487072,0.020423986290775055,0.010649798930983142
0.7727068968162034,0.1063698076804234,0.051090414043675085,0.04818226012020182,0.021650621339496183
0.9125648516946328,0.037744177890424224,0.01984019708427775,0.01984889111716074,0.01000188221350453
0.92388060345673,0.035583430340574505,0.018366033066207543,0.015116104562711527,0.007053828573776363
0.8099493832244731,0.02814113830561987,0.020715353955604504,0.09451057177269145,0.04668355274161131
0.9484875729292751,0.020028955130761618,0.010085182703343033,0.010005966064602816,0.011392323172017271
0.9560421652928428,0.013144577002703888,0.008500237252554011,0.013310459253793745,0.009002561198105438
0.5045189836772583,0.033839013228931986,0.019226388818348556,0.2123838067031146,0.23003180757234643
0.868831681192122,0.02344982903117347,0.01001736639495198,0.040500388069514975,0.05720073531223762
0.9189123966381237,0.03128376609908883,0.014842103087272334,0.020313187393971945,0.01464854678154307
0.9553707409031774,0.018058093630153874,0.011035568385676526,0.009806742083307661,0.005728854997684715
0.9003893986361655,0.03923222943893009,0.015345721159203714,0.02312535731559468,0.021907293450106252
0.8443618292740993,0.07398662351310792,0.01779777478481402,0.03659880340819036,0.027254969019788435
0.9389146134803572,0.02973444059711309,0.007807170391783302,0.013302256188072585,0.01024151934267381
0.7573876882964788,0.04107550666938023,0.024307382793124076,0.0970118429837343,0.08021757925728254
0.7417470953399814,0.03580417132124375,0.029759111246422044,0.10919810161392819,0.08349152047842436
0.5596201901283062,0.06397978875579943,0.05590776885127984,0.16576871256983747,0.15472353969477695
0.6450141052209655,0.02794920002331361,0.04521485575334336,0.13273443704954743,0.1490874019528304
0.7738102035417889,0.04540537499687208,0.05689445505612254,0.06800346414465121,0.05588650226056523
0.8932127205202405,0.021887417698614017,0.02425033271596402,0.039876624794582725,0.020772904270598833
0.9249447330444065,0.02859236078670798,0.01166617303871415,0.02136789012573391,0.01342884300443759
0.9251887072454226,0.015979883613574216,0.013790211210416096,0.02255539547704347,0.022485802453543816
0.8693511963330586,0.020561416027400883,0.013829398048894475,0.050558081927447235,0.04569990766319905
0.9349415216320335,0.012859350741675893,0.009964006727501536,0.023462752610161893,0.018772368288627255
0.8457246284974221,0.04253870799247724,0.039095457702706275,0.044886396081062555,0.027754809726331642
0.8562138882876984,0.048506114957225246,0.01966549594966817,0.04837647726197384,0.027238023543433965
0.967227289724444,0.014620341211228289,0.008334405382542149,0.006381368718420526,0.0034365949633648417
0.8833539050226381,0.02784117737697489,0.009708499664233466,0.04930240808030709,0.029794009855846453
0.9721995611535607,0.01649992507715724,0.004788400893427919,0.00426037731971919,0.0022517355561352446
0.9318522173752208,0.02220711766773444,0.014002103141365567,0.018385928680688425,0.013552633134990626
0.9269221261804296,0.02223353739711153,0.008013956493935902,0.01771802383786006,0.02511235609066303
0.8150134891771678,0.027745070400445878,0.01848111637175878,0.07555037206217201,0.06320995198845565
0.9114489984707034,0.05521714790827737,0.014112108885141039,0.01516530118369837,0.004056443552179995
0.8744458314764373,0.0721715020675603,0.03133641212310913,0.01609647173846177,0.005949782594431547
0.9601130169907968,0.02043052773553136,0.009479865677443688,0.006738852086773944,0.0032377375094543906
0.9239568248835622,0.026244583489994575,0.018207469441435857,0.020130605400226056,0.011460516784781431
0.9309602667522755,0.02999454746078335,0.021512359299820198,0.012489321314831754,0.005043505172289493
0.670915882028801,0.07609367568368093,0.030081118325917502,0.10719701083195723,0.11571231312964331
0.8331996451394222,0.017488894506118825,0.013544117765891274,0.052026957044389574,0.08374038554417809
0.9314502603934703,0.03119481463595239,0.020253700354337923,0.01210370896494038,0.004997515651299074
0.8308988825406018,0.0805799263449625,0.0420762322824241,0.036217865171095764,0.010227093660915924
0.8556296097075633,0.03053144009718893,0.03235268683098639,0.047865290683329995,0.03362097268093128
0.9270902611572406,0.026175026705733535,0.022739919025115095,0.016100601552114277,0.007894191559796638
0.7694806013469881,0.04516499838837424,0.04786056237442927,0.0763351440449088,0.061158693845299636
0.9171805195978292,0.020038897242498858,0.017854569189976896,0.02471781768044118,0.020208196289253716
0.8190367937159392,0.02485387319551389,0.027816083763314983,0.09008431712941012,0.0382089321958218
0.8523095469922921,0.022655421043514645,0.018438251588270876,0.058267380649585254,0.048329399726337326
0.5964877457428815,0.03341443742162606,0.043122064559957464,0.16701223005217256,0.15996352222336244
0.7839764431943373,0.021953027419685703,0.020967140903494753,0.09008449768208635,0.0830188908003958
0.8754429899136424,0.054940542103999165,0.016626257917916887,0.031222343769333447,0.02176786629510814
0.9400138247303268,0.02265293945595834,0.016361085587262333,0.014650189074522627,0.006321961151929566
0.9389086415908118,0.016947536865791295,0.01960007127264185,0.015060410092791849,0.009483340177963455
0.7213439019916219,0.02720004423528652,0.023564430537878513,0.149429819768404,0.07846180346680899
0.9049243244684929,0.04394510207002885,0.024408722410047917,0.018370090599913673,0.00835176045151678
0.9470438612946281,0.022218997005151373,0.017075626330288335,0.010158435640575933,0.003503079729356344
0.9389260269558629,0.024055419301729872,0.018476044356495046,0.011471670808177167,0.007070838577735071
0.899593087610891,0.0592676471563796,0.021887756227773177,0.013745926802100059,0.0055055822028563
0.7059213754285891,0.06874397807581534,0.05273636600535413,0.09331921061842001,0.07927906987182132
0.8456241074874362,0.04953380052747697,0.024684057328888058,0.04724736358674785,0.03291067106945088
0.7945814510223124,0.02144604187737122,0.011338915374191445,0.07244274746140239,0.10019084426472229
0.9654874003570738,0.011566729811525175,0.010043456059121984,0.008192623143858197,0.00470979062842076
0.8563554227230935,0.06975229265564255,0.03519990614830403,0.02793689140437585,0.010755487068584165
0.9409128784764044,0.03178685458836426,0.014459719953064717,0.009115536822617034,0.0037250101595493086
0.9530546845042378,0.019883995829425537,0.014465976399555986,0.009250246508988874,0.0033450967577918793
0.8855438693589275,0.05086211767745483,0.03142775123974444,0.01760709429609957,0.014559167427773958
0.938085732039396,0.030939095941714123,0.01339624143637907,0.009732765472484969,0.007846165110025656
0.8565946738290207,0.09170885346191102,0.024384429957405713,0.01721940180099944,0.010092640950663138
0.9521630146730955,0.022113628314632414,0.009555832940461976,0.009407579484426894,0.006759944587383185
0.8666867776126761,0.035757367785571634,0.02621225998163893,0.0441306997435159,0.02721289487659726
0.828691078966452,0.017085637092101397,0.017892828560767873,0.10008472078753057,0.03624573459314825
0.7935455052991395,0.024196099554307078,0.01621260883758237,0.11554902952860605,0.05049675678036491
0.8113428081456534,0.009277346937791418,0.007054229804292293,0.0964279655008396,0.07589764961142328
0.703073382269829,0.014498775221687712,0.01276706758240233,0.12177546609939184,0.14788530882668888
0.9598755967609994,0.018368503766901762,0.008292402605410303,0.008118695992122489,0.005344800874565966
0.9110788990249649,0.02842186832402705,0.0227714851332507,0.022240347645377887,0.015487399872379558
0.9656503680044446,0.017523056791959556,0.005747710419085339,0.007635243898738926,0.0034436208857719333
0.8473475922862134,0.050838168780310396,0.026458474047273545,0.04862448853755607,0.026731276348646468
0.863159357728748,0.05037090569153676,0.019201351090778713,0.034345461433845245,0.03292292405509111
0.9419335962992451,0.023658015290940405,0.007898267474921832,0.015076900503896666,0.011433220430995797
0.9052003400788171,0.02965520291626689,0.01752831037508583,0.028542987454637347,0.019073159175192544
0.7053875596613249,0.03688253781459316,0.03158483904056398,0.11796158136017589,0.1081834821233419
0.5384124078993082,0.015499233076036211,0.02561322620542382,0.1951822626527729,0.22529287016645888
0.8209955470910186,0.02798572892589801,0.02578956106053885,0.08250445049633945,0.042724712426205055
0.8626804694078142,0.042566167329047076,0.021568167469491573,0.04981211526278657,0.023373080530860596
0.9325230990928367,0.02865977978807102,0.019353023362773343,0.013967628450007926,0.005496469306310896
0.765452647526329,0.06726181047748485,0.049629541970039624,0.06984454582670804,0.047811454199438136
0.953834280859488,0.01829110403589392,0.011490038507055433,0.010134213328081279,0.006250363269481603
0.8769402058106323,0.06442440698268607,0.015967804487262666,0.024756320641041576,0.01791126207837733
0.9519387079085972,0.02444389822070902,0.008028566190352675,0.010071007062882765,0.005517820617458336
0.9221212866704834,0.026459353420613636,0.015800800293765432,0.022653915564779845,0.012964644050357571
0.8082175052650804,0.07563424542578316,0.02635802595127222,0.05009166614411502,0.03969855721374923
0.8626342579938596,0.03164943751156059,0.025218274068212844,0.043235786682429486,0.037262243743937544
0.861515019063689,0.04113145838919585,0.017378771624233468,0.049074875966363826,0.030899874956518032
0.9007272795319587,0.027011320308873456,0.01601240520039837,0.03124115172102044,0.025007843237749405
0.8081593919747281,0.024940022851428954,0.018403362610506166,0.06429962904540336,0.08419759351793324
0.9179054561087233,0.012274849128732447,0.014412632586045474,0.02427201869910005,0.031135043477398573
0.935667666073962,0.029987362169658853,0.01494534130192617,0.013267834850533745,0.0061317956039190985
0.9093183345542559,0.044216367257481494,0.020459645141966295,0.017826884744717345,0.00817876830157876
0.9437063328009734,0.02231409359719106,0.018068007915671706,0.009842927482038062,0.006068638204126011
0.9611760121709653,0.015005332684185278,0.010331300229228985,0.007925029369684259,0.005562325545936095
0.8722390036383121,0.016762508640840612,0.014177067138584347,0.051983684407206576,0.04483773617505645
0.8847325632247799,0.014950248051630937,0.013827316418835974,0.04203266440048968,0.04445720790426336
0.7922924407530977,0.09117612554303095,0.056822537829229615,0.040786910215231786,0.018921985659409828
0.8844400434397481,0.04545883557065745,0.03332572638852367,0.02370700839063868,0.013068386210432164
0.8563429140161538,0.039126281335463656,0.018325571007022323,0.06652817998927545,0.019677053652084806
0.9766400915779644,0.008311421479656484,0.006423216376712377,0.006418778861735674,0.0022064917039309254
0.9403705836595707,0.021051895246740254,0.022589939372784522,0.011357240503651755,0.004630341217252889
0.894227994165219,0.0441539711251653,0.03067186407536347,0.019432332109841657,0.011513838524410536
0.9242482931816607,0.035583881452786036,0.016924953123562327,0.015711623787565417,0.007531248454425529
0.8785409519100013,0.06709192901797113,0.019991168430651397,0.024083776347517474,0.010292174293858813
0.8858388378196066,0.03719143649994064,0.0374603274631051,0.027498403237354835,0.012010994979992867
0.8795426244494423,0.06913663334895202,0.022281215670317003,0.020212474604041512,0.00882705192724706
0.8337424430258779,0.06119592283173697,0.057476228138227885,0.032023285032085916,0.015562120972071573
0.9555191821648746,0.01876861870782132,0.009343147030046997,0.011480443075914025,0.00488860902134303
0.9602844018480564,0.015460567888815726,0.011438639410492965,0.00865171254888052,0.004164678303754223
0.9272638996773945,0.03488229975260066,0.02143344823475005,0.010492199397348625,0.005928152937906265
0.9192726706652267,0.04815093484516128,0.01612627423376613,0.010869434811640979,0.005580685444204928
0.8782003946376431,0.056564821956338066,0.03348179092203348,0.023510811382234143,0.008242181101751008
0.903639629133007,0.02404219211795873,0.033824643062758716,0.02384869207284286,0.014644843613432915
0.8028360355845267,0.027327364993383705,0.01854214503009684,0.0928511628287436,0.05844329156324927
0.8715681166364996,0.03781110114732441,0.027704627719697755,0.03710464587852632,0.025811508617951995
0.9056305761989332,0.03569891575561301,0.03184825795310909,0.016398300933837408,0.010423949158507093
0.8788972929358947,0.063728414495972,0.03194455766959671,0.015604455774014097,0.009825279124522523
0.855500706369885,0.08811020640580286,0.02420529647724517,0.021739783028732994,0.01044400771833386
0.8802584751453717,0.043124311388122887,0.03623723357956686,0.026202307842858166,0.014177672044080339
0.8316319389021298,0.06548374066057398,0.04223870425763456,0.03814770180566967,0.02249791437399196
0.9404424792289412,0.02536224140813429,0.011329317514572505,0.013615676760314038,0.009250285088038126
0.8816583856897285,0.05987930758365858,0.02250201719525203,0.021453284879502415,0.0145070046518586
0.9037739107235534,0.03763178789175508,0.03188058676090624,0.015414629078184285,0.011299085545601053
0.7657061459330624,0.11668854746556719,0.056687381513261983,0.041072982257699266,0.01984494283040899
0.9440260918515155,0.0242215904451706,0.012114224333030768,0.011625774031122702,0.00801231933916006
0.943144401053755,0.02090252796614073,0.020268404326432638,0.010943635396902246,0.004741031256769189
0.9237388118822077,0.014077701503794192,0.023381302904268483,0.018689639908232844,0.020112543801496904
0.9576029977110405,0.0077100023921216065,0.014839692749449561,0.013437778673334903,0.00640952847405338
0.888783806156213,0.0372970004170818,0.038677552065913924,0.02557985540013821,0.009661785960652947
0.9221288092962012,0.035280902886775344,0.02263302658284507,0.014255208090465932,0.005702053143712329
0.8902929429744387,0.06785525505625485,0.014076626786680055,0.01628386813625984,0.011491307046366533
0.9259522090478164,0.03007276601448532,0.01745883767278964,0.015380230185254182,0.011135957079654415
0.9483165649202111,0.017581760905411668,0.013759466291160673,0.012922605951811385,0.007419601931405261
0.9607582669489256,0.014684365280610007,0.00740949385977932,0.011265471631248232,0.00588240227943637
0.8714846915292422,0.01886831488776819,0.010858880792622963,0.060847587142293005,0.03794052564807386
0.872691027796104,0.034338118596460236,0.02366426997204426,0.043108649760176726,0.026197933875214723
0.5390104338774555,0.03886598379373531,0.03084093284529699,0.19903324252158028,0.192249406961932
0.44174719320562694,0.030442956636435727,0.04375086798711458,0.2161177177233002,0.2679412644475226
0.9451012866525186,0.022798790707611944,0.010281989819272716,0.013636302566788211,0.008181630253808577
0.8445672161041767,0.0316454615844026,0.02975538721703576,0.050123026199143036,0.04390890889524185
0.8421150898655512,0.04736386794455919,0.024554073261859273,0.05311570915977803,0.03285125976825228
0.6605471718365332,0.033285189238334074,0.05112838366464483,0.14443482663327545,0.11060442862721222
0.8532697945321023,0.07895493535065116,0.027186244782570868,0.024579343413092702,0.016009681921582992
0.5302023051687598,0.02321105473808358,0.02946179937254834,0.20249500092530978,0.21462983979529873
0.6087154997054871,0.020945416007118304,0.01925078216462178,0.13576851558867672,0.21531978653409634
0.9448198100411502,0.025711347707694728,0.009645144491253572,0.012294734988527815,0.007528962771373401
0.9571016314075148,0.0150086433531673,0.014076533051415542,0.008747054132262348,0.005066138055640025
0.9372461850129509,0.018645216727119177,0.014030788434047092,0.019764105730599727,0.010313704095283068
0.9437039468465486,0.022296615172370866,0.012096348946346551,0.01219176943940018,0.00971131959533374
0.7609162350438495,0.021790472903541136,0.024187100837206425,0.1250159639082053,0.06809022730719759
0.7810789623863792,0.016512575755738605,0.017104572669887005,0.08856873000112904,0.0967351591868661
0.9730182770403607,0.013831406964324215,0.0060500938832487566,0.004559165225839879,0.0025410568862263973
0.8837268925988301,0.0538736597447616,0.03147159320245695,0.020563113770075775,0.010364740683875445
0.944161549937194,0.017905007525784104,0.012000503708875256,0.01896674396097066,0.006966194867175797
0.9372932232675875,0.031787354169813174,0.008115280188819763,0.01356022284023099,0.009243919533548616
0.7778574071302556,0.042361777381099315,0.022047849007782165,0.09699357847375704,0.060739388007105544
0.9389610417750568,0.018756377505517202,0.017246073643909326,0.014465428981979733,0.010571078093536879
0.8893427156717552,0.03886886032631592,0.01790716540912784,0.03339392860665219,0.02048732998614899
0.8705346457683351,0.03672228377172867,0.0389109687500529,0.03078902733007059,0.023043074379812768
0.8741070841518124,0.046233019106718676,0.02572939298052318,0.031151441992324003,0.022779061768621697
0.9349356001369598,0.018339725372440427,0.010198012308380147,0.023706496874726337,0.01282016530749352
0.7326488780767519,0.019697116668866827,0.021111108971451336,0.12279280870878251,0.10375008757414746
0.6323729122106383,0.05759988567244059,0.03367428442945012,0.1302542069848387,0.14609871070263233
0.9518432413691881,0.025912907455161123,0.008151788485262322,0.008725712027669311,0.005366350662719188
0.9640605087935787,0.011542641167872871,0.007192854239715067,0.010466291199805534,0.006737704599027562
0.8498424560948116,0.07769847361337108,0.02936059858657704,0.02621333985380027,0.016885131851440173
0.8313403402286933,0.04146750094617271,0.03547946810960958,0.05321654983087448,0.03849614088464989
0.9048907009170177,0.02954453231599192,0.015109040893102789,0.030504186079102845,0.019951539794784638
0.8056599009348632,0.043857956596036515,0.03690703462606751,0.07326931792948267,0.040305789913549966
0.8898402938069907,0.04663937367309135,0.019441659038499155,0.0273421310301751,0.01673654245124384
0.8473043050885284,0.06813457837131007,0.03355183770146183,0.03298391164008912,0.018025367198610576
0.8529401395643934,0.06003527503297429,0.03489236865970507,0.031483003109456606,0.020649213633470713
0.3634852006983248,0.03039697455835813,0.04761889526473191,0.24410964553254627,0.314389283946039
0.743300427935064,0.02210025350278437,0.02375160932958945,0.10863661359766315,0.10221109563489901
0.9463137154556931,0.0225336818265614,0.016969725274925216,0.009444745321164584,0.004738132121656096
0.635193123735149,0.05463259695423339,0.05536796654797048,0.14156811903210953,0.11323819373053748
0.4225829714419444,0.04257117244571493,0.03307577457223279,0.24706729465502703,0.2547027868850809
0.9125779478171008,0.019523903786172074,0.02307641063853074,0.023536244906524728,0.02128549285167145
0.9165276823582312,0.03136587295893705,0.02015452153854451,0.02045946629821311,0.011492456846074188
0.8909597987040174,0.04462494021267117,0.037073133623170475,0.018164011336754948,0.009178116123386128
0.9439991089950834,0.012510189071185054,0.014255759179624046,0.016943713705330172,0.012291229048777134
0.854032319537795,0.06594852598427298,0.02803748717103241,0.02684044586043378,0.025141221446466126
0.9119298286459813,0.052790836929284865,0.015283481551963402,0.012392997062466176,0.007602855810304299
0.9309058523642783,0.024495460189862105,0.020689176107540154,0.015881032985553538,0.008028478352765905
0.969151470155577,0.01597391131438719,0.006517075074156815,0.005026323309744449,0.003331220146134565
0.9659705807694307,0.016366226729656055,0.007685540939360899,0.005834747742194973,0.004142903819357355
0.9455268991349739,0.02675120926226003,0.00937250372255697,0.01032134515951732,0.008028042720691879
0.7176628453280803,0.033742894364025375,0.03373016215851441,0.13405518491982193,0.08080891322955784
0.8151731509480801,0.024478452372657496,0.0334118301457145,0.07267971961846892,0.054256846915078774
0.9371192104358985,0.018898207843229507,0.009634897132900801,0.02222264450494806,0.012125040083023045
0.8898092720523753,0.02564074693733833,0.010748076733335622,0.043582380644623255,0.030219523632327498
0.5154058943100037,0.027856100606319524,0.027978988618689728,0.22515128470019452,0.20360773176479247
0.7566590964157168,0.019931530061387977,0.019739975201659387,0.09230656342527825,0.11136283489595747
0.6252746153216643,0.03783621785617482,0.04764943804666045,0.18966370348977252,0.0995760252857279
0.9558076364471592,0.023186786167825657,0.007860596003152445,0.007957813601079514,0.005187167780783326
0.8791215733795227,0.045503061865251486,0.027255186564942493,0.028777284885579756,0.01934289330470356
0.9504797589436936,0.023602164369764447,0.009615713261169008,0.009136868953755631,0.007165494471617312
0.8729025769907542,0.026075389805426126,0.01723860582570965,0.049132854374208376,0.034650573003901584
0.25909338365894735,0.026844844626787528,0.030246920679841284,0.32051786382135256,0.36329698721307147
0.5157294870457717,0.031212759439261027,0.026150626188564705,0.2037991858812061,0.22310794144519655
0.9087694238787549,0.034238785366235376,0.021152709158796263,0.022713396991866096,0.013125684604347201
0.9266701465977492,0.025845935255544183,0.01573833908934032,0.016513033963829617,0.015232545093536602
0.881909591408526,0.02868089192481423,0.010908215847474452,0.05284118791207969,0.025660112907105525
0.7131729728587467,0.015959089678941992,0.015397881259076531,0.11899929694545176,0.13647075925778288
0.8932967728111026,0.027404653315806143,0.014961763910472018,0.036169023819752275,0.028167786142866812
0.8327962720431442,0.05057477964092086,0.02703038442900374,0.054989693107590595,0.034608870779340356
0.9151873588535354,0.03981838286027286,0.014886129395676111,0.01927988188534133,0.010828247005174166
0.6880430988366042,0.02518712826664701,0.020429791759470246,0.13464833672648302,0.1316916444107957
0.7979640281811395,0.05590267686603993,0.024027262388894965,0.06991860372847286,0.05218742883545283
0.9100382565935895,0.02938906453894659,0.01882079894305517,0.022744081026609873,0.019007798897798987
0.8275520555602437,0.011830209922484241,0.01042733035169477,0.07188087648966983,0.07830952767590732
0.8386533038299026,0.04599583796915798,0.029221690005249188,0.044526310507699667,0.04160285768799053
0.9448520584144734,0.029773362399291365,0.008256582000328836,0.010649742745558605,0.0064682544403478525
0.9290492709284182,0.03250025343586241,0.01803546278382677,0.011917702232884138,0.008497310619008514
0.4590170232755837,0.03742856971287013,0.09628004894634994,0.2051548406294107,0.20211951743578527
0.3759000496011764,0.03998039010068951,0.04742081062650145,0.21354637996868198,0.3231523697029508
0.6487826746353593,0.042554654925903705,0.03561243283931625,0.10021584021864272,0.17283439738077808
0.923804397385841,0.026190860478705447,0.013345660446330196,0.02476159719816485,0.011897484490958569
0.9179922190775393,0.03117137748805415,0.020785527881674946,0.01951675530840925,0.010534120244322489
0.8607804019614157,0.023381886419030957,0.016197526705046452,0.05547383395382889,0.04416635096067794
0.901827014980601,0.039071872284419225,0.02010716110951724,0.02486709861846484,0.014126853006997413
0.5127188335781727,0.06824610316775806,0.029850480118667377,0.19865534217806533,0.19052924095733623
0.9632316803075988,0.016944484178619334,0.0077091368096369635,0.00708281916819442,0.005031879535950745
0.8669167179965461,0.028976631911213694,0.015123924100474247,0.056488622483190414,0.03249410350857543
0.9247916050087588,0.024493635948261323,0.011450832541339408,0.020520285027458493,0.018743641474181963
0.9269113545174258,0.027007330787326502,0.020529484693813386,0.014452958793107379,0.011098871208327072
0.9255832910184141,0.024889853385857672,0.016083936672782986,0.020778752002409893,0.012664166920535567
0.6241958829421488,0.03160751510807668,0.0196167495647812,0.1651621788579149,0.15941767352707853
0.8392317940036061,0.029744549964906476,0.024066097123527926,0.05321513295874911,0.05374242594921032
0.8422056417526431,0.07711029521137805,0.030543822790471166,0.034234766992466754,0.015905473253040724
0.7572990827173912,0.12320678827809313,0.03782319977463625,0.050161961780443735,0.03150896744943567
0.916794038413594,0.03262552696433921,0.02266979272032702,0.017648130708345502,0.010262511193394486
0.9645403267148025,0.01233731074782231,0.011054432041993245,0.006800130318062142,0.005267800177319719
0.9426817478725341,0.02899065238295582,0.012933071249948754,0.007993548991969811,0.007400979502591551
0.9299126749304379,0.032237434105288246,0.010767764299583791,0.014028407823480932,0.013053718841208895
0.9456742975376733,0.02607367395193847,0.008070564696468866,0.01045798561172482,0.00972347820219437
0.8429183452050654,0.0400325845344377,0.021727416055105527,0.06201396305671246,0.0333076911486794
0.4977542058238253,0.024652214067425845,0.022392561766711006,0.24049308255571447,0.2147079357863234
0.9191777836340612,0.01291883138093619,0.011497095586537597,0.02428739604177778,0.03211889335668701
0.9238679207690286,0.02920026239952947,0.01564737875967749,0.017041384485181603,0.014243053586582746
0.7907943841108938,0.0465013091806008,0.029652254677806678,0.0793700897653522,0.053681962265346744
0.8290476942960225,0.022770558610422226,0.017232373685813932,0.07020163411654674,0.06074773929119441
0.6356579129223652,0.03279033994164187,0.024988171740356363,0.133194976833702,0.17336859856193462
0.8765128967327823,0.029009281459037695,0.021390759400088506,0.03505952466893563,0.03802753773915583
0.8981706650829586,0.046943493728609405,0.02912416369681917,0.01760484998278849,0.008156827508824318
0.9242183020455258,0.034816891977530316,0.020753073025130055,0.013190571104923006,0.00702116184689103
0.8541912037201564,0.058383348216552396,0.03703169361402442,0.0273525809021752,0.023041173547091422
0.872277241454486,0.029850812387623417,0.03234500453508223,0.04046081316798613,0.02506612845482219
0.8824299380820273,0.049158176080270684,0.025757286135461504,0.027921172138604476,0.014733427563636093
0.9004153003701336,0.05045641598407908,0.019811602971146623,0.016826826522286804,0.012489854152353866
0.8966933135119997,0.047875115998204,0.024756631222148124,0.022460974462654347,0.008213964804993847
0.8109355756972197,0.04698098026407793,0.03363979684116513,0.0748706443976086,0.0335730027999284
0.7081754507330817,0.05695860367075327,0.02150163578037995,0.15232199510035538,0.06104231471542964
0.8059769804820566,0.0162704799325369,0.01442904863404322,0.07112823523596438,0.09219525571539872
0.8667830874310216,0.009171013889160919,0.013228161302298362,0.05914196362431277,0.05167577375320612
0.9271645615432981,0.01642242844522028,0.01477421341507879,0.022818353990945152,0.01882044260545813
0.6482018554633175,0.05242699744111477,0.018806669513599394,0.11737816473549278,0.1631863128464753
0.9268442192102597,0.03667443229950496,0.014047043353366174,0.012170223270792424,0.010264081866076875
0.43990545551370436,0.048529482568231586,0.031155562620123443,0.2140837006302391,0.2663257986677018
0.8213404841671462,0.033429693926961164,0.019768280963847452,0.05848498603859872,0.06697655490344613
0.9406356994101027,0.02877733640188723,0.011433330633773392,0.01324601365945769,0.005907619894779001
0.9353770728876015,0.038515222543664934,0.011443354562043814,0.0097729206659803,0.004891429340709433
0.91733042443313,0.04249793749889657,0.02202317626877436,0.011554430143415223,0.00659403165578379
0.9183509152881466,0.03585080562993221,0.016633892988341316,0.01726160005272848,0.011902786040851411
0.9555457047341611,0.025669673235609092,0.007158916509761542,0.007047689949607249,0.004578015570860971
0.9255344823652899,0.027926987861155054,0.015953564774553234,0.017951372608056272,0.012633592390945417
0.87277004938554,0.02856651855261818,0.0159724894589165,0.0467910467098226,0.035899895893102766
0.7890864798470041,0.05923306249522457,0.018038051400467207,0.07204723683670067,0.06159516942060343
0.8465433548800556,0.029093339154606518,0.01545877576028462,0.05188161729416584,0.05702291291088743
0.8812231255215199,0.015028152755770201,0.01098478080124782,0.05336037472694968,0.03940356619451229
0.6674919286827816,0.02972439932546904,0.0265516917078619,0.14807742798633178,0.12815455229755546
0.8808627393500087,0.05467919563253136,0.032132797487878166,0.025355812626827838,0.00696945490275375
0.877369178707481,0.05065377875144588,0.035626153416247364,0.027720046294581992,0.008630842830243707
0.930245734347254,0.025567005188019368,0.023334868821135606,0.015557619679793104,0.005294771963797883
0.9204866386499909,0.02327016491593926,0.021803682106462306,0.022341028657754933,0.012098485669852265
0.8270941736429809,0.10589939084920125,0.02764329530773374,0.027072351803872737,0.012290788396211293
0.9656388781505649,0.01727784364177753,0.007191870061906248,0.007427235984694453,0.0024641721610569193
0.9376626266428975,0.03134358280899147,0.013721618011795214,0.010815806314904872,0.006456366221411186
0.9300875985216135,0.031077625670927107,0.01695770419704998,0.01273180870760929,0.009145262902800148
0.9519326889997995,0.022093885813745513,0.011876732133342328,0.008958291686913917,0.005138401366198556
