Delta_Power,Theta_Power,Alpha_Power,Beta_Power,Gamma_Power
0.870616514867198,0.06560926470574369,0.025452949322021846,0.02416322742573204,0.014158043679304145
0.9219577613400546,0.049605305005864284,0.008714089020443643,0.011699389360335457,0.008023455273302116
0.9020944198600896,0.060828096824917445,0.014038098387486318,0.014772099102709657,0.00826728582479706
0.8997510339309303,0.06124612176269707,0.01390817778531254,0.01616027259255566,0.008934393928504614
0.9038358316478109,0.04272027377080415,0.025389422625576863,0.016306983395560023,0.011747488560248178
0.8862494950135625,0.050615744995044946,0.03139394603166507,0.01659995581557041,0.015140858144157119
0.8820335709567605,0.05878878587284574,0.0238580652386739,0.023677369716594208,0.011642208215125675
0.8549245456535386,0.07988438055344851,0.029388560966665134,0.020771443059294927,0.01503106976705294
0.9450113664042807,0.030734104334605772,0.008210768182433216,0.009680839638950044,0.006362921439730243
0.9104107344983341,0.05409968173361048,0.011216085983283532,0.015558799414379378,0.008714698370392465
0.8952644999684536,0.07026836956775433,0.014781342425912686,0.010946487154009296,0.008739300883869964
0.913977914731789,0.033063270692555886,0.019321748467467346,0.01856669617449228,0.015070369933695494
0.924227267256777,0.028721563752541618,0.006435388005583182,0.01874504566867534,0.021870735316423192
0.9158412493665601,0.03703002167903815,0.014468556175585115,0.01651853586561127,0.016141636913205356
0.8783199323161358,0.06391796457789271,0.024478950896295155,0.020078550508735287,0.01320460170094103
0.8389468665626199,0.08418803243499398,0.028521152766561655,0.02936440804028251,0.018979540195541898
0.8546443674399723,0.06863703633709885,0.027325370176333484,0.030963912956743472,0.01842931308985191
0.8992277540375642,0.053589460121152656,0.01740589415693127,0.01753718425896424,0.012239707425387611
0.9324124717291898,0.046990038334719895,0.008913974851976456,0.007071212587112893,0.004612302497000888
0.767754244539315,0.0807386559081175,0.06438130427809778,0.055214475753847726,0.03191131952062221
0.8516543718566839,0.0966696350260662,0.01414568681083941,0.022336339107899325,0.015193967198510905
0.9350529429713484,0.04265140135826564,0.008549687037692624,0.00718670867808887,0.006559259954604348
0.954705430454959,0.026908585745311627,0.0076320827873340635,0.006441238182362192,0.004312662830033148
0.9597060843327744,0.01621807997726408,0.009005915728544039,0.009680264608810036,0.00538965535260744
0.8442349445550925,0.07452195598755275,0.025376207754580157,0.035984179571883206,0.01988271213089149
0.8964591843773707,0.04467040721498222,0.021667545662343655,0.0200498172040914,0.017153045541212202
0.9290273483802259,0.03789931465355496,0.011857408633948383,0.013270368141143086,0.007945560191127608
0.8611855285443578,0.05632605576538245,0.02329718759640263,0.02565565398390955,0.0335355741099474
0.9020199583556429,0.05950919027819587,0.014937995760513694,0.010778816678960822,0.012754038926686662
0.9686520433045791,0.017858191500057886,0.003797710270089292,0.005177899250282213,0.004514155674991561
0.9001566833955404,0.06811811593543132,0.011409270269882891,0.01268612685462771,0.007629803544517457
0.8672455846963231,0.06104017176789251,0.03366488012988051,0.02409380730037348,0.013955556105530446
0.8605624455407849,0.08800452241284241,0.015444092995148418,0.019321813826141034,0.016667125225083238
0.9664062130615393,0.011119100474208806,0.007987798836879572,0.008854512282178253,0.005632375345193992
0.9008138244536892,0.03753869190964534,0.023192216462058792,0.026004210285160614,0.012451056889445927
0.9461962154808828,0.026960061890444236,0.013406780657852184,0.008337835033078979,0.005099106937741656
0.9444579801108401,0.017874914183428944,0.01594336185175834,0.010880296410634727,0.010843447443337876
0.8775006053855825,0.0677447978126336,0.02531646515601559,0.016299315263703696,0.013138816382064636
0.9206842060858489,0.04049283291638743,0.015063606288683399,0.014534037066080679,0.009225317642999522
0.9502720989603541,0.02277275183312109,0.009661768655726634,0.009949339730793006,0.00734404082000518
0.935158509313507,0.03649181601733048,0.008740113850981413,0.012682371418093818,0.00692718940008739
0.9229157828832159,0.031157626855066328,0.01825124603230194,0.01749815713041824,0.01017718709899758
0.8673455358505807,0.057134121881067014,0.0292520542287347,0.02704464405155853,0.01922364398805927
0.8565725301938222,0.06352600563988822,0.036512051115952855,0.025880331929655238,0.017509081120681357
0.9167546261489701,0.041785127167210105,0.017894055483152805,0.014372398738192786,0.009193792462474275
0.7761493281607286,0.13840975753189516,0.03489407509112704,0.0315400536768855,0.019006785539363573
0.8849198695264466,0.0530419197039979,0.02677802427230117,0.02142325686735491,0.01383692962989951
0.8001658163204687,0.07469369490272501,0.03322534463876076,0.04472093057622355,0.047194213561821866
0.9322681651252082,0.03337686849623417,0.01065078459955568,0.010152822066171905,0.013551359712830108
0.9033660823394416,0.04642198519923295,0.01818432699958818,0.022168351024567323,0.00985925443716985
0.9073249074606217,0.05295120138544329,0.014379295869257486,0.015231435539954312,0.010113159744723222
0.8835432982465735,0.059555626375478586,0.028955095210365555,0.016894626680587818,0.011051353486994688
0.9145160162385829,0.041514484235682506,0.02101943259265451,0.013779240454711739,0.00917082647836813
0.9245722224480009,0.04185006157247218,0.010762984759158855,0.014582339801077999,0.008232391419290101
0.8838711650740085,0.05482963983013094,0.022946379814611933,0.022232587579663222,0.016120227701585305
0.9148672966958429,0.03401180654197626,0.027437426603631274,0.015106807871115182,0.00857666228743438
0.8636316258271292,0.08578996823381492,0.020321044280656692,0.0196364874821185,0.010620874176280777
0.8533873438243982,0.06970488719609144,0.03141311115090274,0.02864242787745108,0.016852229951156334
0.8762604303509699,0.049508575124943485,0.02817968878320305,0.027898038632351668,0.018153267108531795
0.9282932123009306,0.031226017946430668,0.013701481038671595,0.018992863637699448,0.007786425076267645
0.9114002463095655,0.05483574531913716,0.011913474782334068,0.014003787333249598,0.007846746255713563
0.9235283311272425,0.04216454737489928,0.007887837653217634,0.015291782297904354,0.011127501546736094
0.8236574042342486,0.08329016389387205,0.04123193113356692,0.03213238306449668,0.019688117673815897
0.8678308948413667,0.0654162455869162,0.024197959908036484,0.024355687399715855,0.018199212263964742
0.9130408482240694,0.03871792171200626,0.02309678552153845,0.013961215813076674,0.011183228729309219
0.9184952688078133,0.03265161265601184,0.018251751364577417,0.01839743304120159,0.01220393413039581
0.9217847052460135,0.0422708936795696,0.010266136919849704,0.013931919412148467,0.011746344742418681
0.9504400733731205,0.023342807919014483,0.006993879917209859,0.008706919538984347,0.010516319251671055
0.8269716699591864,0.10267269731995782,0.022760205306110004,0.023580641251934185,0.02401478616281164
0.9257073383885465,0.030317203372531507,0.019239778553265724,0.015400466321333814,0.009335213364322721
0.8977148332894829,0.043378212328572495,0.023494724219238115,0.02214219908693297,0.013270031075773474
0.8466537638727452,0.07275067583278988,0.039098856750275184,0.025173235898752176,0.01632346764543771
0.912699075606618,0.03564896792555284,0.0169583477182956,0.02083273626606306,0.013860872483470408
0.9211934693439779,0.04093423032753928,0.010482628205558123,0.014953437005099181,0.012436235117825612
0.9387392935654344,0.04140176110863565,0.0062788161460439135,0.007684038990156987,0.005896090189729116
0.8845200934444806,0.06668323325984848,0.016240882823207327,0.021297136432541056,0.01125865403992232
0.8572117037446976,0.10126425211563218,0.016515898277045103,0.014839348016942349,0.010168797845682935
0.9161707233797557,0.04477763385368968,0.0151870043672477,0.014247131907576429,0.009617506491730751
0.9417149625442417,0.035753863348815564,0.009000207941415803,0.008525667068401393,0.005005299097125589
0.8741037388351999,0.06251919404923295,0.026929886175568764,0.023450746173480076,0.012996434766518525
0.8263246520765595,0.09616452742577279,0.026654542294437356,0.029027384268414013,0.021828893934816213
0.9364678986447408,0.028830465847360234,0.010880915016871474,0.013842914046948946,0.009977806444078663
0.8572917756888389,0.0471191789658603,0.045792848554399454,0.030962715322277696,0.0188334814686238
0.7947912964902282,0.08840242922517286,0.02268740684069141,0.03743308138888475,0.056685786055022856
0.9370249826441125,0.033266694430539756,0.01142108165656836,0.010454219014741797,0.007833022254037513
0.9610714180460206,0.02262402877297912,0.004881757916808855,0.005411187331539396,0.006011607932651956
0.8933956787896279,0.05531873543330676,0.01160349899817287,0.020844759260249764,0.01883732751864287
0.9125433971039527,0.04544611935171911,0.012421001132869973,0.016360575406794454,0.013228907004663587
0.9032806504465493,0.056868778495042,0.015933187680835327,0.011456815936954832,0.012460567440618298
0.926741499073672,0.03241305477446258,0.017381801881984356,0.01489040552829434,0.008573238741586754
0.9468434208982799,0.02535655744987276,0.010591880796361681,0.010171044553440464,0.007037096302045322
0.9434391947839542,0.0322790640806187,0.008646801695174226,0.008890696464264995,0.006744242975987698
0.9026069392061588,0.056967721582637645,0.011850883173183233,0.01638105890718905,0.012193397130831453
0.9733560847768944,0.010691514729003895,0.007384453890891432,0.005043888509500343,0.0035240580937097653
0.9303905024490476,0.03840388850080675,0.014294498506976502,0.010331576155753001,0.006579534387416173
0.8401105127939574,0.0828484744634412,0.025793920208261358,0.03053580829028481,0.020711284244055033
0.9056643152578755,0.03325969793081502,0.011570418775503143,0.016422658288251405,0.03308290974755502
0.9373358215949494,0.03159463885544347,0.011083201892368253,0.010406252413598606,0.009580085243640327
0.8258188836944375,0.10024585884510669,0.033374862624924076,0.02594899955871492,0.014611395276816814
0.9099887419407708,0.0517694951480984,0.016477936136372003,0.013614220158847518,0.008149606615911228
0.9286754937188011,0.03407782521424706,0.0184747043152278,0.011251937308428104,0.007520039443296098
0.9556077079531752,0.022776444533048123,0.01051180961778263,0.007069832353194321,0.004034205542799671
0.9523054034204619,0.02101079425281134,0.009968541572249988,0.010286565431075347,0.006428695323401439
0.8799691761639343,0.045448530787868424,0.01663396902087932,0.02518007026903122,0.03276825375828666
0.8303317094691431,0.08743692982848912,0.019895913368047673,0.03212127642252383,0.03021417091179622
0.9425832084767899,0.030794453173561356,0.006259085270490068,0.010725721795104639,0.009637531284053907
0.8388200410393005,0.11090422550099734,0.016500095505128667,0.02117696085698212,0.01259867709759149
0.960501939046696,0.015955498358268094,0.008142572649746447,0.00980892575990521,0.00559106418538433
0.9314547452706601,0.046604151728581455,0.009388196820433244,0.007841892904938775,0.004711013275386499
0.9091912091198294,0.057353125025854976,0.009141369693255751,0.014057348588374948,0.010256947572684857
0.9132770695471614,0.03443700262834299,0.025154267557443242,0.01619412551112239,0.01093753475592997
0.9624147587444684,0.0162816908971709,0.00602274631934407,0.009523856489033467,0.00575694754998328
0.909317510785793,0.045268321453114255,0.021147778380496807,0.015172747158903764,0.009093642221692098
0.8667358334798214,0.07283641008038097,0.031104284443221806,0.01827386775651415,0.011049604240061742
0.937375730937178,0.03773361675804528,0.010112170214783113,0.00865072308432519,0.00612775900566837
0.8821284995614939,0.07694583491463337,0.018221983638716598,0.013731243649455861,0.008972438235699981
0.8184205660981002,0.07041560079974954,0.04671887374582837,0.04276348485301276,0.021681474503309
0.9123138324020742,0.05209903626615896,0.011656577954905349,0.012789706035490856,0.011140847341370776
0.91689001308186,0.035812169916580046,0.02148630056687458,0.016414868158516168,0.00939664827616926
0.9046846086212428,0.04618057586208818,0.02525306168063201,0.015126663928395479,0.008755089907641223
0.9157575307683815,0.03917207080903156,0.02280202577096646,0.014073800784789326,0.008194571866831209
0.8600091795080976,0.09500093496807377,0.02256493265617338,0.014475148414292866,0.007949804453361983
0.8868862830808644,0.05009587319832451,0.03334368734112685,0.019924436295610866,0.009749720084073196
0.9172437759295203,0.04616341596082288,0.01627716324910803,0.013186101901851398,0.007129542958697519
0.7568626857673472,0.15361302988811446,0.04229783187240922,0.02987871325528706,0.01734773921684209
0.9071842078559936,0.04652701719049289,0.01398532788185793,0.021846077047302837,0.010457370024352697
0.8799407922304131,0.06338380750448679,0.022582557356884386,0.024043102700850062,0.01004974020736569
0.8098364111496937,0.12292124138213228,0.024411001325384835,0.02702085048039167,0.01581049566239756
0.9573125535873879,0.020619071626053073,0.008596988830955832,0.008435428743590176,0.005035957212013038
0.7479113083943614,0.09595984635613042,0.0684856465469566,0.057840682073204946,0.02980251662934675
0.7907366604282331,0.14237299480090035,0.029802553951719556,0.023422403596634778,0.013665387222512296
0.9317579140637915,0.03640239524718725,0.010970592611200454,0.013466026148747994,0.007403071929072652
0.9051165536284166,0.041533153702812846,0.02391306860888264,0.01964361960328423,0.009793604456603473
0.9289773909770952,0.03853559378906577,0.011032577754695414,0.015269541898588194,0.006184895580555398
0.8622624658850517,0.08583178546054933,0.01707528405854717,0.01972736750440478,0.015103097091447103
0.9705405209997378,0.012511861509831187,0.008490478583403962,0.005852958928538776,0.0026041799784882313
0.946100444903888,0.02336249368763764,0.017085007822263406,0.00910760243917233,0.004344451147038689
0.9136659767409672,0.04568869499641239,0.016733445468211414,0.01574215020413484,0.008169732590274143
0.921615133149257,0.02354721164779082,0.029178821610414896,0.01600415897425387,0.009654674618283314
0.9428970803122925,0.02853011919986443,0.01099719334080716,0.011469315799973892,0.006106291347062131
0.9296820224361504,0.038465957496990354,0.010772341968690775,0.012250013237603708,0.008829664860564765
0.839835131665366,0.11864911580049696,0.01100631766223016,0.01992814491080022,0.010581289961106844
0.9520899720304712,0.025334467126510562,0.008034579598751484,0.009521511400659429,0.005019469843607299
0.9240998358079425,0.05425149826318944,0.009556892674995838,0.007690112400906191,0.004401660852966274
0.9556266175004329,0.025523300400598192,0.006404205427839823,0.008261254698937593,0.004184621972191282
0.8971252791732159,0.04716917224843899,0.02178904606051633,0.014374929429705878,0.019541573088122797
0.7626464306824916,0.13736085693789515,0.04471035879351246,0.031077284038758615,0.024205069547342323
0.8454976254650655,0.09132380521155592,0.03433530111886553,0.01629478865596466,0.012548479548548196
0.9544450996187276,0.03025690125629582,0.005573718122256247,0.00577179018494796,0.003952490817772373
0.885748517354038,0.04391718090177804,0.04000536168730918,0.01823381159184257,0.012095128465032023
0.8753199685503706,0.07479897614140439,0.02261674120739348,0.015947517123688786,0.011316796977142548
0.9328329370696447,0.03837679315541922,0.01212324794077887,0.011230674286182508,0.005436347547974601
0.9219949916295838,0.04560192651599323,0.015634729121839597,0.010420527898888468,0.006347824833695008
0.964420834808856,0.020547950704883994,0.00745714449942181,0.004859068028275829,0.002715001958562355
0.8849409571171941,0.06847580780965276,0.019518217005116568,0.01735571155248982,0.009709306515546707
0.8405247061766533,0.09851933127378512,0.027306969120607434,0.022215505112292915,0.011433488316661279
0.90202241381203,0.03921440407849446,0.028722485026661883,0.019667656807103563,0.0103730402757105
0.9510911946463431,0.020971039331663662,0.012600774480016773,0.010671847953871723,0.004665143588104829
0.8060953961736831,0.1347733453024256,0.02615677984332598,0.020591208026762068,0.012383270653803343
0.8066656511365353,0.1323015980784711,0.026318393637246022,0.022328750523932146,0.01238560662381528
0.9474373541652673,0.019059255062016674,0.00699074300423488,0.010848534542444655,0.01566411322603642
0.943079416488228,0.0388514227815952,0.006943315262175245,0.006544517328489268,0.0045813281395121344
0.8742214413572312,0.07243035521693825,0.021551507186152508,0.021096741078499934,0.010699955161178287
0.897219689397406,0.0624606382508495,0.019810892314854726,0.013233731627896452,0.007275048408993464
0.8881507760783615,0.05531519006762191,0.02766420245898314,0.020371425970825034,0.008498405424208573
0.872921144386662,0.07824199518945905,0.018387399651959287,0.02061830900765316,0.009831151764266565
0.9026363182054837,0.059599451070132266,0.020314540798011763,0.010704304559309414,0.006745385367062738
0.9108148146267022,0.05457808254144427,0.01869102209729015,0.010609906002773136,0.00530617473179023
0.8957783937478554,0.038489639083964536,0.029616515958242252,0.02321515259371661,0.012900298616221306
0.9030359061465211,0.05525702512220719,0.017709116263085335,0.015158407255485467,0.008839545212700984
0.9482989900140956,0.02004932364473635,0.016138642850131748,0.010274406538707297,0.005238636952329069
0.8016325172116735,0.11680961414525842,0.032425194239862835,0.026618065653187004,0.02251460875001851
0.8781984093536535,0.07340878331294456,0.01720413826664661,0.018358086675528327,0.012830582391226975
0.9263655031253054,0.03814036399221647,0.011138656623885027,0.015422701011377375,0.008932775247215924
0.9477558512246277,0.02448219123147872,0.007861946001674948,0.013209896287101229,0.0066901152551175225
0.8634607241611788,0.06065715550285472,0.022811402383296372,0.02742249899705042,0.02564821895561963
0.8792309251115836,0.059721078134861605,0.02580385864353666,0.020877545841248686,0.01436659226876927
0.9409693800191438,0.02419791803460596,0.015213813402835327,0.0113425589229256,0.008276329620489273
0.9447552524956118,0.02683982590543186,0.014365343209078556,0.008544594283417563,0.005494984106460145
0.952860545634022,0.019707513032328015,0.013518225144150115,0.00952123196098601,0.004392484228513817
0.9300073011113995,0.030083298277199147,0.020623293238714317,0.014016605877596606,0.005269501495090313
0.9590909297003662,0.02060533615072736,0.009433203923357262,0.006641398152220934,0.004229132073328125
0.8572150857476533,0.07728305305140881,0.031177634646862334,0.021773991292389175,0.012550235261686533
0.8587247862205449,0.07796357248815826,0.03180065714087408,0.01958041365339473,0.011930570497028043
0.8171919229316608,0.08918022229441809,0.044219587072503015,0.03067403015453924,0.018734237546878883
0.9238126109896744,0.039541059843115976,0.016600648317985696,0.013175733173577836,0.006869947675646171
0.8703801091677237,0.07776858952194117,0.023416772394852407,0.0176126184291689,0.010821910486313665
0.6584104804104771,0.2582114634148453,0.0320335642967785,0.027479549893626852,0.023864941984272133
0.8836414999359717,0.05147174283101785,0.019292979200629848,0.020764650353504666,0.024829127678875906
0.8825614986203969,0.040942278027466535,0.03808624850937031,0.023929648378873257,0.014480326463892941
0.9004794291013308,0.057995669571249533,0.01808670810418308,0.014587845931206869,0.008850347292029664
0.9218846905056736,0.04103789267499833,0.017053953917811247,0.012987762936658058,0.007035699964858854
0.8910987999684963,0.0748717085982178,0.011796597585990904,0.012931084320722529,0.00930180952657244
0.9514687619632877,0.023387683337912704,0.010345633868500431,0.00886270792434139,0.005935212905957721
0.9526830294721451,0.028045200178356895,0.005568931962537408,0.008189050311251226,0.005513788075709499
0.8958904494904963,0.07285191520509543,0.01411326284359561,0.01026395914700507,0.0068804133138075365
0.9173228401261729,0.04039344933475521,0.02376516346672007,0.011085013886391746,0.007433533185960134
0.8690228054655417,0.07187831373350748,0.024747922312679773,0.020003253377939196,0.014347705110331883
0.8861060118560279,0.0689681015449376,0.01888044092882186,0.016295000792612358,0.009750444877600255
0.8613632734653948,0.08045102881453708,0.020827594740655028,0.024575670590211086,0.012782432389201834
0.877713949176724,0.07496101654204607,0.021918014403486296,0.015742386694808718,0.009664633182934772
0.8340513412427553,0.06493305791654005,0.04172645244113547,0.04034709032873034,0.018942058070838656
0.9004622322664214,0.05380793025209894,0.018134289344340374,0.018078142878688083,0.00951740525845119
0.9628553452620008,0.01716203461628819,0.008531357956879542,0.007243610437491848,0.004207651727339442
0.931072344424826,0.03383599212585557,0.01638782141095353,0.012442080192562533,0.006261761845802505
0.9374799464000023,0.031858936391820115,0.01258568063155454,0.011410078599499728,0.006665357977123356
0.9093156349634449,0.05686188384275713,0.012434514971349633,0.013648344981205913,0.0077396212412423416
0.8708722264767444,0.07478964922347739,0.025712651134507124,0.0184399682489805,0.010185504916290545
0.9424362660116071,0.029997441491490043,0.009838357512670053,0.01133993791733113,0.006387997066901612
0.9486233683784379,0.029164402495223212,0.006314875758056061,0.010681948723969615,0.005215404644313422
0.8653780117162754,0.08672018993177781,0.01881377318927805,0.018312508907729157,0.010775516254939724
0.9057064601592915,0.05113925818923972,0.023259835022082412,0.012455034932865285,0.007439411696520925
0.9040607217698013,0.04993028347253848,0.024059938224007114,0.013948536480616525,0.008000520053036612
0.8439221405448002,0.09091761370435453,0.02794978620950576,0.024822356955349,0.012388102585990499
0.8941755739061689,0.05271218591573018,0.018725492995536375,0.022154317640044285,0.012232429542520152
0.8507596542560425,0.09784885075436464,0.018658505631636683,0.02070836739214956,0.012024621965806578
0.8630076130559466,0.07768741705349039,0.02410876492093451,0.01953128242220223,0.0156649225474264
0.9214686597589283,0.052201347007600485,0.010619061197312806,0.008900642381234405,0.006810289654924013
0.9330906566892739,0.03409759218873867,0.017125746523386103,0.009407755944880079,0.00627824865372104
0.9396580366331932,0.033981082864731095,0.0121564894616017,0.00970079107896882,0.00450359996150505
0.8336754769442871,0.08490990870632328,0.03540166150516704,0.029279940393003762,0.016733012451218776
0.9131953162932076,0.03581434512157178,0.016170668792941968,0.023611375834919224,0.011208293957359488
0.9031526231696303,0.04710329249585757,0.02476019849132966,0.014814686004006355,0.01016919983917626
0.875783953799738,0.08069486405040205,0.019039296796159032,0.014675839540673858,0.00980604581302709
0.9032870018469576,0.0572608731198845,0.01932921045450199,0.014005116500436189,0.0061177980782196025
0.8740905697950617,0.06915827565627884,0.0220129181148714,0.022834393265202736,0.011903843168585462
0.8830530275986499,0.0652354848146061,0.022010577086087713,0.01928574800362146,0.010415162497034685
0.9274960538846535,0.02717938216624475,0.024104392174861485,0.013097212968104757,0.008122958806135562
0.9337249299707152,0.03495055803920104,0.01483980824821742,0.010703293827291635,0.00578140991457469
0.9181795138585412,0.04826638919089351,0.012222078939254737,0.013196269335204451,0.00813574867610632
0.9104770358286021,0.04628614598571996,0.01862952530174863,0.014768081040187049,0.00983921184374231
0.8560586137322099,0.06577715170139221,0.037873730474605585,0.025172960165079555,0.01511754392671266
0.9279239944667583,0.03879826465978763,0.017321050028364888,0.010523090169674267,0.005433600675414733
0.8847549752008038,0.05484710029683649,0.03185175172744261,0.017660499661208796,0.010885673113708385
0.9166824806537782,0.051074260578890945,0.012974155114663946,0.012491471197114079,0.0067776324555529075
0.9490126827958121,0.02710085697513096,0.010884646516767958,0.008017194699141082,0.004984619013147932
0.936337145046173,0.025834875827977284,0.020838523150512798,0.009782514468258268,0.007206941507078454
0.9280034412420615,0.03702293818284221,0.01821944114205218,0.010488049393845235,0.006266130039199283
0.8742930113889427,0.08072083618446775,0.01861413634462591,0.015993125475115475,0.0103788906068483
0.9432052883190203,0.03334700591756387,0.007233172964664855,0.010958131500118668,0.005256401298632463
0.8554321316342273,0.09702088455841595,0.01668091315070791,0.018209476872820814,0.012656593783828
0.7961566606493619,0.1282420956275311,0.028820668691693696,0.03063014148738927,0.016150433544023915
0.8697232055512328,0.08551174567060824,0.019982554558722932,0.014254240627646688,0.010528253591789324
0.9368244714338853,0.031186797448576824,0.009475329396042535,0.014766660608403955,0.007746741113091381
0.9374655215194986,0.03737868179495808,0.011824746952421026,0.008146027215250002,0.0051850225178723215
0.9088784940632911,0.03248607864578336,0.03317301438668702,0.0161574326911276,0.00930498021311068
0.9052643825824717,0.039444145883956255,0.022354996553591463,0.020639014769157416,0.012297460210823199
0.7826057717298983,0.11819200376322912,0.052294175273697334,0.030723066755846504,0.01618498247732871
0.9234180468127018,0.03558710935151446,0.015335403640260398,0.017715794936598684,0.007943645258924407
0.8499040692330336,0.11240100062254442,0.015001545812121457,0.015148824327785108,0.007544560004515609
0.9029387529431772,0.05451559908171628,0.018375619806821113,0.015047839895936662,0.009122188272348673
0.8682330758829948,0.07212608312207029,0.025951137534038465,0.018161167432971324,0.015528536027925038
0.9106963272946865,0.05617382798714423,0.010576698515408458,0.01385441365276318,0.008698732549997588
0.8898252904287529,0.06754466104857144,0.016552012659948722,0.01754265645436206,0.00853537940836508
0.8190758175947896,0.10628804130504278,0.042559205697709594,0.01873051973871472,0.01334641566374333
0.8663441621498397,0.07775776709270615,0.01883475472151922,0.024022606394168873,0.013040709641766018
0.8906205793918047,0.07041719161060257,0.016013248540720722,0.014119607450384307,0.0088293730064878
0.9338248405964517,0.033889870397914613,0.01246615701494166,0.01204763119127924,0.00777150079941294
0.9570332911936915,0.023441855170343157,0.0075136680563116735,0.0072828761879049604,0.004728309391748707
0.891959147499756,0.053395505823898265,0.022425690651359808,0.02064910170961105,0.011570554315374949
0.868359697054176,0.09028642853023493,0.017683845871274483,0.013696448179594273,0.009973580364720363
0.9510432344094094,0.024773689246863052,0.009768674886159895,0.008459015398745223,0.005955386058822465
0.8914391695876616,0.05744174522658561,0.022431697243569068,0.019992337897623558,0.008695050044560075
0.8983850581901449,0.038275798139063504,0.02713174897836462,0.024437370179076396,0.011770024513350451
0.9247880639459691,0.046120596259105036,0.013089419719340223,0.010473455839509082,0.005528464236076607
0.8116164114537073,0.12677828550444267,0.027059281128078906,0.021262676248622953,0.013283345665148268
0.9486068422965124,0.025600281787335418,0.010840078428085377,0.009562143037553724,0.005390654450513491
0.9169802844301896,0.04554532471952527,0.0180674663389069,0.012490271249542242,0.00691665326183583
0.906319695489261,0.03987860219369751,0.020414267590968854,0.023356306356778423,0.010031128369294354
0.9056624943081449,0.05247117933089929,0.02259538630978232,0.011909619087803311,0.0073613209633699925
0.9407760733020261,0.03012818141456601,0.009730102214831882,0.014072644737014311,0.005292998331561904
0.883886015871261,0.06871881700755147,0.01798801141617746,0.019372807902877553,0.010034347802132514
0.8233802605474205,0.11924764818634785,0.022500488401558136,0.021492235665402242,0.01337936719927114
0.7757826242487575,0.11297607881093617,0.05463409659330693,0.03515914207149407,0.021448058275505156
0.956356772266217,0.0178474108791234,0.014882301303170687,0.007187630759523808,0.00372588479196481
0.9054126686988858,0.05319315219267873,0.014604908303867292,0.019204670231428553,0.007584600573139702
0.8665427329843188,0.0959201522258276,0.013868702946100903,0.014009114865439256,0.009659296978313633
0.865231725470037,0.07964998519963988,0.01943542066904131,0.019263970006422597,0.016418898654859116
0.9288622493834161,0.04541714289712917,0.01145046049660096,0.009179243489736262,0.00509090373311755
0.8497811175982725,0.09618974843495033,0.027349141501179834,0.01706527275992153,0.009614719705675642
0.8936628127920038,0.05674009252456545,0.019612574251874133,0.018849439758724554,0.011135080672832007
0.9227357254413564,0.03708190954032737,0.0169146538420277,0.01578429713683344,0.007483414039454946
0.9426041660178145,0.02866773829278142,0.010392659833518572,0.011869852386612884,0.006465583469272916
0.8940590455550836,0.06805216439877988,0.014516459735771231,0.013658938896643148,0.009713391413722074
0.9434408244955219,0.03682141142602896,0.008589724580408091,0.006791627073348065,0.0043564124246931605
0.9613668897445931,0.01735941290626207,0.007950030616711673,0.00929347166876454,0.004030195063668493
0.8456841815720036,0.08328196415239769,0.0329646255456704,0.024976835227663557,0.013092393502264703
0.9302752777623271,0.03140643881620417,0.01497947009413503,0.015316932575378587,0.008021880751954884
0.949191255796148,0.031854949355226744,0.006804170417669477,0.008264619480536622,0.003885004950418843
0.8438750719790654,0.0744749082311616,0.03019911595274166,0.03616855964231384,0.01528234419471743
0.8085314388332635,0.11547755738197672,0.035882951593612024,0.026381491366672796,0.013726560824474711
0.9110367934216648,0.03286506369776634,0.03299891527903835,0.015007239284743965,0.008091988316786506
0.9071346556810647,0.0489710927963288,0.022288936346092535,0.01380392252474421,0.007801392651769771
0.8750602875169097,0.08804643214394176,0.014946683710647718,0.013547518838842972,0.008399077789657913
0.8330336439608989,0.09783002996134643,0.03721367436012114,0.019801128432659146,0.012121523284974518
0.9642607567223168,0.012910636297796214,0.012321638467857316,0.006793921769586524,0.00371304674244311
0.9159457051258418,0.04859754922635494,0.013037778458939466,0.01322744048161042,0.009191526707253369
0.9400427114765524,0.03238522945299354,0.009859737414525942,0.012501723689216456,0.005210597966711543
0.9032989703369754,0.06008393145567873,0.016986724678989963,0.012356317405340059,0.007274056123015822
0.8433237272413014,0.07937883431920502,0.02924663273149222,0.032363751518010624,0.01568705418999085
0.907964172572239,0.05580425043868897,0.012233236014717486,0.014675439867960069,0.009322901106394317
0.8039083365653931,0.12223258037911193,0.032527018320600745,0.02598738216804323,0.01534468256685104
0.9225201825336734,0.036892429995357835,0.0162966288651607,0.014947818997185305,0.00934293960862251
0.9350020948796917,0.042821787957692405,0.008000235924915505,0.008532161567080048,0.00564371967062059
0.9594827963966787,0.01755055995918744,0.009741491290875216,0.009312810625276037,0.003912341727982299
0.8625472851891833,0.08523092614209296,0.018991108444019588,0.02240182684875885,0.010828853375945033
0.9762132115289619,0.014408742939899421,0.0032876981195925914,0.004044782094014199,0.0020455653175318563
0.7993856878880531,0.13239127686739924,0.029918456477864893,0.02507428670602585,0.013230292060656861
0.8396020225992962,0.09111575762820869,0.02987778101430748,0.025589682913782042,0.013814755844405738
0.9578981007970888,0.02394996300295645,0.006446094889727174,0.00711925988421187,0.00458658142601565
0.9303976624833319,0.034168077454391536,0.012651751703375276,0.014943374172163126,0.00783913418673818
0.9098132561846629,0.0627753499755731,0.012302267801982835,0.0091437698707721,0.005965356167009121
0.9025680781707542,0.05457313965682932,0.017666906998251186,0.017610870464828895,0.007581004709336485
0.8752856795522203,0.07911913564829758,0.021854915223954326,0.015925420495550787,0.007814849079977003
0.8981312177408163,0.05220337793780156,0.024188044329426794,0.01509901741093793,0.01037834258101772
0.9454917807625085,0.0320492961008157,0.009733573082171543,0.007728172444352102,0.004997177610152069
0.8892448927723967,0.03356417278847815,0.04084476312636238,0.02208710271882522,0.014259068593937467
0.9355584300764098,0.02922565191915241,0.015896367584644223,0.01159035799519222,0.007729192424601398
0.9592455297771852,0.01824165325419906,0.011515728674857867,0.005974557901434555,0.0050225303923232
0.9130869630061614,0.04529470694062247,0.01660536294714864,0.016204736140399165,0.0088082309656684
0.8952107215483206,0.048610509308714196,0.026762611112000387,0.020306716782701534,0.0091094412482634
0.8613684807011619,0.059312791150061904,0.036539240170309926,0.026433960001874812,0.01634552797659153
0.9211080984654842,0.03145023038887418,0.019955838293208863,0.019293733054642992,0.008192099797789627
0.9220825291927465,0.02658780151187165,0.0191781576658085,0.022236954818200306,0.009914556811373024
0.7484253161689566,0.12809852068102048,0.06210597134623579,0.041194044221119934,0.02017614758266748
0.8946247486455223,0.07356816830563487,0.013875927092357673,0.010600186636413687,0.007330969320071507
0.9512779631626905,0.017759491813646878,0.011599810202254006,0.012874703667494616,0.006488031153913877
0.7961841685732183,0.1286019566095928,0.04014894832825523,0.022916766896847122,0.012148159592086467
0.9069899312304657,0.041767898177665214,0.022985075282492065,0.01727338876639287,0.010983706542984016
0.9721980730032528,0.012339037352584353,0.005746475455881831,0.006430236442533877,0.0032861777457472477
0.9140819331995903,0.044016436904994065,0.019730271653803807,0.01325500714543107,0.008916351096180747
0.9390472419309249,0.02969307360109554,0.011305985120395512,0.01200210672926955,0.007951592618314681
0.9141280140118062,0.033781819425643796,0.023330827558347804,0.020067530955027276,0.008691808049174899
0.8818249168568759,0.060336610171350676,0.014999652685156116,0.03205611805661947,0.010782702229997804
0.9650484354380814,0.015090136732219168,0.008734075172483686,0.006892678341930403,0.004234674315285404
0.9345711918190976,0.031798012539916744,0.015402833577534573,0.01194981700317094,0.00627814506027999
0.9091658435316047,0.05688332741253492,0.013838050480639488,0.012387468580496133,0.007725309994725069
0.8466298434076888,0.11255055306523327,0.020014852769449365,0.013142062598918595,0.007662688158710125
0.8160970703815982,0.10610910824869729,0.029116405310217225,0.032894067587002876,0.015783348472484342
0.8344713092506604,0.09270510565023757,0.028082155160618346,0.026683729723533802,0.018057700214949745
0.8897062491091181,0.06493910688336567,0.026104588233198663,0.011703074896239108,0.007546980878078286
0.9197322699348515,0.04188569663884691,0.018890398107467957,0.01140732500946151,0.008084310309372154
0.9455230496812822,0.03375783068674159,0.008104461624947828,0.007897594946200641,0.004717063060827758
0.9418267823299552,0.026478541162894914,0.01450019095939515,0.011171578751102787,0.006022906796651907
0.9293633530577174,0.03575721979064452,0.017633715561560723,0.010785736827637123,0.006459974762440139
0.9139706503440932,0.04125365396145359,0.024650424180106226,0.01317617354425259,0.006949097970094422
0.8272156695138299,0.0989774349604329,0.02828529539107913,0.029727620206777692,0.01579397992788042
0.7838468492701445,0.12805445301123689,0.03267345916124378,0.03822709557971247,0.01719814297766238
0.9134755593338104,0.055707718847719606,0.012106107048926062,0.012205315015281742,0.006505299754262143
0.9311955070743948,0.03623646834768677,0.015712123914585933,0.010163891973491756,0.006692008689840846
0.9199760445788253,0.0303884225585699,0.02084865649890998,0.01992122661310605,0.00886564975058858
0.9078732800063385,0.049389544915495284,0.017920880664102353,0.015585920929014695,0.009230373485049199
0.9352227280237032,0.035757040498200075,0.01013994226104667,0.01149300787078184,0.007387281346268037
0.8084387647021093,0.12337286782392429,0.026254181314239143,0.026401269529966704,0.01553291662976035
0.9214636705534133,0.03950827649026353,0.013169872002066355,0.01570703622908882,0.010151144725168029
0.8403598757761229,0.08746210573214516,0.027811538788456606,0.030182539874455273,0.01418393982882002
0.8731442904143938,0.0468605950394826,0.03000877988221991,0.032396492342065,0.01758984232183874
0.9249692844110379,0.03630394907788285,0.017714097262373413,0.012584535573843682,0.00842813367486222
0.8734296165690011,0.06870213902287584,0.019216565594959222,0.021434480050398285,0.01721719876276554
0.8761989157182051,0.07298780502973468,0.023112878176141192,0.015861833068194046,0.01183856800772503
0.7603251552019049,0.13020529604939463,0.054181433895950835,0.03776643086618332,0.0175216839865662
0.9234668622691338,0.042587749371593396,0.013444875170440284,0.012503748281013792,0.00799676490781864
0.8838748212551759,0.06695143255934126,0.020700004856437894,0.017340118970746398,0.011133622358298666
0.9137910732593354,0.05139306443556205,0.01597100192679757,0.012316281065253551,0.006528579313051209
0.9236500511917564,0.03992034793123802,0.013986624457161279,0.014166904902973112,0.008276071516871274
0.8856627111906192,0.06441936690836864,0.01770390562245366,0.019445017392931162,0.012768998885627469
0.8990002989955428,0.059909817707924286,0.01956976487412074,0.014513150573681287,0.0070069678487308575
0.8793090392576659,0.05347575445709432,0.032745609373988155,0.022450846920365544,0.01201874999088602
0.9263265093814331,0.032518820467267055,0.020674175547481535,0.011632359961096827,0.008848134642721437
0.9492167020782994,0.03552395144657358,0.006069883641097745,0.005361865272161007,0.003827597561868056
0.8917117825481468,0.05101902778041218,0.0283996147192273,0.016835319715247155,0.012034255236966562
0.847685711699336,0.0855903115152983,0.027603874620867684,0.02408749053742502,0.015032611627072964
0.9497838995972169,0.025697747206008686,0.011616348102057623,0.008440330085075696,0.004461675009641233
0.9160601163534484,0.03287231938654918,0.023259198882303177,0.018385380782990346,0.009422984594708693
0.9335408453421101,0.027609461962142173,0.015510782218225178,0.011635938267678845,0.011702972209843787
0.9308049095530342,0.028593994910216112,0.017030415090039348,0.012929057549777957,0.010641622896932325
0.9758606648316822,0.011626269448176272,0.005000913227152598,0.004711627893101649,0.0028005245998873967
0.9276861913804776,0.045916918547889415,0.010698931953761617,0.010186266555161246,0.005511691562710016
0.9493556903003461,0.030300334722187728,0.008136409972022978,0.008472137418389017,0.003735427587054048
0.9058382431441393,0.04616950848832884,0.0256155831820259,0.012870192918979293,0.009506472266526596
0.9093888037804796,0.04667082043433651,0.01493376104697159,0.018255596121200056,0.01075101861701204
0.926814870784133,0.047428957288463025,0.009196952116216822,0.009825350177879246,0.006733869633308012
0.8414972570765666,0.08460861885162695,0.03700255599735307,0.022802620694174706,0.014088947380278582
0.9504750505797108,0.024703484441357178,0.010155416684316205,0.008810610226385058,0.005855438068230925
0.8918257248504492,0.051585583253487055,0.02713560879632924,0.016174538430133494,0.01327854466960083
0.8168620353561199,0.1093365363699604,0.031541495410506284,0.02546139121387025,0.016798541649543083
0.8905377145613907,0.04340124024924704,0.028617289695344356,0.024647578201562603,0.012796177292455144
0.9230909908817663,0.04114921079420066,0.01608080570669072,0.010405408746921094,0.00927358387042145
0.9274982135973467,0.04374878823594382,0.013877795278745485,0.007507902292705919,0.007367300595258218
0.9271548897434446,0.03900550322671589,0.015375693859436634,0.010489196934944382,0.007974716235458526
0.9296921519352492,0.03288177709491896,0.012906134064036267,0.014559054315955403,0.009960882589840124
0.9207561942327064,0.030532235286045567,0.026876020080123946,0.011034386194581951,0.010801164206542006
0.8821808024011312,0.06305179712687814,0.033148593978517,0.01283558093430643,0.008783225559167177
0.9505851380023523,0.020776567804168502,0.014659102537177905,0.007790046048030286,0.006189145608271014
