Delta_Power,Theta_Power,Alpha_Power,Beta_Power,Gamma_Power
0.7657341590857484,0.09971201330316465,0.09452066735749796,0.024692279429151354,0.015340880824437679
0.7963597803695701,0.06706187344719176,0.07984966590783904,0.03187206098253974,0.024856619292859605
0.8261182367026298,0.1034196130000534,0.04870046953010928,0.013582787355762554,0.008178893411445067
0.8949286358733678,0.054078839967860295,0.031724433279017306,0.011842165460914829,0.0074259254188398975
0.9466291024383616,0.0165327849760128,0.024394250112851856,0.008834804870389738,0.0036090576023837936
0.8983571198791371,0.04857125514890169,0.029815132073154567,0.015397701663577077,0.007858791235229473
0.921852365472125,0.023466388699037468,0.03459474659696397,0.01276588399248125,0.007320615239392568
0.9267871224413051,0.02591012839808867,0.033220856331465695,0.008592427068575773,0.005489465760564955
0.9292422711313043,0.0333744900966596,0.01857225964229892,0.012544934543501278,0.006266044586235951
0.9145650270395035,0.033702099629535166,0.0156326116167301,0.016783054112334155,0.019317207601897153
0.8665332641303165,0.0822339145749869,0.015257661246946996,0.02065839206026636,0.015316767987483484
0.8746602813347347,0.05539577134536259,0.041066610072868936,0.018735147104674874,0.010142190142358957
0.9121379538999642,0.028291665187907374,0.038576778607391206,0.013926327298587088,0.007067275006149948
0.9085726974817901,0.0502232503677229,0.022750330883769074,0.012646265772260908,0.0058074554944573045
0.9547118610668341,0.018680677552984266,0.01589728030603217,0.0067795958216419865,0.003930585252507301
0.9047094601799268,0.02438927968986035,0.052003146223334865,0.010691778385577666,0.008206335521300387
0.8722043131651522,0.06055125191482083,0.04374111331425736,0.014371733400215966,0.009131588205553572
0.9117435734945789,0.048797881432773964,0.022025628240197548,0.012131119046398004,0.005301797786051531
0.8363260825139988,0.0698557157590834,0.05447270920030458,0.023490020312861463,0.015855472213751748
0.8255716467479461,0.07266399105791814,0.0652285783331545,0.023217767596705616,0.013318016264275768
0.9263726340400585,0.04777033189954989,0.016158523835017768,0.006110451188534507,0.0035880590368394523
0.9198464328336655,0.05477399558978482,0.01486002334284715,0.0072398841429666076,0.003279664090735759
0.8487908198165249,0.08314700112326806,0.03687263955969527,0.018997219782120933,0.012192319718390852
0.885646851858222,0.0606869213947823,0.033744483413032794,0.011857712972519393,0.008064030361443597
0.8889429944652951,0.053406912171240495,0.017474456500026974,0.02112593684730155,0.01904970001613586
0.8995927660026768,0.05205358397368992,0.016261391780546936,0.01527609627857173,0.0168161619645148
0.9420013827587895,0.02615730119817366,0.023446114817763743,0.005836355764532322,0.0025588454607407686
0.8528110885758537,0.05381729393298815,0.06633287183879018,0.01819817426021893,0.00884057139214871
0.9312742644841601,0.019389754992810537,0.02978603958347696,0.014222186709772914,0.005327754229779889
0.9642636593002235,0.015328668027006657,0.015275710119885114,0.0036989678156009536,0.001432994737283808
0.8447674979195572,0.08218154397703174,0.049543617519885605,0.013992625600451215,0.00951471498307437
0.9152075613303619,0.04030406948836342,0.025871193398139213,0.010311523901219454,0.008305651881915769
0.9423286455156147,0.03524459478186647,0.014604635781631181,0.0038769132998738636,0.003945210621013747
0.8043189766520298,0.09761051396511028,0.05875040743388818,0.024172119471044567,0.015147982477927232
0.860718331636897,0.08260845519844308,0.02575381199784606,0.021534002261504835,0.009385398905309088
0.883988275274902,0.05922966480915852,0.036003512027311016,0.012212681093322086,0.008565866795306434
0.9389779929007561,0.023216753119916212,0.024009686845604533,0.008530811109757142,0.005264756023966012
0.9098992648022984,0.021288881059814257,0.045352656109407585,0.014039882413197997,0.00941931561528186
0.8908571316520322,0.03505182368493307,0.038819854189234546,0.02047851826688752,0.014792672206912872
0.8860053232428,0.043475691204701246,0.02453682609602988,0.02501317013642254,0.02096898932004619
0.6955667253497354,0.18803534856327042,0.04171906909376859,0.03760972923003427,0.037069127763191594
0.8607019902282357,0.036887324993424515,0.06575947751349637,0.02145509427564194,0.015196112989201788
0.9414958772400118,0.024301260756300826,0.021991671354486833,0.007608978802840078,0.004602211846360321
0.9019658478498103,0.03520972500184493,0.03951059455345982,0.014117455652896432,0.009196376941988526
0.9283448019963318,0.03490303675566833,0.023456071531555833,0.007285799155651912,0.006010290560791975
0.748465405667756,0.13251650748433894,0.07156313795963223,0.03003195260003454,0.017422996288238207
0.8927142441714598,0.053096258638940776,0.03297874551693389,0.01227574384490632,0.008935007827759368
0.8949620087722205,0.04918548379066178,0.03544426791397949,0.013117498936404579,0.007290740586733551
0.8478815341296574,0.09332106105177176,0.03975334192349509,0.011130671983006973,0.007913390912068776
0.8057285978088999,0.09893260134536103,0.050845002428307154,0.022717343765310306,0.021776454652121652
0.9138676488198763,0.0442095465105273,0.02611778409551881,0.01012940229596572,0.005675618278111917
0.8235438325084271,0.052390270918279566,0.08608282401513137,0.021844374301442013,0.016138698256719916
0.9214898056635318,0.02714392637796446,0.03224427070872634,0.011034377713351641,0.008087619536425672
0.9136796140795025,0.03585964601466541,0.029805078281504423,0.012073289957524958,0.008582371666802728
0.9188244641058846,0.03681425334243389,0.012511215109985053,0.017309940300130753,0.014540127141565537
0.9126454019269332,0.0376324676635331,0.015836076634746708,0.018569399149348707,0.015316654625438087
0.8195318633404014,0.05480012453292669,0.0866259347736566,0.024858322306345326,0.014183755046670039
0.8482349634671231,0.08288544507513255,0.0482881302604499,0.012384170028132574,0.008207291169161664
0.9069161988706907,0.036539207434157,0.03294442003030164,0.011312284803011632,0.012287888861838844
0.9122708483742213,0.031299634330782776,0.03790198119033159,0.012070281334367132,0.0064572547702971194
0.9243321433443038,0.046612705725614975,0.016151467256461997,0.007662660529622195,0.005241023143996937
0.8841344283503654,0.0660131383486733,0.029211327250644965,0.013048695322788515,0.007592410727527657
0.9227985771157763,0.04536965713997133,0.02088018930239148,0.006979393076841547,0.0039721833650194355
0.8229878995568533,0.11180938058779988,0.03881885225204509,0.015644887474236483,0.010738980129065325
0.9095408046055328,0.05128328318458746,0.018970182502426877,0.013170931936600346,0.007034797770852351
0.8631805693804518,0.08193817081042074,0.03649467373340407,0.011576395708114468,0.0068101903676084825
0.9000797080471903,0.04121310724483286,0.040619718706855885,0.011057376635631578,0.0070300893654895065
0.8497983956337941,0.08663092345046068,0.0364898821195801,0.015896084943777897,0.011184713852387042
0.8810865975123571,0.037533783179625545,0.045245182097052195,0.024181104057381615,0.011953333153583455
0.9559538497448705,0.017061909601813884,0.016825780935097345,0.006269053619064908,0.0038894060991535207
0.936061951283255,0.032914040033632914,0.017624412206489762,0.008292977023773261,0.0051066194528487955
0.8368980404401852,0.09479063754353162,0.0416052770205914,0.018193643471633363,0.008512401524058456
0.7883567816436144,0.10367802549091434,0.06941121889482339,0.022748956821624977,0.01580501714902305
0.9211556804822703,0.03299582649853239,0.028186746367528877,0.009964692070739065,0.007697054580929716
0.7358753991082931,0.14984001646616793,0.07225859481259377,0.029305460714997227,0.012720528897947865
0.8646621794457856,0.07358988741979003,0.03595705892455197,0.016477611234071085,0.00931326297580125
0.9317683103214218,0.02586910936747121,0.025196470252925197,0.010932790834991189,0.006233319223190638
0.8713412582762755,0.05973604935151478,0.04430293032812819,0.013789156292253028,0.010830605751828534
0.9159190546941904,0.048770483596303156,0.022678715868852724,0.007588008464953656,0.005043737375700202
0.9366653709014786,0.035351733446998254,0.015092742315937668,0.008603811959065828,0.004286341376519744
0.8758316953957633,0.06430845439283046,0.03649829897432082,0.016403029391538298,0.00695852184554694
0.8743170932850006,0.06581247453600365,0.028537194134560812,0.02048154861748588,0.010851689426949007
0.8885350468279509,0.06204119967402878,0.022865209059980934,0.01562100165618846,0.010937542781850895
0.9237170564720381,0.029803437310640977,0.022249129801977043,0.014567925895165238,0.009662450520178768
0.7226505325195516,0.14056136532275013,0.08706061707088888,0.030873779304241924,0.018853705782567558
0.604070373654561,0.1965828643866873,0.13819167889140915,0.04186117020544564,0.01929391286189683
0.8846001527980137,0.05876433723554378,0.034781871377711625,0.016017637043701693,0.005836001545029285
0.8272298824543591,0.07900136314946685,0.06596586101056037,0.01993789801050067,0.007864995375112968
0.8791236554245138,0.07284314969663915,0.024901874175975433,0.015594295504021017,0.007537025198850558
0.9235994474475642,0.0417120941042681,0.017114239633691165,0.011814555003398956,0.005759663811077654
0.9012400974968053,0.05180414967592071,0.020736023292358997,0.017111263201982096,0.009108466332932774
0.9273794733257911,0.04133331112908853,0.014431697102150332,0.010132062883164619,0.00672345555980552
0.8760764429074672,0.048024664308361546,0.04053219988006318,0.021795277549455372,0.013571415354652599
0.936061036920313,0.03160950447517724,0.01761105496350098,0.009570167489644153,0.0051482361513647676
0.7723056327117435,0.09210257821148114,0.08564585739511751,0.031410734503858305,0.01853519717779968
0.8197803386022402,0.07082399161346245,0.08223468027317148,0.016417266182522726,0.010743723328603213
0.8583506283211109,0.07069101521355813,0.05058504145511468,0.012992030580841711,0.00738128442937456
0.8262886354693189,0.08702237878561603,0.054225447809830934,0.0206430720497088,0.01182046588552555
0.8805297735200851,0.04917343565850234,0.0495581599163438,0.015018853089827299,0.005719777815241409
0.821182230208292,0.0697019344299252,0.07724752199273656,0.02181560524172549,0.010052708127320786
0.8978728396562731,0.05753367916834122,0.03060666338357389,0.008528330139892263,0.005458487651919554
0.7829514546164968,0.11266338712995828,0.06298386201683617,0.029871945080912073,0.011529351155796511
0.7100109190463935,0.1998942773112082,0.060019447341690894,0.021071253479831537,0.00900410282087572
0.8714324648162783,0.04791349800788904,0.047168687818764314,0.020005463072009438,0.013479886285058926
0.8989676617744284,0.035749789538737246,0.036393001563058656,0.013925710897253802,0.014963836226521785
0.9613013324403793,0.017069457138965984,0.011192097867747254,0.005594144711972047,0.004842967840935361
0.9002626719070858,0.055602072028922596,0.020454549007282816,0.013777402372878653,0.009903304683830204
0.9116869759518225,0.0462612088117345,0.029019717668888542,0.00729564314871494,0.005736454418839729
0.9122499025509607,0.05705355801656827,0.01600631202459429,0.008792585081935839,0.005897642325941165
0.7312200166505681,0.1718176559484839,0.05942557589254815,0.025074520945732835,0.012462230562666968
0.9090999155631823,0.05180179065759815,0.019514028732215735,0.014284322467344762,0.005299942579659063
0.8738166807408398,0.05683371664701382,0.03758062037402723,0.020580387982819318,0.011188594255299947
0.9307785674334192,0.027471656884086957,0.027286431585967812,0.008906349160143866,0.005556994936382405
0.9273260477814966,0.03415881772234058,0.02592896242724069,0.008886419216566795,0.003699752852355277
0.7764789724680834,0.13035235642876264,0.0644504374308161,0.018830423813035246,0.009887809859302557
0.915674191524508,0.03125757894425393,0.03454124558810825,0.011846118594928078,0.006680865348201724
0.7926060337996054,0.1307246122523308,0.038897473537691366,0.023167735256224734,0.014604145154147619
0.8109681248171415,0.09743271089330824,0.05832668226837523,0.022475017376049348,0.01079746464512557
0.7376926688518888,0.14294491179498844,0.07350755944533777,0.02901849077274616,0.016836369135039064
0.947652712863842,0.026520256403278358,0.01606390502441769,0.0061092432563414805,0.003653882452120447
0.786632362119261,0.12826405539950417,0.04556433711410939,0.027462488006223328,0.012076757360901982
0.8661522947024463,0.03711952071454472,0.0728858417103073,0.01571354512583064,0.008128797746871185
0.9198023120271908,0.03538277511251372,0.028678736669515942,0.011429359178685762,0.004706817012093917
0.9375906032515463,0.028188658365444368,0.023709156935619372,0.007400034420474603,0.0031115470269154574
0.944062154636376,0.018955011611490567,0.027367946401699712,0.006897732474091302,0.0027171548763424225
0.9211820654165416,0.031693861975793734,0.029386338514643857,0.012052275377467917,0.005685458715552994
0.8545491373579519,0.09439614932339428,0.03473569063796054,0.011163325906439859,0.00515569677425336
0.9180811627656653,0.035714821359623075,0.03524900734744931,0.007121807929551746,0.0038332005977104976
0.862822645118594,0.062275258279710456,0.052126257795844975,0.016221588230231856,0.0065542505756188765
0.8938936506794686,0.047704519251272996,0.03756905562827813,0.01505995689969914,0.005772817541281005
0.8974071568645066,0.03736761335492996,0.04106275835954752,0.016431744937000444,0.0077307264840156065
0.7252742020387647,0.13680054421031354,0.07881479226149495,0.028794379530950705,0.03031608195847629
0.8084511340806572,0.06443025129188579,0.08598834771016539,0.028351358020099308,0.012778908897192449
0.9049644179969718,0.04575452934205574,0.032648743085316775,0.009991760375381525,0.006640549200274476
0.8799923066804859,0.05930410092854998,0.033120527405105696,0.020399545146335667,0.007183519839522701
0.8779094488394704,0.04909996897357893,0.04788612710174749,0.015322855752824691,0.009781599332378313
0.8864270456283837,0.06600094489533358,0.029910452990280473,0.011455432080876267,0.006206124405125896
0.9205985463273626,0.0318996473630926,0.028182881613358374,0.010265190446888218,0.009053734249298234
0.8686227985346211,0.07422695202039187,0.03595892283667384,0.015099947818566294,0.006091378789746952
0.8384181282401698,0.08488379453513693,0.03696617784591972,0.02851093008769358,0.011220969291080133
0.9282346607590116,0.03723113661800717,0.02260771182770166,0.007791924031450549,0.004134566763829278
0.9605668998087096,0.01809895298136654,0.012149838080344389,0.0052815337474517434,0.0039027753821277065
0.8539684537960703,0.06923743576036066,0.04279309912223293,0.02157753567293055,0.012423475648405362
0.8557964547266063,0.07430023829754609,0.04577196900690451,0.018157984066151156,0.005973353902792097
0.6023155129148303,0.21230025503069652,0.12562894241314831,0.04011675383358976,0.019638535807735166
0.7988789287140462,0.07894831732136318,0.06944102937120165,0.025254178203110492,0.02747754639027858
0.9006198187311176,0.04819966652622973,0.03002993872398923,0.0125394961330746,0.008611079885588775
0.9026482036487232,0.04867398241064751,0.020664437685992357,0.014856668382044864,0.01315670787259198
0.8799525481638321,0.05718687277721559,0.03579764340101305,0.01843760283109645,0.008625332826842804
0.8506124543006611,0.08208590423575722,0.04649071166362525,0.015125835563182354,0.005685094236773957
0.9061979148413379,0.04112256015581787,0.03815418443741262,0.010485289359996068,0.0040400512054355854
0.9324963552981685,0.03210421691484445,0.025310845856261525,0.0068525529845913005,0.0032360289461342124
0.7316291751033602,0.15466938356382423,0.07093976618655165,0.028777871530341906,0.013983803615921872
0.892245099425388,0.038065789273609825,0.04790824071936278,0.014313085333920662,0.007467785247718906
0.9298771018912796,0.023842724502889816,0.027387484827073524,0.011809766067020812,0.00708292271173648
0.8467815812665297,0.0699307443797749,0.04923239985980212,0.017092990209028533,0.016962284284864588
0.9220291141031725,0.02447430347083416,0.029307395344061484,0.015500698827165881,0.00868848825476615
0.9094569117631224,0.03990996678449495,0.03165425873410654,0.012479259433362585,0.006499603284913459
0.8362702795822513,0.05051145408277913,0.06764747378265637,0.03152791309350299,0.014042879458810215
0.8889715357579188,0.06455035519068869,0.031935619667361886,0.009384764072046236,0.005157725311984657
0.9500177658589732,0.026504613776498247,0.01470300645021842,0.005183129149349179,0.003591484764961099
0.8757093515229076,0.055693443606459336,0.04685816998872274,0.01403812925156253,0.007700905630347827
0.9335047346491919,0.03519418198388045,0.019460133327121956,0.007636844675365544,0.00420410536444021
0.8581062871455636,0.07035902744038224,0.0430736739477831,0.020035518940476102,0.008425492525795105
0.8713624953218662,0.060927689446897915,0.04689191961992242,0.013537278598913426,0.007280617012400194
0.8854701357055998,0.048921760281326776,0.04883294904730976,0.010946703400035028,0.0058284515657288
0.8832033300013822,0.06641411642948733,0.0340017228259924,0.011422168246915101,0.004958662496223
0.8594028744438138,0.0765600537376998,0.03926028029124531,0.01729461184189313,0.007482179685347773
0.9315415019070765,0.0280108978722215,0.025210458964398264,0.010047328822648383,0.005189812433655308
0.8757347496549897,0.08050788938820462,0.024902676467766324,0.013084210272092323,0.005770474216947144
0.9518140858823663,0.02663043926213703,0.011448452537895679,0.007137710958935553,0.002969311358665476
0.9199623750020404,0.045918126419423236,0.01962259273836866,0.009518827620837868,0.004978078219329971
0.8817292925048217,0.05102532890214677,0.047094207952733176,0.013570621388565738,0.006580549251732533
0.8515310594675884,0.07146097578107329,0.05461584100801128,0.01566706006955817,0.00672506367376863
0.880087083207614,0.04250466797324807,0.05420623296013472,0.015558906047993391,0.00764310981100993
0.9036529178631921,0.03777503205554603,0.03719362317356783,0.015364243898906631,0.006014183008787369
0.95042261603779,0.018779971252205246,0.019536672436800965,0.006807902712103367,0.004452837561100142
0.8863728027378299,0.05277827578903112,0.03731059676119972,0.015276401413145313,0.008261923298793711
0.8833055640203521,0.05418992526313507,0.04325402583410572,0.011971405858796493,0.007279079023610771
0.8244966473148213,0.07899764049629629,0.0696962616654589,0.017745669564829477,0.009063780958594047
0.9166886289675472,0.05492530998861035,0.019140961138096817,0.005831972745256225,0.003413127160489442
0.8580085402836136,0.07787723911524189,0.04194770947513664,0.015174043751307516,0.0069924673747002635
0.8423281685040754,0.0928137679131485,0.0326930777006037,0.024214287385920755,0.007950698496251525
0.7698501593012256,0.12562725215301038,0.06937631289441362,0.026201860736257594,0.008944414915092964
0.8643444377967252,0.04993614414685894,0.06531088217726846,0.014304298671185631,0.006104237207961937
0.8834667653617425,0.05940904725362291,0.03732310420978506,0.013501226728254061,0.006299856446595698
0.9173422092142606,0.031253093212279114,0.03554526389722182,0.010392101609677509,0.005467332066561085
0.9436296312269647,0.02801356764483073,0.0184498054269843,0.006848967025022552,0.0030580286761976373
0.8873320767817579,0.042005619536978844,0.04844597898410022,0.015672027325663997,0.006544297371498924
0.8989167167961863,0.028705661349698253,0.047550938092616395,0.01801082947980227,0.0068158542816967775
0.8163589053550163,0.043598405065067396,0.09782145532295528,0.03085575923901508,0.011365475017945843
0.6857769805886692,0.13253372932636354,0.11920957985882621,0.048070260522060315,0.014409449704080821
0.8084255777667853,0.11655323824770411,0.05373061790108925,0.01514189368176718,0.006148672402654397
0.9043876850493362,0.064267446293707,0.02009623344517184,0.007804245809457527,0.0034443894023273684
0.9479574684580779,0.02137714861444286,0.017074794856089905,0.009791758915289304,0.0037988291560998875
0.8631058693525552,0.060730552434595006,0.03623202011702987,0.020188720508792453,0.019742837587027728
0.9511983758596917,0.016771857049321708,0.01696158695426526,0.01068034990312175,0.0043878302335995925
0.9332246681977159,0.035411912822812426,0.017278625105617295,0.01087612404540771,0.003208669828446584
0.9320332530240183,0.03614961176765574,0.019792033596753078,0.007366773733427041,0.004658327878145631
0.895573265174986,0.05344963617836631,0.03316266883751211,0.01276202963982541,0.005052400169310206
0.9523039056876176,0.019574491939370293,0.01788159382607153,0.006957123843860343,0.0032828847030803255
0.8580639924432286,0.06252086070532537,0.05037086542247715,0.021127405613414658,0.007916875815554468
0.8989729978568701,0.06165003191576877,0.02501055632402465,0.009566349948279441,0.0048000639550569235
0.9116859413751667,0.03184579210613641,0.036794360406133514,0.013536927032821378,0.006136979079742098
0.9063434359136133,0.045698611716060496,0.02990053642604715,0.01122535179281152,0.006832064151467156
0.8915233507334731,0.05774974255715603,0.03515518534843437,0.00923925444286076,0.006332466918075677
0.8605872241229421,0.06582158184960707,0.05127962612908216,0.01457150506812066,0.0077400628302481764
0.9197643299815246,0.04182131096687659,0.02121156117307204,0.01144815877798327,0.005754639100543447
0.8375171466736043,0.08307695975934003,0.04963305963873782,0.021489376074550717,0.008283457853767114
0.6805901002833905,0.17637292812369687,0.10289086578244945,0.02936153400067603,0.010784571809786998
0.870999443488955,0.03404385290921471,0.06317697149441871,0.02066945405724594,0.01111027805016577
0.8825596598633395,0.030655993451986746,0.06358942396929756,0.013495857031632787,0.00969906568374338
0.8901499699767057,0.05970673070972992,0.025647969030410014,0.011994855964529434,0.012500474318624815
0.9634158594638921,0.01395467096301855,0.01573685732189808,0.003969667525696872,0.002922944725494387
0.8611127497658594,0.08346830831788607,0.032877205709004334,0.01602163029764731,0.006520105909602946
0.9193722957374141,0.03345427975787149,0.02093494970670807,0.017105183294063207,0.00913329150394333
0.9274563317983687,0.013837969132429349,0.02751231922924297,0.01119976784440643,0.01999361199555244
0.8036484455202123,0.08529497262544522,0.05020085335866244,0.021241225123733012,0.03961450337194714
0.8350157544027985,0.07226845376259347,0.048306622581658895,0.016252265737243386,0.02815690351570554
0.8654841687768993,0.0745834557047952,0.02534226358998979,0.01794195821816821,0.016648153710147624
0.7815587098942244,0.0791820658979962,0.0631833633861325,0.03364199620292266,0.04243386461872422
0.9071899945473131,0.04407922588450652,0.029537532348890973,0.010173554405650504,0.009019692813638873
0.81437764170707,0.0739219282763634,0.07263687401100972,0.022308935605400034,0.016754620400156586
0.8799231038142249,0.06219932115237201,0.03866010852528149,0.012682342060058896,0.006535124448062555
0.8617975093624404,0.059538204779197156,0.053692054111215415,0.016375489308121435,0.008596742439025484
0.9438693358526079,0.030594454686707916,0.012845930609634156,0.008008169852466884,0.004682108998583048
0.9595631879726805,0.020838399970819012,0.012515426663576452,0.004584339036853946,0.0024986463560699728
0.8562065111675455,0.05862156963090342,0.0367856356276106,0.024435666847656422,0.02395061672628402
0.6726246594422146,0.15916865837317976,0.07436946048596312,0.037114115658749,0.05672310603989337
0.9408321262155711,0.029745050933073246,0.017610326554148327,0.006794983729012828,0.005017512568194413
0.9360250200799515,0.0355167193094886,0.01611291237943019,0.007321916198862049,0.005023432032267616
0.8928200500689237,0.05639897543381453,0.034945850565658305,0.011109088222772685,0.004726035708830849
0.8161560340255777,0.07045048915456929,0.0687578008390931,0.03218266176600989,0.012453014214750117
0.8457659390721856,0.08605815844704585,0.038432791320758886,0.017208985894608085,0.012534125265401395
0.7849338310590235,0.13260640456945477,0.051052775630246315,0.018221494790555733,0.01318549395071958
0.7891893897314659,0.08798341569541386,0.06790091345653697,0.040922831977523395,0.014003449139059912
0.8718587628638625,0.08748489964376749,0.021440780472555914,0.012853012668568127,0.00636254435124603
0.7793779818138671,0.14248404090699224,0.04601339019912799,0.016992029081845456,0.015132557998167121
0.9055739325219636,0.05049978466288875,0.02281035960038552,0.013860698580886033,0.007255224633876156
0.9204646893280155,0.038797548072764663,0.025572697454464527,0.010725985137900244,0.004439080006854972
0.8905468347803742,0.06695867739008525,0.02801030703105205,0.008026790934311882,0.0064573898641768065
0.7932688271764189,0.12002541097017692,0.04480455420947534,0.02696145426739731,0.014939753376531447
0.9035162475587395,0.04614987883121823,0.028900902263745094,0.013141124904544287,0.008291846441752883
0.9197676457874207,0.04125337061206731,0.02224931712725728,0.010689285695524159,0.006040380777730663
0.8590694305630417,0.062476112001684125,0.048506005568980784,0.01931562475753535,0.010632827108758234
0.9042795057273011,0.026888584794878892,0.04249448243665736,0.01440011679400592,0.011937310247156751
0.800885936603641,0.0852533418516345,0.06663903448192854,0.029963199823626534,0.017258487239169226
0.7198948392364475,0.12751735720033805,0.09623018995086004,0.038111867267278804,0.018245746345075448
0.882857641605836,0.06251575718182695,0.02970932455477091,0.01643346188201749,0.008483814775548703
0.7651672194491236,0.11502107112315749,0.0722362578060074,0.03147707502993068,0.016098376591780827
0.9429620593436504,0.029166559556676012,0.015611342548944212,0.007931639916139223,0.0043283986345900366
0.8705033670805387,0.05632307708564188,0.047337657154932704,0.01677439218943079,0.009061506489455815
0.9080640469809013,0.04522296175966637,0.02571335168669096,0.008939884430717882,0.012059755142023601
0.9226097405532309,0.035246169885043005,0.018127868822089038,0.008506549496975739,0.015509671242661251
0.8010835508765978,0.10971978157320343,0.03862124318826848,0.032280644847751144,0.018294779514179245
0.940503916875894,0.02634819693574324,0.01871649010096457,0.008060918054844362,0.006370478032554006
0.8729500621814914,0.07722058302150438,0.02266060404023503,0.019092739329382345,0.008076011427386908
0.8740480711126348,0.0725138813410802,0.030105570523324188,0.01297931252188377,0.0103531645010772
0.9061925895506703,0.05868355183889267,0.02015426413407984,0.00853264558196585,0.006436948894391291
0.8863146556197972,0.05081461996582554,0.032699746325988696,0.021296270051101036,0.008874708037287364
0.9314347624439828,0.03527845916720005,0.019952760076027608,0.008170169123833731,0.005163849188955659
0.8339207043381971,0.077767288784488,0.027176671537009506,0.027830127532757255,0.033305207807548094
0.5270888402357262,0.0820726948515804,0.02839488494892143,0.1064186348644101,0.2560249450993621
0.8542814112818341,0.07514817109122589,0.036929684412876675,0.021681957438569245,0.011958775775494094
0.9121686450229465,0.06401671197638113,0.011216174552191985,0.008047345728976354,0.0045511227195039975
0.8479429443912382,0.07806162196542933,0.05226491649173755,0.015284962981479773,0.0064455541701152344
0.9264834384524865,0.03583302211253803,0.021050662651660983,0.010778009021620584,0.005854867761693947
0.8271775314563306,0.07755560407591433,0.05232777976277754,0.026986856997178156,0.015952227707799572
0.8835141202484159,0.05982789372571151,0.025495018133350106,0.014415472261960957,0.016747495630561368
0.8571716739737898,0.05248520558639143,0.04216358447527658,0.024321110566999978,0.023858425397542276
0.820724855001881,0.09185711873687874,0.056889789346427445,0.016175068375317892,0.014353168539494952
0.8631875572535983,0.03154903486321491,0.06799004069689625,0.024653784045956903,0.012619583140333679
0.915350286559615,0.027749337549398248,0.039058332926212566,0.01028035615812573,0.0075616868066485324
0.9223131559736725,0.027522387122226752,0.027079282739434527,0.011763194418787867,0.011321979745878164
0.9180755109904873,0.04011567589739757,0.019565963666818193,0.010489735528831529,0.011753113916465148
0.9305494586770634,0.02246013249059044,0.024228297725487905,0.008765387300271307,0.01399672380658694
0.9134114095338141,0.033930681743478054,0.026914112250165382,0.013392581202053803,0.012351215270488804
0.8899026977148582,0.06248614902319066,0.026981894107485804,0.011742041233516392,0.008887217920948846
0.8465567723524002,0.08968933927708352,0.0338408816601392,0.01687427793386423,0.013038728776512805
0.9351640636786704,0.024394133365297235,0.027374242548183027,0.008065024038067631,0.0050025363697818286
0.8478804149861927,0.10126188978947433,0.028040456217217923,0.014707182971316084,0.008110056035798775
0.7068316782729599,0.18845070337501266,0.0565992064609209,0.03137644841310436,0.01674196347800194
0.8962118405126362,0.0442814889519365,0.03158684342911514,0.018141156550199797,0.00977867055611233
0.9096411500481872,0.05446870528475648,0.018775614900296406,0.011621260309471951,0.005493269457288064
0.96619992370166,0.01712648884716042,0.009412698215700803,0.004763591689710769,0.0024972975457678175
0.8293934830638675,0.09383738513006297,0.04729904962289799,0.018923011545056632,0.010547070638114903
0.8625481605523008,0.06378403780214419,0.04245335562342311,0.01987679542444547,0.011337650597686532
0.8700964720912351,0.07134970266232839,0.03479164412339334,0.015634664843282194,0.008127516279761075
0.9678797744763198,0.015337879944534269,0.00850601616240125,0.004322587909764886,0.003953741506979569
0.8456878185509612,0.06324280844622467,0.04627755545791983,0.02211514777705866,0.022676669767835837
0.8716803217411063,0.04945424278184479,0.031825454532567056,0.020045288689906744,0.026994692254574855
0.8985872561199126,0.0528719920627004,0.023571210701746823,0.01121747566374055,0.013752065451899522
0.8084067349181203,0.09956099460953133,0.04208166533768417,0.019828283969872056,0.030122321164792135
0.9229383146984779,0.028659158176048093,0.020703776841359562,0.012440103551691784,0.015258646732422868
0.9073183284258146,0.026382677509129926,0.025730326963098415,0.018334645900304192,0.02223402120165294
0.8763494294949029,0.05561362232875508,0.026789161452981738,0.017534823130053976,0.023712963593306328
0.8722416722674502,0.08317598748568245,0.019039679397772995,0.012861039843203298,0.012681621005891213
0.9233668957877902,0.04621300489816732,0.019412251626906435,0.005766033350401432,0.0052418143367344
0.8853238423988223,0.08794319995876888,0.012113562920446177,0.009556023387040187,0.005063371334922299
0.897374461466122,0.04981644627739222,0.027335733069536492,0.01471718204306817,0.010756177143880998
0.8445101510915711,0.10201435937284124,0.026762028673715476,0.015447872508822217,0.011265588353049938
0.919221555473723,0.046337660147452546,0.017441330204518175,0.008631446724396879,0.008368007449909572
0.9644424250255382,0.015489485379318652,0.008919694605016177,0.0068033906197506365,0.004345004370376348
0.8924057004076935,0.05084300308423955,0.026886700800295805,0.015794524754810822,0.01407007095296067
0.89385413142012,0.06981695629893254,0.0164605818272492,0.010715471794407615,0.009152858659290802
0.9198234090775076,0.056921404668017844,0.008477987598326946,0.00870447782402851,0.006072720832119161
0.9357256933609626,0.03376871825768325,0.017397930645460045,0.009523386663999054,0.003584271071895216
0.9131097301141878,0.05597153284331502,0.01641652180827133,0.008986227343123633,0.005515987891102073
0.8747611985783154,0.06727011664907373,0.02583708374118748,0.017473184261349976,0.014658416770073448
0.8385238656174309,0.0867150967083036,0.04599367230805233,0.018265388119171073,0.010501977247042191
0.8121684438615122,0.09758856428065396,0.04444668109080793,0.028731324189328025,0.01706498657769782
0.8841185449135504,0.05544751972622221,0.02542037259839538,0.019146426079688843,0.01586713668214303
0.7057621711599456,0.16209289400809967,0.06888715208851723,0.04003765603135118,0.02322012671208628
0.8153726136034638,0.09534861980047607,0.04157995651005337,0.0284808947134049,0.01921791537260201
0.9339869441729586,0.021448702600086796,0.022624588681422447,0.011883132374383699,0.010056632171148577
0.9365149827069804,0.023715128995954602,0.018592459127015005,0.009577561438998145,0.01159986773105192
0.8132415101042867,0.12260577854479496,0.03021734359269646,0.01862827348333593,0.015307094274885871
0.890669896629511,0.04274137606633299,0.03355179092046298,0.01681400135077346,0.01622293503291951
0.9239954749679163,0.029888529675528245,0.016671435357047015,0.015431877558496596,0.014012682441011776
0.9379458052833429,0.02770046914914962,0.016324014059522378,0.008634796450345688,0.009394915057639378
0.894994473035538,0.052435279292122286,0.02674792341463074,0.014110836468117121,0.011711487789591832
0.9327734228474407,0.038721248010701176,0.00926609109834059,0.009904599016443172,0.00933463902707426
0.9209188217747313,0.04399439748720172,0.018020225572786343,0.009999954678623644,0.007066600486656878
0.9115087560741517,0.05121260105922544,0.015561868129217478,0.013677556079198738,0.008039218658206409
0.6909978909373438,0.16201275557311928,0.08298166412693027,0.034677704144663216,0.0293299852179434
0.8609740435958122,0.08869238781787185,0.021685869705145498,0.017385380738144447,0.011262318143025814
0.8914749010281693,0.048147035219622214,0.03600719072112996,0.014962963909519395,0.009407909121559201
0.8928455647730935,0.06938685698852622,0.02082084319976801,0.010034899417572133,0.0069118356210402495
0.8611244120827966,0.09801020944485155,0.019231042025616023,0.013530734423088994,0.008103602023646917
0.9211330811248262,0.043576536445071805,0.017455165475680233,0.010721252982146927,0.007113963972274684
0.8692487225640749,0.07298772660841192,0.03391560171651255,0.013662175256868098,0.010185773854132708
0.8199421911843772,0.09417618659206589,0.04197131447131853,0.026657397133361085,0.017252910618877428
0.9253710425854509,0.031666714934632224,0.0202001257479741,0.0137024153243283,0.009059701407614367
0.937149757611458,0.02186220302673983,0.021090161654977378,0.014094128304679099,0.005803749402145683
0.9156556116422904,0.035626877992352014,0.02265162953395397,0.01584963352562315,0.010216247305780418
0.9121381927550577,0.04071063422895639,0.02043560396957362,0.01779316917048348,0.00892239987592897
0.945133953887822,0.0281487235932086,0.014971792958917087,0.006678885403338632,0.0050666441567136025
0.899077326033352,0.05706721128536487,0.021503972825927795,0.01195276043510771,0.010398729420247783
0.9237861425970166,0.04187589266275038,0.017236886872589674,0.009742347429316022,0.007358730438327198
0.885029185005624,0.05045682550157772,0.03275976684519392,0.01766125125772151,0.014092971389882941
0.9520456397618932,0.02161927749714085,0.015115734424173778,0.005923561199665407,0.005295787117126637
0.9572878617599676,0.022731090181432073,0.010932074292780276,0.004328782839335003,0.004720190926484866
0.9019379346402158,0.06808782874600829,0.01292549561359199,0.009825033047645725,0.00722370795253815
0.8567378563181189,0.1112809388140253,0.01475801157284812,0.010398833705798183,0.006824359589209484
0.8818633791913753,0.07140857322048029,0.023083679767723957,0.012119966277474652,0.011524401542945924
0.940746647683647,0.037492385270832276,0.009745082918867231,0.007175152124467474,0.0048407320021858526
0.9327529503473712,0.04551216554431381,0.009578066104556589,0.006314636873145883,0.005842181130612322
0.9433318061857244,0.030535395716478318,0.01377674183733903,0.00747753853002082,0.004878517730437608
0.9507847989964021,0.03355607725064379,0.007123131110235221,0.005406135265000673,0.003129857377718333
0.8637160795460989,0.062148812057839876,0.042450885554323074,0.018289960236499352,0.013394262605238938
0.920311609242003,0.03907535322848536,0.016922901167345555,0.01330564507239445,0.010384491289771692
0.9082781795306482,0.05720046566160944,0.010749334810771423,0.0163053116070581,0.0074667083899130375
0.9263502958384848,0.040963993902465884,0.011686720344713901,0.013287309112340693,0.007711680801994773
0.9382771611425654,0.028036695766436356,0.016970815549826334,0.01138079086833596,0.005334536672836064
0.7688730808008227,0.09371499375221104,0.08470346660556029,0.031431728104908956,0.021276730736496812
0.8972054754263726,0.03363412414801873,0.03762710631031863,0.021365924800819308,0.010167369314470806
0.8572434082508417,0.0708412265973886,0.031884853983457265,0.020880710027819487,0.01914980114049289
0.933945436725961,0.037679664456734,0.013782900652431037,0.008055963728720583,0.0065360344361533144
0.9183138490704107,0.039784089858829814,0.022791596191856386,0.011624200429710635,0.007486264449192243
0.9487625374380173,0.023631987167337748,0.01332548475468674,0.00877287092834206,0.005507119711615992
0.9327607713271209,0.042574408416106484,0.007977971350634102,0.009023515103428728,0.00766333380270964
0.9515309548585199,0.02520778147353538,0.010746231438243653,0.007685740116684184,0.00482929211301688
0.9527027018854473,0.031046826434546343,0.007907418348460196,0.004642594863895322,0.0037004584676506207
0.9169290477052994,0.055577350338470805,0.015059238063792064,0.007361321456204733,0.0050730424362330035
0.9015088123047877,0.07184151181037922,0.013736260034792122,0.007084465599782287,0.005828950250258265
0.701026480380801,0.14726292729246573,0.07674968396074917,0.04168009784980521,0.03328081051617895
0.8161142367274697,0.07644239102183883,0.03268143619421513,0.029690930574150873,0.045071005482325455
0.7971946801956343,0.08507174588923772,0.06479203148446723,0.024414614140955776,0.0285269282897052
0.8191861190316939,0.05826202189418041,0.03627041785218684,0.03679938060263279,0.04948206061930598
0.8583399361026645,0.04225337958310897,0.060500527685325496,0.02273892390274397,0.016167232726157055
0.8992370156687041,0.04836205005381534,0.015184546022799778,0.022544355376262332,0.014672032878418442
0.9360882296938237,0.028347492130734814,0.01575808515500048,0.012211667368619223,0.00759452565182197
0.8854176593321273,0.06958329849124609,0.018746937110198106,0.01284627954029972,0.01340582552612853
0.8702612781738289,0.08267297294509655,0.020830940543275674,0.013919199276878336,0.012315609060920696
0.8338506446991308,0.07594591265218223,0.04623051485682875,0.02249591629243451,0.021477011499423777
0.8643182678345319,0.04675136294123598,0.053041777058166484,0.02303337264084362,0.01285521952522213
0.8719779516740407,0.04927738917894072,0.04174435928772869,0.020119493633887507,0.01688080622540239
0.9569514167309696,0.013422605971287799,0.014177662255382157,0.009404993581286577,0.0060433214610737225
0.8656321046369653,0.07654852407258368,0.03130043279111056,0.014772574129740274,0.01174636436960005
0.8997896643833877,0.05821387122884884,0.022218317891053368,0.010607016117412663,0.009171130379297517
0.8659729504887389,0.07615104314793555,0.02192725038944915,0.017427200836635768,0.018521555137240752
0.9357672012064057,0.03181651840482289,0.014675349490250865,0.007965488755421385,0.009775442143099252
0.9190438453975164,0.041752093502718225,0.018561800915024868,0.010938899389324151,0.009703360795416494
0.9240808927030028,0.03441941584184735,0.012703648569337615,0.013632437315998894,0.01516360556981335
0.9176175325462922,0.04037537911578866,0.019196025467393248,0.013330330934829574,0.009480731935696285
0.9274028554906112,0.047217905181430354,0.011733572771690912,0.007177296862150998,0.0064683696941166755
0.9380693153126954,0.03847094067960573,0.010317425764686989,0.00678924261381762,0.006353075629194235
