Delta_Power,Theta_Power,Alpha_Power,Beta_Power,Gamma_Power
0.9465902600726733,0.023293835577856845,0.01167650529485079,0.012839410017804762,0.005599989036814376
0.9509064250761187,0.02332677398684256,0.009920410635330529,0.012075959461586594,0.003770430840121645
0.8907059919710297,0.03977310807977102,0.04011676593198597,0.02327783441884879,0.006126299598364375
0.9294730211844077,0.03427049849125483,0.021539455253571278,0.011438219598875416,0.0032788054718907067
0.9364403904444305,0.035325033673712404,0.013009006011418413,0.012224076568580393,0.003001493301858411
0.8565138369120604,0.06651744917013952,0.053052650505442465,0.018758498096626136,0.00515756531573155
0.8983472102094863,0.04916286066067717,0.030760302476649966,0.017330724923645752,0.004398901729540784
0.7609997418244833,0.14273443979951617,0.035510149874224156,0.050417654109922515,0.010338014391854024
0.909934781996898,0.037961578757963556,0.02535953881764667,0.021762852062612994,0.004981248364878653
0.9121470225140225,0.029119175165724435,0.03522798518336499,0.019143528222594457,0.004362288914293681
0.9290716192689773,0.04228790090128631,0.01754687037199138,0.008285497509181587,0.0028081119485634035
0.7892480643616607,0.08564463426235357,0.048501174303830025,0.054290161865822084,0.022315965206333766
0.8140551217384359,0.08170200142473762,0.055355829048202264,0.0325499092452414,0.01633713854338269
0.8842318405083531,0.0679109036212963,0.026256327362733704,0.01716845929877937,0.004432469208837292
0.8385075590191587,0.0949468177443043,0.02493949242991347,0.031960397600437146,0.009645733206186348
0.8991540885361687,0.04218926959755994,0.028377817376133676,0.024792440167865214,0.005486384322272455
0.8973490940588719,0.03784787718032801,0.03401230194018806,0.0260491985810416,0.004741528239570413
0.8878095658636551,0.06247505166688703,0.02620570738015666,0.019099507878044226,0.004410167211256961
0.9232204058783762,0.04028386556955639,0.020581305477778398,0.012449059139612868,0.0034653639346760965
0.8139341651198976,0.08882075378113469,0.051894549146200585,0.03676849850626471,0.008582033446502439
0.764744948737607,0.08508443404271965,0.09588646653887772,0.0415618073394795,0.01272234334131614
0.8694719136457555,0.04584388551994484,0.04778461828107017,0.030741794852898335,0.006157787700331165
0.8827512408875821,0.03879792020814963,0.054384563038045335,0.018704617113771766,0.0053616587524511474
0.8645671054576703,0.05349584470913913,0.049854774404352944,0.02556736877087749,0.006514906657960075
0.772038492522232,0.09676735646317017,0.08604747354667323,0.03747586445567083,0.007670813012253754
0.6576319356358046,0.162895101633367,0.11062191851449539,0.0574450182056154,0.01140602601071768
0.9016370728591259,0.05391876757495419,0.021946518026843446,0.018520311693041316,0.003977329846035129
0.868220554167864,0.08059399588923692,0.03137261063513431,0.01616204616684688,0.003650793140917871
0.8485684627288684,0.09159884046147644,0.03233012426690303,0.021761122371330075,0.005741450171422043
0.8924440155906638,0.04263490637645206,0.04022618630079871,0.02088356795844404,0.0038113237736416518
0.8792485818447924,0.04786406820732379,0.05082426263006824,0.01813384594740257,0.003929241370413137
0.8873027891218507,0.05002561314861628,0.02192121090364686,0.029041872730586227,0.011708514095300127
0.8491045760517852,0.07023212303541536,0.02451679120403632,0.0386009231039519,0.017545586604811068
0.6825149536324541,0.19558621819640437,0.05736765014248633,0.04730368306223557,0.01722749496641992
0.925462601729772,0.04116822993458004,0.017888777954401337,0.011722546231466595,0.0037578441497798905
0.7844268539038556,0.11738496837984558,0.05527171530605085,0.029830873431303594,0.013085588978944686
0.7894149225084366,0.0750435818397256,0.06110317987230823,0.05021831681348931,0.02421999896604024
0.8023440660965515,0.07368046060101148,0.0581934330944814,0.04510101312503176,0.020681027082923877
0.890722915423479,0.046993674361401935,0.03435545540640737,0.02106982699870973,0.006858127810001865
0.9037789845443022,0.05447188953818546,0.021422563946957004,0.015813566176779828,0.004512995793775464
0.9274764398091185,0.02975868767880337,0.020853490442890758,0.0175805941971311,0.004330787872056389
0.8647548723255605,0.07124456863370537,0.030009259010094064,0.028672135068457706,0.005319164962182651
0.7555689051910504,0.12344696599868538,0.07356001743308581,0.03877575244463629,0.008648358932542134
0.7246788416565161,0.11847941403475103,0.10470113319714736,0.04251919558587231,0.009621415525713292
0.90984413114725,0.029127461087185842,0.03910309430955121,0.01890979982509145,0.003015513630921526
0.8706842666016769,0.05837454047680462,0.05193025884929563,0.015413788368858723,0.0035971457033640167
0.8690843707893318,0.04897212382219854,0.05855087761864242,0.018345653501232212,0.005046974268595247
0.8354622045865515,0.08110545323823261,0.06565629617690612,0.014584433897324178,0.0031916121009856802
0.7754650671401759,0.08319595860182072,0.10062129328653471,0.03362349408475198,0.007094186886716858
0.871771864543458,0.03768310355904033,0.06712486583677044,0.01978103953568702,0.0036391265250440437
0.8598908630676413,0.07023468130560262,0.044909714656176325,0.02119206407539056,0.0037726768951890054
0.7926369591670521,0.06816105911626837,0.08762664346889171,0.04133900111229568,0.010236337135492183
0.8967345287317099,0.05395906248332347,0.028588117174909798,0.017315139806171016,0.0034031518038859843
0.8717615188723263,0.08163494466539539,0.017758154257899363,0.023528869456951356,0.005316512747427458
0.8151384131968479,0.09097088209043964,0.04921059411336546,0.03669533496400385,0.007984775635343168
0.9009271730923957,0.05557140761815105,0.021613253381276277,0.01801717520521657,0.0038709907029606224
0.9360403094862586,0.02377956803224896,0.026445971695485643,0.011562649205085143,0.0021715015809219656
0.8357766886952813,0.07447439535250513,0.05544581693810718,0.02694457150340223,0.007358527510704224
0.9386270930184516,0.03100699410507325,0.019286268871412115,0.00860561482163391,0.002474029183429041
0.8966468703464183,0.05688361370418534,0.026418417873181523,0.016197261181038293,0.003853836895176609
0.8187083214543156,0.06922626236447928,0.06930326094829597,0.03483047412858482,0.007931681104324375
0.8652551436711416,0.06275448460184693,0.046725851341501354,0.020843952951403975,0.004420567434105897
0.9113577928599299,0.04524356458154003,0.026686740327193148,0.013188477451201141,0.003523424780135718
0.7608385527246815,0.07717462297373273,0.10944250122046717,0.04594962841567197,0.0065946946654466985
0.7387489671790302,0.10458220633283759,0.10768961301380306,0.040839970719023906,0.008139242755305325
0.8784691978206615,0.057773297219023884,0.04045567617894511,0.018608249546832507,0.0046935792345371005
0.7103103678314372,0.1437105138882569,0.08184530124630883,0.053571438682113226,0.010562378351883964
0.8689532710820151,0.07153320651021938,0.03844657238687509,0.017210360498036037,0.003856589522854168
0.8500585414514461,0.06340213100935191,0.0588239311587634,0.023339793579333582,0.004375602801104922
0.9236692255375112,0.036327196470272174,0.022872247994215538,0.015277267713338571,0.0018540622846626314
0.940111643047697,0.021299132414867646,0.02576938398105969,0.010816037370794467,0.0020038031855811505
0.8225865401488885,0.07081059177580591,0.061236620447737436,0.03842259110987889,0.006943656517689352
0.8152812900290035,0.099990679903189,0.0588674578248032,0.022011677473730243,0.003848894769273912
0.9001173246105211,0.04431282925344543,0.035088303586133046,0.01690182651495392,0.003579716034946424
0.8509009003493881,0.047394840315501056,0.07464889640425033,0.02252654228653513,0.0045288206443250675
0.8560248388047387,0.0636094467745453,0.054951964915247314,0.021906577561700072,0.003507171943768774
0.9332939864481807,0.034469625730777186,0.016857724244299675,0.01227811678007918,0.0031005467966633772
0.805742217339318,0.1171606104822704,0.03771938458033824,0.033800045925148105,0.00557774167292531
0.8094720230920137,0.10419877730907898,0.050213422550862266,0.030023887761547133,0.006091889286497822
0.7976342105648292,0.07354582151860835,0.07109885317931464,0.0509242325010848,0.006796882236163082
0.8338984469680537,0.0721511613603432,0.06287336357248999,0.02560291179658575,0.005474116302527226
0.7521828067894263,0.11167606935414726,0.07077033778928542,0.054689617534140235,0.010681168533000806
0.728979964208746,0.12730849126537225,0.09270975984331645,0.04159560907354662,0.009406175609018779
0.8476309394550766,0.07987385717929292,0.03696131036674081,0.029867218802078585,0.005666674196811181
0.7549968017144071,0.13278683612837847,0.06807056133771824,0.036647047951471674,0.007498752868024696
0.9151046948146601,0.040633155194411345,0.02259919715775184,0.017102141331571747,0.004560811501604977
0.8438549064159441,0.1099634294305095,0.017827949705655245,0.021881148570528395,0.006472565877363024
0.8627844708161551,0.08848776903583577,0.017253354163023184,0.025775370273623553,0.005699035711362584
0.9239201044432079,0.05177067090226211,0.008287575125587091,0.012193300091244067,0.00382834943769882
0.9541327280776458,0.025532515650415182,0.009756206566899402,0.008141020326173379,0.002437529378866393
0.9074655393202117,0.043621754934176894,0.025087065730863643,0.01872411278969764,0.005101527225050091
0.8577587708159696,0.08017121129401786,0.03489435793085201,0.019352569062705233,0.007823090896455243
0.8781245963363691,0.04803159130520118,0.04431270251638317,0.021791967923148553,0.007739141918898039
0.8669962112486476,0.06792160329841243,0.03982941791663337,0.020965926189777287,0.004286841346529431
0.826462211098536,0.08873607964930846,0.05122721478513006,0.026354947622709055,0.0072195468443163645
0.9021714084943837,0.07093038709853386,0.01421362844164354,0.009836950851125252,0.0028476251143137034
0.9218780867284448,0.04242870042086982,0.018609422937769737,0.014342804880189679,0.0027409850327260784
0.9246456174868442,0.026034234265777452,0.032394788501404884,0.013093239636748357,0.0038321201092250926
0.7884449789044385,0.07653260580441057,0.09826535125160607,0.028892134808288537,0.007864929231255998
0.876013468362357,0.06499630533207401,0.033832705370514096,0.020766513903078924,0.00439100703197582
0.9582725951170766,0.019865126500994642,0.013501705289708177,0.006373085498783877,0.001987487593436709
0.8193752402468982,0.060103963845257125,0.07732088238759893,0.03448233993988417,0.008717573580361727
0.880750659956107,0.0594571359115251,0.03752373039250076,0.01829761262807484,0.003970861111792336
0.8918312523761299,0.04427932652427139,0.04043810194033397,0.01861238930397067,0.00483892985529405
0.8540061329340165,0.07091429479534281,0.053715089613838675,0.01725296404706768,0.004111518609734445
0.8689992563541203,0.05804057296487131,0.05038233239335076,0.018094978960890986,0.004482859326766711
0.9158897583461139,0.042686830898340015,0.019212688120280902,0.017366597679170957,0.004844124956094484
0.8957077949787388,0.04781341114239004,0.035529788656802425,0.017689188346036402,0.003259816876032335
0.9079453229880429,0.04869013913742399,0.018345459048103325,0.020078072438261634,0.0049410063881683685
0.872534830559953,0.07441438117913049,0.028239575817226664,0.020093699759408556,0.0047175126842813305
0.8612974654496754,0.08430569725977459,0.03148753404121055,0.018981194306436557,0.003928108942902749
0.8507588997198696,0.06464807616232467,0.0561292739065643,0.02176350754984066,0.006700242661400888
0.9372768259794045,0.024069188761766985,0.022927616885863682,0.012743048983821819,0.002983319389143264
0.8397111546496686,0.06275453791043903,0.07010686897982843,0.022122607574852685,0.005304830885210945
0.8593006417155868,0.07971651241373998,0.03748974910135478,0.01809587929203327,0.0053972174772851204
0.8209790508445253,0.07176687161259078,0.05653899824230857,0.039015956337428194,0.01169912296314742
0.9347470327505468,0.028873160126458616,0.018427052758040203,0.01437711510154542,0.0035756392634087486
0.9071322250572149,0.05478131863826631,0.017032706066408037,0.015466693750851024,0.005587056487259807
0.9309022726366538,0.023720322323413368,0.02715121520833679,0.014954024682296481,0.00327216514929937
0.9043138381820144,0.035119713352150785,0.04053475818272589,0.01412277659759136,0.005908913685517453
0.8637341617028623,0.05527613409277212,0.048954659381027124,0.02706887963958314,0.004966165183755239
0.8623743944288017,0.08724259847649653,0.029529546595175277,0.01743664261289112,0.0034168178866353896
0.8179367558441779,0.09041860458927252,0.0526418205259372,0.029739258142481843,0.009263560898130569
0.6483504338764317,0.2082053675297282,0.09778047307434964,0.03647372947362619,0.009189996045864488
0.6839980896784035,0.14882650374006437,0.10867322127195647,0.048466220290893175,0.010035965018682563
0.9019899565482975,0.0470154232490189,0.025616035100735454,0.020775315004546397,0.0046032700974018
0.8487661545801198,0.05660166533835309,0.06300967799673877,0.02605862093357459,0.00556388115121388
0.8989771796456693,0.04489711629408041,0.036358781193328825,0.016528392554398575,0.0032385303125228976
0.9175557965849357,0.037353223132550184,0.023516680639482493,0.017914638739986017,0.00365966090304553
0.8376566063031442,0.08141036445448413,0.045563673289730246,0.02958427054336048,0.005785085409280829
0.808870012786188,0.10659099482719732,0.05357260366657646,0.02724224423999314,0.003724144480045171
0.7436716162040965,0.08436779277333822,0.10164658798128717,0.05983763030913298,0.010476372732144905
0.9430666439354458,0.02576456931205448,0.015485295143852496,0.012342699321200391,0.0033407922874468215
0.8260301281202322,0.077421821738296,0.05862899251047907,0.030354392217661796,0.007564665413331
0.7725553380620679,0.09705423256010445,0.07700876730774418,0.04502304062089201,0.008358621449191339
0.8327658850376474,0.07459730197586084,0.05766941006627353,0.02851348746405909,0.006453915456158963
0.8521231895305709,0.06700192972345415,0.045986489706117094,0.02900279900158349,0.005885592038274251
0.8738017436735706,0.05647926486315718,0.040514222291605555,0.024535280104074932,0.00466948906759179
0.912209238891486,0.04852103157598821,0.02043898977132659,0.015273253637758093,0.003557486123441213
0.9020176782573143,0.04843692202306574,0.02656004211282093,0.01888986240825748,0.004095495198541578
0.9222011057640657,0.026577969911598352,0.031501534182349474,0.016637227647470457,0.003082162494516167
0.7190329469211215,0.112687856538222,0.10241758914007937,0.0475018850993801,0.018359722301197076
0.7980155293496775,0.08725771579123734,0.07020763403356227,0.0388057102080992,0.005713410617423821
0.7907041224723537,0.08916890733129416,0.08163701694724262,0.03375941027421674,0.004730542974893074
0.8310911236849035,0.07970473530903345,0.05001463168368961,0.03275003875753332,0.006439470564840388
0.8583224386733882,0.08396014954345732,0.028622780000540807,0.023584905608588405,0.005509726174025224
0.9260543439872922,0.034067927596819286,0.020969419672434965,0.015445153017216023,0.0034631557262375955
0.8171282113793797,0.07466899087746896,0.06756504181486839,0.03256820903821786,0.008069546890065227
0.8511796665375106,0.061267057470666124,0.05230029282632832,0.026391452803875146,0.008861530361619489
0.9357945109016713,0.020532185937903943,0.02521296937603683,0.015241477344739407,0.0032188564396484673
0.891179852252218,0.049131574550784825,0.03485878911212717,0.019617392954741398,0.005212391130128762
0.8132975782192834,0.10249026299810317,0.043214963660790855,0.03237806445323983,0.008619130668582753
0.8725513323971866,0.05154150177922562,0.05591731795101716,0.01689507467120845,0.003094773201362074
0.8858128918847055,0.0492324830316033,0.037787599926111935,0.022057541461247575,0.00510948369633192
0.8264455445470754,0.07336203208804569,0.06846068234672686,0.026107429530561867,0.005624311487590349
0.8947326129021562,0.046530999249884436,0.027082745533427852,0.026306079454880716,0.005347562859650898
0.7897289633429719,0.09835330492537453,0.071404644485991,0.03320820624363112,0.007304881002031231
0.9197994106881673,0.044489668219796226,0.02014383980752989,0.013072914571434035,0.0024941667130726195
0.89340059094066,0.03881027161844983,0.04095638037496134,0.02191895858279794,0.004913798483130928
0.903722374651719,0.027568419965997737,0.04569204276341478,0.019381911958949893,0.0036352506599188054
0.8746877862370964,0.051943622747515183,0.04080106142128522,0.027382218003806132,0.005185311590296944
0.88044656445084,0.05070365412366055,0.041921691907861505,0.021621303922813945,0.0053067855948238565
0.8907780590917797,0.04950921649097987,0.04066487349432974,0.015427032327326538,0.0036208185955844707
0.8998977106792908,0.05232485001202236,0.025940276042424278,0.018390935302800136,0.0034462279634623373
0.8075488364644836,0.0977454635963623,0.053548380790034045,0.035027841801787106,0.006129477347332844
0.7916989859386385,0.08753087927281689,0.07707771386011374,0.03602156704137855,0.007670853887052153
0.752742860216753,0.15288234822703822,0.04284637896426092,0.04287989358020119,0.008648519011746743
0.90081929547116,0.049980756212289264,0.030257899417430265,0.015595122965359056,0.003346925933761506
0.7466728761526745,0.11721006060262504,0.09190061447295701,0.03580626313934106,0.00841018563240233
0.8243469815613796,0.08648918517996669,0.046214396953784376,0.03472235618838871,0.008227080116480576
0.9451269548526999,0.023860968267524024,0.020939726598861362,0.007978029348386503,0.0020943209325281083
0.6937890480964394,0.12271631709889637,0.12341499389444475,0.051099388527093476,0.00898025238312601
0.8649703571261124,0.06962303914774966,0.04300591612470868,0.019177232952394267,0.0032234546490349423
0.7036962171323998,0.15632431877196118,0.08432020319919849,0.04858291169829547,0.007076349198145016
0.936434346846809,0.026329401084075423,0.023531315668997087,0.01066185429408023,0.0030430821060380146
0.9298383400938336,0.028842558674380993,0.026876701567583008,0.012209736995079512,0.002232662669122918
0.8935492165489228,0.05329191539101749,0.036303067326670095,0.014428529523992989,0.0024272712093966393
0.8112981058692158,0.1063021265544729,0.05918576235545604,0.01813217755214305,0.005081827668712254
0.9295396725194518,0.024088187951475045,0.027707216538715083,0.014887538204417627,0.003777384785940531
0.7888930917359469,0.12756479042590432,0.04023417006313124,0.0331518410678124,0.010156106707205114
0.821517482609516,0.0791794443167158,0.06349552954427254,0.028637972796207913,0.007169570733287774
0.8729426778128344,0.04945003976394216,0.048284421783469506,0.023557765969146664,0.005765094670607202
0.8469971725669003,0.07747522881176237,0.039566607670211244,0.027875005814136638,0.008085985136989325
0.8515530360987543,0.05193925587773078,0.05849542331994356,0.03181245579163507,0.006199828911936056
0.8602446766158877,0.060833093105249994,0.057087901622651656,0.018409933011799964,0.0034243956444106423
0.890465432581436,0.041564433656872526,0.0412052457314916,0.023197867379311364,0.0035670206508886556
0.8039245323546921,0.07323888261257579,0.08312489928481978,0.03269454466367872,0.007017141084233407
0.8046663891307883,0.05134902005607811,0.0942014558714861,0.044057472500089734,0.005725662441557623
0.678727402584115,0.12265223781784237,0.1402973843918422,0.0490508012706497,0.00927217393555068
0.8451894734277308,0.06594562831193564,0.05761337653679866,0.02492929329971195,0.006322228423823064
0.6561000235273132,0.14585781784300536,0.12720835040753942,0.05966610604983579,0.011167702172306296
0.834138460761915,0.07001430786999854,0.06385302026282547,0.02603665511756677,0.005957555987694398
0.9045313614455675,0.03406251104438747,0.04014576353235072,0.01734243510083766,0.003917928876856514
0.7509484880413779,0.11234257729041587,0.07768049682958744,0.04899728015652064,0.010031157682098151
0.8144296457600406,0.06648313226197694,0.08305365429228073,0.03041176046909098,0.005621807216610615
0.94902153926424,0.02016540904024796,0.018964759125270993,0.010156961824592858,0.0016913307456481756
0.8360854813226178,0.09192667777093841,0.04910119064438508,0.018590473986320372,0.004296176275738356
0.8393288295866549,0.06327703897847138,0.06349787834356284,0.02671549295022232,0.007180760141088407
0.8578295785878556,0.050295437249043395,0.06140200597519983,0.02355007651699264,0.006922901670908804
0.8754539708344775,0.06719766231056154,0.03495656509594235,0.018530912007502832,0.0038608897515156034
0.8367178980212608,0.0878515536703958,0.04829657461995336,0.021343276972928767,0.005790696715461169
0.9078202494560406,0.044031044476640496,0.023938719324404688,0.01948359902362836,0.004726387719285787
0.8209055836930537,0.08811003478282836,0.05331941475649648,0.03227229614685493,0.005392670620766764
0.78141851602419,0.08486459121815564,0.08340796453561872,0.043357025515366535,0.006951902706669226
0.8316841816249883,0.07374851838018946,0.05811967294243655,0.027677022587756027,0.008770604464629739
0.8600657658874491,0.03920302061301442,0.06264871308005728,0.02946978056255953,0.008612719856919868
0.7848794433632552,0.12981046801108187,0.03890946144760208,0.03589932361806887,0.010501303559992124
0.913617585160497,0.034508244187363035,0.02494634676393874,0.022551854833811474,0.004375969054389835
0.9035701429188814,0.04645094315244585,0.03260673061953717,0.014057833224715894,0.00331435008441995
0.9201484076008707,0.043805155481121495,0.01673853580752247,0.014922201296154762,0.004385699814330402
0.9006757813280323,0.040276608942883256,0.03085553884379016,0.022998382686132288,0.005193688199162038
0.8636315868003048,0.03267379444167473,0.06571067586797782,0.0307456611932361,0.007238281696806691
0.9110224694334272,0.026577338376804118,0.03219957852564588,0.025466288310430445,0.0047343253536921755
0.7020936901019873,0.13183742201284818,0.10171488782447602,0.05404065828959153,0.01031334177109723
0.8542529828127681,0.040741409588482075,0.06100170320637107,0.036578903554331424,0.007425000838047287
0.7507475495908749,0.11884826161289934,0.07341570427074327,0.046810300789633316,0.01017818373584911
0.8749654362800039,0.05862244492033359,0.043778977271912566,0.019199318269013572,0.003433823258736253
0.9318329720585817,0.03379476995923479,0.018821728004586456,0.012013221526781064,0.0035373084508160805
0.8524501616492998,0.06253533571113483,0.04201140336663551,0.035206066144696214,0.007797033128233815
0.8576630955614384,0.05939391766945582,0.047548501499875134,0.029233070405564904,0.00616141486366574
0.7509689643018587,0.12777802631457916,0.07468718796156243,0.03930797707722957,0.007257844344770322
0.9123026232810814,0.023992683305474074,0.040856392746464784,0.019924722689717962,0.0029235779772621533
0.8613700397596653,0.037518988230893564,0.06693458772430531,0.027778473618016847,0.006397910667119116
0.876091286278176,0.04470659223805199,0.0457467190496596,0.029011758673922566,0.004443643760189814
0.8906451924205584,0.05561763338454886,0.026609579546510064,0.023130508564741716,0.003997086083640936
0.6465012226692416,0.1402689149492103,0.12374565300846305,0.07226661754360024,0.0172175918294849
0.9281772641668399,0.034250403192988575,0.01671791632928856,0.014544762760117876,0.006309653550765038
0.8698235389009765,0.07091636869699634,0.036327375342161926,0.019444925456588925,0.0034877916032761604
0.7975421153299938,0.09017837285867028,0.0573591800923954,0.04433706869285815,0.010583263026082286
0.7747428690307181,0.08518696623937602,0.07444471034139122,0.052658141220997094,0.012967313167517478
0.7314287073846272,0.14545837372279108,0.052779757098253464,0.05788971430106482,0.012443447493263565
0.8661522869767401,0.05263578609519888,0.04724411604963325,0.028530198946553956,0.005437611931873948
0.8323136163230507,0.05075480485646714,0.07570332531846743,0.03531430567279089,0.005913947829223681
0.8372738116783277,0.08131453340801344,0.037207637241177954,0.036148384198049284,0.008055633474431412
0.7909240417615765,0.09507035444421125,0.07220478147207286,0.03485919988212405,0.006941622440015161
0.828143176218768,0.07931392436317032,0.06191450404252419,0.02428456965582244,0.0063438257197150445
0.7741897500688595,0.09092218332453271,0.0913168874912658,0.034819485039187074,0.008751694076155118
0.8173688118060284,0.0851296936649113,0.06119792711816283,0.02899374423489798,0.007309823175999568
0.8990007894399773,0.022899500943990927,0.05011094744318835,0.02236238158747005,0.005626380585373474
0.8591594795130176,0.06411654219825123,0.04884189993647942,0.021980340932823996,0.005901737419427537
0.8271008068164598,0.07630688487484553,0.058769161439558855,0.03026212629550925,0.007561020573626479
0.8087993830801763,0.08070159064207319,0.06553831031435953,0.038571569144266085,0.006389146819124731
0.8178970397858946,0.09221282204990203,0.04328682923037013,0.03800162526804962,0.008601683665783755
0.7428888185949751,0.15099393080928206,0.05721396127152886,0.04263561113759902,0.006267678186614908
0.7722730748640391,0.08882474802276087,0.09340552327359165,0.037825058676411165,0.007671595163197147
0.8333630566722926,0.07284279916228933,0.06139141216961843,0.025010387656309235,0.0073923443394903355
0.713352257706009,0.09173077036074011,0.12890912102929403,0.05506772344239479,0.01094012746156215
0.7807366217720724,0.08841362451811878,0.08818050143172537,0.03422487714531804,0.008444375132765346
0.5741657224828254,0.12534995912956004,0.2045026029389873,0.07899123026289491,0.01699048518573217
0.8863298317927527,0.06564590191038434,0.02164852918281946,0.02203949600314032,0.004336241110903021
0.9124215159390654,0.041071017785256826,0.020895334090362615,0.021766499178271316,0.0038456330070439863
0.8386522857737653,0.04711318864633978,0.07922497879608054,0.028767574678575773,0.006241972105238814
0.8293044542926119,0.05574756136026168,0.0789776549318617,0.03064673617689342,0.005323593238371248
0.7683256625811433,0.1032145716777216,0.08688055956856601,0.03602909967986623,0.005550106492702843
0.9328002043300713,0.03149437050542206,0.02233497029623729,0.010558735046536726,0.002811719821732687
0.9165624161057563,0.03234172239010566,0.03162547521284176,0.015714283326428637,0.0037561029648675915
0.8643096222157677,0.0485865235222205,0.05788333212707388,0.023997501514169427,0.0052230206207684
0.8913519666821714,0.04352453182050061,0.03645249061561349,0.02405496180628419,0.004616049075430228
0.8559876406136737,0.06666156111064896,0.043275278435275503,0.027764082782491165,0.006311437057910553
0.8060563617697367,0.08736784833461643,0.05934159142299987,0.040465572617831846,0.006768625854815375
0.712428479304182,0.11892454595741175,0.10825769732581286,0.051076247055596144,0.009313030356997336
0.8786371294751115,0.029222717032879524,0.05810713746569728,0.029048339361079832,0.004984676665231998
0.7378906519582004,0.13517568014942527,0.08982619515016492,0.029590790769226435,0.007516681972983049
0.8582407109424894,0.050939057118788725,0.06352260583446728,0.023256139654939664,0.004041486449314849
0.9199949125861883,0.030148901026863496,0.03347847042789709,0.013058090156315628,0.0033196258027355383
0.926514645498517,0.030674565050694096,0.026986933963156167,0.012547341925894758,0.0032765135617378992
0.8219094926233905,0.07561553752781364,0.05605073741182523,0.03922567276909195,0.007198559667878601
0.8406485590402792,0.0742312249632213,0.04656555916359052,0.029510889547047017,0.009043767285861799
0.84125313505077,0.06052393647910101,0.054264376921972654,0.036304450050643845,0.0076541014975122805
0.7953956793562169,0.06578609285981639,0.09721999230204004,0.033206221018797846,0.008392014463128929
0.8474483963398801,0.07515150419663714,0.047958423231280016,0.02365607596315263,0.005785600269050237
0.9023939463305537,0.036809523360990706,0.03623765528520485,0.02113235599991026,0.003426519023340471
0.8363243756560893,0.053099910585110516,0.07109387022031502,0.03266429099668104,0.006817552541804001
0.9027167050466857,0.036101226757577064,0.03871592431003342,0.018822981041218798,0.003643162844485292
0.8212306902947563,0.037330903384636155,0.08813621050610491,0.0441553110061131,0.009146884808389339
0.9363059290486505,0.02000001534825855,0.022881878829982598,0.01772896263619505,0.0030832141369135286
0.8393876698175544,0.049961243659310595,0.07461206263279568,0.030038603163747214,0.0060004207265921886
0.7900306072315137,0.07916823357154851,0.07454201899594834,0.04512885525660564,0.011130284944383888
0.8974771830103082,0.04362989014451827,0.037333602687345466,0.01703860941616822,0.004520714741659799
0.7236877675661488,0.12221246655892425,0.0924138611097205,0.05024233800830708,0.011443566756899698
0.7535415023299089,0.1289637017504045,0.06505534198981641,0.044032953582821666,0.008406500347048373
0.8033437569757902,0.0906352997290511,0.052060700252366164,0.03873577713044635,0.015224465912346274
0.7745057317898741,0.10902462043652693,0.07625127259242291,0.033244881554339176,0.00697349362683673
0.6973157266344953,0.15832133482331573,0.09291910773676859,0.0428547104548278,0.008589120350592526
0.8397511610510384,0.046397159464416894,0.06971763963295641,0.03716519648724025,0.0069688433643482735
0.9389981833544001,0.024204129956371816,0.017618742198582758,0.01695745050670252,0.0022214939839428375
0.8639338927803365,0.061002416842990397,0.046970366014928856,0.02330180715709386,0.0047915172046503725
0.9043674994254554,0.03870295366913245,0.027430270000623726,0.025221929523537183,0.004277347381251259
0.8385799140802669,0.06355094403672913,0.05038073756399948,0.03853295360762904,0.008955450711375402
0.8599548762544412,0.048891868173353455,0.059323177554127804,0.02729143719524487,0.004538640822832694
0.8912604454396693,0.04875372334116462,0.040063722738383406,0.015535965959123002,0.004386142521659714
0.9497926994312001,0.021734410513480133,0.01355192179357099,0.011240665238449675,0.0036803030232990604
0.725446095729539,0.09247523903647131,0.11493151661982741,0.05681776246741545,0.010329386146746956
0.8058256696413094,0.08645032933330281,0.07148612012504288,0.02886745631508444,0.007370424585260412
0.776950722883611,0.10168412362807944,0.07141878724995367,0.04137490842666557,0.008571457811690325
0.7987693656140158,0.06588641267209812,0.10040574068015856,0.029759222753417334,0.005179258280310299
0.8218753290902279,0.08147670215604687,0.04927179017242143,0.04217909150618742,0.005197087075116212
0.8090491730385929,0.10065547282463144,0.050797508886658294,0.033339958459306276,0.006157886790810916
0.7776504923296698,0.07988887700984049,0.07914614875688779,0.05437396564476588,0.008940516258836066
0.691479134021934,0.12713771898812656,0.11058862152315428,0.06048052092189264,0.010314004544892508
0.7962445738595066,0.0716984018924461,0.09037679961414505,0.03561272240053613,0.006067502233366269
0.80837590658236,0.07014043977633842,0.07891944838582426,0.036518329578174975,0.0060458756773024815
0.769455224405119,0.11301809137787674,0.06212420841988332,0.04791602435670653,0.007486451440414058
0.9217410512330234,0.036230263193934305,0.024132743787592156,0.01495632110026158,0.0029396206851882542
0.8782277669417539,0.045947862147736294,0.046807397605423434,0.024064482217040863,0.004952491088045322
0.9286214560835316,0.01627071702557144,0.03797619295949858,0.014632547699491719,0.0024990862319066573
0.7528489934369251,0.0851141193211358,0.1116570021218676,0.04109231113989128,0.009287573980180243
0.7682344554755997,0.11866460050098539,0.06699113008311816,0.03751624496258324,0.00859356897771391
0.5915819325470252,0.1452950198956752,0.17917128192067416,0.07019334761781115,0.01375841801881432
0.8360744499444751,0.07422165627510137,0.06019213892997523,0.024018504589024357,0.005493250261423732
0.8770659181311137,0.0578718111489384,0.04236666516792507,0.018324138920963278,0.004371466631059569
0.8789017286566992,0.040843305901860236,0.0527457913439814,0.02285225740479702,0.004656916692661827
0.885920997361656,0.04147363885886222,0.036905002354667094,0.029509569585312673,0.006190791839502141
0.7231998031356721,0.11762544558188258,0.09731138216606,0.05305862144253708,0.008804747673848248
0.6684693533358684,0.15092595115285468,0.10120103192169477,0.06642070016699922,0.012982963422582988
0.8322957832270781,0.07135736172575774,0.06266928738188011,0.028928908838758746,0.004748658826525474
0.8780461994882603,0.05425206508505938,0.04121580519398152,0.02264869451297854,0.00383723571972031
0.8972526489274386,0.04373375599294341,0.0414487170997135,0.01376549252507941,0.0037993854548254726
0.8356656976486241,0.07336549195990615,0.05609287638154227,0.028751323066513797,0.00612461094341353
0.8305412638918864,0.070209110111188,0.06359647272096611,0.029726805895130222,0.005926347380829489
0.778108270886372,0.10171508422655107,0.0662339525371919,0.044165426755059946,0.009777265594825094
0.7742616573777064,0.07578594528945108,0.09290442094739583,0.04562369864165482,0.01142427774379196
0.801614004621686,0.07561619019801345,0.07418959314790377,0.03901372260688307,0.009566489425513658
0.8619931826641929,0.0571198532432328,0.046025154956810345,0.02854725521868159,0.006314553917082201
0.8995750397826201,0.042754238442582526,0.027195714948939565,0.02249278381954153,0.00798222300631648
0.7663957408896621,0.11019421313041831,0.04001820128489655,0.05489156640303218,0.0285002782919911
0.8375361143546194,0.029438240026017606,0.017101926687876686,0.04952741379030072,0.06639630514118551
0.7592507063296648,0.06177140207848831,0.059167611447285565,0.05876809050495746,0.06104218963960364
0.8429832437348705,0.032144494591987836,0.042920145706125845,0.05328344784027222,0.02866866812674373
0.8737633950111776,0.03131308791878442,0.036175097803605324,0.03814180299833179,0.020606616268100796
0.8488947198415863,0.07279722608440205,0.039233502433603545,0.02796855985902093,0.011105991781387194
0.9133262066257557,0.03322045462738106,0.02581164378775403,0.02044776033312194,0.007193934625987192
0.7859134925493617,0.06694411492022963,0.07910080537056047,0.05316143344849708,0.014880153711351016
0.8381663838292233,0.067458251750043,0.059565494817034104,0.026820714681217234,0.007989154922482603
0.7583862032868948,0.1385453497752525,0.06084488960989539,0.03264074626284147,0.00958281106511587
0.825290469332621,0.06439946001049204,0.06238617259626672,0.03826302927597522,0.009660868784645227
0.8641114262643098,0.06746049030348271,0.04009320953156637,0.022739674853860692,0.005595199046780284
0.9292655143162295,0.02739314391897271,0.026278593964265334,0.013298335659425014,0.0037644121411072157
0.8880315637049656,0.05602341169700757,0.031129101727978743,0.019896020815108353,0.0049199020549397406
0.6441106848531976,0.18869567907349974,0.08207435074698008,0.06670318879652486,0.018416096529797973
0.6603650448108526,0.17775250515064053,0.08154309345367129,0.06006003635725817,0.0202793202275777
0.8006522827097106,0.09637977796871879,0.054198927645099676,0.04064052828729816,0.0081284833891728
0.835419843132183,0.0785489255630203,0.05396635242112794,0.02583580321610919,0.006229075667559643
0.8441367143404409,0.0625745868536428,0.051369154392854596,0.03297862128790609,0.008940923125155771
0.9239975351028542,0.03045131215705393,0.022603903990717853,0.01733421160810011,0.005613037141273758
0.8726619058974753,0.040135982419302024,0.04616397240335891,0.03137120681868963,0.009666932461173975
0.6851858232257368,0.12949662595300232,0.10545993999448383,0.06181271153543064,0.018044899291346304
0.8669451648833498,0.055503905123341024,0.037288780057523646,0.031426264187979135,0.008835885747806384
0.8554600397225735,0.038612699487667476,0.05746672269747248,0.03866758895871859,0.00979294913356806
0.7742955870103228,0.08708175155032317,0.08488681737698901,0.04388306860668279,0.009852775455682255
0.7790490226897392,0.07665234649039172,0.08540198534981532,0.049922125363067824,0.008974520106985906
0.8144161270010446,0.06766680292070802,0.06626220997324314,0.04110227761228361,0.010552582492720598
0.8800863918017137,0.059810018856825055,0.03329503740876604,0.02082009408365841,0.005988457849036659
0.8424928288631026,0.05979410908585904,0.059021393754049314,0.031937645372763133,0.006754022924225506
0.8637739308221145,0.06219460317116099,0.04279285983503757,0.02518324966462882,0.006055356507058203
0.8945975319888698,0.05041374941285518,0.03450916183748774,0.017099059079051994,0.0033804976817354104
0.779637533146862,0.08010707348094681,0.08679394067814082,0.042587296633962476,0.010874156060087901
0.835615148987194,0.06854725608057696,0.03989930376772693,0.04584062782016846,0.010097663344333586
0.8472628916670435,0.052204866499971164,0.05548845097736958,0.03346413222139014,0.011579658634225644
0.8505486060822488,0.05811260861865009,0.05722703487560258,0.028898396256839688,0.005213354166658792
0.8193484333159353,0.0849205009999274,0.05499954664285693,0.03211134133334726,0.00862017770793317
0.7788853874075357,0.11215254959032268,0.07764568100489731,0.025956261142929475,0.005360120854314953
0.841111502221751,0.06934240561737576,0.04886428313861372,0.0345529301551979,0.006128878867061581
0.866009324601587,0.05678211974449,0.03845869733536023,0.03242811742184997,0.006321740896712909
0.868439165471954,0.04526303371628289,0.05611830340488407,0.02521490776261962,0.0049645896442595035
0.8133136951801504,0.08906997020874233,0.04665771042842656,0.04225457281092298,0.008704051371757948
0.8275794860380523,0.06795866366106486,0.06054717518329588,0.03663442749862009,0.007280247618966898
0.8539878539680776,0.06726372759601429,0.04463397228683833,0.027808682529625827,0.0063057636194438545
0.7777413935969831,0.11018428293215175,0.06806008363500247,0.036207244854929495,0.0078069949809332
0.8428178870540154,0.040565787495173776,0.05412418956093221,0.05000070849798766,0.01249142739189103
0.8435156196588982,0.06681030589549945,0.05887835915973027,0.025071745203077436,0.005723970082794427
0.9503916767033652,0.022620318281528766,0.01575226965170593,0.009016474369450217,0.002219260993949938
0.8556230858725091,0.045337583090967006,0.06600817785665278,0.026780789883585607,0.006250363296285296
0.8085514608270107,0.09252024679851738,0.05155366298013973,0.037588081423161376,0.00978654797117087
0.856854114416241,0.07387552331343454,0.035433383009185714,0.027700913778933814,0.006136065482204653
0.8132828757290442,0.07595452036235216,0.06392416970779775,0.03959008745535168,0.0072483467454541465
0.8595707254158549,0.05648450363519598,0.04778219087850611,0.02962460595538832,0.006537974115054604
0.8090776140726901,0.086339134458956,0.060516022639140354,0.037035586722845334,0.007031642106368397
0.9097019145483506,0.04546058471433437,0.023017989309376242,0.01810303534157129,0.003716476086367529
0.8094701419754526,0.06543584629919635,0.07129323654058009,0.04483834916958647,0.008962426015184339
0.824732712640793,0.08646535002887834,0.039853939619472756,0.04143949904927428,0.007508498661581932
0.9448384132112474,0.020835927034528436,0.018486283850859653,0.013021508349510179,0.00281786755385423
0.9109633534088207,0.030960549268251883,0.029741263683298578,0.023949377975245986,0.004385455664382842
0.8036331850150527,0.11131689346908578,0.04742763559604558,0.02920202938555097,0.008420256534264968
0.865869793118527,0.07760830374298587,0.027070716073075183,0.02283659312691419,0.006614593938498067
0.788339988353982,0.08545346715479409,0.07527768646383629,0.042094994917108754,0.008833863110278827
0.8775432761447295,0.052256136455599844,0.03759809803801167,0.02746314369237765,0.005139345669281541
0.9214618650928406,0.04139652834445586,0.01798489547202485,0.015272791435180585,0.0038839196554980105
0.8895050827797296,0.05707908814286269,0.02911572160494004,0.020056638166326426,0.004243469306141129
0.907741326992948,0.04045567387397193,0.023316524543324273,0.02106640313988417,0.00742007144987144
0.8531061044719571,0.07475226387548317,0.01920369313489611,0.039420978348267674,0.013516960169395902
