Delta_Power,Theta_Power,Alpha_Power,Beta_Power,Gamma_Power
0.9228189121528378,0.0371608767609449,0.02246214906993502,0.011977375272285845,0.005580686743996304
0.955808693041636,0.02425557575376143,0.012228668575893617,0.004795405059624482,0.0029116575690845722
0.8875101149880691,0.05318811807962822,0.03558488720799062,0.01681468171144677,0.006902198012865317
0.8287235892042549,0.08319558327701639,0.05208774388235709,0.026252236736663607,0.009740846899707684
0.8316174176541121,0.10579234745978419,0.03127366300690144,0.022646720831369094,0.008669851047833032
0.8912392135971549,0.05646275730318784,0.023140605129553293,0.02244521198099983,0.006712211989104117
0.9239093346724709,0.0509992957445672,0.01247737218285975,0.009454051841423852,0.003159945558678105
0.8488679966935154,0.1080658983872756,0.02459738697101746,0.011421621988143525,0.007047095960048038
0.9190617203308893,0.03300879857901547,0.021262691969550686,0.018619143300132743,0.008047645820411875
0.8411065177516901,0.09686887778458111,0.02731031270927885,0.01794041495549846,0.01677387679895156
0.9327492102244597,0.03790869530851596,0.015343987133743882,0.00764953783592419,0.006348569497356348
0.9287875797561423,0.032661799724153194,0.022328324463602604,0.011503140045884184,0.004719156010217617
0.9072144621848264,0.0536613424184424,0.02231825131766081,0.010379853176469256,0.006426090902600827
0.8782238831655055,0.07412065530233895,0.028761961341313622,0.01262648634278093,0.006267013848061038
0.9180643305558024,0.05613133534386616,0.016637556827230632,0.006667696211004831,0.002499081062096321
0.9134831731036643,0.05477269237490902,0.022390343521800915,0.0068011330529245215,0.0025526579467015143
0.8486094370123988,0.06882301054224199,0.048870756471437425,0.024761557166756293,0.0089352388071656
0.9347342388075455,0.034713914591029786,0.016826750350860755,0.010089899592181522,0.0036351966583825592
0.9275461633694394,0.031579585141984966,0.027411180610719635,0.009556160241038475,0.003906910636817472
0.959180103458923,0.027142690657650178,0.0072870661827508796,0.004633059124595873,0.0017570805760799342
0.8357308125278604,0.11646031148471656,0.024034605441762072,0.01751328081276247,0.006260989732898597
0.9121465673362378,0.04614834406264735,0.023788281725466848,0.011432853754363754,0.006483953121284058
0.9063364790709618,0.043068238529971443,0.030172119431997255,0.01464208855006487,0.005781074417004345
0.9329887114495595,0.03519899001606394,0.01630239038130407,0.00924909586932741,0.006260812283745053
0.8999134009572929,0.06899602785157552,0.015274590096746553,0.011534781987709497,0.004281199106675328
0.8901441404551441,0.06330874631659113,0.02852427696844784,0.011753296942396652,0.00626953931742025
0.9330641275181347,0.03884798715155053,0.0165374568930451,0.007815780062198208,0.003734648375071443
0.9523879024722414,0.02022137068263161,0.018196753440861402,0.006276553623696846,0.0029174197805686753
0.9235735361197496,0.045673648239938046,0.018883637554469476,0.008791239734293025,0.0030779383515498536
0.8913320761352332,0.06913007454649907,0.022194538993852812,0.012280882311152723,0.005062428013262112
0.9220846010885183,0.04406362883793053,0.018652180985621828,0.011487960327260472,0.003711628760668652
0.8861210213024237,0.07977472778367874,0.019428022354657317,0.009189942619060388,0.005486285940180041
0.8756412251080652,0.06962061561601579,0.03095676055166763,0.01744516623803671,0.0063362324862145675
0.8893671098289715,0.06805030984251897,0.022507572428488182,0.012884538168022142,0.007190469731999363
0.8401462674391675,0.07699884431561299,0.052684795825597604,0.02229090566861196,0.007879186751010287
0.9011766961067673,0.06618304616733038,0.02129741048220861,0.00718224464619142,0.004160602597502374
0.8952171801539274,0.05819335604065181,0.033942905170761206,0.008134906438139326,0.004511652196520255
0.9295643455088257,0.03669788246897485,0.020418332240102737,0.009031720585564581,0.004287719196531974
0.8973065100882339,0.05383843393004276,0.028059050993154033,0.012575612207704952,0.008220392780864364
0.8633933386634882,0.06622156410630627,0.040052312490248015,0.020266187648044463,0.010066597091912903
0.888389812827567,0.07658373738060698,0.019854562178135447,0.006986933737907051,0.008184953875783567
0.8938573177820677,0.05088349635445178,0.026625707842881652,0.022389170347015007,0.006244307673584083
0.8813951841971311,0.05782655175987359,0.042896123141898286,0.012932063603725287,0.004950077297371796
0.9339125538745647,0.0346075670350334,0.019931814441509602,0.008351769886008036,0.00319629476288396
0.9355938871572724,0.04111712603604101,0.010000352258170477,0.009137465702002282,0.0041511688465138
0.9181990148243965,0.05573767407746951,0.015218097393089646,0.007053563238168289,0.003791650466876231
0.9180002079435345,0.05424938314667696,0.015614457079672689,0.006859908953602248,0.005276042876513613
0.9394243422717886,0.043434854065858015,0.010478666486678988,0.004358405538203668,0.002303731637470689
0.7910183644387302,0.12896047881510134,0.05062157994549232,0.021269290476054747,0.008130286324621393
0.9564934302102003,0.026272168407711512,0.009120848336687724,0.005562262536761551,0.0025512905086389104
0.9565536738929796,0.029121422994696975,0.00721788942073966,0.00530153121450085,0.0018054824770831156
0.9690961187742104,0.016000953270578468,0.008882359099065719,0.004057868730667027,0.001962700125478382
0.7838333392637649,0.1475602424206359,0.0380914895116231,0.02238197247223428,0.008132956331741903
0.849663354398133,0.09871270441026053,0.0275848535150424,0.01665635566565399,0.007382732010910133
0.8816132567989214,0.06236886885242155,0.03386046816179387,0.015556247792219535,0.00660115839464359
0.8953927209292036,0.05560270113281765,0.022470082772699813,0.021576833565397645,0.004957661599881479
0.8855942953040954,0.07303321648893699,0.023600299222004295,0.012468209035157305,0.005303979949806116
0.8294043547860462,0.08151271002746308,0.059163861268699616,0.021423580512831754,0.008495493404959293
0.7765834486641758,0.13605361333468424,0.055580519194417505,0.02314532844086158,0.008637090365860769
0.871774008271419,0.07353940604098018,0.031880060678470094,0.01617372524581974,0.0066327997633108165
0.9457311440798241,0.03593727443108283,0.008609139823802178,0.006812639842211384,0.002909801823079496
0.8980274710511009,0.04918433260162214,0.03152548069825762,0.01427726115739947,0.006985454491619887
0.8639909929317648,0.09568255795987438,0.025807780980654643,0.009198025268450453,0.005320642859255518
0.8688918157549601,0.0749828494975748,0.030988846865462535,0.01702489990141708,0.008111587980585306
0.8811197393038914,0.06332854100411614,0.03177938672047337,0.017119320844254035,0.00665301212726516
0.8244778985953759,0.1151735570923663,0.036009365861928974,0.017311688799503074,0.007027489650825601
0.861009098323306,0.07149301982931304,0.04421742691771695,0.014650151503695433,0.008630303425968565
0.8303616152700262,0.11000992298157297,0.03474404127733806,0.018188011850815995,0.006696408620246854
0.853078116920416,0.11381941085219234,0.01840606963216786,0.009729756404717014,0.004966646190506675
0.8603964606232952,0.10062397700769173,0.017532949917806236,0.015745983923539025,0.005700628527667655
0.8518371116507187,0.09883188825010242,0.02907950577929707,0.015126145068136738,0.005125349251744883
0.9461417533189604,0.037150457504292723,0.007813575149256308,0.006917044137524362,0.0019771698899664304
0.9142650673797476,0.05885335367508108,0.015763432135672762,0.007594555525865895,0.003523591283632643
0.9003911286506261,0.05498641340540136,0.024214935398408837,0.013750977801869433,0.006656544743694221
0.8248543065126053,0.10463911573357838,0.03438740783725281,0.029370693704530004,0.006748476212033505
0.9007839528076224,0.04902709044686286,0.02259684653070558,0.019847600203299703,0.007744510011509606
0.9214663422257131,0.03215918341848797,0.024145821025522287,0.015423063555868815,0.0068055897744080255
0.8590576428158812,0.0782059552195267,0.03755927814230593,0.01604804891491606,0.009129074907370022
0.89764136540803,0.06753853058892687,0.01930769613367308,0.010430666679562007,0.005081741189808088
0.8541727979621593,0.09579087301602421,0.028738764908638508,0.015945762806714295,0.00535180130646378
0.8385521310295875,0.0974525872185242,0.039401849986981034,0.018176157285927464,0.006417274478979828
0.9088674180999559,0.06501822730435691,0.015501420986539956,0.006573110957417034,0.004039822651730288
0.9527701264455947,0.024434877530425666,0.013986300669707156,0.00582887533931659,0.002979820014955792
0.8929757505126766,0.06663612378912678,0.02294765835051871,0.011891375208280782,0.005549092139397184
0.957932968132692,0.026249876767176314,0.007261468415844654,0.0051022267624070364,0.0034534599218798254
0.864546507454547,0.09678458486634103,0.02151325805733899,0.011860152900613695,0.0052954967211591856
0.9166648395585961,0.04565744887045496,0.019740215067223937,0.0122811352873837,0.00565636121634138
0.92316572234758,0.04350101464419811,0.01846727232265287,0.009569316109340791,0.005296674576228354
0.7955132630010902,0.10036913062201973,0.06764555160778751,0.029354149271462623,0.0071179054976398416
0.9278555577760454,0.0439278383359331,0.015456931127760752,0.009567216155547942,0.0031924566047127345
0.9434284430191254,0.035163960443141004,0.009561926428584479,0.005899423164461123,0.005946246944687835
0.9243827644592967,0.04096472949406309,0.017868643035478627,0.012183767664522664,0.004600095346638851
0.9094965646688986,0.05378171863793953,0.01729375399366475,0.013674791144707404,0.005753171554789777
0.9226581565320443,0.03817298870624714,0.01991401141046263,0.014495555743803935,0.0047592876074422094
0.9636740241614439,0.023221217092419977,0.006375358002515193,0.004394938550209338,0.0023344621934116468
0.9433616502243544,0.03782096328672644,0.00972414626934505,0.005480044426065225,0.0036131957935091326
0.9275305796118413,0.04499231083078725,0.015073074870380503,0.008490527345486805,0.0039135073415040595
0.7646851402569307,0.1569739560466914,0.04925397579245927,0.02151901701099389,0.007567910892924902
0.8519892447774111,0.10973174287790219,0.016261700060150545,0.01526587794379051,0.006751434340745523
0.9107496479989478,0.0667635800425327,0.012295422918018724,0.006267796440505963,0.003923552599994829
0.9340664455134114,0.04073973671997907,0.015203555733730865,0.006770741458670155,0.003219520574208577
0.743825442064594,0.1898534704927797,0.03592383959782265,0.020522642514648977,0.00987460533015464
0.8857465701459201,0.08751284006740863,0.011766575722527478,0.01087353311892211,0.004100480945221915
0.9455791096259183,0.03454622980844963,0.0089292261461029,0.007310286431653107,0.003635147987876062
0.865941142858699,0.08762303883434382,0.023104851346060412,0.016329680983711573,0.007001285977185363
0.9029985036192568,0.05050010235861799,0.027264094228207005,0.013545242459021209,0.0056920573348972344
0.8659705635900585,0.07489948804426351,0.02884006291227648,0.02018213303667091,0.010107752416730209
0.6470543519287325,0.19512186266901563,0.07525547036747102,0.06080498178872374,0.021763333246057042
0.8404933307771557,0.10852713194446409,0.0316832823912417,0.01229472533537964,0.007001529551758971
0.8840541265075486,0.06261842633892714,0.03145683900409071,0.01585980572628692,0.00601080242314653
0.9547245559589815,0.024710214271491133,0.011466157315454131,0.006050202545183215,0.003048869908890113
0.859661274543905,0.0951632661999723,0.026505705070961345,0.011932624561140996,0.006737129624020459
0.9069223451905929,0.06500000730633808,0.01534014042484921,0.008386632296316707,0.004350874781903158
0.950674728155343,0.024699859190976427,0.01227719116807045,0.00868406953257561,0.00366415195303478
0.9404923189800392,0.03159747074823246,0.014998467446475592,0.009111986988556421,0.0037997558366965395
0.9019664786000842,0.06123598965046448,0.021547033032218745,0.010466807394492874,0.004783691322739691
0.9555270207641391,0.02214264948995824,0.014280537584017854,0.006010865202320499,0.0020389269595642713
0.933683456410038,0.03425575693227161,0.021851090811879234,0.007454959675500441,0.0027547361703108373
0.9058308617609725,0.06739494293217513,0.012459143046401064,0.009773853657119266,0.004541198603332013
0.909798217025201,0.057417718110280715,0.017155485242116277,0.01035204856811985,0.0052765310542821475
0.896211397639097,0.06479045822296525,0.0218458276812107,0.011969748095960776,0.005182568360765997
0.9004665534281844,0.05799837857130455,0.027642956270596868,0.008997280384793947,0.004894831345120107
0.8798546664332887,0.0623546925963284,0.02517961397272441,0.02252273084204067,0.010088296155617913
0.7669377346967039,0.171006074060362,0.02927428223917432,0.02329947627145305,0.009482432732306763
0.7553940840242463,0.16152719627255127,0.04570655998930045,0.021673554361350066,0.01569860535255177
0.9559030802012929,0.02829780767712591,0.00916132913737902,0.004437960638794788,0.0021998223454073487
0.8994881806156052,0.04934320762975071,0.031836259783947864,0.015078074452783103,0.004254277517913159
0.9095164118707265,0.05245022017882192,0.022614394613324974,0.00987759514229669,0.005541378194830002
0.812554935728096,0.08926230105201159,0.055721000386960984,0.030363519481823163,0.01209824335110856
0.8890589430887428,0.04966470525466209,0.03132772101509425,0.0218197054804435,0.008128925161057452
0.9372408120405762,0.03091318685523582,0.018807927293331715,0.008238052638974118,0.004800021171882187
0.9050990143868886,0.053157026872784494,0.026329093511578364,0.010017754396720438,0.005397110832028295
0.8699706419987314,0.08489403207533643,0.02591060378182228,0.013449515284062062,0.0057752068600479285
0.8819574265428661,0.08808541059816913,0.012462226594614084,0.011463067829430624,0.006031868434920003
0.8783329319149346,0.059930369368167924,0.03511237333716899,0.017826855974312827,0.008797469405415826
0.9015140358720006,0.05855056645087476,0.026644266390354165,0.007839506321070272,0.005451624965699943
0.8381351614674141,0.11144654666745928,0.025982965189618706,0.018320116202140888,0.006115210473367031
0.8862477131406403,0.052596416813815224,0.03650652294317786,0.016404339036023223,0.008245008066343215
0.8522982237695423,0.09454612091932947,0.03421798124775395,0.01268018755447083,0.006257486508903482
0.9387002501369379,0.03136959367137308,0.01580951048935389,0.010801930013174312,0.003318715689160743
0.8855990444971198,0.0720566400969276,0.02439677481095947,0.012375030361859059,0.005572510233134131
0.8954983772576544,0.07477171906054324,0.020204020375528382,0.006323883514717466,0.0032019997915567117
0.9054995213647087,0.05767244385958342,0.021023833546126018,0.009937682455766497,0.005866518773815334
0.828915344155805,0.09061115052611492,0.043850436110031143,0.02496157607987071,0.011661493128178073
0.8716752595495866,0.057904685617592565,0.033512756819679114,0.02303500220110667,0.0138722958120351
0.8859316866523115,0.0647979224728957,0.023554789766369075,0.01803477405752482,0.007680827050899163
0.872640322511103,0.07236561817836357,0.02716812573908798,0.02196935843058544,0.005856575140860169
0.9145653783887898,0.05523543002412063,0.016680203095257178,0.007817066638336093,0.005701921853496261
0.7871314417135705,0.13035467803564124,0.051947086931001814,0.017533179435054783,0.013033613884731699
0.8952303732479662,0.0700398852767234,0.02157427941522132,0.008500907286516611,0.004654554773572795
0.9564922857961847,0.025554996852458628,0.009765597692079691,0.0050648476310181595,0.003122272028258911
0.7951669927381042,0.13913519537978813,0.03225544053441323,0.025654216686827883,0.007788154660866649
0.9735035146861171,0.016981288323693635,0.004290869876674071,0.003502101886644784,0.0017222252268700642
0.8685985844751966,0.08220525181841373,0.030997249180909806,0.013004642837098838,0.00519427168838102
0.8451325055767782,0.11588536218273426,0.022177837603169288,0.010615263008785543,0.0061890316285325335
0.8440641000288215,0.10163965708489105,0.031574500480214936,0.013097249607512861,0.009624492798559774
0.9151665946228036,0.05498661443538037,0.0182537508348776,0.006930211596048242,0.00466282851089008
0.8983354030158919,0.05876567017275603,0.02401229433053097,0.012907114175177758,0.005979518305643441
0.883726218670989,0.0691194207438464,0.03214464413130171,0.010610357939670884,0.004399358514191983
0.9205911416219495,0.04633389220123421,0.013845819031409917,0.013752756391544052,0.0054763907538625065
0.8867124435299358,0.07288658053868712,0.022197037042873572,0.012959212735977683,0.005244726152525841
0.9374300574385807,0.04027108824339507,0.011551143277375622,0.007780772133195416,0.002966938907453217
0.9158975786493575,0.04516537328668093,0.021693758363126283,0.011719468477857627,0.005523821222977709
0.9133112678839305,0.03941157638483147,0.029372746847926585,0.01026059122425404,0.007643817659057752
0.9410855790181459,0.04265984911981156,0.006929035340888256,0.006437597930230266,0.0028879385909242757
0.9106348144972998,0.06003791963458503,0.015866308408258756,0.008761076946936728,0.004699880512919741
0.9198071787238036,0.04944325572772072,0.018938270641203188,0.00870920863069624,0.0031020862765763157
0.8844442119828265,0.0692996325650813,0.02481922307553466,0.01575249704153108,0.005684435335026332
0.8341195408028675,0.1110239742967253,0.03443148950741632,0.01428711752159566,0.006137877871395349
0.8613360561567723,0.078689716291361,0.03787998748333678,0.016479161910212592,0.005615078158317185
0.7826395288121232,0.1283789036469534,0.050785799057635264,0.024105998874336773,0.014089769608951384
0.9166802434076292,0.0582372224994007,0.013784178068471119,0.0075176061920590054,0.00378074983244005
0.9374105704410381,0.04184237988671084,0.008958070173270199,0.00860061111427222,0.0031883683847085285
0.8454988921934529,0.09980389138986945,0.027954239016159226,0.016052825866348472,0.01069015153416997
0.8117224299179406,0.1342818144041245,0.03257277587040614,0.015137108809154828,0.006285870998373841
0.9261260724153587,0.045136494607411856,0.013872791178395126,0.009715364375175369,0.005149277423658872
0.8453881206556764,0.10085209098627679,0.025107084231741128,0.021510134257325494,0.007142569868980319
0.7959807623335345,0.12960367165054687,0.039103359857741056,0.02179026535534671,0.013521940802830583
0.8787603030422005,0.06831711884295928,0.030211628726252965,0.016187482192364402,0.006523467196222555
0.9248684565791633,0.04821136629335335,0.01478431039522847,0.00790970884993673,0.004226157882318123
0.9425330233125969,0.04155181382477119,0.006465116640234077,0.007127918573475736,0.0023221276489222213
0.8502427601095474,0.08916147204133866,0.025207783042435317,0.022992585247718984,0.01239539955895979
0.9462329435904808,0.029617621070750322,0.011406573432745792,0.008381380626120183,0.00436148127990281
0.9539949122353834,0.026238383079118587,0.01234774005264158,0.004579257988600549,0.002839706644255977
0.9038334511474976,0.05588089354964617,0.025101352744128568,0.00959771629708449,0.005586586261643326
0.8846904170740569,0.0683215566611489,0.02468803535319914,0.015526648188906773,0.0067733427226884585
0.9078261759115512,0.05570447349350919,0.016095761701260213,0.014349873577416947,0.006023715316262489
0.9449368437331818,0.03412140400368447,0.012380287813110735,0.006190601217276083,0.0023708632327470434
0.9111722190507491,0.04945219909836314,0.025200906740930926,0.010058290323637545,0.004116384786319355
0.9019063421009337,0.05281967236760849,0.020246809520552016,0.017278583152377177,0.007748592858528614
0.9349801615312425,0.034952955051238015,0.017446805182339726,0.008307171373872022,0.004312906861307749
0.8941591862775562,0.0718946523607391,0.017564636430479764,0.009988523467167209,0.006393001464057685
0.8428950735391567,0.07873271369646026,0.03715573640286044,0.030890568186970592,0.010325908174552012
0.8993874070675068,0.056882603030755506,0.023675022168501935,0.013208518230431262,0.00684644950280473
0.9120209636371068,0.053087277698238886,0.020556382710521518,0.010347402188445829,0.003987973765687096
0.8758699095576647,0.06872193596117575,0.03317533008444281,0.01605337061053229,0.006179453786184325
0.9486278825980943,0.031235333112192846,0.010150963283214425,0.005958720250084013,0.004027100756414618
0.8866075536627415,0.0791126983222623,0.018964631785903963,0.010885380783197568,0.004429735445894759
0.9177887581992789,0.04698680333409892,0.02072627474393614,0.010223600317066884,0.0042745634056193796
0.91995231314212,0.048504078251626274,0.015578534021121429,0.010716874185888358,0.005248200399243771
0.9075860880967324,0.06586751943744826,0.014702119952933091,0.008890000246585174,0.0029542722663010233
0.9099609713865674,0.043020130190393004,0.028931966178451965,0.01290040741960516,0.005186524824982425
0.9072325937123562,0.0559299788273332,0.019133297700647395,0.012874474466510926,0.004829655293152178
0.8283429701133082,0.10548988261218384,0.03359595482619193,0.021277825454421636,0.01129336699389444
0.839995148003902,0.06804365027560362,0.05981590484522869,0.02155804352716262,0.01058725334810298
0.8120494926690409,0.11358473110821803,0.04381077080518938,0.020884352341524467,0.009670653076027113
0.8032978814142308,0.1044930645232491,0.04811049766740588,0.025333250796181848,0.01876530559893246
0.8981056138724917,0.06093298448365353,0.02315081208510169,0.012288151390636628,0.005522438168116469
0.7670304107636509,0.15886929910751282,0.03719325012096196,0.024256351021148703,0.012650688986725521
0.9159211525374329,0.04744636950552001,0.024895071668561777,0.007999969032971932,0.003737437255513259
0.6617122847920609,0.22237200959255088,0.06637847339858499,0.03591308061931251,0.013624151597490917
0.9330180075463024,0.0345312041345924,0.016574893054503617,0.010501322932729266,0.005374572331872319
0.9602528610566085,0.02461366790707264,0.008348275008355594,0.004308852124207076,0.0024763439037563265
0.9055949321891305,0.06450568938154368,0.014255147854708689,0.011218593025046129,0.004425637549571225
0.8996467197698529,0.06445136493461916,0.017266230334307707,0.012902516923766875,0.005733168037453522
0.9122968455566993,0.05759972196857319,0.01386306718548927,0.01100724837641968,0.005233116912818456
0.9332776994803018,0.04118440147287129,0.011128614093569435,0.010756871244744438,0.003652413708513064
0.8910535594910626,0.06918079142087377,0.01698533905672207,0.01598122042080156,0.0067990896105397285
0.9241005519713277,0.044457217157381955,0.018586023735422823,0.009060291599158186,0.0037959155367093475
0.9034184964950072,0.06860374449745106,0.01448531585175958,0.009660506482093203,0.003831936673689146
0.8546487628033037,0.08750549995931974,0.02877470781920217,0.019213090664206754,0.009857938753967609
0.9486291278659835,0.024849180410655175,0.016310304158818515,0.006718770330440233,0.003492617234102474
0.8880325886580291,0.0766915321557395,0.01584199506492923,0.013187924543938476,0.006245959577364095
0.9252982352299333,0.0401148129026966,0.01450425616328383,0.014541763616283345,0.005540932087802924
0.9660150831771533,0.01578947643831753,0.010556732183719353,0.005047311529938251,0.002591396670871627
0.9187150472066855,0.031060677519973184,0.030918253275159128,0.01315977776602975,0.006146244232152114
0.9149086666833252,0.04465941452450542,0.02144655458421099,0.013953054402420246,0.005032309805538219
0.8789796893323021,0.09112472162323458,0.019728341650204737,0.006926435220880533,0.003240812173377959
0.9599344342189774,0.026875083618758407,0.007653982595611837,0.003320753691466016,0.0022157458751864674
0.8062246385571051,0.13343992715102046,0.02688618151222003,0.02605121729923167,0.007398035480422818
0.952272753954807,0.02759654747640886,0.009873942150411505,0.00675949570112909,0.0034972607172435097
0.9723506458210536,0.009129615219971823,0.011500356659709499,0.0049420928372907675,0.002077289461974118
0.8952185937158967,0.04644491791476978,0.03577848753662029,0.015036180051949474,0.007521820780763732
0.9424937419512948,0.026444220760939594,0.017417367674164866,0.009516997793260873,0.004127671820339808
0.9276941509682913,0.04277977475047244,0.018935982388741834,0.007602919881511313,0.002987172010982964
0.9086485260833413,0.048429210161066195,0.025554225739204232,0.010872007241569259,0.006496030774818845
0.8822963658807874,0.060359142933632794,0.040121980804222426,0.011878691985173414,0.005343818396184166
0.8654356926276574,0.06362983976574303,0.046075570433407695,0.018313669149082192,0.006545228024109467
0.810563411036601,0.11989533256701035,0.03580956604680211,0.01635650012203386,0.017375190227552705
0.8618929782388965,0.07722313695500146,0.03837966480090048,0.013653913962456906,0.008850306042744286
0.8495782836506327,0.06700602291655589,0.04759709438046963,0.025322356105768096,0.01049624294657351
0.7972210534901607,0.12633809321403464,0.04048217774772046,0.02437391516800851,0.011584760380075478
0.9361173086886695,0.046582418075272115,0.00903493510842378,0.005635174270878061,0.0026301638567564813
0.899276771235102,0.05592993057401868,0.026288955827304276,0.013107842191202848,0.005396500172372291
0.9233403847409674,0.039693624890511536,0.0186856350105737,0.012283414191130184,0.005996941166817252
0.9615151730059075,0.01824845377296107,0.011486452156104922,0.0054190993253357385,0.0033308217396904594
0.8357270465298482,0.11383034560157831,0.02364526879551936,0.017215268961130122,0.009582070111924119
0.9261557418658125,0.04838688935655172,0.01326895688577604,0.007926439175761921,0.004261972716097707
0.7223874429883264,0.20428602303548662,0.03493501704366293,0.02627646318363884,0.012115053748885364
0.9674996702025419,0.019573306002286066,0.006698696247004193,0.0038343024175431376,0.002394025130624709
0.87997474134103,0.07351114890590581,0.02918367266712735,0.011745661612059937,0.005584775473877009
0.9185033561782231,0.03600325542982997,0.03074915861687883,0.010000847295242154,0.004743382479826005
0.9243110324590164,0.042377306365413425,0.016797037190402486,0.012349059366900917,0.004165564618266988
0.8338251120016569,0.0851948098654302,0.03694594840246815,0.03113194469336632,0.012902185037078419
0.8062008100202558,0.1392383911577371,0.02632246631910487,0.017752381927156422,0.010485950575745638
0.9200133467945167,0.04364878842510716,0.021322155710612325,0.008633910464607625,0.006381798605156124
0.899448564049219,0.06682465127522648,0.019629282453480175,0.0101670669489618,0.003930435273112518
0.9356627672287116,0.03516779452560586,0.017370660973198598,0.008408511911551377,0.0033902653609325147
0.8945159008232817,0.06420032094214743,0.020312485234560487,0.015192762191813581,0.005778530808196972
0.8254052323701746,0.09153482552159194,0.053544034758535974,0.021081408290170297,0.008434499059527117
0.9076102544072965,0.047120983416036676,0.020984506455673065,0.019165692373380453,0.005118563347613383
0.8917483270678584,0.06915147157397616,0.016705314893033976,0.016420101460629756,0.0059747850045020374
0.8470255830275645,0.08020623226131082,0.031999766538988735,0.028870810233042023,0.011897607939094161
0.9249096643539191,0.04645214534948763,0.016757646893814933,0.008135454651017891,0.0037450887517605034
0.8957181525641092,0.047281166178677274,0.030518075473288598,0.01779011346270526,0.008692492321219344
0.8611869929929843,0.0848401236600143,0.03311022237697966,0.014019302259843257,0.006843358710178377
0.9432596747682664,0.03391365693670804,0.012856594434648344,0.006947075185239702,0.003022998675137258
0.9113519799114392,0.053354036960201634,0.018011639766208006,0.01211752390769631,0.0051648194544547865
0.9397142480762514,0.0383597764436689,0.011930327978986783,0.006671889727501252,0.0033237577735916787
0.9167485643795942,0.043464207788874686,0.021533730713372622,0.011126414882937873,0.00712708223522066
0.9368349144087132,0.03090469962327678,0.015368733241820611,0.01199030079906529,0.004901351927123986
0.850693743739459,0.084107399973315,0.028303875809771187,0.02532888602751754,0.011566094449937303
0.8994255005310599,0.06889782500955222,0.018445988399380622,0.008662279366326613,0.0045684066936805085
0.9408930803984082,0.03820887696003328,0.010462256911715522,0.006620344873972535,0.0038154408558703492
0.8392122174289455,0.10340042600927904,0.028712507131835433,0.019417671274935575,0.009257178155004209
0.9290200168561886,0.0400180819062584,0.011836928988414985,0.010372564475584324,0.008752407773553683
0.8092831316729772,0.12592747993746986,0.033985442582638525,0.020983844276961084,0.009820101529953393
0.8846610996780918,0.07222180244172961,0.020346655009963844,0.015080844082406902,0.007689598787808009
0.9192608858230803,0.036903011321573316,0.02793638703977699,0.01067567501349149,0.005224040802077966
0.8968599549690107,0.060658014063099064,0.027924684382103323,0.009691087942838624,0.004866258642948397
0.869246160116365,0.08855500784528565,0.022260076124334838,0.01214799402068321,0.007790761893331065
0.8044401578886623,0.13742255427607453,0.02860952381300709,0.021348028918338563,0.008179735103917509
0.9202084188415897,0.03987534994764279,0.018698310913477602,0.01307147778105357,0.008146442516236536
0.8582857596771203,0.07028283373652068,0.041381380674093395,0.020389400958691878,0.00966062495357365
0.9408957037722194,0.03140008477554214,0.017291088662326065,0.006484920015125494,0.003928202774787156
0.8150016251677719,0.09386830959600821,0.060393613481185625,0.018716916079055575,0.012019535675978688
0.9453643890024599,0.034964453229184164,0.011036897878858329,0.005962005404248075,0.0026722544852493834
0.9259365621840183,0.04840154848616106,0.01345360389399424,0.008660532379720896,0.0035477530561054075
0.9535859091631944,0.027698969219808783,0.007236189893703112,0.008032388352288023,0.0034465433710056254
0.9506754563851854,0.027831766869137492,0.011140108082348981,0.0069324262253881025,0.003420242437940435
0.9185160678181636,0.046404659112412254,0.014863606385320374,0.013739719450792127,0.006475947233311608
0.9184097407201616,0.04618805089278336,0.017516207333025818,0.013163291086382607,0.004722709967646829
0.8537531996226769,0.09647517551553,0.031202464535541877,0.01357825619447646,0.004990904131774766
0.9031808267845237,0.06525893984568133,0.017620105506908332,0.009836635400016037,0.004103492462870643
0.9422970349771851,0.026662615793101637,0.01725694282760276,0.008959265933335342,0.004824140468775224
0.9089682048018722,0.05658810403019604,0.020052489882365607,0.00956636435262685,0.004824836932939233
0.8829414838541108,0.05959518752856687,0.027830009274949767,0.021564113173247395,0.00806920616912515
0.8832303468526097,0.08417326066939329,0.012694287939393612,0.013566154077074467,0.006335950461529088
0.9359876418451615,0.043263681131461035,0.009623885783966127,0.007392297142837965,0.0037324940965738304
0.863990935011218,0.08828048840590387,0.025592213484377235,0.014165399490650805,0.007970963607850053
0.8975940998642272,0.0544303014753437,0.026324439418332624,0.014765030668977913,0.006886128573118388
0.8691790890920607,0.08274623455974488,0.023824405737028074,0.015353161218704964,0.008897109392461256
0.922805827482947,0.04327311729194914,0.016031260362868623,0.011014773436475337,0.006875021425759898
0.9492928864876495,0.030420992460773136,0.012436716881565592,0.005566756802680185,0.0022826473673315103
0.8480630699425685,0.07781975523214149,0.04337955652844138,0.020079994383583315,0.01065762391326529
0.9170653359313715,0.04636447383923413,0.020708659652082666,0.011384770737438238,0.004476759839873342
0.9358966751205429,0.0420641936225648,0.011579969470312269,0.007385803471766386,0.0030733583148137215
0.8557060141839258,0.0919900809519667,0.02571362682335943,0.01694943598488758,0.00964084205586041
0.9169794525022097,0.03424085642917738,0.03119375545206709,0.01167964081545314,0.005906294801092878
0.837987823567843,0.11454453335163006,0.0232451205047306,0.017802804628921746,0.006419717946874552
0.8935471478226034,0.07050901930427754,0.020764689884265924,0.010711363058220765,0.0044677799306323965
0.720114409545603,0.1924332306218191,0.043302897424920175,0.030721548102349557,0.013427914305308096
0.9048866570888018,0.0607108656136529,0.01978911692936522,0.008647848251755278,0.0059655121164248716
0.8500740949467794,0.0781917496471168,0.037825130799370554,0.023185458862788257,0.010723565743945352
0.9095106594254153,0.05137577167040232,0.01724103123221799,0.016332393500797765,0.005540144171166511
0.8911425629146972,0.07463079614736934,0.017669956330648613,0.009681308809207144,0.006875375798077825
0.9536587290320432,0.023842243936186877,0.007353157471630253,0.011137095220408334,0.004008774339731452
0.9494122029932164,0.02640531301286306,0.010919534290232331,0.008912532371253942,0.004350417332434319
0.9764419098638105,0.012346633478111607,0.006010329837073513,0.003534972028762062,0.0016661547922419773
0.9595066696583433,0.026596935192962495,0.0052268302863770115,0.005598619734264528,0.0030709451280526373
0.927258714970309,0.04866067736572424,0.013368297795624127,0.00684653979136436,0.0038657700769783097
0.8164576743020114,0.1418788681371921,0.02326876875937255,0.010426105595360679,0.007968583206063333
0.8600496692189008,0.09574258602442892,0.026225732264862234,0.01186730069742411,0.006114711794383749
0.8353401790958793,0.12482493264525238,0.020400032838217227,0.01327804610534433,0.006156809315306702
0.8186718201737023,0.13178901717733937,0.029881014497432464,0.012811854744731111,0.006846293406794995
0.932761963321733,0.04326636664535787,0.012606776846222075,0.008380140702855405,0.002984752483831901
0.8861934761442708,0.07464197134768549,0.017748184869469025,0.013603420163849408,0.007812947474725343
0.8535667171622261,0.07659496026796647,0.03817681628991637,0.019233422500459618,0.012428083779431132
0.9342943176372659,0.03325085643432196,0.017040273076868527,0.01088161531667087,0.004532937534872984
0.8477727160979226,0.12031092408274059,0.017397618098371526,0.011000439960686682,0.003518301760278679
0.8638965400659689,0.08421722119294707,0.030777003202670905,0.013768585455795021,0.0073406500826181265
0.9456392693267088,0.029797432654751585,0.016328972027846438,0.0052811312349584395,0.0029531947557346794
0.883166539397845,0.05014138692284084,0.04422930421515979,0.014423229983521664,0.00803953948063272
0.836609894818605,0.11649847097080542,0.027569476293365702,0.014227467809700557,0.00509469010752291
0.853217902127966,0.08875546477550235,0.0312708978243938,0.01761699372011933,0.009138741552018667
0.9204468855602983,0.04831662591103703,0.014769274655408116,0.010912706405907776,0.005554507467349043
0.8740304144889615,0.059147505933341074,0.04497580426607462,0.013078707474673849,0.008767567836949026
0.8211277533518105,0.1179467639849289,0.029150433651634187,0.018925765895606062,0.01284928311602043
0.9326872869127764,0.04639947325571783,0.012092926895126106,0.006540991196897173,0.002279321739482608
0.910133168293029,0.05211344114483651,0.022838794241772556,0.010963003754836477,0.0039515925655252415
0.8693206294447573,0.08521072552014898,0.022206467901338435,0.01682784532724303,0.006434331806512085
0.9089712518894465,0.055990529230643085,0.017473073354174955,0.01344793013509833,0.004117215390637129
0.9629099017323564,0.026706007273930583,0.0038625441317368153,0.00458590048959276,0.0019356463723834087
0.9093502156405496,0.054369307051124034,0.015056508607146076,0.014056610887937719,0.007167357813242279
0.9271872755023147,0.04232017942846545,0.017705236281132693,0.008160920838340337,0.004626387949746674
0.8475332102347098,0.10998381324872138,0.019859608797924824,0.013775786312109706,0.008847581406534565
0.8481790940451487,0.0906356189319304,0.03171635239494921,0.018041903151290447,0.011427031476681256
0.8728630172687277,0.07703609761594377,0.026854040644748334,0.014893858979922757,0.008352985490657324
0.8450942474234486,0.07064389838980087,0.0526540682525456,0.020478202735141747,0.011129583199062983
0.9324910805551451,0.0490804311465406,0.008835237519560658,0.0063831288385566365,0.0032101219401970893
0.9058925543200692,0.061003180395725116,0.01861418302514302,0.010397787538280506,0.004092294720782185
0.7996938991576732,0.1439095195495635,0.028923187630490423,0.019231066005500147,0.008242327656772856
0.893439163333949,0.059258719920573764,0.024840852773549697,0.014660443899883347,0.007800820072044327
0.9596771702498599,0.024390094671671823,0.008641960535869233,0.005061166357558464,0.0022296081850406513
0.9293951651707026,0.048495664308003124,0.010877877787261079,0.007272355872883975,0.00395893686114903
0.8025862776858234,0.10496961604917496,0.046210300242677485,0.028210931805693677,0.018022874216630732
0.8484306969186377,0.10769965405979282,0.02057959834964417,0.016910582897853573,0.006379467774071888
0.9537214389768588,0.02712648392949766,0.007500095657870016,0.008671916817699167,0.0029800646180746363
0.7336930137827367,0.18112579468637696,0.028837723641448106,0.040675385974941615,0.015668081914496635
0.8812025391500055,0.05213804873625568,0.036283128333563966,0.02081121676581388,0.009565067014361045
0.9593774916219868,0.0262586211998028,0.00730554271950203,0.004639357541274175,0.002418986917434098
0.9039295813473281,0.05334770815051064,0.02735332450569007,0.009310955827616632,0.006058430168854506
0.9364232387745125,0.0414360258437571,0.009035041055014334,0.008740577455201444,0.00436511687151452
0.8907782875616399,0.07248632273137504,0.01984390573607391,0.010161560029255595,0.006729923941655633
0.9256595054858356,0.03927311726478299,0.02069240377161429,0.010035293892559251,0.004339679585207876
0.8754001226334758,0.040386430875119145,0.0555408918798429,0.01986976012755236,0.008802794484009783
0.9022984048631821,0.05655787717743446,0.018962000815106066,0.016040806787054936,0.006140910357222215
0.971717662602572,0.02026730375118395,0.003713824518242336,0.003015985745193701,0.0012852233828082385
0.9287410730578525,0.05093421482866461,0.008006229408396192,0.008230898212563915,0.004087584492522945
0.9738194347578097,0.016362153667501676,0.0045765550752369984,0.0036709002293776696,0.0015709562700742669
0.8863511438067515,0.07695587359851329,0.016211128316366816,0.014046951480406687,0.0064349027979618695
0.9754777014168321,0.012086847002637029,0.006277509193637585,0.004910712159085295,0.0012472302278078895
0.9463620948303388,0.03028387686309049,0.012555828301089025,0.008132312562596368,0.0026658874428854024
0.8746316958023809,0.06435397070563292,0.03732790476495297,0.017707225935101926,0.005979202791931443
0.9510481041591526,0.02626594747999958,0.013331229493559507,0.006856200786880917,0.002498518080407453
0.9408722404739492,0.036382502043149655,0.012229100831351388,0.006828743360314088,0.0036874132912354625
0.9215824601798057,0.05540797414267351,0.012845206645582828,0.0059458579109806465,0.004218501120957256
0.9064486637280031,0.06092108962789036,0.015032046509207905,0.012129750563343773,0.005468449571554813
0.8609871266707151,0.10843221887735002,0.012341792244450069,0.014019293126221726,0.004219569081263219
0.8864636255950255,0.06829223642379408,0.021480970408677406,0.016799334113465195,0.006963833459038002
0.8708563822158429,0.06401109442853167,0.03338811774325415,0.021076977935514576,0.010667427676856685
0.9564039632233494,0.019738493522182377,0.013257965256539989,0.007574611775845221,0.0030249662220831336
0.9061694823134876,0.052956772258902135,0.02166111229887293,0.014148266984731811,0.005064366144005619
0.8635290648951757,0.09376743330346113,0.02714368094123579,0.010551489221743844,0.005008331638383699
0.864952818030856,0.08296803505886527,0.026178120044092788,0.016966527721798855,0.008934499144387154
0.8062774993203723,0.13929556085750916,0.02933314483335018,0.01779728968186079,0.007296505306907487
0.8854431776672722,0.07143788258011263,0.01803990061801162,0.018526211094349106,0.006552828040254554
0.8612643020465554,0.09060371062548926,0.022182766462963903,0.017914827462506812,0.008034393402484663
0.9322533064439713,0.045049124750848726,0.009938113455466819,0.009406570988800184,0.0033528843609129063
0.9248934740088359,0.0329547008014811,0.018033742488762113,0.016896050617257824,0.007222032083663275
0.9466156943073692,0.028095643374989664,0.013534644415794512,0.008459957625872658,0.003294060275973933
0.917984560175528,0.0426254867273317,0.021261982519817785,0.013001026450994707,0.0051269441263279
0.9454124653367577,0.03546479121431927,0.009721436988522425,0.006347599655444157,0.003053706804956647
