Delta_Power,Theta_Power,Alpha_Power,Beta_Power,Gamma_Power
0.7664389190561858,0.14570954940218717,0.02417191790197547,0.04123580155447182,0.022443812085179853
0.9608793904327861,0.016984286065604974,0.006005335614731413,0.011455951620244709,0.004675036266633131
0.914563090852799,0.03696920887088554,0.014625154538155419,0.023775972637066514,0.01006657310109389
0.8987777560224064,0.03660270076913868,0.018306854660694722,0.03196473676614536,0.014347951781614762
0.9433785248265141,0.02251786631786764,0.009238931457256409,0.017027527715873493,0.007837149682488451
0.9384181366677384,0.03264370835542268,0.008848859062586435,0.013487385749400388,0.006601910164852146
0.8380646640583702,0.08628638708220732,0.019580458972906237,0.039774057438797604,0.016294432447718894
0.8991749388533241,0.03688293287548255,0.02853579824430116,0.027589228017889184,0.007817102009002895
0.9414470562044209,0.033133041763757455,0.006667122777265763,0.013952876212103164,0.0047999030424525
0.9080671232503386,0.04991048908413952,0.015867423973129714,0.018978072994956817,0.007176890697435365
0.8643709609702215,0.05948224810926614,0.026187222873619832,0.03311295135665633,0.016846616690236512
0.8970461668073616,0.05558428056407,0.018019425364391113,0.02083242299647264,0.008517704267704472
0.9144777318855983,0.029745294724071055,0.019125770304112617,0.026235496735199003,0.010415706351018968
0.8874144363133138,0.056755705591189094,0.016183960505215537,0.028564382882095434,0.01108151470818594
0.8809928422041933,0.06924358207476398,0.022285483836837823,0.01855312194829843,0.008924969935906421
0.9091537426797035,0.047757900626362405,0.017648003856242062,0.01832210144003331,0.007118251397658577
0.8800252662659821,0.056172901817781146,0.025946991308675515,0.026946869824943424,0.010907970782617762
0.9174314416030427,0.04673983426498853,0.009334292843790046,0.019119602961096514,0.0073748283270820844
0.9248558031215781,0.04920762688582484,0.010265748462206847,0.011009795274779717,0.004661026255610387
0.9333856638743498,0.03631992886593104,0.01166081761140613,0.014288286408599912,0.0043453032397128884
0.8710868408538935,0.03290732180890237,0.03224395423288075,0.04021215492299667,0.023549728181326723
0.4605995731095318,0.41652308020859113,0.0841809583284381,0.032434833111630375,0.0062615552418086905
0.50716147803531,0.1216904319046267,0.13791156496329265,0.12234090079588292,0.1108956243008877
0.8162111622340886,0.0989811062887066,0.04282739565380207,0.030926572496112633,0.011053763327289957
0.8523035208843985,0.06835355138035304,0.033740283203461424,0.031003748901431327,0.014598895630355675
0.8874550849050804,0.07088098880349168,0.015900586686175694,0.01653468168524928,0.009228657920003004
0.6387164973393975,0.21257737239135502,0.06646330181133736,0.061763318295403095,0.020479510162507063
0.8350520700598586,0.07421608947029845,0.03485312629448205,0.03671584548339409,0.019162868691966897
0.7856579287584851,0.08096325646857958,0.040730232004190764,0.05694493103327942,0.03570365173546534
0.8153217378116503,0.08192461083420409,0.04037854292510558,0.04231548974688608,0.020059618682154022
0.8247464252242144,0.11697056718763234,0.018470764875450633,0.02773472904535839,0.012077513667344324
0.8241574603286749,0.08944637257985903,0.032908963598335984,0.030581302028664745,0.022905901464465268
0.8308977959838372,0.09198014346419862,0.031080068282363392,0.03254240112312388,0.013499591146476904
0.7997632217893678,0.12121213035943533,0.034509223664112965,0.028932335542016435,0.015583088645067862
0.908176915246325,0.060982287202166884,0.013151988582934206,0.011019992015281229,0.006668816953292712
0.8707004882051956,0.10440466411718893,0.00985004044778537,0.010909969083841276,0.004134838145988667
0.8933044752730964,0.052208197713098765,0.01892263919628533,0.025649398135711675,0.009915289681807694
0.8861098113907389,0.05105783079565939,0.019172587337819392,0.031935441359226546,0.01172432911655578
0.8598646020245989,0.07690420396949582,0.020695262909932916,0.028937389858515166,0.013598541237457304
0.9187807271687963,0.04831654286850218,0.01454645205273302,0.011549414046569133,0.006806863863399376
0.82192478635041,0.07325702476796368,0.02530713088659905,0.05227272700994181,0.027238330985085272
0.8255406405991944,0.06497456131305708,0.04052114734102128,0.040112586351668394,0.028851064395059075
0.742815633303998,0.08832642672966165,0.05310773531860042,0.08042347676693559,0.03532672788080439
0.8989347472665692,0.046168017723318806,0.017996036215423828,0.02617780978772567,0.01072338900696257
0.8961053160550814,0.05098131860300107,0.015506372755915413,0.02579562036880176,0.011611372217200535
0.8935630418584711,0.049721118847955076,0.017597104993147348,0.02970169905362019,0.00941703524680629
0.9585861139700314,0.02155476507948192,0.00506250311340984,0.011150702362720323,0.0036459154743566737
0.9078063649512921,0.034904245433112005,0.022883947115109392,0.02340991445421059,0.010995528046275613
0.9006732741327261,0.0485383856919679,0.01405288943647591,0.022469161699262757,0.014266289039567196
0.9408693014543184,0.024901967423171086,0.013307091154991544,0.014549274521665795,0.006372365445853183
0.8428847050884564,0.08540110129289832,0.026874943253056876,0.03213054946636334,0.01270870089922509
0.9374982731645252,0.022119475982343033,0.01307613123239578,0.020320645109748365,0.006985474510987621
0.8931251607614372,0.04482383853621963,0.018122294622311207,0.02748501887885867,0.016443687201173316
0.938998897689563,0.027353690349716634,0.009233177586468617,0.01754831467419937,0.006865919700052623
0.8602779604554475,0.04983181208556287,0.04014119797102655,0.034561468205203394,0.01518756128275978
0.9278266794473465,0.03747559417938445,0.013273099874692376,0.016506483681369644,0.004918142817206876
0.8290885228568101,0.07443252740845697,0.034375649453917634,0.04442477219200067,0.017678528088814798
0.8333464607269812,0.08223497035838248,0.028269872984181193,0.040280702649934955,0.01586799328052025
0.827073748521203,0.09749784938501746,0.028836279564561116,0.03332024099892643,0.013271881530292271
0.8687475898275423,0.09317411668638904,0.010712116004225869,0.020370148053795452,0.006996029428047258
0.9133284580467004,0.05772295462907645,0.008211635475442262,0.014643975746186423,0.006092976102594317
0.843252404211007,0.1002521490092948,0.019802095308859156,0.023054773205808538,0.013638578265030602
0.898801302394124,0.05783552103093918,0.015727808114455455,0.018959241610297998,0.008676126850183225
0.9196215826068328,0.03455903625429944,0.019671181264589954,0.016804675155657554,0.009343524718620237
0.8312984602028851,0.06414411936681617,0.03855931547663139,0.042774362992777135,0.023223741960889974
0.8238927670615674,0.07831436863453335,0.024422470293710863,0.051386884752630445,0.021983509257557803
0.9053855244849279,0.04812666612497347,0.019691649254679488,0.019064410524387402,0.007731749611032035
0.8360968717114633,0.08944241630597231,0.029802462509634083,0.035766720482219114,0.008891528990711446
0.8304778602886868,0.08665953570412556,0.03664879089880542,0.03251628828675437,0.01369752482162812
0.8636196215716749,0.06086012982669807,0.025412047034515127,0.0365116032785731,0.01359659828853862
0.9585520891889953,0.021906537129567794,0.00773187510737401,0.008874867446995945,0.0029346311270669243
0.9134318351872596,0.0511531552571737,0.01268121608182073,0.014938319505109666,0.007795473968636569
0.9701117372682967,0.009244489477526534,0.006011587910012679,0.0105086750679237,0.004123510276240231
0.836551292823564,0.07006632970517496,0.03175817543703764,0.047106024162173285,0.014518177872050385
0.7196492717587544,0.10538158697413555,0.06250139131886916,0.07780543257921824,0.03466231736902282
0.9339748684433363,0.027290654763397683,0.012746090933955349,0.01907724320064179,0.006911142658668795
0.8792438988598197,0.06803221592425182,0.016021935702910557,0.02717039743387205,0.009531552079145907
0.8756405471840651,0.08156936542489658,0.012213394571567419,0.020168933881639164,0.010407758937831803
0.8650937037226937,0.05461791661592999,0.027612851771351695,0.03806696398511318,0.014608563904911503
0.7690653583105083,0.14491807662681983,0.032724303615298024,0.04010299768400581,0.013189263763367928
0.8352393302035593,0.06239147698831828,0.028958941523935924,0.051259938412778025,0.022150312871408426
0.9151096218492063,0.025518580895301898,0.022308871111711245,0.024903082711301667,0.012159843432479155
0.9575523646379064,0.020750786557622317,0.006035203779892743,0.012045602949573016,0.0036160420750055
0.927201320561301,0.042551577392374376,0.011497526593918957,0.014024271709246899,0.004725303743158482
0.9202931326274177,0.04032225393777905,0.016900323097492582,0.015083852681038082,0.007400437656272505
0.7960697013198796,0.09344317236563246,0.03740761382909606,0.04553127957978871,0.027548232905603123
0.8733028178744864,0.05736813531064473,0.018743730253889434,0.0320394968081256,0.018545819752853975
0.7755158793174096,0.10669937782198209,0.04627009021641626,0.048845508169626996,0.022669144474564976
0.9159232029910115,0.027899977383382568,0.02376973804284485,0.023333254360039236,0.009073827222721957
0.8628025219600804,0.046773939916949614,0.029324177240745493,0.043018769019069265,0.018080591863155283
0.9071921567237383,0.04414389275642748,0.014292981889515265,0.024256229355296106,0.010114739275023057
0.836409337238758,0.05642275552745476,0.030838516613388246,0.05171691860744083,0.024612472012958207
0.7481730770658078,0.11070774723275068,0.0478101090086921,0.06497257024379086,0.028336496448958495
0.8395232522986605,0.05934529263171634,0.028240275109516388,0.04867909635951341,0.024212083600593175
0.9343183477628829,0.03779571517222843,0.009396884194790709,0.013331092415763026,0.005157960454334899
0.8408673753998004,0.07293855343892687,0.02740800108518796,0.040350341505004814,0.0184357285710802
0.9312941156183411,0.02889395594073848,0.010503684940929231,0.021639337881809613,0.007668905618181821
0.9005843620815817,0.03778188423683175,0.022859632212449476,0.02856794414845736,0.01020617732067967
0.9532716324414098,0.015492459161308947,0.007613459246343648,0.014607721770474258,0.009014727380463055
0.8968771678517604,0.040544642674043035,0.016893374834799628,0.032455298321825005,0.01322951631757187
0.9132761729080833,0.02451210462489416,0.018033593893525195,0.02927002697753208,0.014908101595965303
0.8541907752040223,0.048573744911996265,0.0246082731168346,0.046911960549050516,0.025715246218096188
0.9041476790471648,0.0401114162757126,0.017546212456154155,0.02429450296869531,0.013900189252273256
0.9038010088055118,0.0389002433917391,0.017239026679159237,0.024980410374636705,0.015079310748953299
0.8011817641223365,0.09766643042491534,0.03208208183350965,0.04798403622246397,0.02108568739677454
0.8611700937899083,0.05480262257987199,0.01700106362058206,0.04389353895808083,0.02313268105155713
0.8323207204514735,0.057245402818425176,0.027401646838592083,0.05356925001113388,0.02946297988037528
0.9712807828665896,0.008874392720310854,0.004530393211683023,0.008959082155934401,0.006355349045482063
0.8765629661996315,0.03586611012768892,0.028584104251776456,0.04052376685168344,0.01846305256921963
0.8490232812667213,0.06849573350241304,0.027182281549715498,0.031265749099251686,0.02403295458189826
0.7059803331830292,0.08274177363661196,0.05595197922549096,0.07639943973136534,0.0789264742235024
0.9173603279648957,0.04608990733128513,0.011174845529236335,0.01642597228180387,0.008948946892778833
0.8590289335906854,0.0778891003279614,0.020158001085997426,0.02709865510450088,0.01582530989085511
0.7024282008434646,0.20503940177404872,0.020567269608695954,0.05182937450209662,0.020135753271693854
0.6560536833732318,0.1708391592853169,0.05090535955304729,0.08343827123275199,0.038763526555652066
0.7960006019638263,0.06888680617025525,0.04040506907026558,0.06373639363617216,0.030971129159480516
0.8996966200811833,0.034390051924734454,0.0161704316832261,0.03152427922906349,0.018218617081792447
0.9143717296412267,0.03880931791183291,0.011443493675184489,0.024520997237920658,0.010854461533835067
0.9143370419690084,0.031219243981277775,0.014972924901854088,0.020816245767674293,0.018654543380185618
0.8027234741622215,0.09049774896395904,0.024970821967898377,0.05408644408427252,0.027721510821648192
0.8715660028771592,0.04867220865554336,0.023653006078997927,0.0390036564974421,0.017105125890857036
0.9097433016473438,0.0504134929281553,0.00974768049261125,0.017176914610785448,0.012918610321104184
0.6970462728835982,0.15019531047604953,0.049980154656116736,0.06847079265555446,0.03430746932868109
0.8313291619055354,0.11528560704227145,0.018426618603855305,0.022900667381927725,0.01205794506641004
0.832327977396299,0.07151267801143098,0.03561201239036388,0.03947115682054373,0.02107617538136231
0.7927462412396711,0.11004822926720283,0.020397366813376058,0.05274139338243589,0.02406676929731438
0.8879644245411942,0.027125762025805335,0.03308335733610247,0.0336290396331965,0.0181974164637015
0.7375151977503541,0.1522884588875269,0.048377299424199396,0.048435610512812755,0.01338343342510667
0.6212730052756888,0.2258896970837567,0.0627072685294198,0.05192389591975877,0.03820613319137593
0.7056845739450444,0.17458274853773786,0.028196037186260542,0.06586657229515329,0.025670068035804093
0.617828991919977,0.21155529984672386,0.051901117443484183,0.08707259330441298,0.031641997485401994
0.7371009607854063,0.11763009724109164,0.03342510548789884,0.0718301397084073,0.04001369677719594
0.8918224209628456,0.03805891335733133,0.029636372739572647,0.026592563776263255,0.013889729163987247
0.9040954026147551,0.04266995111410053,0.019007981545989625,0.02425909855222165,0.0099675661729332
0.8825599835134148,0.0628717933586028,0.017746700233657257,0.02381578741144988,0.013005735482875192
0.8980950262404638,0.044685029635998456,0.021438530973794254,0.024741893372230147,0.011039519777513274
0.8363979910789622,0.09749687145144195,0.022460735088121308,0.029575864274519754,0.014068538106954553
0.7794096328939355,0.13422647780460378,0.023889340656601005,0.03886306648740469,0.02361148215745516
0.7856962755560762,0.14044302899314007,0.021362395844663203,0.035436408623065234,0.017061890983055238
0.900862037442408,0.04550968074089949,0.01932600891180368,0.025426818137725134,0.008875454767163563
0.9393662679286164,0.02547199504472102,0.012254430087350297,0.015452533168866262,0.00745477377044586
0.9715762816753508,0.00833186128938558,0.006136289312446257,0.009308298226013796,0.004647269496803624
0.8654977508911779,0.0646080790323041,0.021949175407502183,0.031200096356717888,0.01674489831229808
0.7594875186547464,0.11365930666932256,0.04883902685950995,0.04814959484524898,0.02986455297117235
0.8544522487358482,0.07015429048423373,0.02286676331436771,0.0345836325114064,0.017943064954143953
0.7771078736120935,0.08978756009878194,0.0353153342532624,0.061791357320201155,0.035997874715661
0.8791871862051279,0.05696913886648056,0.01824770193352428,0.0316727890194822,0.013923183975385146
0.9448798008283498,0.02146099524862346,0.012375441381141699,0.013720430315971192,0.007563332225913941
0.889819479673223,0.025400453985668547,0.027521489921352203,0.03425497930909216,0.023003597110664308
0.9288378324089837,0.02249932504439705,0.014198409878694586,0.023801810029893424,0.010662622638031347
0.793521993109992,0.08765426885122309,0.04165334531878058,0.05117517151015307,0.025995221209851208
0.7825686921641488,0.08230987061010532,0.037871729821493845,0.06468183968891361,0.03256786771533827
0.6999069215809188,0.12210282733638106,0.06111412298005865,0.07538546608782824,0.04149066201481323
0.889510368655652,0.0364717304345203,0.023430010449990487,0.03013410468493658,0.020453785774900552
0.9517326165808636,0.01943542754345028,0.007852946612929547,0.014262936716100606,0.0067160725466560095
0.8598796920452944,0.04388980830235305,0.023464649406558565,0.043146689143510095,0.0296191611022841
0.8022428961926268,0.07864344215551247,0.019351076639169285,0.06300693047082115,0.03675565454187017
0.44096042550453207,0.2350213378296715,0.07478510121886649,0.15995516255626646,0.08927797289066364
0.7135930146248476,0.06741495165852797,0.07364062094679975,0.09435385942035884,0.05099755334946572
0.8115212294166384,0.0697581304426375,0.023548401271999635,0.06363817015775043,0.031534068710973945
0.734071853829547,0.09757957378463168,0.04687031511573921,0.07954615209458298,0.041932105175499106
0.8640379763834726,0.03962068195856483,0.02762307344731167,0.04957638412563223,0.01914188408501889
0.8481432027183686,0.05501635361510648,0.02427116688311436,0.04095957496827616,0.0316097018151342
0.9103851941105519,0.04324553672941171,0.011284385595689962,0.02153740077513274,0.013547482789213692
0.8116454829941142,0.09222967077618921,0.021277504022490998,0.04547536548269597,0.029371976724509852
0.8548185466795193,0.044590860544858744,0.02038092652134828,0.056248368921218934,0.02396129733305484
0.9396233733552297,0.01903045480860158,0.013106594485234399,0.017067376853568215,0.011172200497366145
0.8306939857749257,0.04280770160452058,0.03385790312413986,0.05442990220311981,0.03821050729329383
0.7867580122932176,0.10776772593059465,0.026333840850048154,0.04866668625206344,0.030473734674076002
0.9244125218628155,0.026588908019170184,0.011273693478950367,0.0265199244843898,0.01120495215467437
0.6523491644226987,0.18451156040856098,0.04390985910532927,0.0771142157815519,0.04211520028185921
0.7992681330183798,0.08178696675626354,0.027102397452190095,0.059224412370416424,0.032618090402749836
0.8723810687890344,0.06128693764190612,0.015039345909899183,0.031519673130614,0.0197729745285462
0.9056568126344261,0.02838128463415366,0.012714562858804762,0.032298372075269595,0.02094896779734595
0.8869723406477187,0.04227098349857163,0.021108009435851487,0.028868685324023625,0.020779981093834658
0.7255474284631911,0.11649249578336647,0.04569701660402196,0.06777582043743244,0.044487238711988016
0.8287100742056959,0.07756351170949166,0.023948289475019126,0.04137108841987549,0.028407036189917682
0.7589016697690323,0.10805339477374995,0.034149513550298966,0.06063942225008153,0.038255999656837465
0.9551875797344159,0.018418800987587317,0.007271925734977583,0.013154135277354139,0.005967558265665111
0.9318178716710321,0.029409215530146252,0.010920423809959574,0.016727099310605374,0.011125389678256535
0.931744993764426,0.02201000887631761,0.012789463657034547,0.019310567110977922,0.014144966591243867
0.7134252992971631,0.11741619259502771,0.038577221738057645,0.08462506082403697,0.04595622554571459
0.8562965263093172,0.034949905088313964,0.025903126062038755,0.057386674895409634,0.025463767644920626
0.759722574000453,0.08568844028421599,0.045189781808868186,0.06642879004794619,0.04297041385851667
0.8292245962230202,0.087941167618771,0.02688797791934379,0.034521549638810954,0.021424708600054163
0.8527001845048822,0.06406577626220288,0.022777971522141952,0.038817133170287295,0.02163893454048561
0.9381252199219187,0.027491541869579247,0.009692793843240866,0.014705674860099006,0.009984769505162255
0.9051028057929774,0.04623285511497547,0.018440738160489533,0.018735096039302252,0.011488504892255261
0.7424628176346978,0.0514623263280289,0.06743657532240958,0.09249496055918034,0.046143320155683405
0.8539501141881005,0.0492500403163653,0.04580148378517439,0.034757796843006124,0.016240564867354063
0.6829595740166726,0.15927656598321935,0.0665978955161528,0.061111924945398084,0.030054039538557183
0.7678322993577583,0.13101171721686805,0.0341431048178157,0.048168297150858394,0.018844581456699573
0.8704868687910164,0.047669161343053705,0.022663003029209573,0.037163431345673785,0.022017535491046646
0.8505746709472465,0.04454707720535661,0.0359753301727853,0.047581515944731756,0.021321405729879776
0.7847179960281147,0.08530802206689396,0.037394279939177974,0.06951482340148138,0.02306487856433219
0.8315772200295872,0.08373387089612805,0.03408210866890296,0.03178642732459454,0.018820373080787225
0.8841113582683532,0.05068630580706801,0.0173821216497088,0.030343716915265485,0.01747649735960454
0.8396461204993241,0.07053643310699279,0.026169702113294023,0.052660339489856614,0.010987404790532736
0.9315767720906755,0.023731028364186293,0.01941047493011456,0.018579164574343974,0.006702560040679762
0.8555865908272848,0.05737253775078712,0.035134005454358914,0.03971702717922027,0.012189838788348754
0.9074481231516268,0.04031456851064243,0.01716763434262065,0.027303735739909442,0.00776593825520069
0.8601690174197465,0.05449206704518042,0.028027826392677743,0.04536654099972051,0.01194454814267486
0.8787684673414394,0.046710882961117986,0.02689488185788537,0.03401163353658817,0.013614134302969066
0.8742794141823085,0.048730161791804144,0.03468065960780912,0.029980202871287602,0.012329561546790355
0.9530463409776903,0.02376325050181557,0.00833155799421884,0.011680138340898998,0.0031787121853765763
0.926135107553285,0.03498858975527537,0.015459015557879778,0.017160809446525472,0.006256477687034412
0.9206802774831613,0.0485066871068847,0.010216438545016667,0.01587728349462615,0.004719313370311284
0.9120744042609622,0.045019246424682954,0.015391182026264341,0.018804975380065325,0.008710191908025317
0.8355726564540662,0.08544573462847982,0.03156512004224497,0.03233931594569807,0.015077172929510718
0.7573780383037929,0.0975647267277652,0.05962365131628118,0.06285810404437508,0.022575479607785692
0.9078207967604355,0.035826080584545866,0.023723275476891223,0.020947054171385867,0.011682793006741623
0.8583624330012347,0.06518127888595572,0.024140813911345683,0.04028766007964386,0.012027814121819639
0.8918201710677075,0.056375885158292706,0.0137325926400114,0.027733607584684263,0.010337743549303849
0.9152182734692802,0.036498742445026204,0.015713838595602932,0.021847439297010638,0.010721706193080122
0.8624674187142706,0.05142931686450447,0.030242940014737756,0.03580254045785584,0.020057783948631246
0.8536198953060811,0.06862360797902299,0.03375539844304474,0.03427909176357903,0.009722006508272076
0.7632083202249226,0.12323102809081157,0.052655381188723246,0.041564067367556946,0.019341203127985415
0.9205505418399476,0.03441880542182682,0.01205358795044268,0.02306992719665096,0.009907137591131977
0.930178807568183,0.03487869614864886,0.007460909300944706,0.018938914656181385,0.008542672326041962
0.8161834893139828,0.0910155352554921,0.029335710118352586,0.044656353821273274,0.0188089114908994
0.874114623519532,0.04472659206732814,0.018909640509685566,0.04404123224870517,0.01820791165474913
0.8958396069708249,0.05477783428174572,0.016139131070885816,0.024057598798123997,0.009185828878419648
0.8907632275735757,0.037492432843408634,0.032380310966556344,0.027533282543652143,0.011830746072807008
0.8500962375849452,0.08800279905189906,0.024101375410854116,0.028147261053210824,0.009652326899090565
0.9067825387104049,0.04352161361880922,0.015164321868302882,0.02552213971269747,0.009009386089785645
0.7677202316603109,0.12383793789901985,0.026212234720413157,0.05847276122505867,0.023756834495197318
0.9135279026204579,0.03990275871119396,0.014247114060155486,0.02037272240946189,0.01194950219873057
0.9035890836166376,0.049375054753821083,0.011571550675606106,0.027828462846058784,0.007635848107876471
0.8627320673748818,0.08652975970731638,0.024622618547841712,0.018161836927528475,0.007953717442431644
0.820857573510414,0.12299997970738469,0.023355385163008113,0.02343802389744219,0.009349037721751151
0.9357358820095458,0.032653898232216504,0.010097655434907996,0.013720828766073249,0.007791735557256278
0.9013513602575388,0.04370590896033537,0.019272474289219448,0.024494620593239338,0.011175635899666863
0.9319136045649307,0.034525169747430716,0.013219359546208212,0.015087371351722145,0.005254494789708321
0.8866925745029245,0.05942793792482339,0.01336572207667468,0.030540847874335666,0.009972917621241622
0.9367887632093521,0.03681933713443479,0.006849804000148582,0.01340563405573906,0.006136461600325485
0.7686079473605392,0.10879389272837871,0.041273355880010396,0.06518453247313116,0.01614027155794057
0.8639777927899819,0.07619162890044087,0.023150348539973952,0.025307268051909693,0.011372961717693806
0.9226873821219073,0.04161880477089835,0.012283696942399806,0.01715362015084353,0.0062564960139510056
0.9336233613282349,0.028330412868742143,0.017124127016166675,0.01402112461758465,0.006900974169271565
0.8804307446193285,0.05287152623695434,0.01567232680577818,0.04081649643151899,0.010208905906419874
0.8100243796724194,0.08655653496137149,0.0357368212947681,0.05113727536707502,0.016544988704365854
0.8819373579285844,0.04702560702383686,0.02749837706157463,0.03342055708367756,0.010118100902326588
0.8624557848509014,0.07139844739158879,0.02388737822825103,0.031436717930595735,0.010821671598663277
0.7702755033792333,0.15902129489374145,0.023462749646645208,0.03262769819810054,0.014612753882279677
0.9215159579951288,0.029027323864475693,0.016455411790074474,0.024099735265662527,0.008901571084658569
0.8370543783936448,0.07311937249890996,0.03246698492264207,0.04050456247377452,0.01685470171102862
0.816438426852311,0.10278375296611399,0.03419538994440641,0.032776972167397354,0.013805458069771157
0.7823122624933179,0.1446486422146609,0.026630015865278182,0.03327465072208437,0.013134428704658897
0.8446888398925191,0.09162237325781529,0.021603663870987912,0.0331066408956328,0.00897848208304491
0.833827848909188,0.0720390015447937,0.02973257914770187,0.04191469525038441,0.022485875147931964
0.877192779391721,0.0743407900524237,0.017194723198483183,0.020299285520862513,0.010972421836509422
0.9446381792388008,0.017890557795427583,0.01696674757855133,0.014470245697693002,0.006034269689527406
0.9238958648791833,0.039006214227629225,0.012873039915902435,0.01744527501802803,0.006779605959256914
0.9374753417681029,0.016660525073548663,0.018457421485290584,0.021395575822906333,0.0060111358501514145
0.8708874514099866,0.053187492228216095,0.022595636629813627,0.03887960737242335,0.014449812359560547
0.7723221188993682,0.08126519881579063,0.05420563820726592,0.0698936189033864,0.022313425174188748
0.9328076328387014,0.03318890458954572,0.010366388799136287,0.01507599548053133,0.00856107829208532
0.8782914715725432,0.043998274450311535,0.022173086041848724,0.03854107906662174,0.016996088868674753
0.9276022625309546,0.030653159314222304,0.01767516447361495,0.01755302190002671,0.006516391781181587
0.8473490201267847,0.046818179664628534,0.03287022965590416,0.0557070436213854,0.017255526931297234
0.8267603313553732,0.08820192498826777,0.0358404011257437,0.035513521561671514,0.013683820968943666
0.9437036370770162,0.02598307936746447,0.011276205248693673,0.014219309975584184,0.004817768331241485
0.8743201205949758,0.05262883683161663,0.02298251572170371,0.03962273954941493,0.010445787302288713
0.9157838256030634,0.02887330118627423,0.017616097293761093,0.026473277584845276,0.011253498332055913
0.932329068708875,0.023560355951382908,0.015836447605520942,0.02020170786403803,0.008072419870183112
0.843934303707779,0.05471652647994623,0.054278621247573,0.03788352452198323,0.009187024042718466
0.8708065256985397,0.07842814744421611,0.015312783276590386,0.026080929702385035,0.009371613878268908
0.8090905098683849,0.08126574799197983,0.041470502580932524,0.05235995879769166,0.01581328076101103
0.7849079212753122,0.12150029596846344,0.02966200201774866,0.044480931119883674,0.01944884961859191
0.9522782493794013,0.024927792746924627,0.007562162341091398,0.010163376468393534,0.005068419064189039
0.8832821474804112,0.06273428877019914,0.015879233326463432,0.026669509805972456,0.011434820616953875
0.8976803795046527,0.057168594682431316,0.013644685585558893,0.022418866194923465,0.009087474032433505
0.9356779382081266,0.03589707650163408,0.008216537707587806,0.013197744541827452,0.007010703040824119
0.9243577042804705,0.03899814428262878,0.012216029789519807,0.01714628789067462,0.007281833756706327
0.851453822862378,0.07008867576813253,0.021679452192014073,0.03971810973181245,0.017059939445663058
0.8752872234259096,0.05874526298274246,0.023668822047714182,0.02852894456669753,0.013769746976936535
0.7919404490831418,0.10236288456075114,0.037818454180349834,0.052434769246371006,0.015443442929386214
0.8817104861003184,0.04698859664145909,0.028796072797745473,0.0327450698167093,0.009759774643767616
0.8252915798863152,0.06899759730583085,0.04848075369699968,0.0409616578355872,0.016268411275267076
0.8327955206959055,0.0586851293852663,0.04597405148537698,0.0440180850486089,0.018527213384842367
0.9516104619784775,0.027855663191063963,0.00611202651012899,0.011329259055521585,0.003092589264808106
0.8844503557592535,0.04873046001771513,0.02399342468430889,0.03586577038500795,0.006959989153714705
0.7892036687601973,0.09471613061517403,0.045551139193503405,0.05125804962694504,0.01927101180417999
0.8765854699392371,0.04109590139601379,0.0360799697928496,0.03245724991520774,0.013781408956691641
0.8794973354377864,0.050458457159092994,0.020545150162291796,0.03461154571103736,0.014887511529791442
0.9136923901586372,0.03540800304993499,0.01575959440781208,0.025791281995595276,0.009348730388020417
0.8519851518156651,0.0656498418841733,0.025728432919527106,0.03962155405899403,0.01701501932164046
0.8743459291258877,0.04264204710795038,0.0351030280572646,0.033757961606973697,0.014151034101923515
0.7499262194134628,0.11785658810696713,0.048543098707438885,0.06137226497002851,0.02230182880210239
0.8950091503528355,0.05061061152916044,0.02136925780122072,0.023409452354801845,0.009601527961981705
0.8565424580197523,0.07653078294593627,0.02048077235121995,0.036796182640602595,0.009649804042488828
0.8949662589308441,0.04554726126811399,0.020414987279723115,0.03038640638218118,0.008685086139137491
0.8915865150244965,0.03338611834326175,0.03146582554346711,0.030328675685045967,0.013232865403728675
0.8909746914933879,0.06269677109287353,0.016835749002783985,0.02042468517874019,0.009068103232214403
0.8714362033058218,0.07070356480879142,0.016589535808710802,0.028733793142981377,0.01253690293369484
0.885347320464343,0.05956450387533202,0.01914431760959165,0.026098495901615476,0.009845362149118046
0.9413015385444213,0.03527496035397552,0.00866037155343377,0.009092973599339282,0.005670155948830029
0.8720679160278364,0.049293881604637144,0.03347615457995865,0.03345684310261419,0.011705204684953533
0.8734766050150595,0.07057012873307207,0.019670627757550643,0.02544579305452393,0.010836845439793847
0.9285564447618686,0.03604804015621719,0.010159693818846691,0.01918046353821113,0.006055357724856456
0.9284706419886766,0.038595643949858136,0.010156997539522202,0.015253162233190546,0.0075235542887522894
0.855550632016367,0.08991513238635554,0.0207209588675137,0.02160653314608963,0.01220674358367401
0.8748829390459169,0.07812395265753594,0.016293180083428883,0.02157967346098275,0.009120254752135633
0.8862763093658912,0.06419314713996178,0.015096080112641404,0.023320669821414376,0.011113793560091175
0.9235329716381144,0.03763758839102907,0.011995414178567818,0.020446140164023734,0.006387885628265137
0.8857058029857398,0.0802687474875716,0.011926635072831643,0.01670151062311613,0.00539730383074095
0.9112394582374908,0.04017867774035286,0.013945396508462897,0.026314891085735828,0.008321576427957708
0.883470725249887,0.05284177788464126,0.014561881436266102,0.03883432233428029,0.010291293094925422
0.9312682669345835,0.023468258536314276,0.015250182896033642,0.02027229721788886,0.009740994415179513
0.8707080913314345,0.06340408799539751,0.02177670024276109,0.030736757236265913,0.013374363194141089
0.8984150250843158,0.04012205211642232,0.016461002919347788,0.03745366373656294,0.007548256143351313
0.8125874499777382,0.09259203699343602,0.0344201161467372,0.04991484340096804,0.010485553481120555
0.900337690535432,0.040401295210317746,0.02273561627124068,0.02928774288388212,0.0072376550991273434
0.9127282765791133,0.028167283480758396,0.016607731048894903,0.03353286224099106,0.00896384665024236
0.8771618387684016,0.05935581055768071,0.020835493159568095,0.029636072405359478,0.013010785108989991
0.8818907156296368,0.05520004133984412,0.03297972796439004,0.02101774494087153,0.008911770125257757
0.9372725786801839,0.041037390907089424,0.006757064908333846,0.009289420292438339,0.005643545211954616
0.9208584685301934,0.04524452794810783,0.010812552011127742,0.014416836288096903,0.008667615222474253
0.92530512969852,0.029776138270266383,0.012607077837808246,0.02236163215190958,0.009950022041495775
0.7781529208935966,0.12394568867161551,0.043215848745798216,0.036490274212143695,0.018195267476845797
0.8648317279633142,0.04461495310176114,0.03469940970499928,0.03624730995038528,0.019606599279539963
0.8304376721700046,0.07432346236394201,0.03030410889389569,0.05151183729309284,0.013422919279064771
0.8773683356467255,0.048604685850667385,0.029296506246600323,0.03144167604735756,0.01328879620864933
0.887159195607626,0.06176359699627045,0.017055868457609917,0.021234714777707706,0.012786624160786061
0.8579335617369614,0.07121890319969514,0.019982293961889937,0.03575596051602851,0.015109280585425105
0.9218434300081496,0.03832550128414034,0.009216417806191552,0.02347959385851261,0.007135057043006052
0.8856258020572401,0.053476138200153185,0.028164360127936505,0.023001722096987625,0.00973197751768232
0.9258240205767708,0.032653316107772674,0.013736712806962507,0.020390635540087302,0.007395314968406789
0.9172415821712914,0.035778811643597495,0.018891007963247372,0.02157718431278985,0.006511413909073971
0.9312915200574252,0.02499680861629375,0.016314904181269272,0.018962597915234313,0.008434169229777527
0.9398862121639623,0.02261035446898707,0.011574031077284145,0.01845647062673185,0.007472931663034691
0.8781033463768052,0.06404523308635296,0.018419613117500885,0.02778349832583072,0.011648309093510278
0.934432045095452,0.03226441098297377,0.01247049645769377,0.01417397402621898,0.0066590734376615725
0.7966158720945757,0.11458591074311451,0.022537894027457726,0.04907833636018957,0.017181986774662258
0.931753271725566,0.032775741349863545,0.015048925999866182,0.015255462196307242,0.005166598728396831
0.8051734562747385,0.10309141320040302,0.03715198469707078,0.04050908710739036,0.014074058720397385
0.8993344625286307,0.043263391245967085,0.026531217654244522,0.02361088421556038,0.007260044355597453
0.8026762041448986,0.10896694206446317,0.027734394602590282,0.046926668609418555,0.013695790578629262
0.8915272521346929,0.049468575026996524,0.021082841219024477,0.025615666113250397,0.012305665506035637
0.8924858765025879,0.045073433847867585,0.028400557911844822,0.023772559926403158,0.010267571811296667
0.7815741267304154,0.12564328143429637,0.03622578209728455,0.03593168922812425,0.020625120509879528
0.9106994901867309,0.02486964741781928,0.023927439487914298,0.02860173973249304,0.011901683175042232
0.8621945706319942,0.06912207558838239,0.02313244958220908,0.03327256818260148,0.012278336014812801
0.8847649262723957,0.06410703889765232,0.02004886936935573,0.02361501387252575,0.007464151588070704
0.9439056587614962,0.02723536947040641,0.010228644002045388,0.01182749036710241,0.0068028373989495496
0.8749877339916562,0.05368919998639229,0.02421249996705351,0.03611336018546574,0.010997205869432538
0.9224294371874907,0.033300355646129376,0.012386050400627404,0.023461575482438563,0.00842258128331396
0.9010034041371238,0.04665047522196557,0.011266679028298254,0.0325900673333675,0.008489374279244937
0.9320148574645655,0.030962046065525908,0.011667636267577493,0.020797951755172597,0.004557508447158424
0.9510940959654448,0.01894675957605876,0.008241385150614417,0.015943512907345976,0.005774246400536196
0.8480038155783959,0.07814650981616351,0.02182511332566156,0.0382132841154563,0.013811277164322656
0.7781784853985866,0.12377518705873787,0.030088898456362406,0.04647038286370767,0.021487046222605256
0.8051758130090289,0.06372447685056018,0.055452509295693335,0.0516120616942796,0.024035139150438055
0.9619781002890092,0.01703952809616274,0.005796278304056653,0.010447163932977607,0.0047389293777939405
0.8775744928138731,0.049266987745436516,0.019038194095996545,0.042462260091373986,0.01165806525332023
0.9264132900865092,0.04042363539219866,0.012633288698322748,0.015569689080829594,0.00496009674213982
0.8159018530172999,0.10420258205827984,0.01711428483184058,0.041483509371781066,0.02129777072079863
0.9286370570805061,0.023776788696072755,0.016267776794090204,0.01898805276810428,0.012330324661226667
0.9146707495660117,0.0499739778771589,0.009423612873946642,0.02031826543104664,0.005613394251836045
0.93021030165339,0.02479430294547757,0.018073208325858407,0.018430094362632918,0.00849209271264094
0.8891254344437116,0.06145858134476725,0.010802106392032284,0.024154477210800725,0.014459400608688142
0.9419810173286856,0.026218752939062194,0.008398203383959446,0.015272507502379011,0.008129518845913794
0.8616658044587743,0.04648998517987027,0.03483192924296798,0.03756580837404317,0.019446472744344162
0.9369698780528191,0.032981857966281114,0.009838105858865506,0.01658545374399851,0.0036247043780357254
0.9350527235207962,0.030272649378655293,0.012193021908823804,0.01596750086199788,0.006514104329726886
0.8230000340876971,0.09646734796793177,0.023846690927083542,0.0402869208908663,0.016399006126421114
0.8465830358138456,0.09274452078591469,0.015778368521279947,0.033225974543766384,0.01166810033519325
0.9019236617931015,0.047618930213142424,0.017136515447626316,0.027618823537251053,0.005702069008878598
0.8986557251185143,0.05438520115081489,0.017664376248222192,0.022127210808745548,0.007167486673702846
0.879723591686267,0.06152104475514361,0.0229553222683489,0.02742801129810368,0.008372029992136938
0.8771858183430723,0.054951180003402156,0.02281710523421669,0.0322897535045845,0.012756142914724395
0.8078979383870869,0.11172244197292375,0.025328542649493926,0.043398810328566365,0.011652266661929334
0.841034638086077,0.0911556250570633,0.024396428087927594,0.03161669737553309,0.011796611393398868
0.9305840807021403,0.02990853909817659,0.014276777371858736,0.017787038217430426,0.00744356461039421
0.8546031135199001,0.07922765728438484,0.029751879118516514,0.024177827855982343,0.012239522221216022
0.8887338836758195,0.06379164406771887,0.017832350823356557,0.019131079913397568,0.010511041519707416
0.9180751128753082,0.03956878119104262,0.01693420450272365,0.01877850616235814,0.006643395268567319
0.9090403883318652,0.05022616127385613,0.01967216819717739,0.01516480580278258,0.005896476394318829
0.8665775388030057,0.06325309636819947,0.017742854483513183,0.03938286409444715,0.013043646250834783
0.88552230832861,0.06037191994872905,0.01965659811564426,0.024569398308542583,0.009879775298474095
0.8384747805397513,0.0828218675504499,0.023851629309953246,0.033358112164452725,0.021493610435392774
0.6737093985807325,0.15715358764012044,0.04789286356402844,0.0829656472036396,0.03827850301147911
0.834495886280999,0.10251020679821858,0.02211512644089966,0.030846664689377155,0.01003211579050546
0.6712238094148107,0.14791494454569498,0.05036749186478157,0.11160454296488721,0.018889211209825646
0.8834143286713615,0.02807297697796162,0.035510615895039184,0.042151224846252305,0.010850853609385357
0.8881446558744059,0.037210676794538704,0.02561427099654624,0.0356415677485773,0.01338882858593177
0.8917283548568407,0.06847168082194456,0.018409139831177538,0.015037937782286763,0.006352886707750425
0.9301558811749114,0.02863256460484825,0.018674715053051624,0.01593027428805757,0.006606564879131047
0.870298890375218,0.070112575817797,0.02541687289449794,0.0223389464340561,0.011832714478430909
0.9051022388839852,0.03233843420552068,0.014547499863987057,0.03058043888618581,0.017431388160321186
0.8995139114831417,0.04535739038433555,0.014859466724880973,0.022407675324738707,0.017861556082902963
0.8460803897635203,0.06209857694777586,0.02688422558619977,0.044664162428068206,0.020272645274435917
0.8265577961024207,0.0534462617703367,0.039619593413575814,0.05555281344707353,0.024823535266593148
0.9217894180756927,0.03871584827073729,0.013253226248596399,0.016550869238885317,0.009690638166088382
0.915585485203794,0.04813011548852388,0.01340273453402613,0.016584492293617123,0.006297172480039193
0.8819747689047747,0.05529802256677145,0.01910178593604493,0.02639980861259175,0.017225613979817145
