Delta_Power,Theta_Power,Alpha_Power,Beta_Power,Gamma_Power
0.8732130826760245,0.05543240818121934,0.0357343512979174,0.025796686568773278,0.00982347127606559
0.9139159641559247,0.034272477366914855,0.02317821536378462,0.023170114263781013,0.005463228849594676
0.8564596883843505,0.08730742268428991,0.03405513322562344,0.016295797361031556,0.005881958344704753
0.8916672323928182,0.05546214482699172,0.024500811612324966,0.020496993861597493,0.007872817306267528
0.8726087779814209,0.07357437734665671,0.026879491459580258,0.021535589480077097,0.005401763732265101
0.87206014202654,0.07688909878233825,0.03189515689314968,0.014230913475494902,0.00492468882247727
0.9442892820516176,0.03005938568686079,0.016803815027710577,0.006209360906698357,0.0026381563271129656
0.7982161701696191,0.11026720182310554,0.04570036404322803,0.036591717076584096,0.009224546887463105
0.922457094423444,0.03733472098475695,0.022343298106874212,0.013544794318363534,0.004320092166561196
0.9358468121713132,0.03634831059403116,0.01616459364159643,0.008200596519547949,0.0034396870735112894
0.8679375036492083,0.05777806832326959,0.04251960033429597,0.022539922470796753,0.009224905222429228
0.9586271527927325,0.01878963484761013,0.011107215627386632,0.007979380407768943,0.0034966163245016522
0.9271321613488022,0.03445982287028509,0.022964449995434753,0.011666263007858791,0.003777302777619573
0.9338513069539212,0.021552018358262266,0.026110841607072787,0.0133515084092376,0.0051343246715060955
0.9178081217312757,0.04665745950379453,0.024278708715003382,0.008496270613034188,0.00275943943689211
0.8866716839243421,0.05950384605626656,0.02913371521870886,0.019843135288978665,0.004847619511703803
0.9043143040219942,0.04238816251337435,0.03695311398711892,0.012666022404200238,0.0036783970733123847
0.9124386067843011,0.053372435897084715,0.020780739032428098,0.008504581046395527,0.0049036372397903635
0.9162569294752969,0.04127821082131554,0.02035540370440902,0.01762072831154917,0.004488727687429411
0.9536518417191215,0.02321615675259535,0.013309579030301054,0.00772080790217552,0.0021016145958064124
0.8103954587301846,0.10232049426866088,0.04445677764332064,0.03230740707246961,0.010519862285364298
0.8675013727513671,0.08172206925518545,0.02667617206258108,0.01846085802952742,0.005639527901338982
0.9603198987204496,0.021619273163904173,0.010416922262157166,0.005457199282206701,0.002186706571282223
0.9428077708585331,0.034770303712976354,0.015463452943643353,0.005033805644844348,0.001924666840002644
0.9086189113857475,0.053599370764058386,0.01955158358543048,0.014609991765855456,0.00362014249890802
0.9209166640749882,0.030862267713666465,0.028014820631985037,0.01405292595802084,0.006153321621339673
0.8847585994273108,0.062238445706681814,0.032279284326128775,0.015937041220772642,0.004786629319105726
0.9009215455154129,0.04653837043100669,0.027294071815192215,0.02033549385251187,0.004910518385876319
0.9182921770119046,0.046164770917881785,0.020359121876889978,0.012212726030571474,0.002971204162752363
0.9241056679874711,0.04392647287744718,0.01518120653072852,0.013437233512226792,0.003349419092126393
0.8346548429954663,0.10369883390850151,0.03124573665722439,0.022659747952900374,0.007740838485907426
0.8718338306425587,0.07400709161265637,0.0321357413741225,0.01659939682150513,0.0054239395491576725
0.8247206238918688,0.09150497245575646,0.055391160077781824,0.020644451244476857,0.007738792330115984
0.8926175005553644,0.06063778484678953,0.026357094880638438,0.015053927628807069,0.005333692088400496
0.8595271592951289,0.0803293741228381,0.04093379966891835,0.013810886422216775,0.005398780490897763
0.8622543392153027,0.07000518735334339,0.04080154565394535,0.01833982499623833,0.008599102781170105
0.9468994887357048,0.0319879722965534,0.007548615232917724,0.009947016496042238,0.003616907238781681
0.9252789382751803,0.03453192876506175,0.025241051683108435,0.010393796975533137,0.004554284301116662
0.8522158236045986,0.0919279955707615,0.031444341967943865,0.01674907588254287,0.007662762974153023
0.9255838422420875,0.050469450991038736,0.011628732995119505,0.009254104509910337,0.003063869261843488
0.7975028124736849,0.14216496941694073,0.025447959139123438,0.02666225306474264,0.008222005905508324
0.8717173661009254,0.044872888786362974,0.05078974621060567,0.025521034525628046,0.007098964376478041
0.8334397932503304,0.0854757967756376,0.05053895282088329,0.02294813245544034,0.007597324697708596
0.8703369391003022,0.06421989867574204,0.043063832553104295,0.017384404765645303,0.004994924905206337
0.9446020135057065,0.03213898088668493,0.01292581862405116,0.00780278262812964,0.002530404355427905
0.9244097650603685,0.044850477485180604,0.013594003231280466,0.011909996150625919,0.005235758072544616
0.8350618502342306,0.0716721194058348,0.049193847877513276,0.031056965422987505,0.013015217059434024
0.9406931601989568,0.02999174964823604,0.015938305236484002,0.01000231272004826,0.0033744721962746683
0.9143495882241075,0.040576419561139276,0.025957157323117125,0.013915401412998223,0.005201433478637921
0.8423550317709718,0.09155455853240414,0.04314130115971594,0.015693996123733157,0.007255112413175103
0.9330575036299266,0.0293656232873867,0.02283540796908947,0.010366502417905992,0.004374962695691112
0.9540282868952684,0.019102149396675844,0.01520305636517487,0.008681174026237198,0.0029853333166437045
0.8814433798407153,0.07289790767077681,0.02661488885051096,0.012872587126936626,0.006171236511060345
0.8800334183829929,0.06407758168406545,0.031114099660473227,0.019027424314893415,0.005747475957575064
0.7886092524771215,0.12388166631939901,0.05071390169291844,0.02649475942536073,0.010300420085200683
0.8402421628972121,0.08943932359847118,0.045784464566227305,0.015999384885257168,0.008534664052832347
0.9550609694048312,0.01946240377384886,0.013952099262299428,0.008528784552401993,0.002995743006618657
0.9078440688354158,0.040239794866701276,0.027577016736021493,0.017872727041419564,0.006466392520441964
0.7703794490874649,0.12423173490166174,0.05410173899365541,0.0383141547743303,0.012972922242887664
0.8668672190153713,0.06883784854934112,0.04629650398019906,0.013220459505176535,0.004777968949912129
0.9535957688882892,0.023649871962248235,0.012902260559808849,0.007422212939560399,0.002429885650093457
0.8574578051874031,0.07574202444867963,0.03813234267632434,0.021440298521135725,0.007227529166457339
0.7424535567566574,0.17320439762047116,0.051265345488199415,0.023346345827027402,0.009730354307644616
0.9498713239434167,0.02616422158868973,0.014079642726000877,0.007235891594799365,0.002648920147093105
0.9108742809288466,0.05149885610787115,0.020106937027357316,0.013683465235768126,0.0038364607001566938
0.9487091009227384,0.015799637196625624,0.02080607087512436,0.01079793459852988,0.0038872564069819195
0.8821623727029929,0.05804150272138597,0.033858175630608986,0.01901769409765485,0.006920254847357354
0.9270952561992499,0.031234003059471077,0.027307847264532212,0.010684184062869856,0.0036787094138769237
0.8938016343028525,0.06020350112090474,0.025479280641871063,0.01570302877877109,0.004812555155600735
0.9327909263419489,0.03871530383315853,0.017815802593979847,0.008444174269240509,0.0022337929616723477
0.8472005352492402,0.0835087621327188,0.042928503373535605,0.0199020862743466,0.006460112970158742
0.8370373273683961,0.08273272932158482,0.04518878281569919,0.025297073366895524,0.009744087127423947
0.9378053611933104,0.03447305376225711,0.015093801783173247,0.009126337979954607,0.0035014452813046507
0.8951301400037835,0.05326670267198664,0.029800349257387514,0.015425151129846696,0.00637765693699546
0.8985119167473131,0.05920965454563685,0.023372834556835892,0.01435489289994259,0.004550701250271658
0.8877909495488566,0.05991896095128231,0.029703161297562158,0.016686745629970794,0.005900182572328231
0.9368895033624762,0.0333529363097559,0.01569911067672947,0.010032964835063852,0.004025484815974691
0.8353988529898365,0.10265123813987216,0.031282430415402365,0.019079474708792128,0.01158800374609679
0.9161078083398793,0.05042825666528696,0.01807321307082942,0.010441305823993647,0.004949416100010637
0.8631145167857955,0.04852697192433703,0.05304803640098748,0.023942214143923595,0.011368260744956324
0.7925737971429717,0.12477568755793153,0.0466192923392917,0.02607757327604515,0.009953649683759785
0.9156759773744938,0.041232846990399113,0.0245901623189966,0.014227319958117492,0.004273693357993082
0.9012154293006761,0.05903349001440215,0.015345333263855603,0.017909723680875116,0.006496023740191067
0.8611032302593631,0.07733127694159737,0.0340951052547452,0.017806517845547227,0.009663869698747107
0.8561847822211935,0.08388827196493559,0.030057610822459026,0.02415508593157134,0.0057142490598404835
0.8167387457744236,0.08198543133662076,0.04686613465208837,0.03723334842929663,0.017176339807570554
0.900293885441559,0.05353268672546657,0.021864182892442272,0.016550380250295062,0.007758864690236936
0.933849364129246,0.03281225095361185,0.01959000778556499,0.010717036937216382,0.0030313401943608182
0.8973831869712443,0.06631940160083497,0.015619606549590388,0.015873309671944235,0.004804495206386092
0.9008011576388123,0.05807602885421186,0.01877414414364343,0.01825038685502965,0.004098282508302938
0.8151732959384378,0.13095950665576622,0.026225228983921673,0.022013954421821972,0.0056280140000521854
0.922133027267746,0.039908437078527835,0.023745099507929798,0.011731687165255284,0.0024817489805412643
0.9191860165461887,0.03460561773272257,0.0240212014662146,0.01852623258202559,0.003660931672848591
0.8895933765383649,0.05420490547366699,0.03857297798766198,0.013626195681587384,0.0040025443187185015
0.771589729797106,0.083862431058727,0.09577496444582925,0.038351445131982465,0.010421429566355146
0.9332974415259647,0.032434572261879784,0.020113691420506983,0.010770890086681332,0.003383404704967147
0.8676356922705231,0.05743095989364369,0.0471919319205919,0.021614278114473365,0.006127137800768092
0.8076928084763408,0.12167095141962261,0.037722663323952785,0.025048521057885076,0.007865055722198998
0.9271561071947174,0.03961204976629107,0.021850502211176438,0.008231582201731973,0.0031497586260830455
0.8725973610279223,0.07657582435675844,0.029003270887041775,0.017679307082559503,0.004144236645717952
0.9000591861554711,0.05533812310623696,0.023843559639372673,0.01674404279284028,0.00401508830607912
0.9791367094700218,0.005712228915329437,0.008343474364932015,0.005251247256287824,0.0015563399934289972
0.9181714421510536,0.03927609635685698,0.02465612157586797,0.013876080637450532,0.004020259278770868
0.8598130729075488,0.07895906989753433,0.03837102017021488,0.01797537292766285,0.004881464097039231
0.9295055014515278,0.04208047142620472,0.014837907592902166,0.010274332452409447,0.0033017870769557556
0.8756050548076827,0.062380748274195263,0.04018170085699561,0.014448626274992866,0.007383869786133272
0.816796303657984,0.10506824927617521,0.04292396634028609,0.02495180123170673,0.010259679493847877
0.9314908113015119,0.04175947145654025,0.016010975266198865,0.007602457493610329,0.0031362844821386997
0.9230682030355248,0.03680074556169539,0.02731868039645626,0.008941344700076828,0.003871026306246531
0.8162538020835584,0.06916531331514791,0.08513065075053147,0.021944455323874363,0.007505778526887929
0.9340528573608706,0.027819260769380714,0.02863532990816666,0.007203565933795198,0.002288986027786916
0.9311914082241152,0.029497108135905108,0.02559102993496615,0.010021505148008043,0.0036989485570055273
0.9133994388174512,0.0460087568628038,0.022336503487508864,0.0140515274504084,0.004203773381827581
0.9317944950553388,0.043130947624626347,0.014187413765258032,0.008414739007315007,0.0024724045474619643
0.8718177167074115,0.06362040072316581,0.04335262249580558,0.016840448942043295,0.004368811131573745
0.9381047349834557,0.02337365149098675,0.020741612365959988,0.01403618931334851,0.0037438118462490197
0.9391923912246436,0.04264467066757667,0.00997976515639036,0.006455783174063877,0.001727389777325458
0.8646605391876903,0.07702461891481775,0.03229862699924505,0.01972596451394207,0.006290250384304762
0.931831277771815,0.03425529427189737,0.020941620984280405,0.010508102480252116,0.0024637044917551107
0.7957320833401831,0.09098776203763273,0.07470228428914974,0.029119860498286288,0.009458009834748036
0.8556213183521089,0.07197684132850876,0.04482676286374486,0.02226784911249916,0.005307228343138448
0.8891651211231996,0.052595343845775584,0.03270330488457805,0.0197220349250374,0.005814195221409449
0.7814719382761387,0.11787142892582982,0.07136055560723338,0.02131088611977575,0.00798519107102217
0.8454034694696316,0.09673943416213218,0.03677856754927207,0.016101155016376063,0.004977373802588446
0.8952371475940982,0.04255884151191621,0.03454007221104137,0.019145064335839092,0.008518874347105082
0.8245045216872942,0.09989820774752896,0.0402939562564962,0.02686762127273264,0.008435693035948095
0.8780863133949307,0.0577366443767014,0.04509236280932695,0.014724912905881408,0.004359766513159544
0.935841310228058,0.03505420827016768,0.01795205983643918,0.008575411228505875,0.002577010436829161
0.8174245386280282,0.13110993461924905,0.02890153453028801,0.01758572746622421,0.004978264756210601
0.8820298482718475,0.05165179666279557,0.04172055915543934,0.019779383337529512,0.004818412572388192
0.8799574795167588,0.06569775127926439,0.03513657382359426,0.01508585166441435,0.004122343715968017
0.9367671349543032,0.03309130028006357,0.01646846247288995,0.011025961090050043,0.00264714120269351
0.8524293941752096,0.08072624093309876,0.037625582816523846,0.02173558021361913,0.0074832018615486
0.8513411158821493,0.1014305494824414,0.02685085011280315,0.014830799430909807,0.005546685091696178
0.8919412922184845,0.07695330912033828,0.01731371979022527,0.009653985236046886,0.004137693634905179
0.9478895872774104,0.02097951690302125,0.017126223795605657,0.009924021365332877,0.0040806506586297565
0.9510819201378852,0.032453189771506026,0.009484744617892237,0.005584783462569541,0.0013953620101468313
0.9550052982598464,0.01822106944597236,0.014055050051890566,0.010536587986997548,0.002181994255292929
0.9094282885872843,0.05923607085060814,0.016579770267053637,0.010916486858452975,0.0038393834366009373
0.9185157036771975,0.04579375576319558,0.024958879336001806,0.007407462760757758,0.003324198462847267
0.8977014669650889,0.04244517388298533,0.041258424730883266,0.014698472287704479,0.003896462133338173
0.9535134387025556,0.018766746143250444,0.016811711831364522,0.00813905374405167,0.002769049578777731
0.7652030701357947,0.12218551902812631,0.082534638627026,0.02285188666028968,0.007224885548763365
0.9256439227092592,0.037915704762167615,0.019770782537653797,0.012316769658786494,0.004352820332132919
0.9527882806629957,0.016510975002721064,0.01797081996228813,0.010178062592537429,0.0025518617794574707
0.8963324490493708,0.046807197097694535,0.03242839581248003,0.018482449613982974,0.005949508426471397
0.9090726657276617,0.04360367787456053,0.027831031714697172,0.013282328241432073,0.006210296441648565
0.9327489866339378,0.03395154916071909,0.020433413050336375,0.009567737531713026,0.0032983136232936318
0.7860990506136906,0.10569873304053765,0.060116686397557684,0.04018602910642812,0.007899500841785916
0.8784255396837886,0.07134621656425612,0.02774560224080983,0.017952414612627237,0.0045302268985182356
0.8385320915780712,0.07105638306742885,0.05130422075183241,0.03084556981777217,0.008261734784895319
0.9227514174006947,0.038808993759789634,0.02087044388840038,0.013828323814286328,0.0037408211368289415
0.8588509193728333,0.05438542629922948,0.05946479285990902,0.02035501890295812,0.006943842565070259
0.9153818966363025,0.026874950466473254,0.040954267659725936,0.013323797408098175,0.003465087829400028
0.925629758600981,0.04267400301479892,0.018258419688485503,0.010202984805448777,0.003234833890285689
0.9093846430035976,0.05683640333439913,0.022039332225220778,0.008996456145306643,0.0027431652914759646
0.9383945156800929,0.020323122487303086,0.022869626936918894,0.013764625057038357,0.004648109838646682
0.751578242975412,0.12781600370105528,0.07992429658892071,0.030486688448943842,0.010194768285668229
0.9382623859094276,0.023181312339552004,0.022782653614967216,0.012024911645628382,0.0037487364904249063
0.9022329968962394,0.040765845906629336,0.040681013869482044,0.012147951835350198,0.0041721914922991455
0.8876504154764903,0.047981518282880095,0.030660060007142335,0.027393386323384162,0.006314619910103062
0.8135505183327519,0.07888031625844243,0.07011844365800374,0.026344876143910265,0.01110584560689162
0.9470236353687053,0.022872608443194557,0.016945671494951974,0.009551334328478444,0.0036067503646694745
0.9282309832348148,0.045090826819390785,0.01527450569237544,0.007637327857236357,0.0037663563961823055
0.9337241929569473,0.03723208476019661,0.017138725896095473,0.009330072886182556,0.002574923500578183
0.8595931449861441,0.0788583807182956,0.033599791346547184,0.020956440648058593,0.006992242300954633
0.9293578942908854,0.03746815831003039,0.023803228784580154,0.006820518600022984,0.0025502000144807476
0.9063744493396001,0.05788117278997093,0.02348106255572849,0.008930262555157826,0.003333052759542602
0.9444305996167679,0.024795176359467378,0.01985970995556893,0.008517755509627164,0.0023967585585685882
0.9274552880828218,0.03739266362167906,0.020170880002397796,0.012319352633089474,0.0026618156600115325
0.9296300204714201,0.028431487669481906,0.028199607819600767,0.010901230020859132,0.002837654018638179
0.9665458912989456,0.016789260352570445,0.009931456492630634,0.005047956174581234,0.0016854356812718665
0.8628787582397711,0.06963625770623852,0.04759481065424039,0.014275985148812525,0.005614188250937422
0.9553573977956215,0.02082193644127606,0.013177931326184637,0.0082561271096681,0.0023866073272497527
0.8700178848352236,0.06279310677596206,0.04391567171839803,0.017466647962308315,0.005806688708108157
0.8206437717229141,0.0882430441690595,0.05895176149027143,0.023785346498382605,0.008376076119372107
0.8771636706857547,0.07963298635606972,0.023863435189713223,0.015153797438066009,0.004186110330396343
0.8317015409152353,0.07993331332968687,0.046442033364835815,0.03397173983299437,0.007951372557247587
0.8542494975582478,0.07683036518988631,0.04163824384908194,0.020848624610237645,0.006433268792546545
0.8392317287143576,0.07306362855300251,0.05401582890141208,0.02594888528812918,0.007739928543098878
0.8927864909173677,0.04455235298223928,0.036302104017737535,0.020764378287666165,0.005594673794989272
0.9529479520061722,0.013081337152924538,0.01857031901170403,0.012227999040189464,0.0031723927890099056
0.7789612345248211,0.09077208789306482,0.08565476740505973,0.030856998197080824,0.01375491197997364
0.9002635226670925,0.058118311548200276,0.023980117304903716,0.013023423259455097,0.004614625220348415
0.959348189855844,0.01837383965235972,0.013809638798563548,0.006111597415149033,0.0023567342780833234
0.8484036698748587,0.0937937601350465,0.035812927822010024,0.016753018917701056,0.005236623250384008
0.9296853035041751,0.036393916151089264,0.022206271405216603,0.009105210302260434,0.002609298637258766
0.8964984047014098,0.05931905402813662,0.019632059079795268,0.020690233941292997,0.003860248249365169
0.8592565229804925,0.06777663227758486,0.0467615668709074,0.018961786683049466,0.007243491187965877
0.876292324843101,0.048756969808054634,0.046093516202778205,0.021445176496144448,0.007412012649921792
0.7817118528116505,0.1219867623726783,0.059051973712481554,0.030727836509101707,0.00652157459408799
0.9003491990637922,0.054185238510273244,0.029074096627307318,0.01219543263518574,0.004196033163441525
0.8998588995726591,0.05662672255069227,0.024593994995313676,0.015095967416433017,0.0038244154649018825
0.82887471846553,0.07778152079913014,0.06301093381204292,0.022996610247901214,0.007336216675395708
0.8791304744006876,0.07122295961793029,0.024411037028212186,0.020197843245806493,0.005037685707363496
0.9372815940032164,0.029955972601367193,0.020500703302765176,0.009417747947001157,0.0028439821456498725
0.7741437322039247,0.11377285518768003,0.06832354483750763,0.033068301450869426,0.010691566320018041
0.875069753832263,0.06597219978365636,0.035084763344068036,0.018359998512874114,0.00551328452713853
0.877029415463339,0.0713848986581511,0.027757068541473473,0.018339428150377406,0.00548918918665897
0.9122570483027547,0.05004924781849981,0.021283063373851295,0.01155415295277355,0.004856487552120786
0.8969497770655673,0.0486109505371845,0.02763259746483968,0.016973547501059658,0.009833127431348787
0.9052784625139965,0.04069357573900064,0.030214238376121173,0.016389858776316678,0.007423864594564952
0.9134357534704627,0.05279834475909515,0.019813290107393973,0.009765966177085618,0.004186645485962491
0.9368513588949436,0.040673690066361255,0.012313558929513356,0.008032552757151507,0.0021288393520301303
0.8366371207633263,0.1064286088304934,0.02928607587698653,0.01910774379540838,0.008540450733785206
0.9060054468380162,0.05775480860642857,0.02295638214878242,0.010557860332779626,0.002725502073993163
0.9240669609310969,0.05286580384366471,0.015315533616984999,0.005801616244615853,0.001950085363637368
0.863502979352569,0.07286935539281661,0.03939751460540356,0.01976804488213977,0.004462105767071149
0.7494496908990226,0.1758111017832473,0.04498562376352818,0.02481348710663949,0.004940096447562434
0.7407908349638632,0.16636415366449725,0.05066260997348956,0.034428514249318504,0.007753887148831572
0.9177286073281464,0.0486550186286229,0.02147915909848765,0.00973634252964596,0.0024008724150970722
0.9257767562082733,0.03716407543012551,0.02591649982660409,0.008744285717483511,0.0023983828175137075
0.8381923148158017,0.1162587139031607,0.024632183832103464,0.01645995475323071,0.00445683269570349
0.9455267087205728,0.02836067793534085,0.012673563651726458,0.011112511912619326,0.002326537779740593
0.8936308147327399,0.07179444005464772,0.019420474416268645,0.012960925344892625,0.002193345451451182
0.9292656391968902,0.03429737566712094,0.020331122461904994,0.013600044110278143,0.0025058185638057555
0.96410684543541,0.018681267150967025,0.010064995850586228,0.00591631573043017,0.0012305758326066776
0.8729729506333795,0.08493201821150562,0.02435377583430585,0.013938391095005852,0.0038028642258030303
0.9117395847440253,0.04979390709244149,0.024147886728690768,0.01127210291186564,0.0030465185229766696
0.8799020074278314,0.0691862792242388,0.033958242335845476,0.014279477878695736,0.002673993133388318
0.8579133342067354,0.08747483531747346,0.030959087099756137,0.019047549704774628,0.00460519367126038
0.7797258056289945,0.1281631294071843,0.06396249359368635,0.02320991653363865,0.004938654836496199
0.9400998019493132,0.02129626955902904,0.025037006943761382,0.01030630740591187,0.003260614141984397
0.951253030413826,0.01878240684761222,0.020004478237621085,0.008161731893903602,0.0017983526070369763
0.8578283424716667,0.04622832852956596,0.059477361651127915,0.02909550926223797,0.007370458085401565
0.8054244098794171,0.11294653616335383,0.04776370094295218,0.026426821206005924,0.007438531808271106
0.8365327674847923,0.10500478305260406,0.03753458599914496,0.01663551254300174,0.00429235092045694
0.8812385985100587,0.061452252136139064,0.0372757174944224,0.016701851223915785,0.0033315806354638714
0.9225624541034246,0.05211271511881372,0.012808765521029887,0.01066670091185378,0.001849364344877734
0.9511307783506092,0.032794018407370486,0.009124259484982048,0.00600836822869534,0.0009425755283429907
0.9117798699610137,0.04927397848708852,0.018566098479697077,0.016875871620840536,0.00350418145136047
0.843468871942613,0.08624296467125928,0.04378584281513242,0.019903426903096134,0.0065988936678989495
0.8541751800528997,0.05875623199204904,0.0614789358887212,0.020558449610943323,0.005031202455386695
0.9357478967343217,0.035904764501841796,0.016238670433302106,0.009919866317695697,0.002188802012838617
0.7848991466803038,0.12359195083529932,0.06784054737315445,0.018568901733721464,0.005099453377521029
0.8238358898457069,0.09754455784065787,0.04997813324658437,0.02384355538093446,0.004797863686116456
0.875209779913724,0.08280636154784199,0.02241906212388163,0.01626719587912876,0.0032976005354239074
0.8828154778977194,0.07857017619303647,0.021176257292846265,0.014282066537996619,0.003156022078401206
0.8732460119912638,0.06795251848690397,0.04085763227832721,0.013596879258643191,0.004346957984861737
0.8374168215777005,0.09123010962993906,0.045215985353169945,0.019473857612975095,0.006663225826215302
0.9349366079139501,0.039035421269103567,0.015815975798469644,0.007966143236007667,0.0022458517824691326
0.9226110923862877,0.04159765134433139,0.018789216212698218,0.013744320824109651,0.0032577192325730477
0.9321429539282643,0.04087517423247843,0.017639087916474908,0.007130218283063521,0.002212565639718971
0.8042636655949794,0.12787454769399897,0.03811254263084873,0.023763861958349255,0.005985382121823769
0.8917171829648383,0.07556505951852834,0.01737081043436706,0.012542214985327513,0.002804732096939094
0.9011433525600708,0.05160810669423971,0.031508682558238875,0.011357060042906039,0.004382798144544288
0.8151816369697816,0.11455396050011701,0.047524145942055,0.01921645787431025,0.003523798713736171
0.8706796243686464,0.07421054335046888,0.03324378994061192,0.017556405200234226,0.004309637140038705
0.8288179994796294,0.1009865312224951,0.04175034003178599,0.023476416526832383,0.004968712739256938
0.7226154925919346,0.12833098119735956,0.10149974202800446,0.036219151644705766,0.011334632537995703
0.8629960101048454,0.06477342844456854,0.04222832675147462,0.023686702474584112,0.006315532224527327
0.831565741581474,0.11983586879944227,0.027356766773707953,0.017042718714865554,0.004198904130510246
0.7983503684264954,0.13174274029450492,0.03950577550815925,0.02357706114445374,0.006824054626386619
0.9315356317903744,0.04555187112876004,0.009375945959450393,0.011265301827895322,0.00227124929352014
0.9553634680219444,0.030211399385239986,0.007582427830252348,0.005500626671696743,0.001342078090866749
0.8512074245354212,0.09649906377241244,0.025447291931509363,0.02306912687531637,0.0037770928853406503
0.9239568933687202,0.03437762098995088,0.024670077152088365,0.014128787895706147,0.002866620593534478
0.907276754429343,0.03852880057987176,0.03672240252573326,0.011763630837280749,0.005708411627771287
0.9138001857719927,0.043961659703707884,0.02278765692067393,0.01580390031301138,0.003646597290614329
0.8624679473251892,0.08806386554149966,0.027049713943826357,0.01806817548987311,0.004350297699611516
0.8162588207924025,0.1344702493093743,0.030212352617111454,0.014567435793161379,0.00449114148795027
0.9489447862861742,0.03114625132809318,0.011359169661131771,0.006781095704196487,0.0017686970204042632
0.7534319929233234,0.15016241986795367,0.06246763689190827,0.0279845062396493,0.005953444077165275
0.7428563459026815,0.15230135795619473,0.06300483846317298,0.03526149221391397,0.006575965464036937
0.8625956228920426,0.09440387900714509,0.023219889289370986,0.016253397464513472,0.0035272113469277063
0.8749475484221031,0.09102451828235822,0.0174891938397648,0.013343992090434036,0.003194747365339805
0.9042385477552867,0.05698937461704752,0.02550802608628542,0.009973033934819082,0.0032910176065613773
0.8208464688842836,0.10831285418227289,0.03961227974005617,0.02603786007376737,0.00519053711962001
0.9266144311578681,0.03492890598589397,0.01892408031585195,0.015631042362835343,0.003901540177550499
0.8431533285164388,0.09501108612149885,0.04033121560750097,0.017830285387189615,0.0036740843673717604
0.8403332524623687,0.10205366010329289,0.03541707244713987,0.01876443486210771,0.0034315801250907833
0.9107912007876338,0.060209450365415314,0.015331514459957233,0.010326850822964768,0.0033409835640290124
0.9380531146259512,0.03559096840871621,0.016335595838180336,0.008221139816582656,0.0017991813105695115
0.8914081677681369,0.05300478105884967,0.03904996463622584,0.01327250703180638,0.0032645795049810063
0.7851518169893142,0.14020607884753353,0.04851725831799141,0.020804341746972748,0.005320504098188355
0.8963422231297588,0.06467983740257455,0.025330781237165784,0.011316347923362339,0.002330810307138619
0.8802088568265033,0.07643176406918456,0.028065525251328573,0.01222238431235462,0.003071469540628952
0.8559178262916051,0.10204123080657607,0.027605492333123975,0.011382388337077871,0.003053062231617175
0.8801161499994373,0.0706149681905371,0.030307117081663282,0.014807066322063571,0.004154698406298853
0.8272088717973326,0.10849836525009612,0.04194333051557081,0.017742173457139836,0.0046072589798604275
0.9213374722850058,0.03213759313813395,0.030883387518676936,0.013028355648471043,0.0026131914097122753
0.8992140759481356,0.0561906794029501,0.02205739244409024,0.01808373444346271,0.004454117761361436
0.905147818516926,0.058223162986215354,0.01846507116017367,0.01399724920800279,0.004166698128681946
0.9163458626419297,0.051943469182258485,0.01469196136065585,0.013658812626848886,0.003359894188307197
0.7298134043760836,0.15277706490024814,0.0769655475109926,0.031734147569015665,0.00870983564366017
0.8408040664654114,0.10381338794649858,0.04037617525955359,0.011137038881202264,0.003869331447334422
0.9022088074493559,0.0529479829967727,0.027377993830924586,0.01393842333089476,0.0035267923920519867
0.8971589827701936,0.04567196035641119,0.03867958835575467,0.014239733051175917,0.004249735466464713
0.9589817714258596,0.02851902961498283,0.00721122653544041,0.004080730029688488,0.0012072423940288478
0.945072691439228,0.03853339964493862,0.010401506755844727,0.0046728637887647785,0.0013195383712237693
0.9275714329363458,0.03749601774781051,0.020456474330092036,0.011716168988421018,0.002759905997330605
0.8467028072069965,0.08671895885569554,0.041858484097980694,0.021000214666113223,0.0037195351732138182
0.9237320002916882,0.04465921477958805,0.015807533631932116,0.013013693487206799,0.0027875578095848015
0.8566609826107933,0.07784580482085872,0.035807855990410996,0.023263539617662206,0.006421816960274742
0.9430889461313887,0.02742517711253297,0.01672061639323655,0.011026463148578854,0.0017387972142626866
0.8457132747105117,0.08120857998730889,0.04617449435771677,0.02242966173550803,0.004473989208954532
0.9246485480064061,0.036885350754815194,0.0243218328935996,0.011384454572304848,0.00275981377287439
0.9194102460011147,0.024446042228465834,0.03895948491758565,0.013022773405099802,0.004161453447734247
0.9336730267967028,0.030210230316088965,0.02266065680634189,0.011017143483918138,0.002438942596948077
0.8954654566105335,0.06654993933211063,0.02058875274005937,0.01257460515546525,0.004821246161831424
0.849605814079001,0.08336242975804334,0.029932419400107938,0.03224607360412191,0.004853263158725923
0.7836583035420852,0.1396812002138886,0.045734543957064215,0.02577416041876802,0.0051517918681941045
0.8233097842014471,0.08651544456623803,0.06337365514517442,0.020227800810305736,0.006573315276834531
0.7733841025852876,0.12444259918866847,0.06459454604829555,0.027395538373926186,0.010183213803822238
0.9251323618156392,0.043819957022051506,0.019080056557179145,0.009439195982108156,0.002528428623021905
0.8781861958234132,0.05121373173896686,0.042659544903918996,0.022123730942518037,0.005816796591182962
0.8925902824583271,0.06356878738194252,0.026240921206221714,0.013922910563408547,0.0036770983901000358
0.9835848005233041,0.008028911313361739,0.004895341878689334,0.0026273325578269596,0.0008636137268178718
0.838532973073639,0.0818068166947063,0.052447401138323545,0.021720709780861477,0.005492099312469682
0.9447216980744925,0.026843168020792018,0.018525533399847017,0.007109905424078925,0.0027996950807895127
0.9578542057411986,0.016560711477294054,0.01513366798689517,0.008623634383543946,0.0018277804110682196
0.8826050353440618,0.0655119362660469,0.03171080469440513,0.01590882990893612,0.0042633937865500125
0.7654840377523849,0.14356057057452554,0.05417637367616892,0.0290124179255354,0.007766600071385241
0.8528401558871641,0.08001245684591389,0.04163627410778295,0.019777422659424948,0.005733690499714265
0.9468885599839516,0.03321987684268145,0.009485632489209481,0.008593480267148904,0.0018124504170085715
0.9357146255009494,0.02974077524946142,0.016173374111781845,0.01508127488586731,0.0032899502519397905
0.8926665318020043,0.06354422496042367,0.024763722758505483,0.015756950972003542,0.003268569507062959
0.9019694068216656,0.0424861827185591,0.034486730830696484,0.017894967728071073,0.0031627119010076373
0.9627525902712356,0.017511233744283605,0.010490604276883388,0.008050391186258625,0.0011951805213387073
0.809200371348128,0.08867075387627651,0.06383413541992604,0.029576008786866326,0.008718730568803162
0.9108708470486951,0.028760915338282938,0.04007593743756495,0.0157765404532397,0.004515759722217192
0.8839871691589908,0.07030803667360966,0.026749296238698272,0.013168511596516745,0.0057869863321844146
0.8771325883301465,0.06454002440862351,0.03853933935900043,0.015132991648644003,0.004655056253585581
0.9207363449310114,0.05049342078822075,0.015508979931259449,0.010905865797266882,0.002355388552241595
0.8900552409327951,0.06319028930590488,0.026567828815109402,0.01730167088419139,0.00288497006199936
0.8928886909643916,0.05721218541814715,0.030237904544868945,0.015441867834220404,0.004219351238372062
0.9538287836556476,0.03117984386583678,0.008661752520871346,0.005065543251969291,0.0012640767056749302
0.8332348913900826,0.09941309055852429,0.04010585029120308,0.02114185585310451,0.006104311907085536
0.9158031335402284,0.049288684533288024,0.02205344438510025,0.010032991366426134,0.0028217461749573194
0.8925638420865291,0.05146482313560172,0.03285417174033294,0.018796483531246064,0.004320679506290622
0.8435084599930465,0.09292219272777043,0.04179814573885622,0.017411486188847813,0.004359715351479152
0.7072017956308598,0.18600424994910542,0.06689433331835427,0.03075361334708068,0.009146007754599828
0.9380449098323554,0.04184943900755243,0.008581430008271157,0.009106266810112935,0.0024179543417081452
0.8909871480045455,0.05309309156702297,0.03065383551872187,0.021382396704800865,0.003883528204908836
0.9544682112413345,0.02867301772567657,0.011251284904063671,0.004270482460607858,0.0013370036683175604
0.8040314310630645,0.14142846211664825,0.03362009267143367,0.015687066060324873,0.00523294808852862
0.9231905847174307,0.031183116002979818,0.021208218983441714,0.021078358469605384,0.003339721826542304
0.8742529404628223,0.07827114456522027,0.02798607737523939,0.015457259295349881,0.004032578301367912
0.8596696501472072,0.07807368357938609,0.03742734433705206,0.01962864712106602,0.005200674815288672
0.9630169757730115,0.025137805195704674,0.004957981541565535,0.005444561649614623,0.001442675840103698
0.9633422163651469,0.020097791557608345,0.010343289734173707,0.004622888204670906,0.0015938141384001122
0.9355508995345707,0.038101259494713054,0.015277717566639579,0.008616837578041044,0.0024532858260355697
0.8878679630214287,0.06588937385964622,0.0242333311577543,0.01708807917929836,0.004921252781872479
0.9326885449359941,0.03700832601718156,0.01753244745762905,0.009682584958600752,0.0030880966305945664
0.8700916992182354,0.07329712223327556,0.02864847585615856,0.022220672548198185,0.005742030144132226
0.912861988454946,0.05777450575789136,0.014003360404515353,0.01210719398570233,0.003252951396944969
0.9075637064097021,0.039765651659815944,0.036756138616234,0.012547507549008293,0.0033669957652396523
0.6951122060257694,0.17159661389420464,0.08417960624741218,0.03893383544760553,0.010177738385008118
0.9064112459101564,0.04766132876187554,0.022736176857735206,0.017872742937264298,0.005318505532968555
0.8406468723018127,0.07194297060933538,0.04968788613220106,0.02917359999452854,0.008548670962122223
0.9713102077539643,0.011196045148124705,0.01031099302694583,0.005394673971254093,0.0017880800997110255
0.895152497212736,0.04245429678121627,0.03663968291425683,0.020898065814259802,0.0048554572775312
0.9365473540635656,0.03350227054795056,0.019137651245353098,0.008740762571622058,0.00207196157150861
0.8963656466051316,0.05669019975919059,0.022526324108627756,0.018587431064004487,0.005830398463045384
0.9360005504591102,0.030383416146359383,0.01661288508793254,0.013006129835470549,0.003997018471127383
0.8685050787687999,0.06532128729887238,0.032330508106414,0.02636868013729871,0.007474445688614849
0.8935593281782342,0.059023871627937596,0.02844091308537781,0.013722310493741615,0.00525357661470871
0.9148321496399524,0.05211026586176067,0.017921429545375577,0.011801169475793745,0.0033349854771175125
0.8191494625456212,0.10788190100081611,0.04988527811735405,0.017761683193810718,0.00532167514239806
0.8924433838787358,0.05176498910993023,0.03361441036030138,0.016753139631402927,0.00542407701962982
0.8591298280078566,0.0817343744385086,0.03327699633574526,0.021712798657849978,0.004146002560039526
0.8605680077063033,0.08145603050121808,0.030338578950624962,0.02257599077424693,0.0050613920676066656
0.94057152180282,0.04095674247666231,0.010921636331050583,0.00603865046591783,0.001511448923549268
0.8784378312656353,0.07374559500189062,0.02990133429532005,0.014801860684692072,0.0031133787524619243
0.73606437688711,0.18151765747639242,0.04480178492825552,0.030701359075004896,0.006914821633237148
0.8819966565707364,0.06896916529105891,0.023541006961872776,0.019336576014315588,0.006156595162016141
0.8444168359923591,0.0909834976956208,0.034245385856325576,0.025517532151360826,0.0048367483043337
0.9244189662903329,0.04505831780975919,0.018137175102789376,0.009642927454778119,0.002742613342340259
0.8998799161990845,0.06170060374339641,0.02025278235543904,0.014760925139866798,0.003405772562213198
0.9064789704348137,0.05557282333166874,0.021210330513015317,0.012836634674590239,0.003901241045911758
0.8866016678018576,0.07334834181055926,0.01662387985036964,0.01724035425148305,0.006185756285730229
0.9287466500251185,0.04187404108269948,0.017008107880780207,0.009223003764200712,0.0031481972472011356
0.9326627537107406,0.04519414115702967,0.009522984499726224,0.009906974642418928,0.0027131459900847387
0.9082320450006309,0.05936739135945394,0.012189766409382706,0.016270778926930216,0.003940018303602425
0.7660652837466689,0.15141655257877626,0.045025796845739575,0.028368460352933993,0.009123906475881497
0.9504981492505009,0.03280277836747441,0.006425606141711004,0.008228170140953112,0.00204529609936069
0.8830115828812244,0.0843571882570935,0.016768162278708604,0.013348569421219158,0.002514497161754515
0.8817356343385172,0.08031149811139032,0.01759670137731437,0.01622800049110387,0.00412816568167424
0.797861575668912,0.13047998806033856,0.03586869996336131,0.02950047391977479,0.0062892623876132725
0.8331858199476727,0.08040889092676849,0.041020429215456726,0.03855554443499072,0.006829315475111341
0.884395912401847,0.06184325711780401,0.03429582759588412,0.014997808162763564,0.004467194721701206
0.8279619506300788,0.08986367605249099,0.04727988541953629,0.028586074230233023,0.00630841366766086
0.7695718912942359,0.12116858352530772,0.06852936609145685,0.03258870967641868,0.008141449412580923
0.9128933853721012,0.05528953667472775,0.019230736887442805,0.009376114411857196,0.0032102266538709383
0.8097152891735149,0.11760697188075732,0.04646979708721347,0.02114022169295621,0.00506772016555835
0.9162629975669356,0.04540770619480985,0.019277859998455958,0.01607156902963945,0.002979867210159024
0.7654182911563489,0.1569514889442698,0.04591061198256436,0.024829080427495653,0.006890527489321014
0.9180031286194594,0.045847195681397605,0.016486252955184917,0.015510960920320753,0.00415246182363717
0.9450019699365129,0.02251483846079181,0.0194540412198642,0.010698210247419139,0.002330940135412119
0.9451904250418282,0.02868440805610421,0.012597029928712446,0.011090556093806535,0.0024375808795486023
0.8586432072680388,0.08440339982957043,0.033450484589342355,0.018475642327222132,0.005027265985826485
0.852669296819385,0.10437746111811497,0.021635391793982845,0.01628362267871348,0.005034227589803608
0.889634807376759,0.06868696760220418,0.02384910186570483,0.01391695949222288,0.003912163663108853
0.8794631366614456,0.0673514204746065,0.03216967147535575,0.017240173728518087,0.0037755976600742
