Delta_Power,Theta_Power,Alpha_Power,Beta_Power,Gamma_Power
0.939511871596431,0.029280065541825436,0.00952882942578318,0.017051487069590435,0.0046277463663698636
0.8845593399044911,0.06581287249096003,0.022960828082419216,0.020092858901376576,0.0065741006207529675
0.7316867617335479,0.11457752625720286,0.09247628464551014,0.0486286646940184,0.01263076266972091
0.8030399254946725,0.08859961998126537,0.07327135829091452,0.027356979881519125,0.0077321163516283885
0.9014420341761055,0.05040824625508996,0.02647246156382508,0.014097253385547757,0.007580004619431733
0.9049385975928318,0.036985591680231876,0.02800260134487129,0.018840051412269913,0.011233157969795191
0.8627951231750368,0.05068128759447978,0.033683849100656374,0.03309025032209113,0.01974948980773587
0.8415025389822177,0.05296115678576575,0.0375277827208832,0.044218066528901,0.023790454982232447
0.936799714354556,0.03797369848941415,0.008278036057194231,0.0122637783522534,0.004684772746582333
0.878371273024337,0.058569788887194045,0.03070400517019931,0.023867351851980266,0.008487581066289242
0.8742020835090529,0.0454346017757329,0.048643328711652604,0.023063210141310006,0.008656775862251706
0.7972430931233797,0.11480295672632591,0.03895588320287333,0.03856678584071469,0.010431281106706436
0.8001941303318314,0.08817959123659037,0.0483389083786691,0.05076836024740899,0.012519009805500157
0.956705193595185,0.01749696676036474,0.012888780583833867,0.009730070854552728,0.0031789882060636507
0.8985850745977111,0.055847171275702615,0.02523096212986909,0.014325225107025443,0.00601156688969186
0.9053087300577854,0.0479689654219792,0.022967065470391148,0.0173831338150606,0.006372105234783502
0.9244790447839886,0.05254917046588103,0.006054832673613865,0.012712422186909685,0.00420452988960693
0.8389943565973665,0.12052678169457909,0.016548378496756153,0.01810207743436049,0.005828405776937731
0.8718242523484969,0.043406124113454785,0.042306516177263435,0.031422615444430216,0.011040491916354577
0.7197575735916456,0.14358238596865194,0.07363060203809466,0.036058933722609265,0.026970504678998513
0.8184881385710014,0.10121246718585865,0.039842309735627635,0.028874500019011835,0.011582584488500509
0.8806877305331754,0.049943411278406714,0.03537784123279555,0.021341228999371336,0.012649787956250996
0.933180015364391,0.032974391530840294,0.019114528829704252,0.01109829623422069,0.0036327680408437244
0.8703929215876258,0.06877112993969307,0.02779504752851859,0.020584899845745554,0.012456001098417066
0.8712150540037192,0.06449579306115716,0.022704688312197713,0.02952168851220612,0.012062776110719495
0.9083713390537907,0.04734357910818616,0.02049452694851504,0.01867972544979602,0.005110829439711988
0.8462919449380275,0.05027717817906486,0.06959210656093659,0.02675289407485698,0.007085876247114051
0.8584005964004804,0.07218832340186869,0.025110472533679803,0.028410130385674113,0.015890477278296834
0.8664509286669667,0.051609131211151155,0.03136477623344428,0.034675554185949795,0.01589960970248808
0.9145466686596904,0.03352919668840415,0.025593596456542547,0.019287076485445528,0.0070434617099176325
0.9303017523524959,0.03844439471190103,0.011925327843039412,0.014366865602985052,0.004961659489578636
0.9099190527143562,0.04367701806638116,0.018796601802926298,0.021139119259881118,0.006468208156454864
0.8818175082775542,0.07156522470359405,0.022121005809926996,0.018172429494808323,0.006323831714116576
0.8737521196036186,0.047072563632011274,0.049312342332724995,0.0212141327180202,0.00864884171362475
0.9374929753554806,0.023564003246149958,0.02584010381479198,0.009011293488919634,0.0040916240946578
0.8332408516430618,0.08798477325004009,0.02918226531037579,0.03085899483399013,0.018733114962531956
0.9018582633311628,0.050878042563182874,0.03156860798140805,0.01172892521242309,0.003966160911823087
0.8945478629635093,0.05537849049772315,0.02600032761621485,0.018257844880772704,0.005815474041779913
0.8964653935769354,0.050777141807458584,0.02976785902245929,0.01641951739029891,0.00657008820284787
0.7872285395067353,0.1159686520837338,0.03985413689395546,0.0449112462510302,0.012037425264545366
0.9096507241564481,0.05239469434975016,0.016323693921997347,0.01537549926509162,0.006255388306712847
0.8619187357792634,0.0831679308920579,0.02771434987698051,0.019077204470823485,0.008121778980874855
0.8863011362312074,0.05371802369441692,0.031678588314295715,0.02293920706307573,0.005363044697004115
0.9753100472665918,0.011264258928684335,0.005592396381448303,0.00538876780438624,0.0024445296188891565
0.9139126702418955,0.05078432257020889,0.020122520235541026,0.010932415551356323,0.004248071400998292
0.8408591035981438,0.05903343304923891,0.04554798150596107,0.029338803430968657,0.025220678415687654
0.7473942481390203,0.04885882413896676,0.026935159578601018,0.06207786379298121,0.11473390435043083
0.9242301409289649,0.03378362625394281,0.01800978819845861,0.017948910636144497,0.006027533982489219
0.911944598408223,0.047684825004116804,0.02327119064835968,0.01287876425286723,0.004220621686433368
0.8888804246437361,0.031101369395499318,0.04913976536536848,0.023229772592116973,0.007648668003279036
0.798395662268947,0.12721802459829737,0.03753804480857864,0.028380036217230706,0.008468232106946198
0.8964195682885043,0.053792683339624524,0.025238892612064488,0.01897413059810412,0.005574725161702751
0.46034207689018336,0.1922470690045371,0.0987706689145907,0.20504484866190525,0.043595336528783564
0.6690340083200207,0.13434731279288037,0.04783096671357639,0.12465371855985724,0.02413399361366546
0.7423621511295879,0.14523807722058965,0.0356772951192227,0.0327110170288457,0.044011459501753905
0.8733020214615077,0.06649337680904063,0.019629517206222937,0.018929063931891532,0.021646020591336995
0.45990422382101265,0.40934387900862385,0.05873330811771607,0.025024925322498736,0.04699366373014884
0.8180704786213306,0.07732758513353843,0.031999499347883216,0.046723476449419536,0.02587896044782812
0.7641070861769752,0.12692307132035133,0.06393399494405573,0.029836814443308896,0.015199033115308867
0.9014244091699822,0.05602963891523666,0.025090599778596703,0.012713183843426797,0.004742168292757608
0.8355642588150968,0.0943795456286367,0.03203248825877868,0.029582069156023266,0.008441638141464444
0.8056385600585008,0.11074309840221307,0.042148594291082385,0.03141613380171769,0.01005361344648588
0.7892090662991939,0.1050051129069727,0.05945741308149116,0.03265588971744572,0.01367251799489672
0.9662357812800993,0.012279929920799971,0.012681953592736541,0.007121757610499868,0.001680577595864557
0.8048336076791835,0.11523175115985512,0.03722889905662631,0.0331572971042113,0.009548445000123614
0.8279164319597705,0.10131263398595695,0.045846515058690675,0.01946796756833916,0.005456451427242879
0.7985664493532334,0.12715258824277306,0.04421593978462441,0.022562500178397397,0.00750252244097208
0.9069007726556708,0.06899204166828368,0.015649584030062814,0.006508002074398075,0.0019495995715847214
0.8222186973632828,0.08787675649041152,0.05283659270136423,0.02893137864970465,0.00813657479523692
0.8300648993384236,0.09289462718110386,0.048504892253473604,0.022216133141297514,0.0063194480857012006
0.9369250398217693,0.0338984576621656,0.016656278057463444,0.009969974152873826,0.002550250305727934
0.6899098950227928,0.14338496286844155,0.08173414006125936,0.06474078206372859,0.020230219983777487
0.8290339136101939,0.10747988006067007,0.03838622136331622,0.017620279660091737,0.007479705305728029
0.8607650649241386,0.06201419661490036,0.031909292887678346,0.03304020509061827,0.01227124048266442
0.791097384008812,0.1251364195814818,0.03943430410277957,0.03248892106497931,0.01184297124194737
0.8001525739696101,0.09877793558190671,0.05962266001236235,0.03154462178664737,0.009902208649473587
0.8492538623102814,0.03062052463744732,0.0272087413511705,0.04169780806718066,0.051219063633919946
0.8843060744501712,0.04832962001368921,0.014057910269563406,0.022981967214214836,0.03032442805236125
0.8491736226476948,0.08073757077399492,0.04107204869379558,0.02210603003537979,0.0069107278491349275
0.8366210561751505,0.09685440988666172,0.03589508538614,0.02344130839506207,0.00718814015698597
0.8549713035805572,0.06688122783700168,0.03257021817569905,0.035309289788566435,0.010267960618175774
0.827923233395579,0.0814286881315632,0.045916469601228395,0.036099892553375215,0.008631716318254308
0.8404225662270238,0.07255285107181664,0.046922804778113926,0.030885253144904187,0.009216524778141374
0.7932208365084784,0.10122361861517243,0.03996051076305421,0.048133739418494165,0.017461294694800362
0.9385951635868195,0.023295094270419998,0.015659843091353137,0.015965595287833735,0.0064843037635738026
0.8864877075424358,0.0736671222500935,0.01690353509651082,0.015275582714911055,0.007666052396048666
0.8762812498370889,0.06258774184790093,0.028926703168179944,0.025647437496879102,0.006556867649951155
0.87993850507455,0.06776499108262118,0.02516675802061229,0.02026795069856495,0.006861795123651545
0.9410760706246405,0.027620185438534367,0.012562728803762446,0.013912946464668867,0.004828068668393773
0.8857259441081416,0.04421927293451153,0.02987562906693903,0.030493945211215224,0.00968520867919276
0.8469381970780799,0.06272487612748782,0.04999088478222085,0.028624242354207255,0.01172179965800433
0.791382386992039,0.08832286503096118,0.05334948701566727,0.052560282492989274,0.01438497846834327
0.8810189769438701,0.052281858691195796,0.027803375511910075,0.029349466275127557,0.009546322577896421
0.8029967250646283,0.10673572143526218,0.04971086259771997,0.026867498135514804,0.013689192766874893
0.9052542316192564,0.04616649515153559,0.020756331022291397,0.02114972899184315,0.006673213215073335
0.8926577415267432,0.04983152625638653,0.029040613161477057,0.01909768708926278,0.009372431966130685
0.8955072657711616,0.052564613394318144,0.020397172070880442,0.022806467494282112,0.008724481269357815
0.8687958152728971,0.06495621560218719,0.035004378130340234,0.021831338400435944,0.009412252594139595
0.9265874068468593,0.03090167443085923,0.020121274415521632,0.015739637819344184,0.006650006487415463
0.9459636990101619,0.02657645472556237,0.013837567946398276,0.010398343250186484,0.0032239350676908085
0.8969590096656371,0.04766985285041227,0.021005552719610247,0.019175876919710316,0.01518970784463003
0.8849687687377004,0.05248523074846481,0.026139745196886957,0.02468485736092694,0.011721397956021087
0.9244581422260405,0.02468317275930177,0.030954409111852092,0.01329543465899265,0.00660884124381271
0.943693145241332,0.03023120241146968,0.01447481902960955,0.008312927881557021,0.003287905436031683
0.8992159291923121,0.04497467776045148,0.030297859597259037,0.0176159637493699,0.00789556970060717
0.8520385709403195,0.06982870406008794,0.03273701409423958,0.03202292492173906,0.013372785983614105
0.9138016504360467,0.04872446119277724,0.010839392688713636,0.019488391279622763,0.007146104402839643
0.9082219016626143,0.03708751708076175,0.02733517318694077,0.01934427139238622,0.008011136677296731
0.7942197078754133,0.1274047866029421,0.027969495064712985,0.031191177731071502,0.019214832725860068
0.8235880480762959,0.08968425959542618,0.038917797437225114,0.03387589454739028,0.01393400034366241
0.8421627731294504,0.056116423002179706,0.052356788219737015,0.03773694910171361,0.011627066546919314
0.8311834317269974,0.09067904798243691,0.04334082141860884,0.024299598677502133,0.010497100194454828
0.8660922948944632,0.058069249499807636,0.03872910656363958,0.026226187313986737,0.01088316172810292
0.886600702325128,0.07124515328331632,0.02220535328688608,0.013636771087385997,0.006312020017283616
0.825665765307147,0.128606020625889,0.02055999737558887,0.0173921511704201,0.007776065520955109
0.8851220027126115,0.05415015005495238,0.02875803302486147,0.022267331680028108,0.009702482527546411
0.9077323435061544,0.051366687807510865,0.016745648811050822,0.016919951228862848,0.007235368646420901
0.8717857463775852,0.043291124324261,0.030221526834150875,0.042455451811761774,0.01224615065224101
0.8743471988505175,0.04666709116256713,0.032040990545405705,0.03185867256147351,0.01508604688003641
0.938597237993388,0.02713343889705434,0.01597563559482814,0.0120715693331819,0.0062221181815474
0.9523467006461878,0.02870384803612519,0.009661462182146646,0.006512434348343104,0.0027755547871972353
0.9163135031189682,0.04017303355676008,0.022755887822216634,0.013874568063174265,0.006883007438880859
0.7902014867790128,0.13820629816763833,0.031952804947668556,0.02637929111747359,0.013260118988206808
0.900595918512464,0.03784538702177687,0.031147708947455697,0.02286373561676804,0.007547249901535497
0.9114739022197598,0.04345647541880171,0.022188274257516002,0.016650325995294164,0.006231022108628294
0.9400790764597544,0.026156080121756818,0.01704368005000472,0.010197132958548823,0.006524030409935269
0.894539997063183,0.0509914349349855,0.019001798829945193,0.025683065812643437,0.009783703359242777
0.8459024358979578,0.08991259590796064,0.0329179177186129,0.02011816879238589,0.011148881683082807
0.8673200712070717,0.07668988424922744,0.030125509289496775,0.01836574118396247,0.0074987940702419525
0.8824582165789677,0.059763518751672136,0.031634074701890266,0.018439809741671268,0.007704380225798531
0.8707951779630216,0.061829237989590946,0.03709607219504078,0.018283163067583357,0.011996348784763241
0.832823362626586,0.08455939168889799,0.03403859174108662,0.0342330757889122,0.01434557815451706
0.862721590419325,0.06753070258369512,0.02979663261979199,0.025983848787374628,0.013967225589813241
0.898982121394005,0.03897861329988081,0.026645524569135846,0.02111917546510538,0.014274565271872978
0.889508856445564,0.04488004466283906,0.022719691935173224,0.022216426717592653,0.020674980238830815
0.8424748312488557,0.10731781886555812,0.02567820710993793,0.017061197751464353,0.007467945024183774
0.9378608484895009,0.03133957598642707,0.012764324706116534,0.012797023343990042,0.005238227473965394
0.907653024528327,0.04000885405297523,0.0231390727276595,0.01981371211306291,0.009385336577975379
0.824328248838474,0.08284469137629516,0.036363068393207236,0.04080586185709061,0.015658129534933212
0.6915664436968744,0.14560638670055265,0.08512446600401927,0.0586350351021348,0.01906766849641898
0.8907248968477635,0.05423367596938663,0.026650919097219238,0.019795107844314045,0.00859540024131658
0.8928337298423142,0.060403604547971786,0.026588983530465952,0.014016332787752097,0.0061573492914957445
0.7133688212044919,0.16491857397675475,0.0613804967032182,0.043375735439090485,0.01695637267644467
0.8615547828845552,0.05809993051073609,0.04375173106436189,0.027896166310873997,0.008697389229472887
0.9140222657792807,0.03486292784916008,0.030531478046359854,0.014690586178784546,0.0058927421464149
0.8602756784521423,0.05720651148835968,0.04737710399156702,0.02510363011178265,0.010037075956148287
0.8299011080189325,0.09598532241175951,0.03634215587760435,0.02931668478596259,0.008454728905740895
0.8411117094661122,0.06406102931824274,0.0523512429177799,0.030434005558839128,0.012042012739026104
0.9605511646995525,0.01642399273144312,0.009565954507781967,0.009690983662790607,0.0037679043984317193
0.8711460487073556,0.07247670330966852,0.018797737971228745,0.023934026500370055,0.013645483511377109
0.8690661460487339,0.057030058914883226,0.020051886052555493,0.02933166741821351,0.024520241565613627
0.8560007671904343,0.04978867674801876,0.015650743753444475,0.04935494227933733,0.02920487002876522
0.9125461688070381,0.03931914430916561,0.0236029901072653,0.017118558584315977,0.007413138192215371
0.9530287041030214,0.02421957265843142,0.01119901592557156,0.00875794397965807,0.0027947633333175095
0.9244586595321607,0.03623855747358227,0.01941608506612287,0.015741297123094838,0.0041454008050396465
0.8209568114118001,0.10595447090790788,0.026912432770502735,0.033473224412823896,0.012703060496965594
0.8344449445231161,0.0728926627603686,0.028466106584123747,0.029842253510146074,0.034354032622245526
0.9412714307843352,0.030854229087250492,0.012267417555760033,0.010714359522474341,0.004892563050180005
0.8688819104074912,0.08823009424075051,0.02020136811104452,0.0167576739179324,0.005928953322781062
0.8587237642784653,0.06740018255740299,0.041577551291970376,0.024636873751413754,0.007661628120747606
0.8791193637082637,0.08336593852577444,0.01454990267572014,0.015690781285214613,0.007274013805027066
0.8914407758669034,0.055166882195853174,0.029658912978992508,0.01747252463624358,0.006260904322007036
0.8974907804355946,0.0627890668169402,0.01954832995274373,0.01537824356218015,0.004793579232541522
0.7577852038053395,0.14143227798220864,0.05338351014680042,0.036333851335900086,0.011065156729751337
0.8755694801435486,0.06539240814861812,0.029771613400586535,0.023095043753368856,0.006171454553877908
0.8013151154656277,0.08954954990518442,0.06576281833231981,0.03197748342205253,0.011395032874815489
0.8307457041131587,0.09739888688553316,0.031134685514911782,0.0319261421525166,0.00879458133387998
0.8371585700278034,0.06482294851284856,0.027998960677677032,0.0287377788331354,0.04128174194853553
0.8790677474197008,0.059231054996991134,0.02914415442131081,0.022622162557949226,0.0099348806040479
0.8370979200490023,0.08486322539215052,0.04873719438364427,0.02122332163241276,0.008078338542789797
0.8195139165751021,0.09005018963054402,0.04847953284533803,0.031954223618078925,0.010002137330936868
0.84804158040191,0.10302461141977828,0.026209933281300654,0.018394993058340164,0.004328881838671071
0.790522285430805,0.07090172607375188,0.056449849303864916,0.06598941258816203,0.016136726603416043
0.9075858089722679,0.029975607489573328,0.02226670058728292,0.033639078353493675,0.00653280459738224
0.7965514394282301,0.11959036478031573,0.04322343773597911,0.031090943927337515,0.009543814128137654
0.698544454300286,0.1342171328390472,0.07975168773856368,0.06814667657757494,0.019340048544528178
0.9130054221362766,0.032582558442962234,0.028512915808028328,0.02012854988407699,0.00577055372865567
0.7249402537850373,0.14551294570864812,0.07524457364737398,0.04229284313907508,0.012009383719865579
0.7194465540557535,0.10643680697088738,0.09305027774261994,0.06085699422771658,0.02020936700302262
0.9505315896771647,0.02393768301154039,0.01285596898169584,0.009412778304874048,0.003261980024725161
0.8354793233317317,0.0823361845496575,0.042330457221971186,0.031931132808867786,0.007922902087771905
0.8130578173172691,0.10868116720825112,0.0463208398786223,0.02514984017384887,0.006790335422008379
0.8592903280985904,0.08618308107461581,0.02869445832737657,0.020203226032009358,0.00562890646740803
0.8567426423248174,0.08523008018749573,0.032664142919666336,0.01899240382782026,0.006370730740200203
0.7274437776028645,0.14759952976908214,0.06607345248053531,0.04564300743880588,0.013240232708712175
0.8943311953911592,0.05652927862917805,0.025887853375755866,0.01724087799080744,0.006010794613099272
0.9101428460650836,0.043996956773141666,0.020285028396653058,0.019552502911745363,0.006022665853376319
0.8675129161688838,0.05283811007221313,0.040023729505867356,0.0303293809139282,0.009295863339107563
0.908085432925906,0.028148825314899966,0.023823019927982154,0.025187663300948102,0.01475505853026369
0.748128581315349,0.05957223618811128,0.0405297869114346,0.08177782635290604,0.0699915692321993
0.8081352907363274,0.09659205478192227,0.06124102992073652,0.02808892040980931,0.0059427041512045515
0.9047852020269425,0.032154986582609776,0.036442157429158156,0.022373607902562327,0.004244046058727332
0.8884968385969056,0.05572912064130605,0.02592212482771585,0.024346066190981917,0.005505849743090371
0.9003951024683433,0.0507929420436132,0.027543299928918335,0.0182212159497502,0.003047439609374915
0.8655679686829314,0.0844022863326199,0.028437115699284674,0.017608806967933953,0.003983822317229938
0.9067833685501094,0.046661856792448546,0.029539372029083973,0.013603408770832767,0.003411993857525382
0.8752673243910537,0.06063605242581503,0.03953018328271492,0.020356610459498267,0.004209829440918273
0.7311476600572576,0.14143650309755593,0.08602727958253993,0.032343778263798646,0.009044778998847952
0.8306284851371427,0.10663780952228716,0.0317025174714679,0.024723504666040143,0.006307683203061903
0.8550234316669266,0.07336781070547506,0.04243435641259775,0.023480192491997114,0.005694208723003351
0.9210962800820927,0.04777111196189108,0.019225945526657053,0.009771026377416538,0.0021356360519426422
0.9254549865621384,0.042305733647861124,0.0178876744822221,0.010757508471742346,0.003594096836036469
0.9027187506878278,0.05396681203091385,0.02261149960664923,0.015004503709533011,0.005698433965076203
0.9595761199179477,0.024959486746992623,0.007952572056247113,0.005776412501279481,0.0017354087775329134
0.9149458297460445,0.042881981338183765,0.01918595141484846,0.018764565631498763,0.004221671869424263
0.8486586193468197,0.08182983940120853,0.0445461073719434,0.020292910077507765,0.0046725238025206095
0.748012620830723,0.15467608105928723,0.05768095429002527,0.030531912509119335,0.009098431310845083
0.8856194106016645,0.06330758152408728,0.0297500043337411,0.017029563578947672,0.004293439961559388
0.9137824277000413,0.05471403127439593,0.01790492354910684,0.011276875013998782,0.002321742462457159
0.9180691085705578,0.04036623421734063,0.0226747213306293,0.014585584057068609,0.0043043518244035755
0.9084088297599022,0.05297648129679031,0.024428423547470816,0.01072736941082805,0.003458895985008468
0.8810860558233945,0.06528492778516189,0.0332945116646751,0.016019967420628497,0.00431453730614002
0.9350123051144911,0.03506950602513094,0.018472279007332257,0.008886538419059193,0.002559371433986651
0.8728222199019816,0.05736420527178466,0.036617534268846556,0.0205266761374443,0.012669364419942831
0.5369795402835313,0.08132915752914266,0.03484704968136486,0.14527338089187372,0.20157087161408757
0.9217368832500255,0.02326323830990624,0.008705817118595435,0.021177117092048354,0.02511694422942451
0.8811205930826969,0.07106606408320637,0.018847357932864836,0.01699775117668825,0.011968233724543689
0.9144275291925393,0.04464832561679097,0.014417189345637705,0.014583142403331115,0.01192381344170095
0.8707828445799578,0.06222031808912178,0.0284097103619907,0.020097140912658646,0.01848998605627102
0.9156172618459292,0.04649749291236496,0.013599673863451367,0.014977096954858861,0.00930847442339561
0.8554684013221858,0.06314624101903855,0.031910407651653594,0.03197001459712783,0.017504935409994076
0.8910935842683575,0.06273482054430742,0.02237404837921982,0.01564117245305003,0.008156374355065202
0.9146542003384087,0.035651348948928935,0.02311081001131423,0.018356294425446975,0.008227346275901156
0.7555427751599612,0.11603684772202684,0.05244639708042889,0.05211777421377248,0.023856205823810497
0.8473276337452346,0.0744377463848565,0.049965974061463074,0.01728077687493521,0.01098786893351068
0.8715506303262734,0.0677782360633117,0.027297302991574044,0.02200928431111639,0.011364546307724342
0.8681640429328351,0.07415753701536303,0.024598485049985748,0.022952033674654565,0.010127901327161386
0.9171060740825393,0.035953544351712906,0.020860120044506835,0.018981835832318487,0.007098425688922447
0.804947674679174,0.10448776134788472,0.0534802522196727,0.026084719580577436,0.010999592172691064
0.9246853384951178,0.04114055311870477,0.013089881201540254,0.014163014860514583,0.006921212324122596
0.8761445856822815,0.06489463665658861,0.02853448148135102,0.020820671651559788,0.009605624528219033
0.833039563371473,0.08419004541500162,0.0462546953060606,0.0249012142592759,0.011614481648189076
0.8886982192145403,0.053307653021756565,0.026387748266362223,0.0204663708240051,0.011140008673335889
0.8178188827909797,0.05094848997032958,0.030136808803631725,0.045783551773952276,0.0553122666611065
0.7441542953248552,0.1457215124586298,0.0500484324184667,0.03938809804346566,0.020687661754582577
0.8004513811132,0.11966081631764365,0.046734116798020725,0.02583790609171446,0.007315779679421047
0.8916389916085447,0.05809812193140508,0.02846254725263659,0.01692283483388488,0.004877504373528738
0.8345526324992779,0.0978016449696396,0.04042089855845925,0.019339351974231946,0.007885471998391173
0.8672992954485763,0.06487979485122407,0.038397209966790836,0.020310559184824953,0.009113140548583844
0.897462803990681,0.0331971492193982,0.045543368422515454,0.018494397575359683,0.005302280792045685
0.9052090315245055,0.027672279253388953,0.037198247934644685,0.0233228417783504,0.006597599509110269
0.8247934080781079,0.06941459443612567,0.06828436550900206,0.029021012750104623,0.008486619226659775
0.8853494945171557,0.05767354599587104,0.026876642947128482,0.023413706563011092,0.006686609976833656
0.8957796572809711,0.047117438188675274,0.02910651486443442,0.020973590701309944,0.007022798964609112
0.8723540236349411,0.05266876266736906,0.033933331318779,0.030643867719483648,0.010400014659427501
0.8608687213950326,0.08669274669136719,0.025661022470028355,0.020255937073789265,0.006521572369782682
0.9239201883558091,0.03634833837934782,0.016752689019394258,0.01680299947647343,0.006175784768975118
0.848929566739655,0.07669204026415155,0.04148700241979812,0.023713689845352874,0.009177700731042486
0.9222362046044921,0.028608880538240622,0.029116191198731302,0.014469339219503812,0.005569384439032123
0.8748180578559966,0.059544852878928196,0.03636813696554991,0.021030433312276067,0.008238518987248944
0.8966582817486123,0.05401308804178782,0.02658642282527793,0.015772192879949336,0.0069700145043725
0.9277914854369189,0.03232923526063083,0.016662718317127234,0.018368308038739005,0.004848252946583985
0.9066119267785563,0.038947678630895224,0.024644887484986867,0.022854046615758673,0.006941460489802714
0.9097906582303665,0.048175832779045184,0.020554924233928202,0.01520484574365613,0.006273739013003928
0.8540266816201718,0.05140488326928872,0.026798594462114293,0.0308678857450282,0.036901954903396685
0.6884856210781801,0.08683587549157261,0.04275203797891192,0.0846334130456356,0.09729305240569981
0.7953064895006255,0.11604911996049976,0.032643931941393534,0.0394627347156096,0.016537723881871483
0.918764594378299,0.0334180857780592,0.01998485095328759,0.020503633287635627,0.007328835602718519
0.9106307441309298,0.03890246795231476,0.017045270706188744,0.02552668162153151,0.00789483558903537
0.8663760524434297,0.0789947645611678,0.02182857151736227,0.025948940380361975,0.006851671097678282
0.8629711807903934,0.06530601126219979,0.03331898361412152,0.028907683072452037,0.00949614126083344
0.7174964914553923,0.18261686456965984,0.045554819139370845,0.03995883233617241,0.01437299249940448
0.8484942098707917,0.061159954202322384,0.05058399482390522,0.030679349047976628,0.009082492055004176
0.8250404779956539,0.09709577264584164,0.039972158453460964,0.02397781886288795,0.01391377204215569
0.8186313522088736,0.12196179573318597,0.028040690894490967,0.02276508128761426,0.008601079875835235
0.9204815911328136,0.051225076606801916,0.015578771699817626,0.009250083646447834,0.0034644769141191868
0.9399978323492959,0.031003343576437865,0.014709217749629222,0.010323721454101794,0.003965884870535052
0.8033407516319241,0.11241842815639139,0.04693982848511935,0.02507237498906793,0.012228616737497087
0.869631440959092,0.05907625174794344,0.02736412600481333,0.034206190790723,0.00972199049742816
0.9321532085865067,0.03756129753324346,0.014251916252488223,0.0113808805049891,0.004652697122772788
0.9347441263854326,0.035433116387261814,0.010461523775771964,0.014228193510421275,0.005133039941112536
0.7592689785263157,0.14223792652560985,0.04064606342767034,0.04188606150897211,0.01596097001143186
0.8577721148693231,0.0638972321181034,0.035565432729816965,0.029737086954615626,0.013028133328140491
0.8794675502117549,0.020739626856147005,0.021207392962750385,0.04444512718820498,0.034140302781142724
0.8060428793059929,0.02482935567929952,0.022401013854152156,0.07332703037049504,0.07339972079006027
0.911447745949931,0.05058714569220066,0.018180713032737793,0.0159906400105338,0.003793755314596771
0.9196324699010379,0.0322165845287746,0.026804647154626653,0.01660952927495572,0.004736769140605213
0.8243912975873778,0.0776377620109947,0.04737131227544627,0.038699096681160755,0.011900531445020245
0.8821613652653305,0.06734984763908833,0.02142315054303494,0.022722147128709333,0.006343489423836612
0.8505284804164758,0.08350681987338554,0.03593343146015627,0.023555837429665764,0.006475430820316923
0.8486078773539867,0.07385864771321553,0.04172238389602294,0.030001223297207603,0.00580986773956727
0.9293344358441251,0.03817228977107416,0.013278386637016894,0.015100806024453755,0.004114081723330049
0.8132128348537557,0.11545758235921728,0.026419754978515782,0.03612022349824147,0.008789604310269887
0.8016118968933058,0.10791692600887436,0.04724574700825584,0.036080117628839475,0.0071453124607246
0.8747504289405658,0.0742277364027191,0.024769271312081217,0.020759865984548074,0.005492697360085915
0.9116912455276535,0.04371692433277461,0.0219708937743622,0.017884747200566126,0.004736189164643576
0.8380560451026496,0.0823805664805601,0.05222828532175427,0.021778506825692052,0.00555659626934378
0.8707142224849512,0.07065672534882933,0.03050076958513974,0.02164417596745353,0.006484106613626075
0.9102406852562923,0.039882931531792384,0.029902968752742436,0.014593373454202016,0.005380041004971013
0.9202100585936396,0.04944056589522294,0.014502873904933385,0.011454999015415657,0.0043915025907883785
0.8404243248267846,0.09562347600609106,0.029585476970484477,0.02760256436856331,0.006764157828076505
0.9054249110439905,0.03932736297283109,0.03326723511788873,0.016610590301061587,0.0053699005642280665
0.913739577304407,0.047673448900543994,0.01668013880682572,0.01695726743737072,0.00494956755085264
0.9356440367810147,0.03447055074396508,0.01674199137462951,0.010583215240583215,0.002560205859807396
0.7953795455888185,0.13035359562709214,0.042515020844109595,0.023658726303135508,0.008093111636844206
0.9162228073236722,0.05594344566514464,0.012542830723261659,0.011525546151811141,0.0037653701361106406
0.8088945692669599,0.1068007647645027,0.034100858623479835,0.03576193841952073,0.01444186892553693
0.8911205669862919,0.05957723306613413,0.0236193270366023,0.018711381911884067,0.006971490999087586
0.7157902946779602,0.04808023657734258,0.027242140096102065,0.09725866130259227,0.11162866734600314
0.7514611930443046,0.07229609382731467,0.030087951624738526,0.07182666955237409,0.07432809195126838
0.8259813485747779,0.05906581217806076,0.0529629958290093,0.049468003720522236,0.012521839697629563
0.7915671991281745,0.10173420140140427,0.05745756845947648,0.03943607612464218,0.00980495488630247
0.7840704134744669,0.08994844382788884,0.08459810321834992,0.031108841939315846,0.010274197539978476
0.856659553410204,0.08258285162325932,0.030277756663943233,0.02369666700483665,0.006783171297756865
0.9189900680155707,0.051592430863872565,0.01755709336987014,0.009223511050482342,0.0026368967002044245
0.7486253913970434,0.1470254554719403,0.05826146748118918,0.033135624490138134,0.012952061159689145
0.8258590246815903,0.1358103014888498,0.018785752552701953,0.014500657039254395,0.005044264237603281
0.939429191811594,0.031921924177739376,0.013321827970190046,0.01110036580498843,0.004226690235488394
0.9055937350861105,0.05060153383090534,0.02509713630348227,0.013589482868838512,0.005118111910663117
0.8661995619413874,0.09270426990135772,0.019278938977209507,0.016606791969365733,0.0052104372106797775
0.9175606150212481,0.04525671215410166,0.01612882200513154,0.0152778532094762,0.005775997610042503
0.8861617613033005,0.061527385527567466,0.02707199650157581,0.01921096966031933,0.006027887007237117
0.8714282598667674,0.07998772402632795,0.02732816110451536,0.016175903588256144,0.0050799514141331124
0.8750527993389072,0.0617784986588072,0.030070791179921418,0.02586871000249945,0.007229200819864842
0.7460827949301934,0.11738536594452322,0.07159070624781466,0.05023501647659744,0.014706116400871437
0.9076545908133696,0.04406923273363039,0.02388651928960785,0.01910821427604873,0.0052814428873434885
0.8361742520533354,0.07853576539539907,0.04625493828632932,0.028390876124165593,0.01064416814077065
0.8086636274586413,0.13223629462327954,0.03121583909511907,0.021009351067775427,0.006874887755184686
0.8502591087683905,0.09183196377197403,0.028772943393613058,0.02124000175322588,0.007895982312796517
0.6529312875655905,0.2275139178263853,0.05027785832759708,0.05699498628587016,0.012281949994556928
0.7790110573854993,0.08747422790787904,0.07854613700352267,0.04245780678155943,0.012510770921539694
0.8211405520051123,0.08533927881142708,0.05508359627222944,0.029804456442492015,0.008632116468739168
0.888584002592017,0.07306291618426529,0.015081437842721129,0.017577867230081246,0.005693776150915464
0.9304536853986171,0.03506603812549091,0.016589466400752515,0.013776835760855975,0.004113974314283374
0.9210477137423689,0.03826127344808512,0.019555856088265926,0.01696148660040318,0.004173670120877007
0.8885315568769854,0.07041326724555211,0.017441657430065836,0.01786204376835452,0.005751474679042294
0.8210109960800079,0.11518929717607579,0.029703003438151118,0.026351796097337173,0.007744907208428003
0.8506997558023816,0.06894187599909717,0.03703189612747038,0.03164487208998821,0.011681599981062664
0.870926006624996,0.07076182751654295,0.035925572605722884,0.017696409383525354,0.004690183869212663
0.9323979749434766,0.03165766504768386,0.014900093133974472,0.014957286325954984,0.006086980548910079
0.8583556935083699,0.06730197739190663,0.03126159329641605,0.03208602010999614,0.010994715693311246
0.956373225896272,0.018583993353413347,0.010889614274219386,0.011370436840051155,0.0027827296360439764
0.8452736147590478,0.10483882536058926,0.022228382159247585,0.021292288585937406,0.0063668891351778886
0.7092442500553116,0.17419967598503625,0.05670105973664721,0.04718130929487473,0.012673704928130494
0.7648319270035624,0.14960977415592708,0.0362683953991549,0.03724965643754649,0.012040247003809233
0.9059917255829822,0.06599779408995961,0.013987598127704549,0.009945593832573311,0.00407728836678041
0.8884963608265827,0.0444794627443301,0.031121752231853306,0.028670365195710833,0.0072320590015228945
0.8920281159092535,0.0641059356532765,0.02561334958756734,0.013818288999430025,0.004434309850472722
0.8228819334038187,0.0957094844861068,0.051186600115188004,0.021757934859555735,0.008464047135330806
0.9207320493824908,0.04423793221381025,0.016097986154176923,0.013665398133600164,0.005266634115921925
0.959021824012235,0.019308992949669836,0.010673965229935977,0.008252570874512885,0.0027426469336463985
0.7292691099081913,0.17136960623178318,0.05432934691853211,0.03586571830080694,0.009166218640686348
0.934977203021957,0.0307715066289693,0.018882617096948637,0.009989154666072773,0.005379518586052193
0.8788214210649122,0.054072020012759694,0.031900064028902296,0.02675898538562939,0.008447509507796422
0.8503460580693936,0.08512333289036735,0.030381818238182496,0.026695018761737212,0.007453772040319313
0.8375106074146342,0.06940775709124147,0.04779424437026837,0.035562315412254145,0.00972507571160187
0.9307690546674594,0.042473367049261024,0.011769218478182904,0.011608865795312529,0.0033794940097840722
0.931467144504175,0.03578108585302954,0.017742767895150263,0.011745874893375464,0.0032631268542695747
0.834024284848333,0.09362228776300752,0.02794279878576343,0.03650728618103831,0.007903342421857808
0.8227501496282175,0.07061898877415958,0.06225038836312067,0.03492591058707935,0.00945456264742308
0.8726544917929582,0.06571488707911495,0.031267034932651025,0.02437440478105896,0.005989181414216939
0.8809618801767073,0.03743461516257424,0.04023788244971543,0.030935017761606627,0.010430604449396403
0.9648176444957126,0.015516106348137559,0.008512320632313886,0.00823381102078698,0.0029201175030489166
0.8460645195326294,0.06456005903218515,0.05055814023308222,0.03328672145080677,0.005530559751296417
0.8178563343418392,0.11708206057943477,0.026864714459631022,0.03168261226251709,0.006514278356578046
0.8383840828770742,0.0909647893824588,0.038616579495569354,0.02543843991766096,0.00659610832723659
0.8791395727936704,0.04638450508796349,0.04194668301667455,0.026604644308322115,0.005924594793369481
0.8889897618888917,0.07067594540494322,0.01798816182871798,0.01715091843262873,0.005195212444818489
0.682659953181779,0.17912898178665224,0.058351751248561755,0.06391107526257261,0.01594823852043452
0.9118654546674949,0.04777985748709552,0.02071629648025051,0.01569693112810004,0.003941460237059214
0.8957712870444027,0.05929175620680883,0.01848673920895177,0.020089085768478426,0.006361131771358203
0.8436193363127868,0.08721956333173372,0.023612228515869412,0.03682318111527931,0.00872569072433064
0.8313941224958508,0.08317965582186344,0.04465862844800621,0.03244146193076079,0.008326131303518943
0.9075077806829662,0.03575827363210999,0.015802867737071957,0.03254005123483224,0.008391026713019655
0.8252964677761152,0.08614263569544744,0.03558634210648034,0.04208869149551895,0.010885862926438094
0.8228498606014818,0.10339349252707303,0.029786399383694356,0.03362183654375505,0.010348410943995618
0.8989366862208579,0.05077013074230383,0.018779688145554026,0.02393226613649016,0.007581228754794096
0.7354295321029148,0.16273888485111074,0.04596190142864736,0.043449409239032025,0.012420272378295176
0.8445305307795029,0.09289489461341185,0.028100291631972786,0.026263898377790078,0.008210384597322519
0.9248019118914192,0.03820249642609028,0.01886094658709768,0.013163713267301326,0.0049709318280915194
0.8593622276808099,0.07774065835210676,0.029084155418484595,0.024881045045791726,0.00893191350280721
0.8546042247231198,0.0972281246307015,0.020963904116253377,0.020351098588734653,0.0068526479411905915
0.8912294617842413,0.0655610108865614,0.016000712866695285,0.019200729569976614,0.00800808489252546
0.8746636313170076,0.06475752618085272,0.024295149302956672,0.02622452319435299,0.010059170004829816
0.8124563824146496,0.1222703096251562,0.03791891440570297,0.018794413866420615,0.008559979688070752
0.918023885004685,0.046914377923884,0.018351997045576086,0.011671710003503399,0.005038030022351469
0.9370495911605043,0.035557611721445656,0.013026053333135541,0.01105427453642901,0.0033124692484853215
0.751950692129072,0.17295197801329798,0.030428026108594217,0.03233780776030281,0.012331495988733137
0.8424250071389335,0.09690765349075912,0.02656523652681624,0.02448017722590931,0.009621925617581671
0.8936418294479427,0.04380385457660093,0.024114406685745795,0.030449929415357464,0.007989979874352892
0.7833662223483887,0.11624359512272421,0.047301101323899634,0.04359363313706029,0.009495448067927278
0.7858432934096515,0.10047556444307333,0.06487753710698534,0.03400516311024307,0.014798441930046737
0.8855667412261962,0.058043102267358995,0.030250643728003564,0.018885260795470638,0.007254251982970421
0.8780901940892831,0.06644428205627922,0.02147998767004293,0.025124455144620212,0.008861081039774324
0.9119921826480024,0.029465508566173595,0.013656520951335578,0.023974021785915796,0.020911766048572818
0.8619953981974292,0.057129257861288224,0.027006342624220237,0.032493393766664366,0.021375607550398062
0.727269241903447,0.16185704489504685,0.060694942721516223,0.03239981297548208,0.017778957504507812
0.9269355807187201,0.03691912025720518,0.013008321183747784,0.01650758975905091,0.006629388081276185
0.9536580908773457,0.028633631076386123,0.006222702090839315,0.008966937064654245,0.0025186388907746026
0.8545025066780711,0.08071770452021186,0.04117568188864936,0.017253364743431494,0.0063507421696362785
0.8550865275461854,0.08246288058341214,0.027127574534789412,0.026222226409187917,0.009100790926425103
0.8838842659562998,0.06936967649742407,0.021763349502524416,0.018721550072059976,0.006261157971692027
0.8875457301024305,0.06704300862762831,0.020288143848646887,0.0185612162663631,0.006561901154930961
0.8279943176901169,0.09958964267018872,0.03169505805011358,0.03080112573756432,0.009919855852016499
0.7795429130777841,0.08868868415376027,0.05555936772056851,0.05912299919430932,0.017086035853577625
0.849410113430916,0.07092291608924386,0.03693479271166976,0.03048813801318431,0.012244039754986226
