Delta_Power,Theta_Power,Alpha_Power,Beta_Power,Gamma_Power
0.8097184084759443,0.10937934239212305,0.02721180543186236,0.031553496356415425,0.022136947343654897
0.7891999149424095,0.0854958994183853,0.08792520650265208,0.02399506750330498,0.013383911633247958
0.8173406069982292,0.10548973397596248,0.04508904286158709,0.021193262858101167,0.010887353306119897
0.9461879339913397,0.020122524903964566,0.02413671742709003,0.00570554247871374,0.0038472811988919673
0.8733212262198224,0.0497480363286294,0.055077062451820806,0.013103062226476314,0.00875061277325103
0.8781086957665564,0.040714858696997994,0.05842369374731439,0.01436295107192843,0.008389800717202798
0.744381938318951,0.07088533330266612,0.1382968286067994,0.029344233831126408,0.017091665940456975
0.7068389849549491,0.09274034750154522,0.15544702056465431,0.029989890407966003,0.014983756570885425
0.7902662741584605,0.09643214867606607,0.07020625726237244,0.02611882951630065,0.016976490386800217
0.9032549834164776,0.042637682521423734,0.026686926364832837,0.01967455688671582,0.0077458508105502435
0.7671534085093416,0.1243871746033926,0.04671330746494458,0.039641632733649346,0.022104476688671687
0.9236015727014883,0.04730709554508852,0.011347766568251948,0.009894478765383945,0.00784908641978696
0.9029039077757589,0.057616729019428554,0.017334836793451477,0.013374509098029215,0.008770017313331614
0.85769906429664,0.08416388574530193,0.023267380193568384,0.01885235059611512,0.016017319168374535
0.8609931326128158,0.07347883067823197,0.03188860523999404,0.02274219881880977,0.010897232650148235
0.8907601347828845,0.06815010539600563,0.01426982109812039,0.01671015909998655,0.010109779623003166
0.8880581649157461,0.04398082337114163,0.03260228505473227,0.020709439679232302,0.014649286979147613
0.8186978630707656,0.05339039526428519,0.06678549125272049,0.045343969937610126,0.01578228047461866
0.8322523367272051,0.0805302581729787,0.050110216418073776,0.02684811477171707,0.010259073910025136
0.8264074218244867,0.09241735493745101,0.042615912929226264,0.026078615165122703,0.012480695143713397
0.8267847083535873,0.09461990802225739,0.053921718589595574,0.016225550509840612,0.008448114524719169
0.9204887072799172,0.03893328236105413,0.027130627037446602,0.009131248429775321,0.00431613489180665
0.773979690091143,0.10111718558986077,0.0948830324343728,0.020039272328441188,0.009980819556182014
0.8771919652863578,0.0454356845081161,0.05381323117077183,0.014898851794937362,0.008660267239817072
0.8386911261155878,0.09431351736404446,0.04798196810098291,0.011934931023360212,0.007078457396024723
0.8469617821261276,0.0721899665389782,0.0593237134952912,0.0144369860242122,0.0070875518153905945
0.8466302353182016,0.06826131205011873,0.06596882270514315,0.011657396098773996,0.00748223382776256
0.8196815638799579,0.06392680562227215,0.0843668076785169,0.021952145105340253,0.010072677713912636
0.8693689880771179,0.05935088766788372,0.038547527683767874,0.02160879863977248,0.01112379793145804
0.8948596756310165,0.0558482748063194,0.022368271622409848,0.016988255515277304,0.00993552242497706
0.787673802909604,0.1361567545468831,0.02616572424873922,0.03383356130805172,0.016170156986721924
0.7782569668623102,0.11282189901427579,0.05262205749635448,0.0400534877898644,0.016245588837195287
0.7944841449914524,0.09825065727329797,0.06045117839441405,0.031859661115162335,0.014954358225673243
0.8958547556256649,0.04176737923603751,0.02356433370520022,0.028721515297483565,0.010092016135613958
0.8422410549400258,0.0701994368579892,0.05025187375511567,0.02459788062029162,0.012709753826577757
0.8085979306889184,0.08199796263944549,0.08412549803781831,0.018043027045983276,0.0072355815878343815
0.8410029993683301,0.10471925825901272,0.022459883322681205,0.018885703661318524,0.012932155388657374
0.9107480734651072,0.05302535867172589,0.008608242653172733,0.018350905288520666,0.009267419921473476
0.7643167229711568,0.15313545109840776,0.0321573792337914,0.026700837542462705,0.023689609154181304
0.8247449015906037,0.1028504230244589,0.023659882463582926,0.03422868703694606,0.014516105884408348
0.8813814822936532,0.053554035266791956,0.03877681641681833,0.017716158108478385,0.008571507914258212
0.8953376662864888,0.04357660679164436,0.046220883089588605,0.010968300108162044,0.003896543724116287
0.6918639494277082,0.13402625800595058,0.13744128350418042,0.02774474986203599,0.008923759200124715
0.8473479388106818,0.05052096584533903,0.07835581506205407,0.0169765278028726,0.0067987524790523455
0.6999934345607656,0.11313482142633145,0.13873241396369596,0.03657008634856171,0.011569243700645373
0.7859268327890262,0.08211987648104886,0.09881615023467342,0.021713739856784386,0.011423400638466948
0.8907599092130375,0.037084354799767336,0.05680303779362041,0.010103160557796552,0.005249537635778108
0.8439521813002409,0.07075310631713122,0.06313917662039467,0.014937277936366908,0.007218257825866123
0.8365998629706793,0.08491220811780863,0.05529307035765186,0.017162409333425083,0.006032449220435081
0.8731978037588827,0.06963209318033163,0.040451054298198626,0.012362494494855955,0.0043565542677312385
0.7444104373359581,0.10041447564798134,0.10502651801907668,0.035448594607831646,0.014699974389152277
0.8632219198060698,0.062543713500005,0.0548794232008122,0.01427420723172097,0.005080736261392088
0.8122238833957209,0.09133283305905414,0.07014819004526802,0.018213509909899058,0.008081583590057872
0.8913723418489053,0.04496435236114293,0.0452079934201796,0.013295904157404129,0.005159408212367949
0.8396997027776728,0.0522502717590153,0.08305901671505804,0.01757569980528368,0.007415308942970016
0.910946844499617,0.04593274258744219,0.033205195795768305,0.006679162586502334,0.0032360545306702056
0.8195206067113184,0.08611596094191623,0.06077515666702193,0.020921079057915334,0.012667196621828108
0.8872614372691422,0.04060942908380781,0.03154961335581311,0.02256328561352163,0.018016234677715164
0.825263388397331,0.08519141628382,0.03640029022234453,0.032510241464721625,0.020634663631782835
0.8768377321641077,0.05838210781963155,0.030184235334607765,0.023017613202198316,0.011578311479454801
0.7581993932116794,0.0969756195596141,0.10000729994006011,0.034749683712910984,0.010068003575735457
0.8844914131934308,0.06201050150167629,0.03362685290275153,0.012660826047506488,0.007210406354634754
0.845925470119333,0.08571189889413532,0.03900652406861445,0.019719641621396448,0.009636465296520675
0.8397539833883512,0.08950001181297325,0.038288241917759536,0.0226692386950381,0.00978852418587797
0.8879948534836242,0.05736188155077763,0.02937972034853887,0.016808255255374643,0.008455289361684621
0.8524377366200351,0.06432421949428233,0.06126121597990949,0.014940884325262778,0.007035943580510394
0.6966787594460571,0.16474653583725435,0.08950923245245183,0.03523677353543579,0.013828698728800855
0.8891307992660549,0.049116208922965705,0.03515971609923092,0.017790730598554284,0.00880254511319422
0.9119118755313363,0.03105320848511913,0.04496102603688704,0.008489495705192248,0.0035843942414653645
0.9285678536909222,0.03463955512879457,0.0245833029009743,0.00931281991970269,0.00289646835960633
0.7263362811647456,0.14396985942446117,0.07786563522059489,0.03513485499550558,0.01669336919469276
0.7699385502504831,0.13767846881390722,0.07104453742516612,0.013943625387838643,0.007394818122605167
0.8574327034414555,0.045985860881260644,0.07535014639746689,0.01580469983130529,0.00542658944851188
0.8471548903029099,0.0815695985711596,0.0575877686733953,0.009021356794910068,0.00466638565762514
0.8787044808590894,0.07008078167569581,0.03986552530703829,0.008234341457592493,0.003114870700584102
0.8627153685862734,0.07088757595766795,0.04790952332655369,0.012031529813633767,0.006456002315871189
0.7280675797674478,0.1413963005072233,0.08056083506026349,0.030166643304524357,0.01980864136054124
0.7220287359059229,0.08576225269579828,0.10369823304210779,0.058725663774521146,0.029785114581649855
0.9307719353026995,0.02773555076367667,0.023841457031062552,0.01088795189431029,0.006763105008251039
0.8505829861164387,0.0908342433550021,0.0294337065266266,0.018001456340461366,0.01114760766147139
0.853602770745383,0.08699152643343801,0.03401461674128312,0.017519087038178033,0.007871999041717603
0.9052461188434691,0.05553719391531102,0.021112272851163027,0.011707136151633322,0.006397278238423498
0.8533700032697731,0.05906035800437271,0.04720029153009727,0.026253974475871442,0.01411537271988562
0.927479268282589,0.0287465375891284,0.02084967260285417,0.015524835170747596,0.007399686354680841
0.9275871599876716,0.0301407775249484,0.014570028036257128,0.016505461486579345,0.01119657296454345
0.9702762097837421,0.012159541531235635,0.007609433016113863,0.005328735982474167,0.00462607968643426
0.8059872893709241,0.08954295314122503,0.03681722147232693,0.03976329277511439,0.027889243240409405
0.7044677290302662,0.19174126862454285,0.04117903336003401,0.03641870645403095,0.02619326253112556
0.8981830809141407,0.030842919974964744,0.025720068849919425,0.02235816092653807,0.022895769334437325
0.8020359250094109,0.11016999398544518,0.03495200332731101,0.028814139549427645,0.024027938128405216
0.8596159882862383,0.08871970841717629,0.01868076377756776,0.018344481747975004,0.014639057771042555
0.9108286092649259,0.03296509605613605,0.018091170373990346,0.021411006634040382,0.016704117670907084
0.9108407350967127,0.048354823866024015,0.019328888517132218,0.013869921139992613,0.007605631380138332
0.9369703933609707,0.030278323320871242,0.017888012376699167,0.009243231650854087,0.005620039290604807
0.9057015839871543,0.05892876301914991,0.01741664144892566,0.012055921192155594,0.005897090352614341
0.9377425923597406,0.025536745041632863,0.01832369317817195,0.01208149804623611,0.006315471374218545
0.8902735432478736,0.054922929717848123,0.026873494935952553,0.016216301634951653,0.011713730463374261
0.8846214789888669,0.07056467534210295,0.016017123106173658,0.018172883551389123,0.010623839011467493
0.942111630958416,0.027736638830538972,0.010990944265860121,0.009224999881129209,0.00993578606405578
0.8787261555771292,0.08212468475659424,0.018051802856308526,0.014143790194342842,0.0069535666156253185
0.92029195598889,0.042476623112228495,0.021257094284964036,0.010278907655673332,0.0056954189582438496
0.9266374826204558,0.0423720448982186,0.0156710611148969,0.00991884777194236,0.005400563594486287
0.9177233918069166,0.046884426467299525,0.02074845539484514,0.009481580791177212,0.005162145539761519
0.7461082004153509,0.17136710866948526,0.040383700727181365,0.02981989742255473,0.012321092765427838
0.9326556056092877,0.03440069149621818,0.008386433615042571,0.014695667414510767,0.009861601864940618
0.9105064928069717,0.02425005503643004,0.03176639090727402,0.021646400522549663,0.011830660726774524
0.8481725404161331,0.07091388901370278,0.040348748097329815,0.025333236924257072,0.015231585548577198
0.9467746291600532,0.02978140748932054,0.011523236371399933,0.008092150092791359,0.0038285768864351147
0.8282227783040361,0.08015468711260579,0.041473492447662685,0.036993794731748526,0.013155247403946857
0.8691381218493234,0.07029548379891491,0.03290505272491614,0.020146245602310466,0.007515096024535158
0.9494648964304317,0.0232544099729036,0.014660479621891308,0.007012786978024909,0.005607426996748302
0.8384607766277349,0.09420897988035758,0.032514511747188696,0.02714853345782666,0.007667198286892479
0.9124736294589794,0.04882327776534448,0.02272797192501156,0.01035319964263051,0.0056219212080338525
0.9527327514062505,0.02173778010550528,0.013793844299743632,0.00814602527853687,0.0035895989099638025
0.7712692880028824,0.08257155048406105,0.10650103523935499,0.027767056011757014,0.011891070261944544
0.8518670878756813,0.036766458076505325,0.08329475935635668,0.02147980552971025,0.006591889161746392
0.7981399931374489,0.05937497031294108,0.10748949544142797,0.024781870541595797,0.010213670566586052
0.8823382207385806,0.04362266007387684,0.0589138997883019,0.012143359792658844,0.002981859606581896
0.8716977087171199,0.06909362353920145,0.03902467558992313,0.01306216965749907,0.0071218224962565505
0.8396853603771048,0.07930304445242625,0.0474638642923699,0.022292488868836672,0.011255242009262301
0.8912834943111831,0.06187832930372314,0.02792947324674819,0.012762153361977134,0.006146549776368285
0.9233316933344707,0.048206354610821546,0.014196263444566818,0.009239180326589007,0.00502650828355194
0.9307135508524675,0.04629151686955787,0.010440550773787605,0.007579747787773319,0.004974633716413858
0.8892892576071058,0.06133868029442947,0.024615889249637892,0.01769607598028148,0.007060096868545361
0.9027550138534743,0.05896900793501583,0.019837690770077417,0.012553636040894635,0.005884651400537709
0.8864288906502987,0.07356583679770831,0.018762984011061048,0.01320689977929809,0.00803538876163356
0.8679988328512347,0.06343085753050376,0.03240694587424326,0.025519729523465307,0.010643634220552953
0.8981760111115753,0.04921857119612614,0.035490501824590064,0.011143895141516582,0.005971020726192129
0.9308798626317145,0.03145305692565161,0.023209314421605967,0.010503247181064287,0.003954518839963553
0.8984544593158825,0.04764218997920292,0.03941688267638934,0.011405462239442464,0.0030810057890828034
0.8707764052060525,0.0584362873835912,0.05461503466566035,0.011637443728724387,0.0045348290159716725
0.9236018595521449,0.03331185411451458,0.029926629711010053,0.010442081782727732,0.0027175748396026955
0.6805813057131576,0.1445212341706076,0.1329581754423197,0.03430907439364748,0.0076302102802676824
0.743847992270063,0.1375954996701628,0.08727160491941553,0.022609984130848807,0.008674919009509672
0.8610418955576413,0.05907608727732042,0.05904730184103436,0.015430280619727276,0.0054044347042766444
0.8872605690102625,0.06640140106771414,0.029211818925707837,0.012290375621732385,0.004835835374583
0.9425147569529675,0.0313485359834686,0.011970807209585349,0.009402418700120053,0.0047634811538585144
0.9023837823535085,0.03593991410338149,0.037573414381529044,0.017813289364876174,0.0062895997967049345
0.9310862738116416,0.03184307930329347,0.024854171799599176,0.008652622052750998,0.003563853032714766
0.8846227643373814,0.03416777186952176,0.06809379587776138,0.008798797160551382,0.004316870754784139
0.9363493533208592,0.018418341961770904,0.029696986377317852,0.012093400562511063,0.00344191777754103
0.7645787158605819,0.1270987913777927,0.0737618251492821,0.02476133998684528,0.009799327625497987
0.7976967941597557,0.058938177122188865,0.11915686810952651,0.015342410341630792,0.00886575026689819
0.8985270369705661,0.02914825706070754,0.05079483776900599,0.01639669243215937,0.00513317576756115
0.8951116683465868,0.03943158352451784,0.05002059448284223,0.010735557017759953,0.004700596628292962
0.8727219281702561,0.03258956585985631,0.07650583344773673,0.013214447637308334,0.004968224884842595
0.8784392661079482,0.03372203538776404,0.06316712745004362,0.019969754169267443,0.004701816884976606
0.9290946006809107,0.023828626765567604,0.03621165046065447,0.00809534189956256,0.0027697801933047454
0.9293952690745054,0.014419998819919297,0.04655792458308579,0.007075534355240676,0.002551273167248675
0.7958875650517429,0.09155176404837265,0.07914107372991534,0.026344420156770906,0.007075177013198346
0.8508810771815962,0.07328759186622287,0.051495001040486675,0.017642113099763584,0.006694216811930552
0.9075530249420625,0.046267342123416925,0.032005544849132275,0.010188184080733846,0.003985904004654555
0.865587290219689,0.05776255539480849,0.05664253513794666,0.015532882807831811,0.004474736439723836
0.9093377174127111,0.0376647808834582,0.04280299547987251,0.0074090005731401645,0.00278550565081791
0.8383144129427962,0.05907805160501924,0.08231079530051595,0.015348646982342768,0.004948093169325924
0.9127697668231488,0.033893243701978014,0.041915559827775235,0.008478842292190555,0.0029425873549073366
0.6819032232575851,0.16764424682641654,0.09565569967244252,0.04438400501553978,0.010412825228016157
0.7977245077519521,0.07622951273704885,0.0887809317534843,0.029248962594243064,0.008016085163271435
0.8772830544762384,0.04928561162946361,0.052101045949954995,0.016020828196637464,0.005309459747705417
0.8903496864970012,0.053427716670130736,0.036363469506585165,0.015437145100806198,0.00442198222547683
0.7870113635900713,0.10240533955966602,0.08372474447901612,0.02046190653054479,0.006396645840701457
0.7958241096902813,0.08222075770184112,0.09346127392559168,0.020638610963929348,0.007855247718356754
0.7263003306642528,0.10744290499632839,0.12897043628238306,0.02859462538339473,0.008691702673640927
0.8519182719589979,0.06102702390910538,0.06320138792206409,0.01882033979759994,0.0050329764122325924
0.7966945122257633,0.07175531351413042,0.09695921709714914,0.027386904361019943,0.00720405280193708
0.7688053605166077,0.09034591858404382,0.1084475597857454,0.024201455243556217,0.008199705870046705
0.8988281551698557,0.04950235155660081,0.03591351467375117,0.012607513376537023,0.003148465223255329
0.7638248507029114,0.09109979006622697,0.11832459942213763,0.020177412477818898,0.0065733473309051126
0.7713126991011748,0.0829299628281386,0.10806512755501102,0.028889932801015993,0.008802277714659716
0.9180777059431136,0.0363488955515001,0.02782254671340574,0.013599528542133645,0.00415132324984702
0.8280066822361504,0.09236868150455028,0.05611587902328675,0.01842203366598411,0.005086723570028581
0.7828770150342386,0.10607237957735491,0.08064563034475061,0.024455117229446093,0.005949857814209894
0.8991654611711211,0.048135079223933244,0.03849542172956589,0.010483253098334273,0.0037207847770453716
0.8472217976750589,0.057406054553810405,0.07226516882560476,0.018840109343333463,0.004266869602192441
0.8257564671762216,0.06809815442938336,0.076216145942202,0.023249736391718984,0.006679496060474179
0.9282689584803857,0.040877874928211974,0.02182559414577022,0.006972869218958338,0.0020547032266736228
0.8913016762418698,0.059179324880358083,0.03755436698845908,0.009164865222285249,0.002799766667027627
0.8793510654488392,0.05222362523042115,0.04919927089331108,0.013546009821189775,0.005680028606238831
0.5956585103379648,0.03475590572158693,0.028718506566970326,0.11043153732811184,0.23043554004536623
0.8468689213478562,0.05489683046642499,0.05542162771730781,0.022506022691188725,0.020306597777222282
0.9285551603488313,0.03629330812046644,0.019936769602876256,0.012368136878074119,0.0028466250497516743
0.9172237178432882,0.032226174715976136,0.03992952582726377,0.007797993780131815,0.002822587833340025
0.8583426643487044,0.06400068129104587,0.051192539583795306,0.018736686371224553,0.007727428405229808
0.9032925813447895,0.0312651778100066,0.05108209311059538,0.011078666630230369,0.003281481104378329
0.7848070372720981,0.07273849086156435,0.11852534364986295,0.01751620078643243,0.006412927430042147
0.8276434345644499,0.061666250927116154,0.09414338652373655,0.012707666617773672,0.003839261366923772
0.8525123879377798,0.05385756066354224,0.07716488411486624,0.012956011351159607,0.0035091559326521043
0.7096663658806849,0.07199111067543851,0.17771555262166572,0.03272377264436681,0.007903198177844099
0.755559716540434,0.09263519277969147,0.12515263694118597,0.02062591649085619,0.006026537247832249
0.8642426321752796,0.04892285409581226,0.07059059143649113,0.013416207544669151,0.0028277147477476197
0.8631363680042037,0.0524842333863912,0.06571451797610281,0.01368863689106685,0.0049762437422355065
0.8034672714297131,0.07099562486505744,0.10371380145584407,0.015253493534978485,0.006569808714406622
0.8048196105214726,0.08442730884750711,0.08220633571365978,0.020898107995263364,0.007648636922097354
0.9301862485831995,0.025056759581578728,0.027964765346800168,0.013131578191122296,0.003660648297299212
0.8754994721557704,0.060196752847893525,0.029590302556459325,0.026323994822234995,0.008389477617641538
0.9073570129144372,0.0367789360240045,0.029545548298441845,0.01928838469583496,0.007030118067281521
0.8906519534734391,0.04634143156720586,0.0303843394453696,0.02552690705020855,0.007095368463776907
0.8680847713616386,0.061320498892422255,0.03990894665532384,0.02251466413731043,0.008171118953304916
0.9323624000131521,0.041955936010549866,0.013538781397398024,0.009827997802172523,0.0023148847767273132
0.9382989799863156,0.028704607784014124,0.012948946794353879,0.015074900542356617,0.004972564892959582
0.6119894093182848,0.2577664571886467,0.0801611666111445,0.03763305700249403,0.012449909879430133
0.8384464281507097,0.07332668149512546,0.05700097111128965,0.02435793419387775,0.006867985048997624
0.8809325405152788,0.07584441744206011,0.02091963057999302,0.01695589010381831,0.005347521358850171
0.8225033317130604,0.08638213258119776,0.06425044576247879,0.018877388834628285,0.007986701108634774
0.8685987957804014,0.05525878950984534,0.05192643520975415,0.01841355449148617,0.00580242500851291
0.6920160318347275,0.10817220578618489,0.16012855649747268,0.03112557723534604,0.008557628646268767
0.922005713928721,0.0282791326845966,0.03851132009721321,0.008420629745553496,0.0027832035439154883
0.614758346386892,0.18290139562605315,0.15255219937091025,0.04009505796640035,0.009693000649744196
0.9152497772013934,0.03864126399785169,0.03187504416653831,0.011775997844729925,0.0024579167894864334
0.9443067111090564,0.020621516420641986,0.026358905559655765,0.006695921771370666,0.002016945139275217
0.893198904312584,0.04307117489636766,0.04704065649904041,0.01239844233081945,0.004290821961188843
0.7780801278435908,0.07851642781699344,0.11516126648581386,0.022217965939950197,0.006024211913651811
0.7809905854639408,0.1374534056941031,0.05514353105306251,0.02135710063239342,0.005055377156500362
0.7514946464682595,0.10137706080146022,0.11797134213858984,0.02261310986592866,0.00654384072576182
0.8316624796937536,0.08649165526537747,0.06114168780592976,0.015122880754973525,0.005581296479965573
0.9009491314394269,0.047152688842150306,0.041593191979280277,0.008213838618677362,0.0020911491204651106
0.819187914834679,0.05432614731692487,0.1026903073316653,0.01743636075046422,0.006359269766266621
0.7421165261715191,0.0799785671608993,0.1432668059976334,0.028097435636807652,0.006540665033140779
0.881994165807259,0.03728037322619105,0.062485063381775036,0.014293421030496176,0.003946976554278829
0.6999847143630129,0.1603197320973424,0.11741215817280347,0.01617158911743607,0.006111806249404981
0.641338517426176,0.17359051515432508,0.14572732835382085,0.030841154161257742,0.008502484904420403
0.8149838178415875,0.08405231837534373,0.07458494732941853,0.019516125966853513,0.006862790486796876
0.8304882034649645,0.08508662765524487,0.058526328325694675,0.021201561330208382,0.0046972792238874255
0.9154000325575203,0.030106835248565247,0.0416913230785593,0.009681857926216767,0.003119951189138179
0.8434792528057906,0.07405204610697709,0.05688982951675089,0.02072518698815469,0.004853684582326638
0.7022034266145807,0.14059631506770068,0.12469438029480918,0.02582141241329463,0.00668446560961479
0.7744539280209172,0.12157382366559165,0.08214827433547561,0.016825639280670976,0.004998334697344421
0.8734200661708806,0.05588684863983021,0.05395109110969546,0.012433462818066912,0.004308531261526903
0.7488545094108889,0.10776873862705029,0.10247129761181913,0.032733795011241976,0.00817165933899958
0.8341929438928471,0.06938750998706796,0.07697741285130805,0.01446204910248261,0.004980084166294091
0.8900238256032336,0.04977563596725071,0.04530015893819501,0.01079311188344321,0.0041072676078776705
0.4998511735069282,0.20772353172191552,0.21459841357256865,0.05667364639033521,0.021153234808252548
0.8606782679769373,0.05800799811731518,0.05452230674567494,0.018835194764535233,0.007956232395537532
0.906035270007973,0.04879752249999475,0.025368541962390453,0.014482256792902187,0.005316408736739663
0.8945766599890461,0.04491930351087722,0.03608265229007504,0.02004271311649628,0.004378671093505477
0.902546897309092,0.057613741718387956,0.022868873517499413,0.011786924491256245,0.005183562963764313
0.870596787713436,0.06987189006497267,0.04277618701252848,0.011819967926472262,0.004935167282590466
0.848068130631472,0.05672827608178282,0.071627858420887,0.018966406814890494,0.0046093280509678205
0.8645565456689858,0.06998430966211247,0.04377501771308688,0.016886768082597522,0.004797358873217379
0.7780957037046119,0.1452891756467239,0.05101946488873435,0.020104287076696543,0.005491368683233263
0.7111803031084863,0.18661556597803597,0.0762193936373849,0.018971675319798546,0.007013061956294238
0.8852461441228594,0.04877705078926048,0.05001023299440536,0.010836549131812298,0.005130022961662318
0.9380047990125235,0.03153817178587531,0.01694004956983441,0.008527877276577427,0.004989102355189145
0.8416586063398401,0.09787342830752101,0.025626640792209894,0.02619450332132613,0.008646821239103052
0.9304337042637156,0.03426513259624792,0.021424186753266173,0.01044372171331313,0.0034332546734574154
0.852788284442642,0.08516649775886541,0.03756922038252773,0.01909367902122583,0.005382318394738981
0.6691277996347822,0.12594776818054598,0.15697119608537935,0.0376751919956412,0.010278044103651199
0.7958793739560975,0.1007669856402431,0.08357141588329944,0.014196452909497434,0.00558577161086226
0.7524977231623826,0.10786738539821464,0.10562695303933736,0.02488535168097839,0.009122586719087009
0.951388956624695,0.02226520152981283,0.016779825529958593,0.00713944766906813,0.002426568646465254
0.8947483207126521,0.05419835928459898,0.037910032363925185,0.008727238849696593,0.0044160487891269605
0.8654841738140382,0.04844540362458479,0.06442631914494516,0.015819835824125057,0.005824267592306716
0.8429598369536995,0.07249630935182445,0.060912594691712146,0.018300977162353575,0.00533028184041032
0.927519377990924,0.02863742772523374,0.026877966101504974,0.01341674836984139,0.003548479812495895
0.8349375148768023,0.08634064822410527,0.04543704702573558,0.025529786867713858,0.007755003005642951
0.8831003929809074,0.061179450526877295,0.030143183625382767,0.01893124599152465,0.006645726875307781
0.9401594193106182,0.028791225751868207,0.01769553582619368,0.00958078105065309,0.0037730380606667605
0.9574588772620056,0.02358734475396399,0.008852638507379992,0.007063593917489193,0.003037545559161337
0.9428896388608842,0.02528548692774831,0.01845746157963444,0.009921101473563688,0.0034463111581695314
0.8792754510558545,0.0462694439501414,0.04021907970201943,0.02547898228866462,0.008757043003320085
0.9151048541720961,0.039536640794099416,0.03167910588416218,0.010454797962572676,0.0032246011870695015
0.9411544015757547,0.03214249502072113,0.014390642897164125,0.008518473106028136,0.003793987400331925
0.8662693078226577,0.07599898202503294,0.023062255003116247,0.02230675693127219,0.012362698217921016
0.8885317301210567,0.055793646466341225,0.024434716173217918,0.020475364127779443,0.010764543111604923
0.8943853339189981,0.06486058851201598,0.020410139655885912,0.013616309703960503,0.006727628209139626
0.7412990610494655,0.16511690441575863,0.053361067576433774,0.030078875197835194,0.010144091760506714
0.8693492275249569,0.054730669526642454,0.04087984846671136,0.027381025970688814,0.007659228511000518
0.7405938326270955,0.10493819053805395,0.1110538547505012,0.0322648766400422,0.011149245444307013
0.8384161653116011,0.05565293532854633,0.08851533303522974,0.012457258132239699,0.004958308192383055
0.907566291090195,0.03993903518351473,0.03508335171336477,0.01362065409857343,0.0037906679143520066
0.9031630645558661,0.04212603467518079,0.0394469771038821,0.010245984544881981,0.00501793912018906
0.7132583304156822,0.10484361385536335,0.14953541552119026,0.025068678365566033,0.0072939618421980655
0.8725794809607412,0.048257456090047376,0.05906143953296579,0.014122810598934336,0.005978812817311104
0.6590502130422895,0.1972617684886091,0.1020491238472876,0.02903577480296084,0.012603119818853016
0.9098805959948073,0.057158062105180645,0.017907205841729668,0.01050177848752328,0.0045523575707593035
0.855489453967043,0.07137014572372305,0.05396871113620661,0.014892756725858726,0.004278932447168733
0.808509754371757,0.08195655590719858,0.0833139570064398,0.01744048228883376,0.008779250425771025
0.861582457212461,0.05128535441668736,0.05901497362178899,0.02000344585479353,0.008113768894269322
0.8859006574507655,0.030925048537025716,0.058663392964089026,0.0187925907208118,0.005718310327308132
0.839276391329277,0.07636645008859483,0.05986883898866198,0.01981796308857874,0.0046703565048875325
0.6198922017320357,0.21625954583312254,0.12428003161248105,0.031151379990838224,0.008416840831522226
0.9128554049119929,0.037860154996953346,0.03830473252506381,0.00884335654733514,0.0021363510186546415
0.9408851263274776,0.021465248325459117,0.02814001393770117,0.006713374716310445,0.0027962366930513274
0.8791677262365588,0.038802645147846704,0.06240463863232221,0.01508984631903252,0.004535143664239539
0.8856556798066819,0.04740034318430793,0.050736896922940235,0.012917882972028866,0.0032891971140412046
0.675616280157132,0.18199643278569466,0.07488698746289356,0.05246805208364968,0.015032247510630068
0.8561455289901635,0.08023261567922071,0.04260745785302832,0.015537307753013754,0.005477089724573656
0.7426563111530378,0.10214820599143978,0.12228869542544725,0.023679214235473204,0.009227573194602247
0.7939947536411777,0.1222310768576838,0.06184676848330666,0.01552726294091115,0.006400138076920741
0.9186599180562547,0.03371773419220548,0.032557554026964704,0.012283186104238045,0.002781607620337037
0.913769480813702,0.02317109461459088,0.035625751627162874,0.021197763701355492,0.0062359092431885435
0.888921682447719,0.039179701624855644,0.024364957937019403,0.02108831354677701,0.026445344443629185
0.882335754801343,0.07720954588039249,0.019805573973461135,0.01402959830563268,0.006619527039170841
0.8471421365848395,0.08051297890425456,0.03676725573536453,0.02218956267070634,0.01338806610483541
0.9015737453619699,0.05580127986902246,0.020581711763166904,0.016868770711715542,0.005174492294125004
0.8847321689301847,0.05122621619372256,0.04008223240916379,0.017325833483543187,0.006633548983385719
0.9168715019183218,0.02906398612743292,0.03968277381494836,0.011206079086834879,0.0031756590524618226
0.8771178416302854,0.0632910401835086,0.03806261515227711,0.016158753232601998,0.005369749801326878
0.8823331054646673,0.04639367198276992,0.0521050745384607,0.013717004257046778,0.005451143757055392
0.8403499963904132,0.0770315844327481,0.06425535095835445,0.013659124325723443,0.004703943892760918
0.8391385852455622,0.0656719763280659,0.07079411247075845,0.018527290309454734,0.005868035646158669
0.9422890076826967,0.027464016394825284,0.02186334010657609,0.006628371668270178,0.0017552641476314946
0.9198515706729933,0.03734290619265116,0.03244601849113054,0.007473319670206071,0.002886184973019083
0.7361197254818677,0.12432208339809236,0.098719973509256,0.028071399470561812,0.012766818140222236
0.8557626180055073,0.06488491177434647,0.06081554542084634,0.014013679098216335,0.004523245701083495
0.881027891172235,0.06430534627895373,0.04177454270997807,0.009683997677982196,0.0032082221608508996
0.7666551792884515,0.13450901856236538,0.08123797333794451,0.01220923814621928,0.005388590665019096
0.916828094477607,0.036322938466462486,0.030498783179059467,0.012941163903891979,0.003409019972979211
0.7189840575227461,0.1251067568106,0.10972891393345233,0.03522009459942575,0.010960177133775789
0.5475739569847684,0.23280378064688226,0.17252270650246873,0.03143723109769618,0.01566232476818449
0.7574586646904605,0.11148311143865385,0.09429340145332803,0.026148785832492895,0.010616036585064888
0.7666380342214498,0.11076438472765013,0.0991510886551803,0.01664657473483564,0.006799917660884098
0.920354932562222,0.026468459319732462,0.03833705553219086,0.011325468679319392,0.0035140839065351645
0.8349493749212187,0.07216142578999406,0.05858184978340301,0.025767572007586836,0.008539777497797508
0.9014948366148025,0.05737184962288568,0.029787650827016936,0.007046316017296839,0.004299346917998
0.8936835118178288,0.05935033382842831,0.030434006688988813,0.01112083082028583,0.005411316844467989
0.9142793042944695,0.032417869596425446,0.036810958318719306,0.010885613387440835,0.005606254402944919
0.7238677291234847,0.10440244254034076,0.09379220050367655,0.06061703478306894,0.017320593049428956
0.9374656946683889,0.026007190744834447,0.021151370702403402,0.011532395798779321,0.0038433480855934745
0.8593676792421765,0.06928481598534675,0.041471950147872055,0.02172817306109224,0.008147381563512399
0.7079946900330392,0.14392351341033016,0.08890940902216034,0.04367015770559249,0.015502229828878009
0.8198464718487616,0.05873114577343916,0.04298405870141507,0.05056490827421463,0.02787341540216947
0.9356529002443599,0.03418975131455443,0.01485619943852761,0.008599505908476423,0.0067016430940815015
0.9102283008929599,0.043708977391645115,0.021227406866503387,0.016485374049765706,0.008349940799126024
0.9085346237177635,0.05131739476278425,0.02020797643387656,0.012899708655253183,0.00704029643032255
0.9205072172060896,0.056586911442032206,0.008804035083240845,0.009487544326096551,0.00461429194254062
0.8357482442510057,0.10663112956712445,0.017167519775809822,0.027978381873829374,0.012474724532230573
0.8560924954074226,0.05906791712184805,0.04668304482034623,0.026934609899818628,0.01122193275056452
0.8074258322860955,0.08472475889522965,0.061657346798143726,0.035982542428913446,0.010209519591617687
0.8312599914059862,0.07724624261902786,0.06594951389427102,0.01879890980652082,0.006745342274194059
0.8446159525597339,0.05647987517727579,0.07090324193401183,0.021816693511982732,0.006184236816995591
0.8931931903356505,0.03083870733797555,0.060343595015536995,0.011516886617320041,0.004107620693516947
0.8134005411532075,0.08794410974366898,0.08045326976422937,0.012047647249146136,0.006154432089748013
0.8627362442426353,0.06754013223869583,0.05378779968021683,0.012323064300514656,0.0036127595379374096
0.8765259139229296,0.05569003064111014,0.045522644687863684,0.016033471057329905,0.0062279396907670105
0.831849619086204,0.05530677176010557,0.08136755853041577,0.02416007213610588,0.00731597848716871
0.830522817027576,0.08531503816880083,0.056429916418269215,0.021090242985840654,0.006641985399513076
0.9376846038218298,0.025179780633610118,0.027084198077988737,0.007266501263353647,0.002784916203217711
0.9249702241800444,0.025543948108913948,0.037637754715794086,0.008866402143355143,0.0029816708518926394
0.786225469598297,0.10653586403376207,0.08520287672048063,0.015878968587955258,0.006156821059504936
0.7501430057627666,0.15280120178048232,0.06494886154774988,0.02304730113964767,0.009059629769353367
0.8812806211157298,0.03744577636089464,0.05856543824195471,0.016801120604380784,0.005907043677039897
0.9368917263618681,0.02545743669747255,0.022097252225522283,0.011683806064770423,0.0038697786503664186
0.923928812389237,0.03781805703508676,0.023405240914868453,0.011047094345945195,0.0038007953148625926
0.6295206281176421,0.20883140273051592,0.10008834214205178,0.04531558787489473,0.016244039134895312
0.836020588871163,0.08405834867787775,0.059393213669213005,0.013173761748157507,0.007354087033588601
0.8903195771905689,0.054688598901857045,0.03424130073530297,0.014889248488416289,0.005861274683854872
0.8848286272114788,0.061521738539583454,0.03760838910904708,0.011927093770321842,0.004114151369568918
0.9363701653785429,0.02400052576884953,0.02958989835917679,0.007603593671825908,0.0024358168216049654
0.8619662757316331,0.0716424412108012,0.04351528486674487,0.015568900348636488,0.0073070978421846365
0.8571845806912624,0.08203957001696613,0.03794024684619432,0.015629674492735862,0.007205927952841244
0.900033444581088,0.057034159384984115,0.02614820216177707,0.011335521801350317,0.005448672070800495
0.7775731859332408,0.14459495803044434,0.05240502147547883,0.019079731250337136,0.006347103310498984
0.8368350404905679,0.07165130352480464,0.04151644376345534,0.034063001741178,0.01593421047999391
0.8562095810638877,0.07428691951782673,0.025048761058450855,0.02519997002657181,0.0192547683332631
0.728256168972075,0.04814140467424752,0.018713829817911455,0.08753096105586992,0.11735763547989599
0.6418482607933197,0.027385023643375014,0.014171193285781541,0.0367447343799607,0.27985078789756307
0.8869972956056447,0.05057644542521114,0.009631830248486184,0.020584377051796048,0.03221005166886203
0.8444228063124748,0.08035023982714791,0.03527534721507913,0.021811245918587352,0.01814036072671072
0.8321202707952916,0.07748282155463425,0.04216493232065008,0.03144610934730033,0.016785865982123675
0.9280218901843805,0.04558253128415839,0.009859191593056229,0.01002916485303018,0.006507222085374648
0.7701652031760746,0.13944956617747237,0.034549345045488865,0.03451182452723979,0.021324061073724337
0.8552225058221734,0.08810859229617957,0.021414456803299002,0.0228020387527671,0.012452406325580895
0.9189465415124404,0.052817843940867526,0.01071963366231074,0.010419954150104802,0.007096026734276439
0.9512511936134699,0.027433028491531668,0.010437092990168975,0.006599030236720236,0.004279654668109318
0.9188655334651749,0.03903238198748752,0.019906621956999358,0.015170668748034365,0.007024793842303962
0.9612615289947873,0.015772625379909512,0.012983405807178593,0.006238978758444182,0.003743461059680185
0.8808709198160215,0.055899283633062395,0.036768826490397956,0.018470912407945506,0.007990057652572718
0.9399952349771263,0.0216268788942165,0.024563783250122633,0.009576712941608492,0.004237389936926093
0.6701907370375733,0.11567823693405915,0.15789038815059983,0.03779511619724664,0.018445521680521118
0.9196535810428388,0.03789621618191663,0.02612834030597532,0.010766484245231946,0.00555537822403748
0.8366677384249926,0.07998633199099707,0.059637279398819666,0.016518337230314595,0.00719031295487598
0.5744241839126424,0.1614082039273888,0.22316561770240997,0.026360359197072216,0.014641635260486518
0.8196464769505649,0.06171512754317045,0.09445477006171916,0.014926082769302521,0.009257542675242982
0.7442762412063624,0.0822099414677434,0.13487702348463915,0.023187122682292956,0.015449671158962166
0.8191258732156896,0.05613826868962831,0.09279727907908525,0.02261592275668256,0.009322656258914104
0.7772697377378701,0.08560316324390084,0.10599174895928484,0.0197744819370208,0.011360868121923549
0.8770868225517493,0.04707403812724317,0.053451324911197515,0.012779294275741171,0.009608520134068684
0.7993544659252237,0.10173405712415125,0.06281302489597014,0.024191494125296944,0.01190695792935789
0.9069884377938454,0.040102030523475454,0.03189859445376549,0.01573393675207997,0.005277000476833718
0.8634020212671272,0.0671631119479353,0.04946815659264759,0.015430291176736985,0.00453641901555268
0.7313202414615586,0.11985260563848005,0.06919028514503835,0.05762891218467002,0.02200795557025307
0.9008386074604551,0.03685848342525296,0.03453821089326845,0.019734800247182407,0.008029897973841248
0.8304905526508343,0.08435617515690622,0.02574894643060476,0.04228100391563168,0.0171233218460232
0.7872541967287517,0.0804764319660017,0.059986766973952416,0.04552808406394227,0.026754520267351825
0.9202959155943545,0.046782405319548685,0.013171285292183327,0.013183506645137533,0.006566887148775806
0.8598107766694083,0.06835960563416092,0.03572969152636373,0.025712291610861155,0.010387634559205947
0.918917464056702,0.04661823693487995,0.018344271351254167,0.01015184420470332,0.005968183452460485
0.9037843534357662,0.04408495580786555,0.02736152686437155,0.017090272680105666,0.00767889121189094
0.8293107688390688,0.06506930487866044,0.062386362715886275,0.03047640332567082,0.012757160240713593
0.8331136606018374,0.06803325197567192,0.06858785178667834,0.022732325650033785,0.007532909985778348
0.823900389384168,0.05982867170844858,0.07534154644201825,0.027546551794391427,0.013382840670973827
0.8848117134004023,0.0505654698558792,0.03917888518418463,0.016483825682910853,0.008960105876623109
0.8253545356514698,0.06915665434670992,0.06950991745697205,0.025997192936734092,0.009981699608114248
0.8380219820299899,0.05580642435321597,0.08510225460420924,0.014730040251498617,0.006339298761086339
