Delta_Power,Theta_Power,Alpha_Power,Beta_Power,Gamma_Power
0.9304785214032387,0.04828451554980107,0.011524746289327932,0.005571986698440037,0.004140230059192291
0.931456039335286,0.04298657323032945,0.013775371449646853,0.006830699770226889,0.004951316214510907
0.9507463679770688,0.03153792010740683,0.00840363472676178,0.0052707099737151625,0.004041367215047629
0.9756277534645913,0.011143835488555886,0.0056550273932337945,0.0048256375565768955,0.0027477460970421717
0.9365931625878993,0.029131366754638476,0.01711400175599271,0.011500777174569668,0.005660691726900035
0.92383224358941,0.05055345913944501,0.014062068178571733,0.006982702582806243,0.004569526509767025
0.883255764891679,0.05653901608084289,0.03045024700263636,0.02311048267962631,0.006644489345215487
0.8617054321125459,0.1003094312202605,0.01723530404991833,0.015524372963744107,0.005225459653531184
0.9105475644871122,0.07137853508241122,0.008145147501826577,0.006631444185467492,0.0032973087431826162
0.9090282232731826,0.06487555513252229,0.013565569272031845,0.009156722099024324,0.003373930223238785
0.8111044066660239,0.12067388818651097,0.041820955171626005,0.018324695084253825,0.008076054891585515
0.7443729851060147,0.18103396383726417,0.04307295310939042,0.022530270313344588,0.008989827633985974
0.8506120843267369,0.08207677275080755,0.02833131190290607,0.026428247895177177,0.01255158312437242
0.8777781659629742,0.07969261671717937,0.01706319804682702,0.017789659938215054,0.0076763593348041816
0.931773459829665,0.028675799851371357,0.022384611199307486,0.011532395057678136,0.00563373406197798
0.9246574727221379,0.03964655313503949,0.017398887011156522,0.012418926793827625,0.005878160337838153
0.9061299890889429,0.06700148800630881,0.013985258604283584,0.008549651983912556,0.0043336123165522615
0.9511059682131313,0.02706910190284159,0.012116537483325618,0.005305284146345274,0.004403108254356254
0.9375722443576956,0.04341668151758836,0.010097075160414833,0.0053842417180370965,0.00352975724626391
0.9455034734978917,0.023401278219216438,0.015949227676583265,0.00996252497567421,0.005183495630634124
0.9315682171628378,0.045896470489426515,0.01002682332698854,0.008837656709922424,0.0036708323108247728
0.894415653753237,0.07467311086449231,0.014755118998531009,0.010100501645267039,0.006055614738472898
0.9424527297598975,0.04049602417256576,0.007998923051467172,0.006094864905060058,0.0029574581110094825
0.887598185056463,0.08771743190474988,0.011741488064578092,0.00820212607983699,0.004740768894372047
0.9559161865444197,0.027781011514744637,0.005934801967473943,0.006955998444668367,0.003412001528693189
0.9357481707309304,0.04421865149510493,0.010092353623697935,0.006573393041263055,0.0033674311090034887
0.7757055655476287,0.14119573452230544,0.03462593294081834,0.03388289029081241,0.014589876698435054
0.9381552850256386,0.042767754968798075,0.008485922449079752,0.0070121225206786365,0.0035789150358049664
0.8752432929562374,0.0861260059361223,0.01934393819756656,0.013310416446208324,0.00597634646386544
0.8321843006604138,0.0891423784937949,0.039815504145826595,0.028262345508169435,0.010595471191795417
0.8893288531487449,0.0695831072631334,0.019629816815899412,0.013940734190511879,0.007517488581710464
0.9086533496859458,0.04880852481025297,0.022685962119087112,0.014088589294260385,0.005763574090453619
0.9579636781334043,0.0252425973706342,0.009093503942910952,0.005108972675296991,0.0025912478777536806
0.9207306157524624,0.043755946409374684,0.01565869483080666,0.011640907938600023,0.00821383506875625
0.9467958393532874,0.030007515791679172,0.013384688596548037,0.005694404426944237,0.0041175518315409365
0.8644219940573794,0.09184606586136077,0.02321569743762953,0.013335706808803579,0.007180535834826754
0.9015266628519262,0.04755221154554949,0.02643093204038479,0.016860906058077836,0.007629287504061799
0.9042623386017921,0.04087390997484244,0.025029572166683795,0.019008175703463564,0.010826003553218402
0.9341425820117376,0.03878397602547044,0.014700703888223107,0.007144512091134127,0.0052282259834348695
0.8361448042317939,0.08046435939753518,0.03923285773016827,0.030745195466871572,0.013412783173630845
0.9361750608573925,0.03492559618126662,0.016198385630600855,0.008789970447237148,0.003910986883502894
0.9037691114520477,0.05430968856772533,0.021048208937345686,0.013803638631916467,0.007069352410964824
0.9471952801107844,0.033541940200098076,0.009527875039066328,0.005680775484248753,0.004054129165802005
0.9066267365639007,0.05715597140111093,0.01682743077373827,0.01223549083038287,0.007154370430867228
0.9267196827719844,0.0525271320315592,0.007262568491002383,0.009263983722148423,0.0042266329833055725
0.8609693211216332,0.09610454979839489,0.027999726607880308,0.009369236154141976,0.0055571663179495075
0.950725547180147,0.025766007872185224,0.014380495030040928,0.00613426679691074,0.0029936831207160635
0.9602605376713037,0.025957865842196264,0.005451354413201551,0.006082290416674088,0.0022479516566243462
0.841854682382422,0.09736906140382008,0.03739197006468316,0.014223477578419916,0.009160808570654627
0.9654978096715716,0.024784633040234264,0.004731663111833163,0.003207404512358508,0.0017784896640027025
0.8650798135412912,0.1012800607207293,0.020284907561011842,0.00789320216345592,0.005462016013511582
0.9122837010476955,0.05404895296250818,0.02143186894016033,0.0069301290163862285,0.005305348033249697
0.8870275437733757,0.07560641052887893,0.01488907475825691,0.01461844027850067,0.007858530660987824
0.8743831532755325,0.07581355595738151,0.01897688429037698,0.018465893298157742,0.0123605131785514
0.9441532418291457,0.02788159293389439,0.013886205256064302,0.009945788747724088,0.004133171233171614
0.8563495238808964,0.09889160495325194,0.019991474330737155,0.016350200272730545,0.008417196562383926
0.9285624502225005,0.03556238767259126,0.016950135356297483,0.013435498584084002,0.0054895281645268214
0.8829901716456323,0.066433706377996,0.028609886357168796,0.014808599732553693,0.007157635886649162
0.9599951054490674,0.025037506742728855,0.008560814725749736,0.004619969695075794,0.0017866033873781665
0.8966167133308076,0.060121198080159526,0.023254452693570567,0.01455229206259064,0.005455343832871768
0.9236177065631493,0.04761994372811765,0.01261114282872273,0.012010119541807732,0.004141087338202408
0.9337961085871123,0.04332479128939091,0.01518552905455307,0.004990285882505985,0.002703285186437891
0.9369260333830073,0.04420641350980591,0.008094826685891525,0.007810483476389095,0.0029622429449062825
0.8830685971672433,0.08287844108965103,0.014851178034599306,0.013380135826447453,0.0058216478820589754
0.9515725025579401,0.032765051585563684,0.006384679171618955,0.00613490956859347,0.003142857116283741
0.9448417345793361,0.032338614610901636,0.009470613322640568,0.009124678725010625,0.004224358762111439
0.8771043811041194,0.05376942855269725,0.03903398072153807,0.01931775322737122,0.010774456394274098
0.8447217628848274,0.09897773901405862,0.03273990419706441,0.015440940784224417,0.008119653119824845
0.7936381860626301,0.09766902457028535,0.0493173015048252,0.02979187042031036,0.029583617441949043
0.8403287954414635,0.09340462036068198,0.02583124701084724,0.018767603930872373,0.021667733256134778
0.7936658705253627,0.1568259709781319,0.022921347166293432,0.017767833345943642,0.008818977984268233
0.7710125120228434,0.06525909262782095,0.03461127080907155,0.053931272933811426,0.07518585160645272
0.8734355200008345,0.0550363623741143,0.023224226060300134,0.01589461365199259,0.03240927791275855
0.8437424995546593,0.13331728316273728,0.010740198005920099,0.008294101505417543,0.0039059177712659184
0.9058381056745731,0.05278312692675594,0.016891940361950217,0.01998360012710979,0.004503226909610846
0.8968672755215343,0.0667411151156551,0.016473958527522477,0.015219321433246506,0.00469832940204142
0.8351544950461011,0.11098128686406603,0.02647411223860456,0.019433409508007475,0.00795669634322083
0.9030405848312573,0.06356375779926317,0.017686441477032265,0.009380890648444508,0.006328325244002827
0.907592636192687,0.06739094341579456,0.01180245501968131,0.009069701694120077,0.004144263677717189
0.9202740663060799,0.050659095740096874,0.015826412923520078,0.009531293127334832,0.0037091319029683234
0.8980960097674381,0.06035228054047066,0.022995983772772868,0.012761036479031682,0.005794689440286829
0.9285778467833053,0.05292016440795701,0.008653539879785304,0.006876127049238836,0.002972321879713704
0.910750728460262,0.06371838913351215,0.011193908721273713,0.009486926869439765,0.004850046815512456
0.8826435875660146,0.08174881334279337,0.015566918973278495,0.013769007133441164,0.006271672984472551
0.973774591056628,0.012106849003925347,0.0060796050891377875,0.00534495670019793,0.002693998150110564
0.94798393534985,0.0344745356659936,0.007953374000650855,0.006247593656894003,0.003340561326611771
0.9493282071655744,0.03313330100845749,0.008861125751276084,0.006172995137206576,0.0025043709374851057
0.8729287968122382,0.0627403173026492,0.04176056371294819,0.01497313378164741,0.007597188390516928
0.9182685184181392,0.039085684729108554,0.017157535014180086,0.0195865916898377,0.005901670148734593
0.8956342585668805,0.06253342970114865,0.018827829023238055,0.016274499886314495,0.006729982822418388
0.9223714155517861,0.05035279654454876,0.019081871052448712,0.00527726223313452,0.0029166546180819475
0.9127532033235368,0.054569417462122675,0.017068677242498977,0.009597940489057738,0.006010761482783914
0.920800676305676,0.045904794378062684,0.012001764897217182,0.01452970369165568,0.006763060727388524
0.9710173765985575,0.016236024421740453,0.005113108921736949,0.005182173038540931,0.002451317019424096
0.9331254019550629,0.035534256846739616,0.021826520372163764,0.005494061725687722,0.0040197591003459186
0.8591256150672676,0.08202068287896018,0.030176356432021944,0.022133590804763466,0.006543754816987103
0.7894522738828179,0.11964735981632593,0.0507454354991712,0.02633960138089525,0.01381532942078965
0.9135835167358889,0.06369604909682906,0.00983833334269336,0.008819163736397585,0.0040629370881910265
0.9015050778745467,0.046422189479018536,0.025968906845750872,0.016231121546518602,0.009872704254165596
0.8521646641943331,0.09349554545552897,0.022832030943085106,0.021592354539513352,0.009915404867539572
0.9039309645124831,0.07154392959771323,0.01011587199463689,0.010504123637699826,0.003905110257467128
0.7645116315753611,0.17418621022228217,0.03793488832593431,0.016241132211298033,0.007126137665124424
0.9335087461817856,0.03639691149345483,0.014722492403815911,0.011804259896733591,0.0035675900242098683
0.8923568596559991,0.06763543367223913,0.02151469032879959,0.013071889070465453,0.005421127272496599
0.9065180503872187,0.0592190174208477,0.014773452578980344,0.014006145636839988,0.0054833339761132215
0.9061165017373609,0.06091063067315767,0.01710761980663022,0.009120249307476574,0.006744998475374703
0.9055810751783273,0.05624788476602934,0.02281507846373108,0.009346947947320682,0.006009013644591552
0.9681288607868554,0.01858481942758285,0.007048264993958485,0.0043640586521407855,0.0018739961394624242
0.9164555354682151,0.05859050800196899,0.011140787060059155,0.0088206236593242,0.004992545810432652
0.8797353752380423,0.1017164591032783,0.009072411404725185,0.006441857211897419,0.0030338970420568582
0.8041147137449227,0.1163995552746471,0.051879268069747526,0.018914454896021,0.008692008014661462
0.855709982689326,0.08728646351771854,0.029847184671923772,0.017396531127029262,0.009759837994002523
0.9008603113166962,0.0687297928380416,0.01441563257798915,0.012064436061025523,0.003929827206247596
0.9263955470861208,0.04598719302834767,0.01181697723600748,0.011208849064032262,0.004591433585491618
0.960179715332074,0.024233433304859983,0.00897284724218066,0.0043562353546678775,0.002257768766217345
0.9101561535999445,0.04697369803218936,0.022111663419842123,0.013091385909674725,0.007667099038349402
0.9152869393771805,0.05900381371634784,0.014749982010493021,0.006284045610631117,0.004675219285347544
0.9450128942834238,0.040052084206239465,0.008692312335806283,0.004224961057906875,0.0020177481166235613
0.8246260035013938,0.10728625513042914,0.03906720657888969,0.021043354057041178,0.007977180732245983
0.9001672081994082,0.047645584163759795,0.02419338296636513,0.021889548627984992,0.006104276042481969
0.9597232499646733,0.02465893264582301,0.008163158745834499,0.005196421416830683,0.0022582372268385195
0.8726739763924424,0.08075724463823789,0.020520693393651403,0.01761738810056511,0.008430697475103251
0.9076975830222099,0.0526583608428473,0.017713262731262003,0.015227704241777388,0.006703089161903684
0.9108270231150242,0.06282984254649528,0.01082950854687016,0.01026224879274538,0.005251376998865099
0.8809394041459387,0.07676888475981637,0.020649040706796372,0.01503571404591019,0.006606956341538138
0.9245984201443596,0.038920015974471714,0.020971818272968918,0.009930374406468675,0.0055793712017312615
0.9415434625931752,0.027557643884971224,0.019618271393448655,0.008447576544899051,0.0028330455835060696
0.9074764669921334,0.05283683089885621,0.015774797415708197,0.014926869708280974,0.008985034985021267
0.9527274654091653,0.029428828024745494,0.007269494819130586,0.007866260654613356,0.0027079510923455285
0.8990069156390664,0.05447104815206452,0.02107866602824149,0.017254476302430558,0.008188893878197096
0.8828118105180747,0.0784381832747728,0.014118259959130915,0.017478667147170293,0.007153079100851254
0.9291284306699764,0.04685344274839463,0.01591539320808617,0.005532098581958221,0.0025706347915844083
0.8956523374105451,0.048789247694027794,0.02904492777391968,0.018020253453614347,0.008493233667892943
0.9021912103666578,0.07673412432768832,0.010214332381308594,0.007480290801717748,0.003380042122627636
0.8780162023452288,0.0864149333099212,0.019382019147526155,0.009449623462468238,0.006737221734855345
0.8882951278560443,0.08330333163678869,0.012549486331995997,0.011545627193361638,0.00430642698180924
0.8958519798677357,0.04824641389585615,0.037970009355841626,0.011554680800426417,0.006376916080140001
0.9535058336376658,0.02511634147388887,0.008737067972221133,0.009143195208955228,0.0034975617072687975
0.8356037575350657,0.11423107880154228,0.021622614121870866,0.021406768172794896,0.0071357813687262924
0.9319057966718353,0.036819644092174655,0.01375847278453141,0.011791820336875095,0.005724266114583339
0.9285860155425953,0.032503947800895154,0.024179126002607628,0.010346406631113012,0.004384504022788702
0.8783769671395736,0.06437382857536067,0.03393775560756115,0.014834175415284628,0.008477273262219965
0.9588051033470665,0.020889148188077775,0.012312480150325876,0.005554150487045243,0.0024391178274847467
0.935107924717908,0.04571242388774121,0.00960100333437734,0.007029269414642686,0.0025493786453305305
0.9350078663419237,0.04279304787247457,0.01019397477381119,0.008301801659121106,0.003703309352669242
0.8889910253959619,0.0769316279454045,0.017325587397214112,0.012357125283760878,0.004394633977658937
0.9391797824481091,0.033995440420655325,0.011804263947063402,0.010188144507156239,0.0048323686770158246
0.8375329294774542,0.10574906302684617,0.02603207066007776,0.021705733681605218,0.008980203154016674
0.9555434876622073,0.022371957827712615,0.010971904480851434,0.007501364207839809,0.003611285821388877
0.9214807573416149,0.05204176121780158,0.014065976090951348,0.007246357241272703,0.005165148108359277
0.9677937897035551,0.02025442774854235,0.005604502932554969,0.0047400852650389,0.0016071943503087618
0.9285392367611749,0.04743032484676384,0.012264680244847777,0.008825514697225404,0.002940243449988208
0.7527336910279524,0.19549639225604504,0.021258424279028333,0.022508136867335347,0.008003355569638713
0.9300998082051686,0.04644623091481823,0.011147034135559859,0.009156937959575263,0.0031499887848781844
0.9093509750341158,0.057868770357407256,0.018916882992062338,0.008677503244787747,0.005185868371627057
0.9090494675905757,0.047962552577762704,0.020696436743223814,0.016175882445754547,0.006115660642683006
0.8388456838968167,0.09539722483796,0.03689387062214514,0.018336056566377018,0.010527164076701071
0.8447977960455433,0.11159098353656147,0.022148379435563935,0.015281342747749938,0.006181498234581439
0.9046343318554205,0.053354488492304564,0.019216983723552617,0.01520302697210921,0.007591168956613002
0.8897609085767046,0.05953888161009641,0.029209566941079953,0.014389897049320435,0.007100745822798448
0.8468409169503767,0.1082571462098968,0.025265050344274505,0.012819777596299917,0.006817108899152167
0.9418654344955606,0.03172648866633922,0.01246527414444151,0.009517278088095733,0.004425524605563101
0.8442506018398169,0.09612008332591536,0.031145131468316854,0.020136591637819723,0.008347591728131072
0.8297891270008885,0.1309161647239391,0.013860633119208892,0.01569299822472474,0.009741076931238869
0.9012546353589646,0.061388499292201824,0.02000802877452692,0.012226362735923998,0.005122473838382813
0.9498725282743294,0.026858131290296006,0.013264226472968642,0.006736537966082799,0.00326857599632291
0.952566656021979,0.026871580621989032,0.008729054291460404,0.009200035692700342,0.002632673371871209
0.9211549617833379,0.05413907367409093,0.011067872002159567,0.010288839124266896,0.0033492534161445905
0.9440813360751642,0.03242773222189498,0.014457503206218445,0.005335331609975299,0.0036980968867471667
0.8834762058086878,0.08230428138011836,0.01874609714071963,0.010757258262364499,0.004716157408109526
0.8605795761175906,0.08183421829948061,0.029737936882699514,0.019819245699100263,0.008029023001129133
0.9299110205909746,0.04537652660087791,0.012291284565321007,0.008328780093661026,0.004092388149165373
0.895351560999753,0.06117105517296577,0.02831446565526805,0.008668590642646879,0.006494327529366297
0.9516979416516975,0.025339737962939018,0.008478553999371773,0.010115947132298818,0.0043678192536927216
0.947118071490831,0.03635579219603538,0.006996618775911217,0.005732488103055787,0.0037970294341665364
0.9082002408807739,0.056931777739025885,0.016937107244831467,0.012065142654547131,0.0058657314808218605
0.9255886457479838,0.04388452459086676,0.011971369289738253,0.013302734928333386,0.005252725443077943
0.9570480040703032,0.017058551086753665,0.014859184581800642,0.007726845660978672,0.003307414600163735
0.9360251137557088,0.03860559289946009,0.00948807085421727,0.01139144989535484,0.004489772595258797
0.8476811357960327,0.11507807013747508,0.016145611330657703,0.013808476409599662,0.007286706326234871
0.9351952801549943,0.039239597237818905,0.015162909022783434,0.007231434654347243,0.003170778930056075
0.9095179285218743,0.052339369126938116,0.019235865433464387,0.011763640977329322,0.007143195940393868
0.9024745816446644,0.06267971155006365,0.021581555677539672,0.009179966665576503,0.004084184462155469
0.9635517307728418,0.023476842898569952,0.007912848036970342,0.003660303252154575,0.0013982750394631188
0.9578111428543383,0.025504407958691334,0.008660054614200814,0.005075959642198415,0.002948434930571141
0.9389972483946032,0.029987512580031385,0.014471797042005432,0.013134283497586068,0.0034091584857740267
0.8853297775122795,0.05541271637162735,0.02458042643551777,0.024114163760577824,0.010562915919997579
0.8217132733558178,0.1403997610613364,0.017310278675195665,0.015011505406848666,0.005565181500801744
0.9180105583097186,0.05462511946141913,0.012995701890941505,0.009891801045668797,0.004476819292251899
0.9070804877685353,0.06526014312179115,0.008362350806366351,0.012012100978285842,0.00728491732502163
0.8304969634547891,0.12882400396539875,0.01606161804677302,0.017106304168814042,0.00751111036422484
0.7069099926181147,0.180317279126535,0.05752125375844245,0.041271625131110656,0.01397984936579707
0.9241033434851287,0.04524624240932105,0.018651913271265894,0.007520536611982728,0.0044779642223017144
0.948265560477494,0.027190475146177454,0.014431350720004985,0.007568900896807516,0.0025437127595159584
0.9409255606291241,0.043693463600086774,0.007184459976791208,0.005860940747083303,0.0023355750469145416
0.9252294651472456,0.05592608339736097,0.010505273603986951,0.005420084516388688,0.0029190933350178075
0.8490125148570847,0.1112130085148151,0.022099224793215067,0.012504616763930979,0.005170635070954213
0.6849210738915267,0.2410891859173099,0.03675059697273502,0.023977822055393172,0.01326132116303533
0.9625189008091815,0.024262367821732283,0.0067314383343134885,0.004254632798145028,0.002232660236627777
0.9116767630500904,0.05654874092263731,0.019805654359834158,0.008233104679444053,0.0037357369879941183
0.9042421153864383,0.0649552565681432,0.017004804348786845,0.007897475295674895,0.005900348400956843
0.8531555052590121,0.09953676334466334,0.027275815494343953,0.012674495261903014,0.00735742064007804
0.9558949634146416,0.029555645482570878,0.007234381568447321,0.005101169777117094,0.0022138397572232134
0.9521786737817034,0.03529533900867539,0.007590945431071568,0.0027260147552943133,0.002209027023255284
0.94906274714469,0.03347782797774726,0.008217823302202512,0.005763788157947966,0.0034778134174125166
0.8129689679515941,0.12766222267916025,0.025262032536535212,0.025587815311730527,0.008518961520979747
0.9202638828688051,0.048025988169159546,0.018074183327661517,0.009422707235151455,0.004213238399222286
0.9667730676274954,0.020215216396954266,0.005298460093491798,0.005034767874029357,0.002678488008029273
0.9687782431053398,0.021357428352089404,0.0036262704604201226,0.004530879694344452,0.0017071783878063183
0.9232922731583383,0.03367613488591232,0.013488352777597428,0.013241856982468074,0.01630138219568375
0.9038914584424689,0.06854446241339116,0.012173044163898831,0.010745710931578117,0.0046453240486630425
0.8740861530718026,0.08436167248814955,0.019158226356852093,0.015000426847610113,0.00739352123558576
0.9226399087990153,0.03158900814070576,0.020203028140886873,0.01895211967426093,0.006615935245130876
0.8919476271689326,0.05468076946004147,0.031235014618131225,0.0131269256460642,0.009009663106830379
0.9193175815273017,0.04836402954835306,0.015920150682251433,0.01153575395035984,0.0048624842917339515
0.8766310538580783,0.08232491184890299,0.019192139719271223,0.015338105710377902,0.006513788863369707
0.93131831096439,0.04524710389021662,0.009589008667665561,0.00875345592027052,0.005092120557457401
0.8881489756672588,0.09033964855225425,0.00522192244615556,0.011579858099663998,0.004709595234667192
0.9129987759341313,0.059138234410328984,0.011888047953392994,0.008978225803939564,0.006996715898207192
0.9147499833553193,0.06007748748752767,0.010366138004432889,0.011020510635666184,0.00378588051705396
0.91999328454261,0.056567683722349625,0.009377490932975364,0.009634522099328418,0.00442701870273654
0.8986555208943079,0.08045050517721355,0.012125489485751224,0.006273508570317095,0.002494975872410287
0.8909964345154808,0.06898938259352604,0.01538439666752825,0.018263414955533533,0.0063663712679313325
0.9151099829388875,0.050445210780227366,0.02032855452257696,0.010067449077467743,0.004048802680840553
0.9218821503046962,0.060831544292493496,0.008582819484807323,0.0053757450949834355,0.0033277408230194946
0.9076516061899171,0.07142918976601224,0.012297692747717125,0.006183854787905797,0.002437656508447562
0.9150857759829657,0.06406713601380391,0.01404312805812362,0.0045870058990658226,0.0022169540460409546
0.9013529237682634,0.07084519875084286,0.011620850339362925,0.012033317550719989,0.004147709590810801
0.908996292227359,0.05873671525256815,0.013153704221535709,0.012124411910781601,0.006988876387755523
0.9384463086672802,0.045700343241831504,0.006824847617465592,0.006261508572701129,0.002766991900721373
0.818600055005661,0.11029445304593133,0.04119832444370729,0.022308981326633847,0.007598186178066545
0.8704038495772423,0.07016529629780731,0.03976081699392526,0.013023167630061658,0.006646869500963125
0.906743280856719,0.05993618768202187,0.01596550692108046,0.013000110377424913,0.004354914162753851
0.9003056156815289,0.049335942141484554,0.02491995060538892,0.01782537022444056,0.007613121347157034
0.949141435203982,0.02875407066917135,0.011604735921110358,0.007415103343451072,0.0030846548622853846
0.7807722146987275,0.10391051829012586,0.06741941016395794,0.03342608906804379,0.01447176777914479
0.831711167903164,0.11066236664560565,0.02778861187150734,0.018386820469882943,0.01145103310983996
0.9311711341440695,0.0452998386513747,0.013908781599330577,0.006451848469449259,0.0031683971357760704
0.8619799936560599,0.09504842550157688,0.020097973478824208,0.014231547205257692,0.008642060158281157
0.9157448589786327,0.06517747637078171,0.005981942648943798,0.008628265949141184,0.004467456052500642
0.9509944997828965,0.027922066936972453,0.00887343941839206,0.008260863361567129,0.003949130500171787
0.7282931911299492,0.15989253688270005,0.07937988289257428,0.022820849833624163,0.009613539261152373
0.772679866423106,0.1208927566377867,0.05502462465442931,0.03971544712956979,0.011687305155108184
0.8927642986508311,0.05983443045727599,0.029845464232856615,0.011956381977980936,0.005599424681055362
0.8879713012287797,0.09013615579906042,0.010351992082297614,0.007741587210047006,0.003798963679815179
0.9657122669736256,0.017498017686095574,0.009275410217771344,0.0055343068501211784,0.0019799982723866724
0.8842944421310834,0.07870141075794497,0.017768558637824162,0.01413471539077039,0.005100873082377015
0.8720856869836073,0.08276462953693235,0.02618069083726533,0.012952206191908113,0.006016786450286863
0.9547649467346147,0.02659193367049637,0.00960777705279043,0.005775251087594659,0.0032600914545039034
0.9389027449533822,0.039175931781874826,0.01056996072943986,0.006862666409939968,0.004488696125363272
0.8976394519082389,0.06827089512635409,0.017306566975185057,0.012102353758701086,0.00468073223152101
0.8982781932520574,0.06950811894164692,0.01656321190789084,0.011439099617782897,0.004211376280621964
0.8426838452949402,0.10845340431236496,0.02518854933045887,0.013693849364991567,0.00998035169724431
0.9526325062109887,0.03064631244255601,0.007152186428595518,0.006761485368105665,0.002807509549754017
0.8612363664041437,0.07713375866449829,0.03516118837171473,0.016520889139864756,0.009947797419778612
0.8214166155695614,0.14117003351124405,0.020882659123417267,0.011878158439068595,0.004652533356708908
0.9022679640128114,0.0686849070274043,0.016038391962872572,0.008946536131323627,0.00406220086558807
0.9121496931967652,0.04783646286115024,0.022567632988371514,0.011997315899158114,0.00544889505455483
0.9139863322409709,0.06274141322071973,0.012816682706287934,0.007472689247316369,0.002982882584705434
0.7376542159874986,0.2040818059234275,0.032163346185891784,0.019067555127064074,0.007033076776118065
0.9176649956311068,0.05556586263986716,0.013989739518286082,0.007730771367968283,0.0050486308427716495
0.9338061550753204,0.05014760053546247,0.006694426802783992,0.00700739365667972,0.002344423929753351
0.7592626460240862,0.13548498554321586,0.042531777240967274,0.04188416538941091,0.020836425802319765
0.8293582397645061,0.11641395423181745,0.02810355306924789,0.017234885813906912,0.008889367120521616
0.8180041189579078,0.14789748380953374,0.01889810205865589,0.009520660206358578,0.005679634967543764
0.6695423370122467,0.17640620569832238,0.06413298149587841,0.06463525982501453,0.025283215968537907
0.6264730199515841,0.20072546684321016,0.08705723982762155,0.06265492637881591,0.023089346998768277
0.9133102796103223,0.054466818124198325,0.020321158065473938,0.007558436148588839,0.004343308051416662
0.9389946991333885,0.05141622447162651,0.006047482911946447,0.002565211428981376,0.0009763820540572732
0.945583023743018,0.03627935927715821,0.01043534644498589,0.0053598594087028665,0.0023424111261349883
0.9616945160752415,0.019432858359764504,0.011230570923660728,0.004943705116393323,0.002698349524939755
0.8837366980794606,0.07267734456459228,0.025496121439282933,0.011345465398982112,0.006744370517681927
0.9130140666803567,0.056751717802529,0.016052165430422403,0.00936957170077529,0.004812478385916527
0.9298299466644495,0.05281377464654863,0.00844672179513584,0.005514343720915526,0.003395213172950702
0.9761436371614132,0.015300558986529003,0.003820549801541405,0.003419232040419742,0.001316022010096496
0.9293866192576467,0.046971069540563154,0.011981329687072339,0.008057420571834558,0.003603560942883305
0.8981577112250783,0.049963651398492036,0.03121636857121926,0.01248813553329361,0.008174133271917019
0.9567393765087276,0.028242041813678162,0.00834985511697446,0.003948304001504681,0.002720422559115192
0.9098194822950163,0.05364562813073917,0.023755842077192443,0.007462971835373238,0.005316075661679029
0.8855785179054169,0.06789524525768233,0.025783767391085864,0.012722338226542396,0.008020131219272404
0.9261124288026025,0.03653152751143998,0.019677531162993443,0.010268992423297768,0.007409520099666457
0.957469386239626,0.026207762929586854,0.007871211939504484,0.00542588765054948,0.0030257512407332
0.9354437697566517,0.04150436518487348,0.016072974992280477,0.004349988248613426,0.002628901817581157
0.9126423308782932,0.06008033827254465,0.01191622185890027,0.00960454388894841,0.005756565101313597
0.8848241899692292,0.08056781352330611,0.018898188757192912,0.009411029030538491,0.006298778719733327
0.9082328401368709,0.03426424448798613,0.03140093455697526,0.016666779222158708,0.009435201596009059
0.8387455200571878,0.09454244891362297,0.029692700995561063,0.022276130832255513,0.014743199201372672
0.8031887235317461,0.1420320076558338,0.02881925731704978,0.016574784748641096,0.009385226746729071
0.858128183774061,0.0868500245421288,0.02689860113850621,0.01846887507048884,0.009654315474815331
0.9156068757728729,0.058262034905142916,0.013944208539132304,0.008579736186843817,0.0036071445960080173
0.9373074690549795,0.03552643900763574,0.016910673526809115,0.007466892887713414,0.0027885255228623533
0.9583080379117966,0.019681889832156716,0.008587349781426477,0.01012152775018788,0.0033011947244322
0.8988573304967419,0.05928745706500499,0.02143458293217884,0.013410826893963114,0.007009802612111338
0.9587831439547488,0.02682274307830911,0.007358499012325642,0.004802534036172487,0.002233079918443713
0.8901290584311141,0.07432455723364119,0.018199005047361393,0.010645132310676951,0.006702246977206361
0.9249972347462673,0.04631260052902035,0.017395409245170607,0.006813083629794892,0.004481671849747156
0.9474708430195915,0.031060104868676,0.01157418485548681,0.005959742164577539,0.0039351250916681004
0.8898278909306587,0.0785967095409557,0.01501877708781696,0.010747005283295242,0.005809617157273367
0.9134068073809475,0.04881251658124841,0.017352390237098437,0.014174626217080464,0.006253659583624924
0.9499756687560338,0.03474218634124718,0.006459636208611034,0.005396787962143684,0.00342572073196435
0.8259196890274674,0.10914438581380434,0.029445301625358983,0.023330393920115298,0.012160229613253965
0.9184221422695305,0.04935697280255837,0.017189812197997686,0.009789609136587624,0.00524146359332598
0.9338328867820958,0.033744125084690296,0.015551319962774503,0.01076982611434062,0.006101842056098855
0.9259065916376218,0.032982108862714875,0.022285088095768294,0.013219937892900064,0.0056062735109947935
0.8675848081744426,0.08638414907320807,0.02401812950567621,0.01611767440438801,0.005895238842285158
0.9388922435596251,0.03750749349018343,0.013143170970467716,0.007287844544786953,0.0031692474349367325
0.7960455123278887,0.09101434769782955,0.06031926260660831,0.0403981800308435,0.012222697336830408
0.9266264030600048,0.04340635023548814,0.016481696896094786,0.009664970546806937,0.0038205792616055117
0.9280341438852434,0.037955506641845056,0.020658715861940267,0.01096467201084256,0.002386961600128788
0.8456978729220251,0.10309392315468639,0.02140242475104627,0.020211029219212365,0.00959474995302966
0.5320729020289408,0.22646708596521953,0.05309623550859527,0.06181015040633326,0.12655362609091114
0.7723719006652784,0.15701740360867947,0.028405152354748574,0.02188543291800249,0.020320110453291094
0.8209866031035258,0.09994173573798314,0.014574227811653255,0.01932191311931447,0.04517552022752344
0.7638561131139652,0.12520810194682844,0.05479510954363723,0.02353797423027271,0.03260270116529653
0.6712515661765506,0.2616823378648284,0.03650915929868799,0.020069982212726614,0.010486954447206313
0.894932338698135,0.06136829823694506,0.023460069283708283,0.014097354433088452,0.006141939348122887
0.9598024475819154,0.027548531205839315,0.007571600484826982,0.0032844346276691863,0.0017929860997495032
0.8018623031111062,0.13568996715343848,0.035792755545088775,0.016475634979942602,0.010179339210423934
0.8879896137726551,0.0629436582952409,0.03172236990083859,0.012638377723393917,0.00470598030787154
0.8686780871930181,0.09262232599257457,0.022573885506245547,0.01191954611309562,0.004206155195066383
0.8935490828202257,0.06952518657941649,0.017946498173337034,0.012318568066843375,0.006660664360177536
0.8630784354501165,0.09610512389084952,0.02158869522147549,0.01362252365936069,0.005605221778197756
0.8908414474687676,0.07264427543274248,0.01844299207052425,0.012335309885954937,0.0057359751420105205
0.9321366027002549,0.04530586800170502,0.013017876726985312,0.0061194855847453355,0.003420166986309506
0.9378716983069529,0.03893201481817782,0.011415908993003654,0.008027954420971779,0.003752423460893814
0.8792567887338018,0.09232965924993651,0.012602215628369438,0.009800511453307728,0.006010824934584745
0.8687747043581788,0.09141898013351588,0.020072196080945657,0.01383065876499327,0.005903460662366341
0.9579013920815259,0.022132812962525946,0.010014473613791949,0.006093235914569383,0.003858085427586695
0.8873653822271554,0.07774430747676063,0.014908463079303751,0.013609376662188782,0.006372470554591302
0.9385336606706947,0.035032459652724515,0.01459513856981953,0.008368974237803325,0.003469766868957829
0.8604087843224136,0.10384751863999366,0.020492519400590846,0.00974459261184209,0.005506585025159755
0.8908495731996605,0.08207183864951496,0.01093745308086164,0.011748101230234415,0.004393033839728512
0.9629503694475999,0.02206791992376971,0.008504261676561205,0.004410497969666979,0.002066950982402069
0.9613324067416084,0.02595059870219399,0.005629142150480856,0.004686594606782113,0.0024012577989349303
0.9613228561017627,0.024725337549133575,0.008183147325519856,0.0039000557140941197,0.0018686033094894386
0.9006270215490277,0.05594898688448953,0.024100928043310627,0.011173892668580805,0.008149170854591836
0.9087424673705407,0.051184439837007156,0.019667988896945682,0.013656377237363451,0.0067487266581431225
0.9225421039327794,0.04604942420305334,0.014474362361673446,0.011261458597027629,0.005672650905466359
0.8370386592465047,0.08525875141406292,0.03352812657390551,0.021033308530733152,0.023141154234793727
0.9274264961431493,0.046415535973536835,0.01314760731935286,0.007531955927872183,0.0054784046360889845
0.8712639265882813,0.08776008047920086,0.024009888193418216,0.01083540593795209,0.006130698801147476
0.7856557613428499,0.16430648432491213,0.022048669853805502,0.015672761677706853,0.012316322800725775
0.8770322653976131,0.05258057154517964,0.030972301302267257,0.01794602481079962,0.02146883694414021
0.9141731066645037,0.047829052721249876,0.019372558776352227,0.010284508813807422,0.00834077302408677
0.938082461627626,0.04451135653006297,0.007321274905998978,0.0067134823402826916,0.0033714245960295287
0.8901837256882155,0.0666745457293374,0.023424858561933944,0.013361680398433825,0.006355189622079563
0.8722773788779966,0.08354423578611879,0.03125213751333814,0.00837059777993678,0.004555650042609727
0.9133155036646786,0.05359798687901592,0.012196877547250514,0.015313722444552034,0.005575909464502767
0.8938879930981845,0.054168330254408016,0.02374167169211455,0.01555341533208033,0.012648589623212574
0.8063558243992507,0.11654742389772259,0.021995399951334198,0.025169639834541884,0.029931711917150428
0.9125605013243449,0.04481305307387258,0.01441191403295736,0.01210733915949768,0.016107192409327443
0.8938913791788955,0.060647254595574546,0.016064183817790692,0.012693835127644932,0.016703347280094136
0.9369890742647327,0.03024851824666224,0.00558618927302994,0.007486097192397994,0.019690121023177146
0.9500297136898453,0.03728253936442597,0.004935065489954064,0.00435652375921398,0.003396157696560483
0.8883839570607078,0.0639524158394193,0.025900872721521827,0.01270036712434091,0.009062387254010042
0.8401800748238706,0.11245679128236774,0.020876916495680676,0.013912379156801777,0.012573838241279448
0.9222687599206056,0.04688489017356699,0.014842786790771778,0.01069472646413159,0.005308836650923891
0.8980360585476422,0.06306028841017329,0.012770861212216789,0.017909900333225714,0.008222891496741963
0.9711779256180965,0.018662567373530625,0.005596032032431875,0.0028576452324356417,0.0017058297435055725
0.9296485489064716,0.044525723053938565,0.010927668404202284,0.0097733885907935,0.005124671044593892
0.9298145722053786,0.043056634805936064,0.011400251042232006,0.009157216095231659,0.006571325851221624
0.925457475934087,0.03292476458297427,0.01750736891616033,0.016838475095193112,0.007271915471585347
0.9493154947735984,0.023430094817090463,0.01372515608391766,0.008776558669657299,0.004752695655735998
0.944988441631192,0.03281890301552464,0.010095453074033967,0.007338717507717009,0.00475848477153202
0.9215322830493671,0.05477826469987713,0.009218572139335033,0.008616327886544786,0.005854552224875999
0.9081976235357619,0.051540738299823675,0.018726399756880077,0.015557698065189115,0.005977540342345234
0.9249988616559183,0.059327657665066945,0.0066750777384295,0.005686244688675801,0.003312158251909446
0.9042969988106078,0.06462130963503912,0.01653605306517058,0.008276688685147866,0.006268949804034758
0.9036858357330866,0.061556150524627984,0.01721906572735515,0.010416540317668149,0.0071224076972619685
0.8406729760093486,0.10118430231470697,0.029057342938780525,0.019952896919217363,0.009132481817946186
0.9176361173962443,0.04309934133129608,0.022370923473522587,0.010706493633124432,0.006187124165812968
0.9679929613101673,0.014836121395024526,0.006059030178322465,0.008213635429753502,0.002898251686732251
0.9094857788151666,0.05496188526338441,0.01910080439103366,0.010720162286298839,0.005731369244116479
0.9378124799780369,0.039664542566981154,0.011957327097649014,0.007242432106676588,0.0033232182506564545
0.8640809626206757,0.07812106131678302,0.029278905033585656,0.022304419212695634,0.006214651816260382
0.958596210434263,0.0235940103911848,0.008470201948110405,0.005793222981387946,0.0035463542450537818
0.8830833507380266,0.07534342580017049,0.022861690489700718,0.013462103644500309,0.005249429327601784
0.933550888289532,0.0443011508064836,0.010050229321054047,0.007860757391543283,0.004236974191386927
0.8167127064343832,0.09503554365861003,0.0456785392424565,0.03142950980833375,0.011143700856216621
0.9050587979014583,0.06243671100693555,0.017034548053970776,0.009804549667107209,0.005665393370528119
0.8640960342897787,0.10755364528501161,0.010417094684682344,0.01239931937196585,0.0055339063685615
0.9177112741103327,0.058327696628196916,0.009715877505243152,0.009207826602727055,0.005037325153500175
0.9558773000161847,0.021095220553281294,0.012529932270711355,0.006670911757432649,0.0038266354023897956
0.9483991822556683,0.03472828197788618,0.008632706224178527,0.004413154490347794,0.003826675051919088
0.9547534503200465,0.02764913265056594,0.010801491780712812,0.0044385138772894015,0.0023574113713852093
0.95265219966408,0.02002374130187035,0.016812286991830905,0.007952775357317492,0.002558996684901268
0.9570909213336622,0.025707549302047078,0.008069410769777198,0.006186336175679645,0.0029457824188337776
0.8703170521011567,0.08780724823419625,0.02288443823070354,0.012881522591755805,0.006109738842187623
0.9294667168472499,0.04250066400890546,0.015770643308859904,0.008665029621772681,0.0035969462132120515
0.9242339390942936,0.04383360306281029,0.017842777726695763,0.009035363863029527,0.005054316253170844
0.9212533079543164,0.057878594660765566,0.009585186641742847,0.007196733747120052,0.004086176996055169
0.8582937787221361,0.11319158324620872,0.014280592934851125,0.00868555211843784,0.005548492978366162
