Delta_Power,Theta_Power,Alpha_Power,Beta_Power,Gamma_Power
0.889297970012925,0.07394232442029106,0.016403013282617302,0.012251188297020349,0.008105503987146307
0.8887915024187417,0.05622829051193005,0.02423230371391295,0.013863076384224828,0.01688482697119023
0.7688005084970129,0.10512340632407605,0.036622976844033706,0.03256583598306405,0.056887272351813276
0.834378059443482,0.07752357700830716,0.015364259368120848,0.021931715164309612,0.050802389015780526
0.7047615774683491,0.08608900963794794,0.025199709910180366,0.039376651463242346,0.1445730515202804
0.7671826489551801,0.05165608717509172,0.028769990293360612,0.040677696220432547,0.11171357735593497
0.6304165022886883,0.10274434445710048,0.03420960289126622,0.06537246068892139,0.16725708967402367
0.853863319053825,0.0819612370156467,0.02403093558573727,0.018695742290510634,0.021448766054280363
0.752729122578333,0.17633620466120134,0.03340503666857999,0.02380613872470354,0.01372349736718222
0.9485089675038311,0.03280406363507458,0.009326278876629424,0.006480310129437752,0.0028803798550270277
0.887879236248647,0.08344457786105759,0.013393619615513202,0.009277814237012542,0.0060047520377698995
0.9235071244074251,0.03211805472368283,0.01921456496815787,0.012326780223529362,0.012833475677204992
0.8809980302393391,0.06785669324701885,0.015797803008054816,0.014686465052521257,0.02066100845306616
0.9498819624579553,0.024022357540057566,0.010555678723900373,0.006931050265033123,0.008608951013053784
0.9453204742269823,0.02978775336626185,0.012859221756933192,0.00752269479321009,0.004509855856612436
0.9028540811659785,0.05963735067694238,0.01699273169366647,0.013117589184358739,0.007398247279053861
0.8654821516858342,0.06596474264621023,0.031166883188680748,0.023196017027432896,0.014190205451841765
0.9159408059600571,0.0578293549480488,0.011696604606212807,0.009440375912328942,0.005092858573352364
0.8672972854514539,0.08310816196040437,0.025081203177487153,0.01449754072487054,0.010015808685784045
0.9260245499651608,0.03140569321444052,0.010575198899933917,0.011171569351251402,0.020822988569213212
0.8226901341001023,0.07950590552878914,0.03425325744332231,0.026708934393180676,0.0368417685346054
0.7647947613559326,0.11194383507653435,0.06473959440342932,0.02932871166050697,0.029193097503596614
0.8343475864916388,0.07543328418151435,0.024923605889820896,0.026495583592807865,0.03879993984421813
0.7677703055615421,0.03050379137276476,0.015114409439638368,0.050780365200130226,0.13583112842592462
0.40367795871660506,0.05112388043734235,0.019620715614546386,0.09284289049465703,0.4327345547368491
0.6972958635425878,0.06376712178929732,0.014460322721582243,0.06210462455590013,0.16237206739063278
0.7298578833140011,0.07828885028403755,0.026827931065885553,0.04803782680070067,0.11698750853537512
0.8263656860072696,0.03690175739306649,0.022656038072595548,0.03414501318898169,0.07993150533808667
0.6516555558977943,0.12228249512455999,0.025603926239576295,0.07810060126764115,0.12235742147042832
0.792005418304596,0.04202100906753564,0.015750290844303395,0.05268698600260056,0.09753629578096422
0.6384166005369868,0.0845820121622995,0.0347576691595287,0.06516305671549698,0.17708066142568815
0.6457217184259115,0.09660166466769181,0.03693507718946663,0.049665333421472675,0.17107620629545742
0.8400071351120705,0.0344940084968611,0.03404896749148751,0.031671443822769554,0.05977844507681146
0.7420442213608185,0.08133649040662963,0.048404452946474885,0.04103090015554819,0.08718393513052888
0.9156717357741779,0.05534282241389145,0.01374242460331542,0.008450802534709714,0.006792214673905577
0.872032325691611,0.09101176670369514,0.01727426671690567,0.011050923550166817,0.00863071733762133
0.7610828666788703,0.14608208336538048,0.03821512002142722,0.033469789323219444,0.02115014061110264
0.9154906805329354,0.04667618299225691,0.010067299622620712,0.01503214730527588,0.012733689546911132
0.8052919365409095,0.06188196366601343,0.022844744671612675,0.03967963879472525,0.07030171632673925
0.8802732111741944,0.07793329865860583,0.015816377624249412,0.014343454482538992,0.01163365806041146
0.7760632477807229,0.10120657604932168,0.03488558168113644,0.04136562905972875,0.04647896542909016
0.6925665759417688,0.07189536223371769,0.017496773731862363,0.0666583663274956,0.15138292176515555
0.878974489088482,0.04404658551323689,0.011681873713802452,0.02118909139199709,0.044107960292481665
0.7276924684890693,0.07339865069575012,0.037076693889048384,0.05449237657630865,0.10733981034982337
0.792591422947381,0.07266309340988203,0.020822686019059324,0.038676299675381255,0.07524649794829621
0.8204782967297457,0.0821915225939171,0.012031867434489791,0.028364430673633225,0.05693388256821412
0.871616491275775,0.047672779195506325,0.01803234258392922,0.01830052344962125,0.044377863495168084
0.9406607502649139,0.03147547428124072,0.014303322561989807,0.008596004983240261,0.004964447908615651
0.8510334688972814,0.08369788491582014,0.034025937360202214,0.022883068395523922,0.008359640431172231
0.8789694790626355,0.08575071853649588,0.017464060133411643,0.011663807526308047,0.0061519347411490115
0.7879341407345481,0.10107138961521736,0.02551603956836821,0.0275373289668441,0.0579411011150222
0.7920923471164829,0.07050101192839305,0.024801820042275973,0.03133162165043946,0.08127319926240864
0.9205920144663545,0.051266463066456304,0.013367479687772636,0.008672699922074272,0.00610134285734218
0.7693357390488651,0.14049096151295762,0.029755669104526084,0.03511037849020155,0.025307251843449816
0.8659298527806397,0.05275584568453902,0.021925087010698778,0.023674837555864484,0.035714376968258014
0.8802981779783822,0.05414209729858347,0.013472938736497308,0.018466595554517247,0.033620190432019616
0.7163531638056378,0.14483787848229449,0.019933050873973342,0.0456107960439291,0.07326511079416523
0.7196306290764519,0.05059072713927687,0.03494663941408834,0.07558170484631052,0.11925029952387224
0.894608142774728,0.03797188151194193,0.011924622483003305,0.021236603657430537,0.03425874957289592
0.7759272794604097,0.09045569107189645,0.017825487999506423,0.03798089253693464,0.07781064893125274
0.8540372368569683,0.04469744968021701,0.012069946712521928,0.02459612763676038,0.06459923911353216
0.6808047055840482,0.08398159471593632,0.0436215780811291,0.06393246091247325,0.12765966070641316
0.8248957952610814,0.08799754241229109,0.017839643397017702,0.029519439942209985,0.03974757898739966
0.7133618878452372,0.18725736335202336,0.03962420097126802,0.035525272558463515,0.024231275273007714
0.855512706757542,0.08272209837672409,0.029274946752251906,0.022996954093691176,0.009493294019791166
0.9026029736191276,0.060839137216103525,0.01604375078944787,0.013920370420850493,0.006593767954470504
0.8891611554593712,0.07999982317296232,0.011469766821927355,0.012508393812327975,0.006860860733411139
0.8666379426178248,0.07184523184325046,0.014099503619050312,0.016717393866798963,0.030699928053075528
0.8602724698903856,0.05457419299407959,0.013368397386616639,0.031531451815511105,0.04025348791340702
0.9357736780301393,0.03905507957363478,0.011169112906782975,0.008636135107251046,0.005365994382191722
0.8279462011535152,0.10864279664776975,0.0285208227456193,0.020178939827007306,0.014711239626088422
0.9278771189604806,0.03699784358094788,0.01539849325858189,0.011786700968155974,0.00793984323183377
0.8601680316380124,0.0830520539346833,0.02588350600632527,0.016160890486417508,0.014735517934561725
0.9264039467926369,0.04523020023339593,0.016178929846885202,0.008597558963391382,0.0035893641636903476
0.8957497387798041,0.06847236688589133,0.015101655519006087,0.013090486562361245,0.007585752252937321
0.6529824687956888,0.08011950925689465,0.026135431151703487,0.07661333580960215,0.1641492549861109
0.5505358130408534,0.08239343904016769,0.02479412466809225,0.11928318830669205,0.22299343494419474
0.744360514635231,0.05944526682659416,0.023927637242644562,0.07101191302136836,0.10125466827416205
0.7494115210761315,0.12863777244900057,0.04566234844608207,0.052819545052423,0.023468812976362885
0.6213989460842878,0.12154491804475202,0.037248641290527996,0.07034379373693275,0.1494637008434992
0.7278268330535892,0.08264414208073284,0.03168711499807403,0.050395096704336166,0.107446813163268
0.947093757807955,0.023999166987152605,0.011561096652948424,0.008270747535268397,0.009075231016675662
0.6405109893747655,0.10583653972482204,0.03527420669540862,0.07771240050941783,0.14066586369558592
0.6968768046198625,0.0640409438989426,0.022137559153219737,0.06389083181406684,0.15305386051390835
0.8901693187563798,0.021206170324967025,0.010088232523539246,0.025469090321231676,0.05306718807388204
0.7669034060964944,0.0639663659584403,0.016334043975958036,0.042607324404216045,0.11018885956489108
0.6476183752870011,0.05188699339917199,0.023407364327549834,0.09422328198708364,0.1828639849991932
0.7515492229362227,0.04724940258500561,0.028878930531567384,0.06493146090521888,0.10739098304198576
0.8549028668999185,0.09122273566973527,0.027066843820466632,0.014127994994302319,0.012679558615577267
0.8924163219238208,0.06701663800686113,0.01930922014158219,0.012620559285305068,0.008637260642430864
0.9579534882170696,0.02387374641726082,0.009273720259348235,0.006187373275837321,0.00271167183048415
0.9092745269963785,0.04395957219369538,0.020275369503846945,0.017186564411894475,0.009303966894184751
0.7911886359330724,0.1280618168915297,0.043644575554037446,0.025133406490780198,0.011971565130580378
0.7396935956755116,0.100739339079575,0.02123168157218161,0.04208409838396534,0.09625128528876632
0.7218325541725543,0.0940299955606156,0.03632898221747439,0.04453987137926256,0.10326859667009325
0.6444055267487774,0.08025628514348493,0.03890986580401231,0.0779217013712276,0.1585066209324977
0.9309270512685247,0.04824962123268917,0.00950404417404133,0.0052664480898727255,0.0060528352348718254
0.9323523551707154,0.03544133731942158,0.014829019589751751,0.008296019676910425,0.009081268243201032
0.8371866379461542,0.07502413624188303,0.0498432150748926,0.023771535937321207,0.01417447479974873
0.8576370082012194,0.10281770343747006,0.022780533017648683,0.010151605484368945,0.00661314985929307
0.9259936037752416,0.032215202022809475,0.011952395432121362,0.01323063055027972,0.016608168219548008
0.8985320646461834,0.04298579287500407,0.012611815468562033,0.017392325483414645,0.028478001526835887
0.8905360702905608,0.04586558820242875,0.012298194492803628,0.018833577215687323,0.03246656979851949
0.8261830979068061,0.08447702999483632,0.01868280902693668,0.02686862340354501,0.04378843966787575
0.6767048350645425,0.1370552905042256,0.0528447822095262,0.05534451726021039,0.0780505749614953
0.7958506405394457,0.10389149683219724,0.03247176122556416,0.031167532726159252,0.03661856867663372
0.8508019922609835,0.059305542430732924,0.03432824032007048,0.02274214903031459,0.03282207595789853
0.8410052304673943,0.1054142009856454,0.019115059888475637,0.01825102951209355,0.01621447914639104
0.774247012425863,0.12963876000740615,0.0359888115785688,0.029552644358588114,0.03057277162957411
0.9542240974878374,0.022334088537964432,0.012267129413191812,0.005876629107070969,0.005298055453935727
0.920465794314782,0.04117774155457439,0.017532237257819976,0.010586209859752243,0.010238017013071423
0.8702188920191469,0.0748174627558545,0.02205040875894463,0.016824940866342602,0.0160882955997112
0.9252095760626107,0.029335210352440685,0.01225559518160926,0.0159663788490452,0.017233239554294212
0.8907410546597707,0.05663614585997793,0.018991245306101814,0.014283000909255961,0.01934855326489359
0.8886069177225763,0.05637407127159007,0.013181453820411953,0.019354981950359108,0.02248257523506228
0.8424650082017144,0.08699408926881687,0.024664232571634342,0.020097217652034545,0.025779452305799914
0.8808280611273701,0.07543441765010558,0.021160244794708637,0.013913740321350034,0.008663536106465653
0.9388534452231966,0.03972088763110812,0.009236936982801444,0.007260598150308468,0.0049281320125853754
0.890048834553359,0.04865312006778392,0.033467212341237666,0.01867263021774599,0.009158202819873505
0.930593315159099,0.040129843589732705,0.012661001628938044,0.011216691481607192,0.0053991481406230465
0.8518560929939599,0.06595589965171778,0.048609114218824835,0.020119388907071174,0.013459504228426336
0.90104494733329,0.0641915541125617,0.014955389982512942,0.012427665721123493,0.007380442850511861
0.6636530442784192,0.1887097759881871,0.06592689706739858,0.04706012811684321,0.03465015454915194
0.906401249925445,0.0621159820153386,0.013417925543060519,0.01071215201254161,0.007352690503614323
0.9174142635158096,0.05449775716728898,0.01519688712425728,0.007818411511110568,0.005072680681533577
0.8009076076740655,0.11946886733482726,0.046057635908067586,0.01940655315456634,0.01415933592847319
0.9355981462412565,0.04332364911520631,0.011627286502335039,0.005976750674575295,0.0034741674666268364
0.8593190338711209,0.0864334245308989,0.026729042380515284,0.017358973217559446,0.010159525999905418
0.8528420458623559,0.09744542604020813,0.025167335781368053,0.015559412408865436,0.008985779907202328
0.9136196599194756,0.042209494585939644,0.016248459408471718,0.013641296719538168,0.014281089366574871
0.9127076067469274,0.05969616456625254,0.01216804382603911,0.009972294801686515,0.005455890059094398
0.8116836829647744,0.1276478631480765,0.030176611455465074,0.020439680907852514,0.010052161523831229
0.9060309737017923,0.05976029520748333,0.015856550032742032,0.013498990423304888,0.004853190634677435
0.9058219899978008,0.05609902157227438,0.014847836305209992,0.012473910515522543,0.010757241609192354
0.8722751164764012,0.07465785658392178,0.026669247193929088,0.01707452320422115,0.00932325654152654
0.8592003031095862,0.07611493290008095,0.03096027888801346,0.023505205572817857,0.01021927952950149
0.8757438579863884,0.08861458251931469,0.017156454830325785,0.012991434069380522,0.005493670594590504
0.9212592065744692,0.04873415886133636,0.015779205194326594,0.008398901757858705,0.0058285276120093365
0.8114794527639444,0.11598708130853884,0.040906597198618,0.020591918243722678,0.011034950485176108
0.8832412961514554,0.05770843479695039,0.024857756455033145,0.024336192024655662,0.009856320571905625
0.8297801164780789,0.09039348796274951,0.026745969333503112,0.021346514181632904,0.03173391204403569
0.8208942076112632,0.05610684353499102,0.010515827624552406,0.03097960365193052,0.08150351757726285
0.9047165206073131,0.04370628143366801,0.014304177569003271,0.01431081979148189,0.022962200598533593
0.8709252926065654,0.08237040678236329,0.019857196078042212,0.017931789973615712,0.008915314559413256
0.8187316425111277,0.07407814536954611,0.017380824416776564,0.027292894551731513,0.0625164931508177
0.9142485295592429,0.01927430192548237,0.011918490360168323,0.019411841370026488,0.03514683678507998
0.8185285851362946,0.061501377994678835,0.015518820447670138,0.03257794483288051,0.07187327158847583
0.9275377748810897,0.028643921376336652,0.01964978590767401,0.010058819205361886,0.014109698629537959
0.8023156218375322,0.09704204161481289,0.02993236130859945,0.03178183648313663,0.038928138755918856
0.8607606524800607,0.028207811451699587,0.009877504507425548,0.02365240302372919,0.07750162853708514
0.8593959940695114,0.053260918801441376,0.017559755129067472,0.024187430408794307,0.045595901591185393
0.6944326814713954,0.14061762896100827,0.0187943505798941,0.05346052677880135,0.09269481220890087
0.7438322594278813,0.09420552084823297,0.04067624521970121,0.04609063565688486,0.07519533884729934
0.8116936689191245,0.06228522040386101,0.021474546363619566,0.03242206384325663,0.07212450047013814
0.794382504874677,0.10232656131443103,0.015728824339625934,0.03252406979826753,0.05503803967299854
0.8835181109063699,0.04564143450250714,0.028580331553680442,0.025699707237648795,0.01656041579979365
0.7739838924336662,0.11017712116617154,0.052437936938877314,0.040296528132598874,0.023104521328686307
0.8982393522747057,0.05033821884066849,0.027212987332810874,0.012206591474519525,0.012002850077295348
0.9261158150966807,0.03665025097459833,0.01672916159984796,0.010986609033256382,0.009518163295616678
0.8999046662856086,0.0257411852260432,0.01722777655831094,0.023698392229391588,0.03342797970064577
0.7119122416612071,0.08145326526508952,0.01991605609038472,0.05483404337387337,0.1318843936094452
0.7254837532641524,0.12181263592176654,0.029183588786606044,0.03819204479215797,0.08532797723531702
0.43951366630000577,0.06604060645454496,0.054327464609679216,0.14404527153915467,0.2960729910966153
0.8080873848504125,0.045364680925202246,0.028012676603779024,0.03753851051324142,0.08099674710736472
0.852659226600686,0.09343019891030997,0.02264526034767546,0.01898699621913634,0.012278317922192084
0.8107652597637955,0.11923950965756701,0.035210599030754124,0.020401294484934517,0.014383337062948972
0.9151236486874923,0.055154134513098294,0.012335843064044495,0.011031985243517667,0.006354388491847319
0.910255553862937,0.05027508933808376,0.02076168597043248,0.010496516805609,0.008211154022937655
0.9223229720617588,0.04786761678927225,0.013143740340873334,0.010409080853357202,0.006256589954738259
0.6963758879423174,0.1771660736765036,0.04687924925320894,0.03794845312677401,0.04163033600119585
0.9210852449532159,0.04529418336553926,0.017071090291366053,0.010873839760861375,0.005675641629017333
0.9477982420906664,0.035662906171999936,0.007117640097516594,0.006354782615103818,0.0030664290247128193
0.9359008586848031,0.02754989699742674,0.015997533100723615,0.01436995878163891,0.006181752435407724
0.8898518141948653,0.0675427380043583,0.014588840801496023,0.01893960534933087,0.00907700164994955
0.9357243344966157,0.038586182843505366,0.012505603124144877,0.0099850347067863,0.003198844828947725
0.7673450803109377,0.09786955155803707,0.037244206753439923,0.04111497696897424,0.05642618440861129
0.43891583466362616,0.03850000285344302,0.016355249108228404,0.09444219444348322,0.4117867189312191
0.781530464414296,0.04040776175384812,0.0174585725520866,0.05317704443912927,0.10742615684064023
0.8907767094848574,0.05446873603738795,0.022271623545066312,0.01729131345761542,0.01519161747507287
0.9150935340137785,0.049262835089733954,0.014141105826017936,0.012265537950381936,0.00923698712008722
0.8874083198645665,0.07040003577140605,0.01989552327716719,0.01389950541130435,0.008396615675555873
0.7762089803884555,0.1247397157153797,0.04216998497215047,0.02740066873510476,0.029480650188909507
0.8376072611035893,0.06825816964429596,0.02832280332694824,0.02814999249550446,0.03766177342966206
0.8934180385913062,0.056979333525414864,0.012975170417433787,0.011673239961764304,0.024954217504080826
0.9188381264355362,0.04420277946784745,0.016764969685011934,0.012513497667306117,0.007680626744298356
0.8692808670584184,0.06929261382916856,0.03897026177587838,0.012573211129745996,0.009883046206788674
0.91136881180515,0.05402564190075488,0.01883149153519874,0.009504249658125425,0.006269805100771078
0.8868635348559151,0.08215152637450762,0.015471615042831642,0.008800178100495121,0.006713145626250446
0.816689895469468,0.11653768547722478,0.0362203118082322,0.017627094227761476,0.012925013017313471
0.9222302112306218,0.04903463450924388,0.016385175498898126,0.007882955534350236,0.004467023226886007
0.9391227648511236,0.04402719197637122,0.009054439725307615,0.005184140449336684,0.0026114629978608466
0.9072880832510908,0.067810505584985,0.009259242373970487,0.010487381828541193,0.005154786961412363
0.8844136411941187,0.0716280847943531,0.01781137492674714,0.01894421827232402,0.007202680812457187
0.8998469606754682,0.04859847794666584,0.028582251364682874,0.017194772000804392,0.005777538012378696
0.76405836748693,0.10594488388260391,0.05763020267081315,0.03948013248835885,0.03288641347129407
0.8807271301957226,0.0458975012688396,0.021777375520008288,0.019416739642200337,0.03218125337322911
0.8571817094177133,0.0644542131992735,0.01660259000654734,0.023540581397295614,0.03822090597917031
0.9557312370605646,0.03233278071212197,0.004702668039842286,0.004227945958574949,0.0030053682288960657
0.8897863643010374,0.06069578651925936,0.022911965715660995,0.01733941014479679,0.009266473319245393
0.9186053349698884,0.050088005484304046,0.011660251227405438,0.014286923428974675,0.005359484889427395
0.9249538434099243,0.04802803901423825,0.011481069543993234,0.009870675621100358,0.0056663724107437145
0.8611404636680116,0.08524443412866449,0.01931554919820903,0.023351751099907652,0.01094780190520718
0.9157844634012655,0.05190241129450765,0.014953502017718934,0.01182528463804793,0.005534338648460021
0.8882149039946319,0.05447471774996124,0.02870980350648052,0.015420620167698221,0.013179954581227943
0.9524495401623135,0.026311280890628404,0.007204001545209711,0.007408733412329111,0.006626443989519063
0.9389763519617753,0.02975511744963878,0.017488152547613073,0.007525167152671646,0.006255210888301164
0.912035678823249,0.034459616304628425,0.01897739683450063,0.01902659352736863,0.015500714510253102
0.6304121129951359,0.07053158611894284,0.026457813031291046,0.09074942099285785,0.1818490668617724
0.788008300919499,0.10713223329298485,0.012911906698037936,0.02719192302732787,0.06475563606215026
0.6311791542645189,0.15473852179870445,0.03837167680626418,0.06854376945035784,0.10716687768015468
0.7823479224758089,0.07979316014246035,0.037429684993430835,0.038904694494976855,0.06152453789332322
0.9086759257560698,0.05106417116347142,0.023127728187701552,0.009551249517721103,0.007580925375035911
0.8529775319878209,0.05171903229834113,0.014662544394306693,0.027169723322293903,0.05347116799723725
0.8490918084048092,0.047576551141581415,0.01265027387251232,0.0326956999863692,0.057985666594727814
0.7567710142901989,0.08533157194900824,0.021931882484962483,0.05285655955774753,0.08310897171808275
0.9213330588631555,0.025110278141075106,0.010618282281372987,0.01715361026151054,0.025784770452885863
0.8763213060267839,0.06598463127944088,0.014448027268258381,0.02062515334009982,0.022620882085416936
0.6019708528228286,0.1769633774872556,0.042235424281422726,0.06555975980026163,0.11327058560823133
0.8589436637131541,0.051005697554919016,0.023066912370851945,0.02443584548284988,0.04254788087822513
0.8236838229968009,0.04477186827079905,0.014083091243675171,0.040223455107235684,0.07723776238148915
0.8798305940744275,0.07477441161787286,0.016870877380639613,0.012874083789604876,0.015650033137454875
0.4966174686231189,0.06253848775370761,0.017601114634685226,0.1453372910835291,0.2779056379049592
0.9253015966727927,0.035930721543253726,0.01345846483773542,0.010257899476312213,0.015051317469905953
0.8919485274023639,0.050833706698213944,0.014200440911888736,0.019072624505116965,0.023944700482416377
0.9503035812030272,0.019028238392728845,0.007639637136350115,0.008623426330403992,0.014405116937489788
0.8087468621472191,0.06895175722814088,0.026486397044473826,0.031257980871482224,0.06455700270868382
0.877349390784578,0.03886138827850384,0.022907091571858648,0.021413521202269258,0.039468608162790214
0.9201097797864807,0.034893008432932505,0.009227997745201508,0.011697480720803158,0.024071733314582126
0.8585604456828884,0.04127347288120742,0.01787525268784621,0.02733030530904082,0.05496052343901736
0.8836318711307782,0.056669981343450554,0.02525478565434288,0.018620550879651757,0.0158228109917765
0.8692261718319533,0.09977913063368132,0.015138741040453403,0.008482431558608611,0.007373524935303462
0.858113421204644,0.0862972285597671,0.024202112985096343,0.018278770069188988,0.013108467181303655
0.5054608323115893,0.11642360473506798,0.041647401202361045,0.08380245910432485,0.2526657026466567
0.8042764885769763,0.05803446913792478,0.024445527467498868,0.04234502979868751,0.0708984850189127
0.8328949899442675,0.048327354983495316,0.024217644079450335,0.03052041210551959,0.0640395988872674
0.6817706300355303,0.12382069120604676,0.01821851478357865,0.0618230197179766,0.11436714425686778
0.7317887684129547,0.08126606104491439,0.024867792235165276,0.05431300944030718,0.10776436886665826
0.8365137628431946,0.04004771935011967,0.024344119226687444,0.03602262014623744,0.063071778433761
0.8580568717492955,0.03073633523351822,0.00999695132809231,0.03596406336847828,0.0652457783206157
0.876877835619814,0.04885746142134073,0.010906558463235535,0.02279803350369866,0.04056011099191089
0.8790543561694532,0.06537183727005585,0.028772348269959867,0.016058685277940566,0.010742773012590735
0.8990092010453444,0.06680402476953155,0.017514477043367036,0.010135941190627462,0.006536355951129328
0.8122606138541336,0.09730520693015461,0.04450827784072641,0.030176547768300453,0.015749353606684724
0.8163024517667046,0.12496465532567864,0.030189638166823622,0.018340470286441486,0.010202784454351434
0.8936676006797778,0.060171715231738546,0.015504062585947883,0.015309650365639518,0.015346971136896122
0.8857141518693641,0.05780284994646371,0.02137359940520554,0.015350879890271424,0.019758518888695353
0.9090157053034684,0.04522120502163902,0.03070976288535433,0.009803859781880357,0.005249467007657863
0.9470251640404778,0.027988054616709647,0.01146863748186752,0.008945204341366765,0.00457293951957836
0.914953156405635,0.04918010967894554,0.018426848779505265,0.011776870054430075,0.005663015081484268
0.8382932928990122,0.07370273976029497,0.023206654436150758,0.024909356380667946,0.03988795652387395
0.8680055601046374,0.02904344489050699,0.016556907456865607,0.02633545326852861,0.060058634279461474
0.8430251239838263,0.06749682408070302,0.01983836726544633,0.023400825321445357,0.046238859348578895
0.7367732005607334,0.08011671330226756,0.01942727121958746,0.03477582956768007,0.12890698534973166
0.7103352391933422,0.048265128415172436,0.013083238471628022,0.05564054636832671,0.17267584755153062
0.757679806151846,0.05289602448418722,0.014055237237501234,0.04710814445374995,0.12826078767271565
0.8363399203359656,0.057809438737432904,0.010969221058000765,0.03019261735916054,0.06468880250944029
0.6658770790258145,0.06516415867672237,0.02373460165911029,0.07619737330213316,0.16902678733621948
0.7866909051262044,0.055776470195590296,0.027572486758687696,0.05049265915125677,0.07946747876826078
0.9618277994120717,0.02344776293570614,0.006567300527589552,0.0041203768698495,0.004036760254783037
0.9349535328489083,0.037136327823593614,0.011783848325633922,0.008837239417833136,0.0072890515840312396
0.9277769123321571,0.0425129982352733,0.014533024962046202,0.009034061237873358,0.006143003232650195
0.7070034163354777,0.2171616018279886,0.034566799500984964,0.02705777247524776,0.014210409860301178
0.8915295169629319,0.05991315715963891,0.022705339874404387,0.014774395873932287,0.011077590129092652
0.828882003434018,0.113172582669338,0.02933901292563556,0.014730444086603203,0.013875956884405263
0.9555628940070073,0.02473763672329414,0.010130450111238141,0.005091736771434672,0.004477282387025771
0.8770227166920547,0.06660255158056386,0.027345080110267136,0.017713739868761975,0.011315911748352184
0.9020936514286706,0.02779929640942441,0.009814156570072287,0.019140457021460798,0.04115243857037174
0.7970688245792585,0.04725459366477293,0.015283138936691698,0.039233955430831094,0.10115948738844557
0.8054735468840134,0.03313132733707869,0.012589716891909533,0.05329451936790972,0.09551088951908862
0.7483391984407058,0.0597104513257275,0.0338536444131716,0.045534611433860596,0.11256209438653446
0.6913421336491583,0.135171683069433,0.026711713765029114,0.04769501371326931,0.09907945580311014
0.7867870680946992,0.06581278262364644,0.022017251285329636,0.04189843872446881,0.08348445927185617
0.6945814965918593,0.11754153395579568,0.03248334955620721,0.05372383071110649,0.10166978918503143
0.6847842520328368,0.10694664079662843,0.03968590057762009,0.05696585697537711,0.11161734961753755
0.9267047208873244,0.037385656223726825,0.019990600658463902,0.009082983042788428,0.006836039187696259
0.8522983250227196,0.04227256334830992,0.012828510939043717,0.03875936255620167,0.0538412381337252
0.6821417189185363,0.06515732146205364,0.030226418572064234,0.06183002429180031,0.16064451675554586
0.8259951948574369,0.04783079848283532,0.01634895533495448,0.03411682894041028,0.07570822238436281
0.9244729590991441,0.035011310838438836,0.017262803339567607,0.012804749263169641,0.010448177459679912
0.9460565807948194,0.030787909946290253,0.011162750775427511,0.007481689798753174,0.004511068684709766
0.7892606574438016,0.04473786560483648,0.024666544580263666,0.027564856389944156,0.11377007598115413
0.9041798757931334,0.04475981752915256,0.021613031468371884,0.015667758965713298,0.013779516243629044
0.8465375790922297,0.04306207702804626,0.026049413527586284,0.03526183159699145,0.04908909875514651
0.5900170677396026,0.023716318942576024,0.008643429021734254,0.07827312784982524,0.29935005644626184
0.629843672908779,0.04552094169649977,0.02752198019522869,0.08000213864755135,0.21711126655194082
0.898402474876546,0.04435150964687389,0.016907329090785815,0.01581417345687312,0.024524512928921223
0.8771689721550544,0.07412449317038344,0.029730440550623,0.013049651499958353,0.005926442623980655
0.8759989645980658,0.08856621963092276,0.01519082279433277,0.013185888616712918,0.007058104359965763
0.7633043850375252,0.12273427190103987,0.042091717339897125,0.028246013938575013,0.043623611782962694
0.8699199132140029,0.031492975234150296,0.016245304101391574,0.027138226100677693,0.05520358134977778
0.8394127806476304,0.09463390393615419,0.02500230387622082,0.022431699251137558,0.018519312288857073
0.7295081725853021,0.10267281854846189,0.030417687296148917,0.0619361896806541,0.07546513188943328
0.7662955870589534,0.020567083918530023,0.03093132123252106,0.05679006486636994,0.12541594292362576
0.5197939302212813,0.0918196412530866,0.048999385662758875,0.1072470718066826,0.23213997105619058
0.882204560906373,0.04129007372685029,0.006101832822084607,0.02146662171093918,0.04893691083375276
0.7033911293147168,0.07769951692108273,0.026962627841915908,0.06365307145220697,0.12829365447007768
0.7908808676279476,0.05375187434499283,0.030003770746660222,0.04082863701301939,0.08453485026738002
0.6392087569451567,0.076363071776325,0.035021899767216376,0.08831923272515457,0.16108703878614733
0.6355601904849735,0.05311969672632329,0.03035890070304888,0.08947846000111664,0.19148275208453755
0.6935270778715564,0.07854920677068396,0.025370978922263608,0.053126343464618364,0.14942639297087776
0.5557940889966697,0.10440437794587683,0.03702767522574323,0.09497376335427281,0.2078000944774373
0.6233940137273997,0.07278569668834745,0.0250115177951777,0.08055529730281202,0.1982534744862631
0.7729629897546754,0.04127690800548927,0.023116144911448266,0.05447919189720374,0.10816476543118336
0.8610572597291352,0.06372551392356947,0.03811140722797297,0.02225057118858522,0.014855247930737156
0.9263480661849457,0.04615051867275595,0.011601959492326156,0.009400866831419863,0.006498588818552622
0.4758302519284473,0.05287503582149612,0.021724375092218518,0.09453664714762948,0.3550336900102088
0.716801592448706,0.06139470334147383,0.027644738379991818,0.05553480991037184,0.13862415591945643
0.9069376981161545,0.05838862636407468,0.017064924541601082,0.012660182745588625,0.004948568232581171
0.8915180173874633,0.06759964930022049,0.015551160788235367,0.013279748169237928,0.012051424354842796
0.765500055605006,0.0668882508907922,0.028211754539799964,0.052800324811702146,0.08659961415269954
0.8269208278943017,0.03389107944231958,0.016000558976418507,0.03659283287299908,0.08659470081396088
0.8626702618778096,0.04186962812195397,0.01881860637725536,0.021856372384811605,0.05478513123816941
0.8907789331737799,0.036445804856511714,0.021175571611492174,0.015175354222108422,0.03642433613610774
0.8237784281340039,0.03629835721246994,0.015619695105304015,0.0399090214336101,0.08439449811461192
0.8163797866497745,0.053684394046287325,0.014250934141392672,0.034098810379849395,0.08158607478269621
0.7604364868553333,0.05351064699764395,0.01681759310326231,0.04715267348416582,0.12208259955959466
0.7964004737146281,0.06593703263812047,0.02967221237951441,0.032301386285763296,0.07568889498197383
0.8899336758967881,0.03590419568300276,0.016152778902667173,0.020119462520635123,0.037889886996906756
0.8195064103874712,0.061184497322789105,0.02135879919497729,0.03247322729073374,0.06547706580402851
0.7680199207948508,0.091812180395912,0.025954498621355286,0.032179909663463103,0.08203349052441881
0.6012742685966275,0.08143380641540804,0.042815311301309084,0.0731430458983449,0.20133356778831044
0.7016592839125674,0.07302726480144008,0.02369907965154069,0.06693101287514935,0.1346833587593025
0.8949054497088301,0.040186382690542546,0.00782369587347382,0.015147923707038114,0.041936548020115295
0.6380271920335601,0.08281534655541724,0.03997902967908675,0.08068701110149519,0.15849142063044078
0.6718380387980861,0.09430202263515829,0.030618914577018035,0.05606312618446492,0.14717789780527252
0.6428960656534789,0.08391069661980337,0.02288872316909262,0.07246525947194883,0.17783925508567652
0.552724302159349,0.037578801733923806,0.017224387556556944,0.1000488054464999,0.2924237031036702
0.3571123441255819,0.02974835389477933,0.017307714670484777,0.09811498887523827,0.49771659843391575
0.7766955223614139,0.0691988951433319,0.020905425351993676,0.044252360378825226,0.08894779676443515
0.8395991141822716,0.08950540168664912,0.03049052293823023,0.017182570078730967,0.02322239111411821
0.8663067929474979,0.07559771922672624,0.021961006216677438,0.020638442627688998,0.015496038981409353
0.8967687034537947,0.06520881316976451,0.013195825864858448,0.016371796954278216,0.008454860557304145
0.8611528926145966,0.07287670180324637,0.03216610906894242,0.020540381861623644,0.013263914651590821
0.9410211146302212,0.0404569491759478,0.009428246022051022,0.005608342666368766,0.003485347505411473
0.8558443002597867,0.09555041163628404,0.019018995538993007,0.020139161752142136,0.009447130812794136
0.8938043921542614,0.06166036967869356,0.01609923974721847,0.0198861164232381,0.008549881996588512
0.8990922211453679,0.05899139868306313,0.022422202891559804,0.011291019023421682,0.008203158256587828
0.9060087707408117,0.04680848117538632,0.02205145495095918,0.015239054475507219,0.00989223865733571
0.8420279922432217,0.03649845325826146,0.022616693898284884,0.039868480660000434,0.05898837994023188
0.9110912440016657,0.04909453053699343,0.01572953893812041,0.012205483262243536,0.011879203260976811
0.9300935066186415,0.033033669463140576,0.007926530312099568,0.010922618774400377,0.018023674831717882
0.8888852722586327,0.0672147893655955,0.018516648002330976,0.015398658965295221,0.009984631408145808
0.8556056576128452,0.08756902096816427,0.029989004166248674,0.016525228837817776,0.010311088414924082
0.9174213119119351,0.04391314787677663,0.013932331854114036,0.013348120098256679,0.011385088258917512
0.9107044713527127,0.03648552445780154,0.014950725982564615,0.015252158079850312,0.02260712012707099
0.791016256679101,0.04521265174190452,0.03000922573387287,0.04152245875354256,0.09223940709157921
0.7667283970404991,0.06987876481825521,0.02017572322110917,0.05235417799795671,0.09086293692217977
0.712249871800127,0.060157412983630594,0.023794146950593464,0.055214590378046935,0.14858397788760216
0.7790697228890352,0.08802251648084916,0.019757550684087875,0.041930606921906616,0.07121960302412136
0.8131637861960582,0.057096475503595374,0.014156394628812423,0.03271611515022234,0.0828672285213116
0.755167490661762,0.01974705810789173,0.012892632512644848,0.05319597765527945,0.15899684106242207
0.6584649395589471,0.04277581511503175,0.018199531927211677,0.07431367366210634,0.206246039736703
0.7717812993893539,0.029749870959764287,0.023312260864658013,0.05796974214142419,0.11718682664479968
0.7223163063340033,0.05054124942565215,0.01779756761146186,0.06336962236067328,0.14597525426820956
0.6882589629464532,0.10052992962366439,0.020163938926132035,0.05266040485054285,0.13838676365320743
0.518678793878362,0.0291549053512498,0.01722336665321194,0.07999624686860023,0.35494668724857603
0.5894176285204796,0.05329670266584036,0.03141748443738699,0.07242433476415965,0.25344384961213345
0.9328280861210095,0.04026962880957868,0.009959988296227679,0.009347583701380894,0.0075947130718032815
0.8837961597087269,0.08742592851730514,0.013246264455515883,0.009879250548851535,0.00565239676960081
0.7881239031241795,0.03659180923005837,0.016721724224581874,0.05711920833585023,0.10144335508533028
0.9213671290477342,0.03429378595629539,0.014767767409647834,0.013602824204728227,0.01596849338159468
0.4377327061621704,0.1143973781142639,0.027387789138415157,0.09692999099274027,0.3235521355924103
0.776255186550158,0.04031711774358867,0.042069390789443065,0.06622153302093199,0.07513677189587824
0.956087369976683,0.0302298420118157,0.006689315695898129,0.00418198656020801,0.002811485755395059
0.9053486465134551,0.06600757912083571,0.012718798271991412,0.010632088066213782,0.005292888027503814
0.822171652781327,0.1429045813857685,0.01598603047582525,0.012997959045532352,0.005939776311546866
0.6402943460456255,0.2859012469198826,0.0396271691169992,0.021365841527370942,0.012811396390121568
0.9072253940119939,0.04479358601666699,0.028735968323679327,0.010582445741092223,0.008662605906567476
0.9041508278659179,0.048430978911142626,0.02218409373524065,0.01496314697797222,0.010270952509726653
0.9572603194677277,0.022883614904426208,0.010999741382498495,0.005407619275794347,0.0034487049695531703
0.7837363275266951,0.0768416640976314,0.04023384685476141,0.045354831089138625,0.05383333043177352
0.6554962119593339,0.04837149601468724,0.015451562057581476,0.0824634955025234,0.19821723446587383
0.767311443770351,0.02489751222639254,0.02207082198099255,0.05450417308211212,0.13121604894015187
0.8098835198803451,0.04790141779399122,0.027452071675654985,0.04289777923758828,0.07186521141242051
0.9394829075144987,0.03955768590854572,0.0083831089538934,0.0069661954337668355,0.005610102189295535
0.912903788591126,0.05326544447995386,0.015909575136013623,0.012590261725899908,0.005330930067006733
0.8290690430977781,0.09096926745878324,0.054053703026341264,0.015761998853526974,0.010145987563570375
0.6902588043877086,0.048507824657091206,0.01878467084423857,0.09087693020488329,0.15157176990607812
0.8872004466434603,0.03313669015429106,0.01148546807641376,0.02788794881919568,0.04028944630663925
0.8942361461980003,0.07870836927060566,0.0136012012052098,0.008787037570962558,0.004667245755221728
0.9310618920387291,0.0406595740631977,0.012052134060430096,0.0091813170468711,0.007045082790771824
0.9141900384774077,0.05792612767504557,0.010200959721298064,0.010731225176194164,0.006951648950054623
0.8995852097266472,0.0594938610788695,0.016145420077548697,0.015743764713435693,0.009031744403498864
0.732083102351401,0.03721045037167642,0.015814829976101293,0.05573446110214647,0.1591571561986748
0.91553415306561,0.0355775922685422,0.01375673820551477,0.01625056755885858,0.018880948901474313
0.9474016908139036,0.029418140082847634,0.013881837989567672,0.006008467834789608,0.0032898632788916603
0.8907795987312646,0.05759790670789466,0.027882212366213334,0.014652483751880614,0.009087798442746752
0.9222800980074383,0.044405424608559264,0.016295845718718272,0.00886330279692319,0.008155328868361046
0.9142420630901226,0.045742079328138174,0.01715953248694728,0.013678939276342143,0.009177385818449934
0.7581114875029055,0.15362792118590163,0.04377151865700594,0.026419029258467376,0.018070043395719708
0.945750902493109,0.03251742579727603,0.011028830673859884,0.006901278056008702,0.0038015629797463557
0.6993593083091568,0.1138467699844517,0.028299019185572448,0.053136020210488605,0.10535888231033022
0.7820966844110262,0.039646476464487726,0.014305881766432244,0.04064289263662963,0.12330806472142425
0.6626513570170852,0.08308723967322688,0.04918520612562184,0.06304973851507133,0.1420264586689947
0.8247229860192452,0.06876391924014326,0.03804276353967659,0.03537911877851027,0.03309121242242459
0.9145125172238102,0.060229344511331204,0.011148314070024411,0.008653072132938967,0.005456752061895304
0.9190815221599657,0.04448107618177083,0.016925946922037607,0.01127396327345702,0.008237491462768746
