Delta_Power,Theta_Power,Alpha_Power,Beta_Power,Gamma_Power
0.903080865759838,0.0462699935949391,0.017307622827444327,0.018975584966592275,0.014365932851186161
0.8833754742597185,0.0771259940045336,0.01488147775585799,0.014890937217953239,0.009726116761936595
0.884475124417334,0.06170322130255381,0.0201401221998018,0.019646239268112795,0.014035292812197358
0.8380550052977516,0.09594150501009277,0.027443983557549522,0.022454548047261567,0.01610495808734461
0.8499657416017864,0.0701001015133412,0.0326873410131144,0.028885700601149172,0.01836111527060881
0.9140605148649962,0.05028402991313658,0.014582297067898927,0.013400141503656116,0.00767301665031239
0.7914804571129948,0.12533600800934297,0.02459345996043517,0.03248925601150477,0.026100818905722183
0.8114930388804101,0.10581450012869753,0.030293041675103084,0.029863708224961937,0.02253571109082734
0.8512931014494556,0.08611310954107979,0.024353083220240115,0.02194079225397225,0.016299913535252213
0.8958632910494743,0.06666634547071378,0.018622708575689543,0.009698167679906968,0.00914948722421539
0.8428857247346551,0.091004261125974,0.023764327588871415,0.023586541289865665,0.018759145260633856
0.7842610759960218,0.14304925364052193,0.02416525988925825,0.02345941713658462,0.025064993337613528
0.886181426008793,0.08291353156098215,0.011668306794659489,0.009383144000775097,0.009853591634790427
0.9301856104161086,0.030559990684489516,0.012737340788287511,0.015037253578060903,0.011479804533053278
0.8659350538285252,0.08413316973667966,0.02254870132893124,0.013424493924414376,0.01395858118144954
0.8836028698723178,0.06321656447743404,0.028871305101292353,0.013561948802170994,0.010747311746784846
0.9744337790693083,0.015720227458214303,0.0032592867603440136,0.0032706834032007093,0.003316023308932826
0.9331243956716121,0.03212892835734471,0.013346030151002875,0.013127811583834954,0.008272834236205234
0.7975271383282322,0.13357615323609753,0.02842509036991138,0.026175168972838427,0.014296449092920698
0.8950853623523413,0.06601252667844063,0.015359311176008547,0.011463131063095463,0.012079668730114112
0.9347522393019808,0.039951434724376525,0.010389229446862618,0.007654756888631356,0.007252339638148766
0.8654421381939204,0.09203610884271332,0.01644866029499469,0.01272795165846782,0.01334514100990367
0.8763226430997085,0.07492355723697841,0.02225184179535089,0.014106264191630778,0.012395693676331464
0.8984442140575627,0.04536985085350984,0.02229396617165415,0.01882475112527195,0.015067217792001186
0.8510809250156733,0.08585198894068023,0.028740600370779003,0.01975903766829897,0.014567448004568356
0.8774646385335203,0.061797901165440317,0.028433381998112305,0.01941756671453762,0.01288651158838934
0.8220334553144435,0.08351143482222934,0.05260720348260281,0.0271419121191913,0.01470599426153281
0.8428782396816029,0.08770311817420962,0.028750808773529455,0.023923720758151492,0.016744112612506266
0.8581890431671589,0.07657961927247332,0.02739689030584505,0.022391191246243995,0.015443256008278412
0.8914682779175834,0.059839434460763494,0.0231553826360666,0.014002420517481741,0.011534484468104548
0.9032677573246041,0.05532743885685351,0.012723963327596203,0.016099962646332962,0.01258087784461323
0.8315538344238952,0.09467294285950088,0.031392651580747166,0.024984830355927804,0.017395740779928726
0.9147545721421275,0.04044644323671463,0.018145563145624165,0.01501511886918792,0.01163830260634559
0.8805682519256045,0.07874647817532916,0.018715373975145652,0.011871100252606225,0.010098795671314671
0.7906558013973656,0.12724188420089722,0.027231821834053597,0.02898308292810331,0.025887409639580135
0.8032995643298506,0.11273737856426337,0.027422410671432,0.02623591897053909,0.030304727463914754
0.8460835173757323,0.07676483175412069,0.02955674720752171,0.028066276943413525,0.01952862671921169
0.9130710367622363,0.041466540954838135,0.01334942438788528,0.016067991447442902,0.016045006447597293
0.9190428382350513,0.03663862104404096,0.01625571060479859,0.016427587264643072,0.011635242851466117
0.9456768207590723,0.03473115433924618,0.008088337611473012,0.006117349855135032,0.005386337435073627
0.9342055824524178,0.039911742115661175,0.010144440628164319,0.008171099889320767,0.0075671349144359685
0.8479217974141305,0.11241205078774144,0.018487342989297748,0.011762228441711329,0.009416580367119069
0.9415259161621751,0.0348832470844252,0.008123913253560376,0.009053682120172709,0.006413241379666389
0.8973056034286633,0.05371328646191585,0.015512514732806947,0.020057511481882152,0.013411083894731635
0.850759419479429,0.09879415097591789,0.022291029549684364,0.016051925846970783,0.01210347414799796
0.9062175047747109,0.052144301216264975,0.01879181144912284,0.013424853913280181,0.00942152864662123
0.8105188350809407,0.10366115276141434,0.04550947101063645,0.025166544065313132,0.015143997081695316
0.8804370461020764,0.07840148453924428,0.017865502860933417,0.012302971347723849,0.010992995150022037
0.9759769274948784,0.01410894149754914,0.004352804716475514,0.0029863439213676703,0.0025749823697295195
0.9128000336249235,0.06095720652406843,0.012207729523191485,0.007691558845006425,0.006343471482810037
0.9530299492553218,0.020759497474259894,0.014754353104640397,0.006064897741629554,0.005391302424148133
0.9105933969706699,0.035790441067238256,0.032010323126581565,0.011403691232663047,0.010202147602847393
0.7546761978348174,0.1726789645556188,0.024257793330769602,0.02345915692060249,0.024927887358191677
0.9462203474024744,0.027724948153078646,0.010285169734350594,0.007780108323727402,0.007989426386369002
0.8537883373466402,0.09526997703204462,0.025660940853504993,0.012761893744536757,0.012518851023273476
0.9208927346691766,0.052025777931620214,0.008162015841751668,0.009408161523266068,0.009511310034185328
0.9168105803231494,0.05567311104577702,0.00966541190193901,0.01022994811474198,0.0076209486143927275
0.8687445579165706,0.06470343233566361,0.024160598705988873,0.026067866755246197,0.016323544286530847
0.9228472120974966,0.045297889713382666,0.018289553882249694,0.007056810567209808,0.006508533739661211
0.9383657586356178,0.04294803520540181,0.009083381796868895,0.004872554095224939,0.0047302702668863385
0.9330623309769687,0.03753165257209918,0.016542888046568685,0.006301562433509018,0.006561565970854389
0.8135943195321502,0.12119518790390946,0.028246895649333265,0.022069767007501063,0.014893829907105824
0.7968726219799429,0.09987292986664989,0.03909573445701986,0.04343188673889964,0.020726826957487617
0.8634584785239866,0.07740252100148981,0.03096931562041412,0.015670462275087154,0.012499222579022449
0.866031488121078,0.09826235388626507,0.01463453669338022,0.011393449082923128,0.009678172216353696
0.8143026073967858,0.11193917766983937,0.03281269323821984,0.021630916660464322,0.019314605034690634
0.8939131127552266,0.061370989386657034,0.018934624377298245,0.014127190729504713,0.011654082751313561
0.9114521699477323,0.05825668699058776,0.010436444064284959,0.012186442320511564,0.007668256676883393
0.8574978566305248,0.0842550576449221,0.024288648901106213,0.01994261011737356,0.014015826706073192
0.9106154887577124,0.050490973035762256,0.014656473747054435,0.012607848406142357,0.01162921605332867
0.8569176531927252,0.0846706498401055,0.013957207537156733,0.02705333334942716,0.017401156080585393
0.8518974586725339,0.08794296815207205,0.02693613873556153,0.020668382941400613,0.012555051498431682
0.9039751928562336,0.06337928036226655,0.013902972426471642,0.01216128500590261,0.0065812693491254385
0.830205736988711,0.1070603959294343,0.027682931551260673,0.018607793712505066,0.01644314181808898
0.9235880842539627,0.058350538724612974,0.004492518917087679,0.00837463076699471,0.0051942273373420285
0.8780670639560825,0.07854400630029675,0.015741261694746395,0.015903757691631496,0.011743910357243181
0.8891091452547858,0.06606717630358283,0.01427772762162791,0.019984450440056624,0.010561500379946622
0.8861567169130976,0.07138466184214347,0.01607960619481182,0.014558126165006081,0.011820888884941018
0.7963786435249607,0.14929811037819415,0.024486837577973708,0.014902033264831435,0.014934375254039796
0.8761048076449608,0.07516597861237082,0.0226214468632436,0.01340508603628819,0.01270268084313656
0.9317271168257085,0.03646187838577566,0.013146630977138793,0.010604658818894934,0.00805971499248214
0.9641532942718611,0.020529499332079947,0.005510243209100905,0.006228218993660096,0.0035787441932979623
0.931975460953932,0.03823687694116349,0.010557230281499488,0.012198747583320598,0.007031684240084437
0.9020062039480268,0.06312480012934965,0.016928325220109546,0.009840716120695625,0.008099954581818595
0.696556056486044,0.1979697444537759,0.05444563263120785,0.03274100567525227,0.01828756075372022
0.8263114790794305,0.12343190935828494,0.026397180177475044,0.01312862725418371,0.010730804130625918
0.9075848234941335,0.04261642201697839,0.021970430350470173,0.014581307857245956,0.013247016281172076
0.9601885884988138,0.022086849178928888,0.0074010965645471575,0.005503159514280129,0.004820306243429895
0.8920367851420248,0.07176926045402983,0.014876509530903465,0.012722259768743964,0.008595185104297859
0.8596277561868627,0.09505633697282581,0.023088768857416654,0.011400028776041524,0.01082710920685325
0.8961672670396024,0.06865806265673863,0.014460876435883743,0.011367129559053238,0.009346664308721891
0.902198165510479,0.053151324706345524,0.0162294597262465,0.015292849117283928,0.013128200939645151
0.8618573368034002,0.06639880347589518,0.030480117864809402,0.02430677634709008,0.016956965508805117
0.8479475248850796,0.09831871024369473,0.02252281531888032,0.01814760361220557,0.013063345940139696
0.9380386086563267,0.03354222140488498,0.009260131715554806,0.012019380930926223,0.0071396572923073205
0.946362024177779,0.02874441873239396,0.011663865514794043,0.008905374286448511,0.004324317288584581
0.8957031685122269,0.061709522754344714,0.021358998312788084,0.012171822106604252,0.009056488314036002
0.9616478942463841,0.027255705134289265,0.004031321371584716,0.0038847007537482175,0.003180378493993731
0.9518639052583332,0.032216073514061645,0.007121254726477959,0.0055812934025342015,0.0032174730985928476
0.846794681465211,0.09158560403580837,0.024496040833945677,0.022949096314932353,0.01417457735010255
0.932565331899369,0.041001978699329755,0.012552069941945252,0.00810005987186918,0.005780559587486972
0.9351495363663302,0.039307767638632175,0.011944816161346824,0.007150517028342139,0.006447362805348974
0.8765516385707544,0.0770753579850431,0.022865521590636075,0.014914751228167227,0.008592730625398856
0.8934976776089248,0.06414947507547843,0.017248778399313238,0.01766762231779578,0.007436446598487559
0.8794833626200146,0.08819522114928276,0.016819103178248706,0.00988098318451812,0.0056213298679357124
0.9071602885205727,0.06062046718527748,0.016838453061394282,0.008763715710890898,0.006617075521864442
0.92608641254888,0.03252278522663596,0.01587902238852998,0.015378801947786964,0.010132977888167053
0.9324112593581039,0.04326190982666456,0.008167649169883419,0.009828108113365095,0.006331073531982962
0.9093981607622944,0.06380347274628406,0.011837250025336697,0.009466204674438348,0.005494911791646251
0.9150592690227753,0.05716568549778684,0.011156734054854314,0.010219373099063424,0.0063989383255205435
0.8755047488598655,0.07869908018374608,0.02333809748350569,0.014885394379329755,0.007572679093552817
0.892118495525447,0.07569543868255472,0.012229539511975801,0.013656581548844107,0.006299944731178066
0.9149458136145147,0.04135429110170466,0.019519069809609785,0.017421403326054043,0.006759422148116952
0.863626681974688,0.09133704570707943,0.01524831090937615,0.019301289264751786,0.010486672144104817
0.7920639444157753,0.16444859469102685,0.017694986460728045,0.01545334126866344,0.010339133163806498
0.8198533597407678,0.11793810954681554,0.03945146090981337,0.01229105658348057,0.010466013219122702
0.9339777863287175,0.03680298352273971,0.015153900772323025,0.008018019603349268,0.006047309772870502
0.8988044936896216,0.05262973099094555,0.01931271257675362,0.019613502100110942,0.00963956064256855
0.8904889523136149,0.07847887373366738,0.014569552118629613,0.010628310340996407,0.005834311493091692
0.8843335493018214,0.0819711616621957,0.01499824954513744,0.01237349120520254,0.006323548285643104
0.941764925443873,0.03740800931323407,0.009623143757519811,0.006622684578868051,0.004581236906504856
0.8974167074463855,0.05984142584338325,0.018497070918002786,0.01690098516652458,0.007343810625704012
0.9104942384614708,0.0521000283526582,0.019452803460294793,0.010841684283619877,0.007111245441956396
0.9490119841201381,0.027719362333898642,0.011510712264025044,0.007299928048903834,0.004458013233034259
0.8756571612190054,0.07969172992642917,0.02028951070658373,0.01609113634560788,0.008270461802373914
0.884315854299561,0.07305929052098295,0.020807786264935763,0.01282896530158137,0.008988103612939056
0.9392544156840132,0.0368325325650302,0.011637369081450025,0.007231891951043577,0.005043790718462752
0.954356701929635,0.030314117378823037,0.005109402497645175,0.004815703218366254,0.005404074975530727
0.883066887767119,0.07664955073032452,0.015029198636388802,0.0164347417647292,0.008819621101438729
0.9252211506154597,0.04586208747258426,0.011097710710198676,0.012045646853292201,0.005773404348465248
0.9094284054620423,0.057072667598647646,0.018772755072574903,0.00883333046812374,0.0058928413986117124
0.8270492199361852,0.11556653651166342,0.02853465953715175,0.0166914380730252,0.01215814594197455
0.9451095629174796,0.029545019043739903,0.013607255967444552,0.00675006545315309,0.0049880966181826995
0.6660003712493338,0.2532854787710647,0.03840340945448553,0.023037451081039544,0.01927328944407623
0.9638660697043347,0.02075774281313389,0.006624781164718661,0.005796163940488787,0.002955242377323878
0.7935208452754212,0.10474508525527654,0.05823349298175658,0.029521859484202922,0.01397871700334266
0.9275360033708097,0.0334933895946292,0.023642770513284634,0.009404986908784769,0.005922849612491692
0.8738254767667143,0.08777848325307631,0.017706020306702774,0.013923864605023158,0.006766155068483104
0.8133653076303999,0.09398289815859694,0.04660647360021313,0.02711040145562344,0.018934919155166756
0.8982016601391274,0.04896796247776559,0.02852585824111793,0.013107845520220675,0.011196673621768469
0.946142084989011,0.0364109662210793,0.007583809781952558,0.006405148348051328,0.003457990659905829
0.921302917540661,0.04763052667264585,0.011376691286701183,0.010851491375834956,0.008838373124157065
0.7993190189834148,0.13801094139394807,0.020913407747130536,0.025464054419232746,0.01629257745627389
0.9177158839194974,0.050543492063832796,0.014304001628305432,0.010802588282218945,0.006634034106145383
0.9200442298388758,0.04892081373801938,0.014110838102657142,0.010495839303077419,0.006428279017370507
0.8498546975649361,0.09642531503398474,0.022345937264342086,0.017916418281319502,0.013457631855417481
0.9271847039359672,0.043309800300838204,0.014955450029214641,0.00951110820308885,0.005038937530891337
0.8758815340698006,0.08584717543455513,0.015911290135512755,0.011527305695737898,0.010832694664393612
0.8867685897334854,0.07941226953325965,0.016650023891659257,0.010084098192586755,0.007085018649008935
0.9087774516372262,0.06050414352956686,0.013509769445039049,0.010644040360727577,0.006564595027440343
0.9520165808061702,0.03108224266341513,0.005030607707814758,0.0076615252646061475,0.004209043557993681
0.8550652891260149,0.07903323433345934,0.026479285075060074,0.024162240946142374,0.015259950519323294
0.9294182562957566,0.04375471527350965,0.01279124510643243,0.009067567548007792,0.004968215776293394
0.9182480651274816,0.047646181866355476,0.017558970809908828,0.00916797371548543,0.007378808480768525
0.8277198416383786,0.10544549607215212,0.03556825070413551,0.0185213402652759,0.012745071320057798
0.8995960785510262,0.05157571060879024,0.024327141774147888,0.015471839966493142,0.009029229099542692
0.874287207059967,0.08445215601795536,0.01595694536608506,0.01413640263163998,0.011167288924352543
0.8928371936788121,0.0667745715713036,0.017745849427666962,0.013263999732880236,0.009378385589336893
0.9446775829131094,0.02060667188841262,0.017327829613168724,0.011098803636853288,0.006289111948455997
0.936840679295741,0.03795139826791095,0.014814854469181031,0.006193788129490634,0.004199279837676535
0.8962011144228065,0.05952448517231498,0.01996456414814713,0.015938876883200982,0.008370959373530489
0.9369821909584378,0.02822574439411021,0.015678563867538818,0.012291141506026573,0.006822359273886556
0.9218810775590833,0.048725617670856695,0.013372512779936504,0.008522424482760157,0.007498367507363505
0.9018678200005971,0.07582301268207235,0.011092603600499337,0.006143896198733525,0.005072667518097852
0.9487068130415476,0.026915734960067633,0.012160173057342134,0.007393423785584886,0.004823855155457748
0.8384715422496476,0.12391525609626512,0.014112293007311403,0.013916667312398812,0.00958424133437725
0.876517501744482,0.0955332900023746,0.011116417143540034,0.01031773112722353,0.006515059982380064
0.847969609417184,0.09988090904373463,0.022195540248631913,0.018802282788670244,0.011151658501779271
0.8931266155768582,0.0674280047595073,0.017464107364352433,0.013687410453812634,0.008293861845469567
0.9254406163944059,0.03981355840912845,0.0165604240215111,0.011771278845025174,0.006414122329929328
0.7536574504503065,0.12112939602356382,0.06721586718195338,0.03828434942161675,0.01971293692255934
0.8458671985388779,0.08355318540718332,0.025308379383762708,0.028807263534320154,0.016463973135855802
0.9308271230071957,0.04445613375315965,0.011001458884601382,0.0075529519615246,0.006162332393518883
0.8645960740119785,0.08653134367525213,0.02646307000522903,0.013494729703202762,0.00891478260433767
0.8380191113998766,0.09031669448975509,0.0453916110695058,0.01618429849507683,0.010088284545785904
0.8845667817107437,0.08411052392805848,0.01150394374146995,0.013399589378918364,0.006419161240809503
0.942930501489578,0.034485539908204826,0.008565154679399868,0.009657413825676395,0.004361390097140798
0.9095717389493291,0.05648783660908782,0.014598413593780987,0.01242111823929105,0.006920892608510635
0.9124601721658526,0.06298322358929462,0.010580075076374323,0.008763692155352224,0.005212837013126202
0.874600351411378,0.07333503094334508,0.01982343427733037,0.019430653390513062,0.01281052997743348
0.8465398392857785,0.11084920523531624,0.016847962079456717,0.01459221439385472,0.011170779005593925
0.8355077901811028,0.11522932536688683,0.023528416211151197,0.015658130422723092,0.010076337818136155
0.910514802272947,0.0664083366156956,0.008938337122501442,0.008166937158190172,0.005971586830665849
0.8124933201666154,0.14248086196972226,0.02237459166580775,0.012711977157180128,0.009939249040674742
0.9257997931851587,0.055402767945608784,0.0073109570746119805,0.007380891171584674,0.004105590623035693
0.9620626495135466,0.022664951546634504,0.00866498854482364,0.004516283040292671,0.0020911273547026786
0.9700832590148727,0.01472688700748542,0.007643921284523276,0.004524569222529908,0.003021363470588878
0.8930370234320314,0.07386765304282329,0.010595473206863056,0.013266841006915858,0.009233009311366395
0.9442929150086584,0.0354932433864333,0.009526075563816776,0.006514456497407897,0.0041733095436838254
0.8930375332975816,0.06500893605473607,0.020593457620195706,0.013240559587230805,0.008119513440255454
0.9035144600849201,0.053526737109380586,0.017666980542649903,0.016419923031907594,0.00887189923114189
0.9365243404179294,0.039340005249304436,0.00786651769923612,0.011100624470924247,0.005168512162605673
0.8911421069062399,0.078388523477224,0.013536266232696695,0.011503290694328146,0.005429812689511209
0.8944050188609128,0.06056383603546353,0.02661788803954881,0.011451354665475278,0.006961902398599654
0.8356128003602723,0.11784309478530548,0.01995615444136336,0.015575240594454904,0.011012709818603889
0.8673173701938235,0.07730022644343268,0.029175367806249276,0.017082665716589153,0.00912436983990519
0.9604392355938556,0.02594476447393281,0.005489634768122493,0.005271210508380636,0.0028551546557085638
0.7318007448073789,0.15503374939299897,0.061814666219774765,0.0331652430660076,0.018185596513839705
0.9386069070571074,0.036401465768172075,0.01086380020891022,0.009132050355599792,0.004995776610210652
0.8825735729808706,0.06134307760827493,0.031101180236130784,0.015081996010115954,0.00990017316460767
0.8818909246029805,0.07168491652767195,0.02505612639399499,0.012736125911754157,0.008631906563598647
0.9112244989037082,0.0553210758985404,0.020154032700715037,0.0075328201705284,0.005767572326507996
0.9061648827022921,0.044701310030702046,0.020291482320914354,0.01781432549059529,0.011027999455496386
0.9314049737746354,0.034057774385664506,0.019957790173410518,0.009727607167294197,0.004851854498995362
0.9139466463197917,0.04294873256794387,0.01887286545590022,0.013825880909608635,0.010405874746755445
0.8609438698366918,0.0755673222633632,0.02558732660706483,0.02340895566966316,0.01449252562321704
0.9317464370574453,0.039260033755331575,0.009191250740765886,0.013431724828254655,0.006370553618202557
0.8870539393542372,0.06572897326626183,0.02404444996778745,0.012710173145945223,0.010462464265768275
0.884814793438901,0.06067593546767779,0.02590279353483548,0.01863331820813239,0.009973159350453478
0.951368299101828,0.03356779198490646,0.006634995320136909,0.004526534892553409,0.003902378700575349
0.8794832478623468,0.0693631814207581,0.02552921443041668,0.016107545148062178,0.00951681113841627
0.7712156998694519,0.15330947102449732,0.03241780423837921,0.023401717800524163,0.01965530706714723
0.7708935879694693,0.1548749006602577,0.03151684211643886,0.026376603983582197,0.016338065270251913
0.9123119177364579,0.04878090473417743,0.02169579131620477,0.011466384306590428,0.005745001906569426
0.7659273298297956,0.1236021600607622,0.058689696343642905,0.03552884876275185,0.016251965003047243
0.9011334953088381,0.0678370353845905,0.015319671444509587,0.009557797325373296,0.006152000536688513
0.9433273321233066,0.01907041912872585,0.018569865369626855,0.012403794709043101,0.006628588669297585
0.9113401368223977,0.05318163493268045,0.015424362925687938,0.013144116526239171,0.006909748792994647
0.7782388792364665,0.1661962633802941,0.025784869861960137,0.0168939973688928,0.012885990152386824
0.7842410634954197,0.1596602662509808,0.023730681262136108,0.020730359634392,0.01163762935707144
0.8512329865145782,0.0987083331178828,0.022849917254567958,0.017165748524004317,0.010043014588966713
0.8779236462308321,0.07760077669983043,0.019878529851659634,0.015325279913930947,0.009271767303746995
0.8991496746568303,0.06956985432382916,0.013526375777493852,0.011359434365041767,0.0063946608768049385
0.9184190884802687,0.04770054649324806,0.013426558962162199,0.01391199590664888,0.006541810157672166
0.917732512441667,0.04878774690764947,0.012731600550214403,0.011100206757480581,0.009647933342988517
0.8619613722885461,0.06402928681259279,0.03549531594963423,0.017538029412450133,0.020975995536776787
0.9406056279563356,0.023089754414669345,0.013940172889547726,0.009611987211112356,0.012752457528334904
0.949552465471742,0.02190708169793758,0.009634497652343019,0.009402934666707049,0.009503020511270088
0.9000734335870115,0.049387530188947946,0.02343167557602814,0.01728099486583653,0.009826365782175883
0.892145843763859,0.04929310127969549,0.03360181745359362,0.013782672149031408,0.011176565353820556
0.8712739361139228,0.05119869401636364,0.034850982479610465,0.026368109524331194,0.01630827786577187
0.8962764005383195,0.05057744321063531,0.024591236440820122,0.017796334142072386,0.01075858566815261
0.9403876544122987,0.037886174500240496,0.009561334878357083,0.0079461817669482,0.0042186544421554915
0.9211447202650849,0.045418842344292845,0.016351154328674587,0.008741332548853667,0.00834395051309408
0.9254636873276578,0.045979617992858844,0.013520114900831272,0.009300750564254442,0.005735829214397775
0.9074776701828247,0.05882955978813073,0.0099682552382434,0.01586892934724235,0.007855585443558867
0.9094311768963775,0.05250116354573625,0.020125975129085746,0.010278053132101606,0.007663631296698922
0.9112299071879069,0.060333380377042715,0.012917998035720977,0.009194546434019228,0.0063241679653101126
0.8269220587353704,0.12030726854156214,0.026597008046921184,0.013668379037291458,0.012505285638854979
0.9163666399282702,0.053071658641398844,0.014487713771752349,0.009457048914396152,0.006616938744182304
0.9335279111301055,0.041948160189127046,0.007894349198974433,0.011187288649774368,0.005442290832018452
0.8585232681361367,0.08667885263503815,0.025341022229811765,0.015579868968919119,0.013876988030094376
0.88364115279151,0.05714415333849776,0.029550468754648583,0.016616609478504872,0.013047615636839038
0.9242057373195177,0.043648988851680025,0.020719003990338995,0.006236609129450579,0.005189660709012734
0.8859885144286914,0.0691696957771577,0.02361481457364942,0.013144353783944207,0.008082621436557295
0.9168105576296239,0.0477108355541972,0.017627998278063117,0.011701050675388045,0.006149557862727741
0.85681765662324,0.09444401818308538,0.019240303981685948,0.01858687785457725,0.01091114335741126
0.7469711732049974,0.16011364674561243,0.04241083610722785,0.03129209814754157,0.01921224579462092
0.8330148504305775,0.10962681192299724,0.026354777934325984,0.021325736765624506,0.009677822946474696
0.8996958551503318,0.03837205218310572,0.035156859545513626,0.01658723301184784,0.010188000109200958
0.8479230688591716,0.07422552469702931,0.03222438159069943,0.022369562325880603,0.023257462527218865
0.9344923959238632,0.044770523343656804,0.009668948760786744,0.007146308373757935,0.003921823597935015
0.8766086330390539,0.08416371984600517,0.013829534694652602,0.013706431834717364,0.011691680585570833
0.8478914774185551,0.09376061164522952,0.022076520664681503,0.024204137627609593,0.012067252643924324
0.9356378887520285,0.04808621740787204,0.006738774875700597,0.005328442518300504,0.004208676446098009
0.9357956679603875,0.038536210334353005,0.00947271029018303,0.009440265330202206,0.006755146084874223
0.9022675101179991,0.0600733652251704,0.015244241305125437,0.014909757743288427,0.007505125608416672
0.7915386299323613,0.1385641158481836,0.0348644795288647,0.02374863880482814,0.01128413588576229
0.8354167924733708,0.07484174534994609,0.05656718581674375,0.019354041631231708,0.013820234728707555
0.8591337323244086,0.07902891773974628,0.020474435487319493,0.0257505929979762,0.01561232145054954
0.8902752508870297,0.050166121938967974,0.022977761744341615,0.021431086285474212,0.01514977914418635
0.9525415594972646,0.029712902990195453,0.008666351102446306,0.005375813737654755,0.0037033726724387955
0.9166660270191722,0.04247415040469561,0.022969689371092103,0.010712566308991821,0.007177566896048169
0.9321652325090733,0.04506250237502227,0.008767144134937578,0.008281417275097609,0.005723703705868848
0.7757202527352499,0.1215409733615667,0.035457033109263986,0.03342700390478398,0.03385473688913526
0.8634423250736483,0.08771167153336488,0.015623933213917024,0.017585396926698162,0.015636673252371714
0.936767524293315,0.03242142825085861,0.012016650762609049,0.009888098128892247,0.008906298564325016
0.8265846511364988,0.12070235891882622,0.020191704616668967,0.01605478161059163,0.016466503717414524
0.8792528081016754,0.06820843671138774,0.028020092815237128,0.01388568213556812,0.010632980236131656
0.9380006282177255,0.03080440131437653,0.016541130695834492,0.008637619910920727,0.006016219861142998
0.8314189898761751,0.11954771366803446,0.019610024225463873,0.015565172423127356,0.013858099807199318
0.8526814791583271,0.10133487111354669,0.026516595522518227,0.01036720425229022,0.00909984995331739
0.814197292971872,0.11083188759373748,0.0326428839274305,0.02752333517042367,0.014804600336536028
0.912966454017733,0.05895663364912288,0.01599611532723211,0.006662634433424973,0.005418162572487054
0.9317880993678859,0.03768592918170754,0.017755974926060517,0.008440710190743182,0.004329286333602869
0.913988347491753,0.043245963573460944,0.020703145255615583,0.013252582500988137,0.008809961178182446
0.9490350711570713,0.02872590712462853,0.010952375626801635,0.006347908974763858,0.004938737116734611
0.8937900345841797,0.055569815444709215,0.017560515763432233,0.02065990464686207,0.01241972956081678
0.8631625226106141,0.07407780694749756,0.03550358956526986,0.017171494553372132,0.010084586323246178
0.913941677548191,0.041876447645854784,0.020562705766944373,0.013358553102867123,0.010260615936142468
0.8197573131246508,0.08672106874802121,0.042303429125237615,0.03235095828470576,0.0188672307173844
0.7675999035532921,0.12691319954952332,0.06771699934509336,0.019158053825637046,0.01861184372645433
0.9071907911384967,0.0668646681985832,0.00971958601537003,0.010048244209590142,0.006176710437959834
0.917304437198637,0.05038223717249336,0.013057300630782715,0.011097969705420376,0.008158055292666718
0.9155937650671818,0.06119135819274953,0.010363132890103075,0.0069128979315077254,0.0059388459184580526
0.8391976078353792,0.09092809272475472,0.029073909777278088,0.025565190621094493,0.015235199041493598
0.739139839316677,0.16101250395590996,0.04692081333250545,0.03136361066460779,0.021563232730299572
0.9197599381067134,0.05299247113476141,0.010819003120951862,0.008650147767793468,0.007778439869779758
0.8999066463668541,0.06199908157781777,0.01824369001301903,0.010559960904185246,0.009290621138123893
0.8694833017190323,0.08227150425232514,0.021524825138044473,0.01591499803495073,0.010805370855647436
0.8080585272746933,0.12039160650452727,0.03599798676442208,0.020085471812951367,0.01546640764340594
0.919360734229322,0.04529990813453164,0.019243181618157464,0.008601103033555867,0.007495072984433203
0.8999306152658187,0.06136140812597338,0.020933434325792463,0.009634534156038528,0.008140008126376897
0.9054519528519603,0.05324628140098655,0.019285822687701626,0.01199313044082554,0.01002281261852602
0.9592023892746199,0.021893818297741223,0.009403505107740925,0.004064154269821434,0.005436133050076385
0.9307084008293828,0.042012523972621396,0.01258239634725276,0.00873652381407871,0.0059601550366642645
0.7476416458648877,0.17388701845360685,0.03758551202573006,0.020700170054282437,0.020185653601492954
0.8769731327080673,0.08332708120125018,0.017189207379585746,0.013616562546589073,0.008894016164507664
