Delta_Power,Theta_Power,Alpha_Power,Beta_Power,Gamma_Power
0.8097184084759443,0.10937934239212305,0.02721180543186236,0.038311720263981545,0.01537872343608878
0.7891999149424095,0.0854958994183853,0.08792520650265208,0.02859372911390901,0.008785250022643933
0.8173406069982292,0.10548973397596248,0.04508904286158709,0.02418824833301767,0.007892367831203395
0.9461879339913397,0.020122524903964566,0.02413671742709003,0.006787076126516752,0.0027657475510889555
0.8733212262198224,0.0497480363286294,0.055077062451820806,0.015525880733984225,0.006327794265743116
0.8781086957665564,0.040714858696997994,0.05842369374731439,0.01719445231320887,0.005558299475922361
0.744381938318951,0.07088533330266612,0.1382968286067994,0.034584246304207276,0.011851653467376105
0.7068389849549491,0.09274034750154522,0.15544702056465431,0.034078813513378346,0.010894833465473082
0.7902662741584605,0.09643214867606607,0.07020625726237244,0.033330911886218055,0.009764408016882813
0.9032549834164776,0.042637682521423734,0.026686926364832837,0.02255897699701113,0.004861430700254937
0.7671534085093416,0.1243871746033926,0.04671330746494458,0.045953655963373335,0.015792453458947715
0.9236015727014883,0.04730709554508852,0.011347766568251948,0.012117013262479619,0.005626551922691287
0.9029039077757589,0.057616729019428554,0.017334836793451477,0.01621026736886356,0.005934259042497266
0.85769906429664,0.08416388574530193,0.023267380193568384,0.02397890625699212,0.010890763507497542
0.8609931326128158,0.07347883067823197,0.03188860523999404,0.02588744171621149,0.007751989752746518
0.8907601347828845,0.06815010539600563,0.01426982109812039,0.021280828125123153,0.005539110597866558
0.8880581649157461,0.04398082337114163,0.03260228505473227,0.026698301223635056,0.008660425434744858
0.8186978630707656,0.05339039526428519,0.06678549125272049,0.05042769174672659,0.010698558665502199
0.8322523367272051,0.0805302581729787,0.050110216418073776,0.03034798007304494,0.006759208608697259
0.8264074218244867,0.09241735493745101,0.042615912929226264,0.030830391008548452,0.007728919300287644
0.8267847083535873,0.09461990802225739,0.053921718589595574,0.019241130735169178,0.0054325342993906105
0.9204887072799172,0.03893328236105413,0.027130627037446602,0.010604146941898561,0.002843236379683411
0.773979690091143,0.10111718558986077,0.0948830324343728,0.023604789201826435,0.006415302682796767
0.8771919652863578,0.0454356845081161,0.05381323117077183,0.01813867672180351,0.005420442312950924
0.8386911261155878,0.09431351736404446,0.04798196810098291,0.014506212510890591,0.004507175908494344
0.8469617821261276,0.0721899665389782,0.0593237134952912,0.01745598745688126,0.004068550382721539
0.8466302353182016,0.06826131205011873,0.06596882270514315,0.014203364699111161,0.004936265227425396
0.8196815638799579,0.06392680562227215,0.0843668076785169,0.026101368126802322,0.005923454692450567
0.8693689880771179,0.05935088766788372,0.038547527683767874,0.025180975540599386,0.00755162103063114
0.8948596756310165,0.0558482748063194,0.022368271622409848,0.021027079569360056,0.005896698370894308
0.787673802909604,0.1361567545468831,0.02616572424873922,0.0408881240011966,0.009115594293577048
0.7782569668623102,0.11282189901427579,0.05262205749635448,0.04690946520085245,0.009389611426207244
0.7944841449914524,0.09825065727329797,0.06045117839441405,0.036738139990264054,0.010075879350571528
0.8958547556256649,0.04176737923603751,0.02356433370520022,0.03146679434975504,0.0073467370833424864
0.8422410549400258,0.0701994368579892,0.05025187375511567,0.02898089773899203,0.008326736707877347
0.8085979306889184,0.08199796263944549,0.08412549803781831,0.020985611626204492,0.004292997007613167
0.8410029993683301,0.10471925825901272,0.022459883322681205,0.024083916836296296,0.007733942213679606
0.9107480734651072,0.05302535867172589,0.008608242653172733,0.021564738933814873,0.006053586276179268
0.7643167229711568,0.15313545109840776,0.0321573792337914,0.035514480565502916,0.014875966131141092
0.8247449015906037,0.1028504230244589,0.023659882463582926,0.03976142600226649,0.008983366919087911
0.8813814822936532,0.053554035266791956,0.03877681641681833,0.02061223515679975,0.005675430865936846
0.8953376662864888,0.04357660679164436,0.046220883089588605,0.012277863129396972,0.0025869807028813595
0.6918639494277082,0.13402625800595058,0.13744128350418042,0.030889435142079806,0.0057790739200809
0.8473479388106818,0.05052096584533903,0.07835581506205407,0.01935855122507009,0.004416729056854853
0.6999934345607656,0.11313482142633145,0.13873241396369596,0.04140361597853519,0.006735714070671896
0.7859268327890262,0.08211987648104886,0.09881615023467342,0.026098912724423246,0.007038227770828091
0.8907599092130375,0.037084354799767336,0.05680303779362041,0.011797444147637288,0.0035552540459373766
0.8439521813002409,0.07075310631713122,0.06313917662039467,0.017010493361004263,0.005145042401228771
0.8365998629706793,0.08491220811780863,0.05529307035765186,0.019192346374769464,0.004002512179090698
0.8731978037588827,0.06963209318033163,0.040451054298198626,0.013731608083278939,0.0029874406793082542
0.7444104373359581,0.10041447564798134,0.10502651801907668,0.04216277432958304,0.007985794667400884
0.8632219198060698,0.062543713500005,0.0548794232008122,0.015910494654225074,0.0034444488388879826
0.8122238833957209,0.09133283305905414,0.07014819004526802,0.021500398422616942,0.0047946950773399884
0.8913723418489053,0.04496435236114293,0.0452079934201796,0.015054404479834266,0.0034009078899378113
0.8396997027776728,0.0522502717590153,0.08305901671505804,0.019894844422454556,0.005096164325799147
0.910946844499617,0.04593274258744219,0.033205195795768305,0.007993929807493977,0.0019212873096785623
0.8195206067113184,0.08611596094191623,0.06077515666702193,0.025116070545441693,0.008472205134301752
0.8872614372691422,0.04060942908380781,0.03154961335581311,0.02843507460041164,0.012144445690825154
0.825263388397331,0.08519141628382,0.03640029022234453,0.0386563472610847,0.014488557835419752
0.8768377321641077,0.05838210781963155,0.030184235334607765,0.027129758016323436,0.007466166665329686
0.7581993932116794,0.0969756195596141,0.10000729994006011,0.03817494119885663,0.006642746089789809
0.8844914131934308,0.06201050150167629,0.03362685290275153,0.014761502523268575,0.005109729878872664
0.845925470119333,0.08571189889413532,0.03900652406861445,0.023716236948235516,0.005639869969681605
0.8397539833883512,0.08950001181297325,0.038288241917759536,0.02612290496332827,0.0063348579175877984
0.8879948534836242,0.05736188155077763,0.02937972034853887,0.019622474831672402,0.005641069785386861
0.8524377366200351,0.06432421949428233,0.06126121597990949,0.01723860607352706,0.0047382218322461105
0.6966787594460571,0.16474653583725435,0.08950923245245183,0.03862279777106936,0.010442674493167277
0.8891307992660549,0.049116208922965705,0.03515971609923092,0.02019253612249784,0.006400739589250669
0.9119118755313363,0.03105320848511913,0.04496102603688704,0.009579841950227992,0.0024940479964296186
0.9285678536909222,0.03463955512879457,0.0245833029009743,0.010436956537994077,0.0017723317413149441
0.7263362811647456,0.14396985942446117,0.07786563522059489,0.04147975963352125,0.010348464556677092
0.7699385502504831,0.13767846881390722,0.07104453742516612,0.016283286139117878,0.005055157371325929
0.8574327034414555,0.045985860881260644,0.07535014639746689,0.017660604072043118,0.003570685207774051
0.8471548903029099,0.0815695985711596,0.0575877686733953,0.01039323433860528,0.0032945081139299287
0.8787044808590894,0.07008078167569581,0.03986552530703829,0.009108892738629169,0.0022403194195474273
0.8627153685862734,0.07088757595766795,0.04790952332655369,0.01403298168938692,0.0044545504401180365
0.7280675797674478,0.1413963005072233,0.08056083506026349,0.03618205669279741,0.013793227972268191
0.7220287359059229,0.08576225269579828,0.10369823304210779,0.06832157567171696,0.02018920268445404
0.9307719353026995,0.02773555076367667,0.023841457031062552,0.01296409923896593,0.0046869576635954
0.8505829861164387,0.0908342433550021,0.0294337065266266,0.02140197312226981,0.007747090879662949
0.853602770745383,0.08699152643343801,0.03401461674128312,0.020285146220671832,0.0051059398592238
0.9052461188434691,0.05553719391531102,0.021112272851163027,0.014383013617217876,0.0037214007728389445
0.8533700032697731,0.05906035800437271,0.04720029153009727,0.030592535607368347,0.009776811588388713
0.927479268282589,0.0287465375891284,0.02084967260285417,0.017677438824500936,0.005247082700927499
0.9275871599876716,0.0301407775249484,0.014570028036257128,0.019912560407196023,0.007789474043926775
0.9702762097837421,0.012159541531235635,0.007609433016113863,0.00661781670322879,0.003336998965679636
0.8059872893709241,0.08954295314122503,0.03681722147232693,0.04823224273883687,0.019420293276686925
0.7044677290302662,0.19174126862454285,0.04117903336003401,0.044196317219006895,0.018415651766149607
0.8981830809141407,0.030842919974964744,0.025720068849919425,0.028078054257218956,0.017175876003756443
0.8020359250094109,0.11016999398544518,0.03495200332731101,0.036689922428392176,0.01615215524944069
0.8596159882862383,0.08871970841717629,0.01868076377756776,0.022202213200402398,0.010781326318615161
0.9108286092649259,0.03296509605613605,0.018091170373990346,0.027609305880934513,0.010505818424012957
0.9108407350967127,0.048354823866024015,0.019328888517132218,0.0161445502173672,0.005331002302763745
0.9369703933609707,0.030278323320871242,0.017888012376699167,0.011469825053679886,0.003393445887779006
0.9057015839871543,0.05892876301914991,0.01741664144892566,0.014216062792485103,0.0037369487522848277
0.9377425923597406,0.025536745041632863,0.01832369317817195,0.013842353373448144,0.0045546160470065124
0.8902735432478736,0.054922929717848123,0.026873494935952553,0.01945391034139024,0.008476121756935672
0.8846214789888669,0.07056467534210295,0.016017123106173658,0.021377713699828917,0.007419008863027706
0.942111630958416,0.027736638830538972,0.010990944265860121,0.012571805036457237,0.006588980908727751
0.8787261555771292,0.08212468475659424,0.018051802856308526,0.016545868668509944,0.0045514881414582126
0.92029195598889,0.042476623112228495,0.021257094284964036,0.012309484947406586,0.0036648416665105957
0.9266374826204558,0.0423720448982186,0.0156710611148969,0.011529778357837344,0.0037896330085913014
0.9177233918069166,0.046884426467299525,0.02074845539484514,0.011043192501444242,0.0036005338294944874
0.7461082004153509,0.17136710866948526,0.040383700727181365,0.034067362378855846,0.008073627809126719
0.9326556056092877,0.03440069149621818,0.008386433615042571,0.018518529653255317,0.00603873962619607
0.9105064928069717,0.02425005503643004,0.03176639090727402,0.025698111168482477,0.007778950080841707
0.8481725404161331,0.07091388901370278,0.040348748097329815,0.029753065211503994,0.010811757261330272
0.9467746291600532,0.02978140748932054,0.011523236371399933,0.00963475240034094,0.0022859745788855316
0.8282227783040361,0.08015468711260579,0.041473492447662685,0.04206926044692369,0.008079781688771692
0.8691381218493234,0.07029548379891491,0.03290505272491614,0.022633257676134003,0.0050280839507116214
0.9494648964304317,0.0232544099729036,0.014660479621891308,0.008578891061667763,0.004041322913105449
0.8384607766277349,0.09420897988035758,0.032514511747188696,0.0299224604128122,0.004893271331906941
0.9124736294589794,0.04882327776534448,0.02272797192501156,0.012355655048930308,0.0036194658017340547
0.9527327514062505,0.02173778010550528,0.013793844299743632,0.009149517182354303,0.00258610700614637
0.7712692880028824,0.08257155048406105,0.10650103523935499,0.03284785702848015,0.00681026924522141
0.8518670878756813,0.036766458076505325,0.08329475935635668,0.023583041188898243,0.004488653502558399
0.7981399931374489,0.05937497031294108,0.10748949544142797,0.029109568148308614,0.005885972959873236
0.8823382207385806,0.04362266007387684,0.0589138997883019,0.013277567374383605,0.001847652024857135
0.8716977087171199,0.06909362353920145,0.03902467558992313,0.01476957085794545,0.00541442129581017
0.8396853603771048,0.07930304445242625,0.0474638642923699,0.02615497791671175,0.007392752961387224
0.8912834943111831,0.06187832930372314,0.02792947324674819,0.015140740802059238,0.0037679623362861805
0.9233316933344707,0.048206354610821546,0.014196263444566818,0.010655348694816344,0.0036103399153246023
0.9307135508524675,0.04629151686955787,0.010440550773787605,0.008713986505141642,0.003840394999045533
0.8892892576071058,0.06133868029442947,0.024615889249637892,0.020534231234426922,0.004221941614399921
0.9027550138534743,0.05896900793501583,0.019837690770077417,0.0147714197163561,0.0036668677250762424
0.8864288906502987,0.07356583679770831,0.018762984011061048,0.015810635914725837,0.005431652626205816
0.8679988328512347,0.06343085753050376,0.03240694587424326,0.029899785090032206,0.006263578653986058
0.8981760111115753,0.04921857119612614,0.035490501824590064,0.013907069317928598,0.0032078465497801145
0.9308798626317145,0.03145305692565161,0.023209314421605967,0.011872691479426295,0.002585074541601546
0.8984544593158825,0.04764218997920292,0.03941688267638934,0.012883114051578248,0.0016033539769470186
0.8707764052060525,0.0584362873835912,0.05461503466566035,0.013018956787929343,0.003153315956766713
0.9236018595521449,0.03331185411451458,0.029926629711010053,0.011535641772737594,0.0016240148495928355
0.6805813057131576,0.1445212341706076,0.1329581754423197,0.03716927880315258,0.004770005870762585
0.743847992270063,0.1375954996701628,0.08727160491941553,0.02697389076896781,0.004311012371390665
0.8610418955576413,0.05907608727732042,0.05904730184103436,0.018007879892218418,0.002826835431785496
0.8872605690102625,0.06640140106771414,0.029211818925707837,0.014423698000715801,0.0027025129955995843
0.9425147569529675,0.0313485359834686,0.011970807209585349,0.01151401881410342,0.002651881039875152
0.9023837823535085,0.03593991410338149,0.037573414381529044,0.02005545092883275,0.004047438232748356
0.9310862738116416,0.03184307930329347,0.024854171799599176,0.009877641274993553,0.0023388338104722143
0.8846227643373814,0.03416777186952176,0.06809379587776138,0.010615970527798061,0.0024996973875374587
0.9363493533208592,0.018418341961770904,0.029696986377317852,0.013537428533702772,0.001997889806349318
0.7645787158605819,0.1270987913777927,0.0737618251492821,0.028474041075119427,0.006086626537223841
0.7976967941597557,0.058938177122188865,0.11915686810952651,0.01931828377348186,0.004889876835047128
0.8985270369705661,0.02914825706070754,0.05079483776900599,0.01817611942400241,0.0033537487757181153
0.8951116683465868,0.03943158352451784,0.05002059448284223,0.013157608892594668,0.0022785447534582485
0.8727219281702561,0.03258956585985631,0.07650583344773673,0.014954882630282126,0.003227789891868802
0.8784392661079482,0.03372203538776404,0.06316712745004362,0.021695442065893362,0.0029761289883506827
0.9290946006809107,0.023828626765567604,0.03621165046065447,0.009232442450403002,0.0016326796424643054
0.9293952690745054,0.014419998819919297,0.04655792458308579,0.007685372443710916,0.0019414350787784337
0.7958875650517429,0.09155176404837265,0.07914107372991534,0.029540155052585167,0.003879442117384084
0.8508810771815962,0.07328759186622287,0.051495001040486675,0.02041597041232054,0.003920359499373596
0.9075530249420625,0.046267342123416925,0.032005544849132275,0.011875847434846263,0.0022982406505421375
0.865587290219689,0.05776255539480849,0.05664253513794666,0.01768234038500617,0.00232527886254948
0.9093377174127111,0.0376647808834582,0.04280299547987251,0.008644984455701497,0.0015495217682565772
0.8383144129427962,0.05907805160501924,0.08231079530051595,0.01732770066404296,0.0029690394876257316
0.9127697668231488,0.033893243701978014,0.041915559827775235,0.009527384008632627,0.0018940456384652661
0.6819032232575851,0.16764424682641654,0.09565569967244252,0.04790990974159545,0.006886920501960483
0.7977245077519521,0.07622951273704885,0.0887809317534843,0.032450332105945355,0.004814715651569149
0.8772830544762384,0.04928561162946361,0.052101045949954995,0.017927894826729494,0.0034023931176133874
0.8903496864970012,0.053427716670130736,0.036363469506585165,0.017108435814780432,0.0027506915115025985
0.7870113635900713,0.10240533955966602,0.08372474447901612,0.02330026235662272,0.0035582900146235337
0.7958241096902813,0.08222075770184112,0.09346127392559168,0.024624666103736398,0.003869192578549707
0.7263003306642528,0.10744290499632839,0.12897043628238306,0.03249252668543617,0.0047938013715995
0.8519182719589979,0.06102702390910538,0.06320138792206409,0.020972975165119825,0.002880341044712713
0.7966945122257633,0.07175531351413042,0.09695921709714914,0.029405858678931987,0.005185098484025031
0.7688053605166077,0.09034591858404382,0.1084475597857454,0.026956764668213593,0.005444396445389321
0.8988281551698557,0.04950235155660081,0.03591351467375117,0.014062315819112109,0.0016936627806802397
0.7638248507029114,0.09109979006622697,0.11832459942213763,0.02335334854341355,0.0033974112653104645
0.7713126991011748,0.0829299628281386,0.10806512755501102,0.03212046781053359,0.005571742705142118
0.9180777059431136,0.0363488955515001,0.02782254671340574,0.015469569295506143,0.002281282496474523
0.8280066822361504,0.09236868150455028,0.05611587902328675,0.02073199505000549,0.002776762186007203
0.7828770150342386,0.10607237957735491,0.08064563034475061,0.026941345057488412,0.003463629986167576
0.8991654611711211,0.048135079223933244,0.03849542172956589,0.012194055486701952,0.002009982388677693
0.8472217976750589,0.057406054553810405,0.07226516882560476,0.02089078682712195,0.002216192118403957
0.8257564671762216,0.06809815442938336,0.076216145942202,0.026290282588752774,0.0036389498634403915
0.9282689584803857,0.040877874928211974,0.02182559414577022,0.007925352771387726,0.001102219674244234
0.8913016762418698,0.059179324880358083,0.03755436698845908,0.010270204955697887,0.0016944269336149876
0.8793510654488392,0.05222362523042115,0.04919927089331108,0.016114638700290448,0.0031113997271381565
0.5956585103379648,0.03475590572158693,0.028718506566970326,0.1959266970926177,0.14494038028086037
0.8468689213478562,0.05489683046642499,0.05542162771730781,0.031787220639288224,0.011025399829122783
0.9285551603488313,0.03629330812046644,0.019936769602876256,0.013568128660571886,0.001646633267253907
0.9172237178432882,0.032226174715976136,0.03992952582726377,0.009106522027082677,0.0015140595863891641
0.8583426643487044,0.06400068129104587,0.051192539583795306,0.023561412764160093,0.002902702012294264
0.9032925813447895,0.0312651778100066,0.05108209311059538,0.012484411194719743,0.0018757365398889539
0.7848070372720981,0.07273849086156435,0.11852534364986295,0.020625665118367636,0.0033034630981069405
0.8276434345644499,0.061666250927116154,0.09414338652373655,0.014366994880655123,0.0021799331040423214
0.8525123879377798,0.05385756066354224,0.07716488411486624,0.014692624828951421,0.0017725424548602857
0.7096663658806849,0.07199111067543851,0.17771555262166572,0.03627126649079769,0.004355704331413209
0.755559716540434,0.09263519277969147,0.12515263694118597,0.023188622960197598,0.003463830778490844
0.8642426321752796,0.04892285409581226,0.07059059143649113,0.014828947787092426,0.0014149745053243467
0.8631363680042037,0.0524842333863912,0.06571451797610281,0.01628483329825412,0.002380047335048235
0.8034672714297131,0.07099562486505744,0.10371380145584407,0.01752812527396698,0.0042951769754181225
0.8048196105214726,0.08442730884750711,0.08220633571365978,0.024603129714439533,0.003943615202921177
0.9301862485831995,0.025056759581578728,0.027964765346800168,0.014455040013729761,0.0023371864746917484
0.8754994721557704,0.060196752847893525,0.029590302556459325,0.029422494373175005,0.005290978066701525
0.9073570129144372,0.0367789360240045,0.029545548298441845,0.022092144098999993,0.004226358664116486
0.8906519534734391,0.04634143156720586,0.0303843394453696,0.02899094080195756,0.0036313347120279075
0.8680847713616386,0.061320498892422255,0.03990894665532384,0.02564234529662295,0.005043437793992396
0.9323624000131521,0.041955936010549866,0.013538781397398024,0.010715579343088576,0.0014273032358112611
0.9382989799863156,0.028704607784014124,0.012948946794353879,0.017459188675391268,0.00258827675992493
0.6119894093182848,0.2577664571886467,0.0801611666111445,0.042477740989883085,0.007605225892041069
0.8384464281507097,0.07332668149512546,0.05700097111128965,0.02732226926046769,0.0039036499824076864
0.8809325405152788,0.07584441744206011,0.02091963057999302,0.0191784416918316,0.003124969770836881
0.8225033317130604,0.08638213258119776,0.06425044576247879,0.022303386045155124,0.004560703898107937
0.8685987957804014,0.05525878950984534,0.05192643520975415,0.02066603568735811,0.0035499438126409683
0.6920160318347275,0.10817220578618489,0.16012855649747268,0.03541478946185368,0.0042684164197611205
0.922005713928721,0.0282791326845966,0.03851132009721321,0.009509756047891367,0.0016940772415776166
0.614758346386892,0.18290139562605315,0.15255219937091025,0.04422492641132064,0.005563132204823901
0.9152497772013934,0.03864126399785169,0.03187504416653831,0.012612650669488404,0.0016212639647279513
0.9443067111090564,0.020621516420641986,0.026358905559655765,0.00758991866735033,0.0011229482432955538
0.893198904312584,0.04307117489636766,0.04704065649904041,0.014667283396003204,0.002021980896005087
0.7780801278435908,0.07851642781699344,0.11516126648581386,0.024822781051706582,0.003419396801895429
0.7809905854639408,0.1374534056941031,0.05514353105306251,0.023125726516219167,0.003286751272674612
0.7514946464682595,0.10137706080146022,0.11797134213858984,0.025535769871826527,0.003621180719863952
0.8316624796937536,0.08649165526537747,0.06114168780592976,0.017331886302963857,0.0033722909319752413
0.9009491314394269,0.047152688842150306,0.041593191979280277,0.009025920404375668,0.0012790673347668024
0.819187914834679,0.05432614731692487,0.1026903073316653,0.02045001092664895,0.0033456195900818954
0.7421165261715191,0.0799785671608993,0.1432668059976334,0.030575553128597856,0.004062547541350568
0.881994165807259,0.03728037322619105,0.062485063381775036,0.016115476418794964,0.002124921165980041
0.6999847143630129,0.1603197320973424,0.11741215817280347,0.01890436916954989,0.003379026197291165
0.641338517426176,0.17359051515432508,0.14572732835382085,0.03372700056050007,0.005616638505178076
0.8149838178415875,0.08405231837534373,0.07458494732941853,0.0225888914809684,0.0037900249726819943
0.8304882034649645,0.08508662765524487,0.058526328325694675,0.02274584879347173,0.0031529917606240715
0.9154000325575203,0.030106835248565247,0.0416913230785593,0.010764333424199503,0.0020374756911554436
0.8434792528057906,0.07405204610697709,0.05688982951675089,0.02279297630480128,0.00278589526568005
0.7022034266145807,0.14059631506770068,0.12469438029480918,0.028621021101018846,0.003884856921890577
0.7744539280209172,0.12157382366559165,0.08214827433547561,0.018872086105257594,0.002951887872757802
0.8734200661708806,0.05588684863983021,0.05395109110969546,0.014019608305845645,0.002722385773748168
0.7488545094108889,0.10776873862705029,0.10247129761181913,0.036448756889243594,0.004456697460997955
0.8341929438928471,0.06938750998706796,0.07697741285130805,0.01666684045836541,0.0027752928104112927
0.8900238256032336,0.04977563596725071,0.04530015893819501,0.01248455621772966,0.0024158232735912192
0.4998511735069282,0.20772353172191552,0.21459841357256865,0.06380875112880725,0.014018130069780506
0.8606782679769373,0.05800799811731518,0.05452230674567494,0.022719543004755496,0.004071884155317272
0.906035270007973,0.04879752249999475,0.025368541962390453,0.017094427135031832,0.0027042383946100203
0.8945766599890461,0.04491930351087722,0.03608265229007504,0.021946792819181014,0.002474591390820746
0.902546897309092,0.057613741718387956,0.022868873517499413,0.014316549956526575,0.00265393749849398
0.870596787713436,0.06987189006497267,0.04277618701252848,0.014038912331380125,0.0027162228776826014
0.848068130631472,0.05672827608178282,0.071627858420887,0.021217530088265865,0.002358204777592452
0.8645565456689858,0.06998430966211247,0.04377501771308688,0.019269418252090137,0.0024147087037247627
0.7780957037046119,0.1452891756467239,0.05101946488873435,0.022372466108349667,0.0032231896515801345
0.7111803031084863,0.18661556597803597,0.0762193936373849,0.02144779088190374,0.004536946394189042
0.8852461441228594,0.04877705078926048,0.05001023299440536,0.01282403674442867,0.0031425353490459455
0.9380047990125235,0.03153817178587531,0.01694004956983441,0.0111702743256553,0.002346705306111273
0.8416586063398401,0.09787342830752101,0.025626640792209894,0.029299162346062488,0.005542162214366694
0.9304337042637156,0.03426513259624792,0.021424186753266173,0.011656896831267034,0.00222007955550351
0.852788284442642,0.08516649775886541,0.03756922038252773,0.02124206502260264,0.0032339323933621724
0.6691277996347822,0.12594776818054598,0.15697119608537935,0.04244329990438753,0.00550993619490487
0.7958793739560975,0.1007669856402431,0.08357141588329944,0.016813618146939276,0.0029686063734204148
0.7524977231623826,0.10786738539821464,0.10562695303933736,0.028894248966559205,0.005113689433506191
0.951388956624695,0.02226520152981283,0.016779825529958593,0.008273868122481185,0.0012921481930522002
0.8947483207126521,0.05419835928459898,0.037910032363925185,0.010837639850002375,0.0023056477888211777
0.8654841738140382,0.04844540362458479,0.06442631914494516,0.018525642096229637,0.0031184613202021373
0.8429598369536995,0.07249630935182445,0.060912594691712146,0.020358325086834293,0.0032729339159296034
0.927519377990924,0.02863742772523374,0.026877966101504974,0.015100465909602718,0.001864762272734566
0.8349375148768023,0.08634064822410527,0.04543704702573558,0.028345521923659574,0.004939267949697234
0.8831003929809074,0.061179450526877295,0.030143183625382767,0.022188595733127585,0.003388377133704846
0.9401594193106182,0.028791225751868207,0.01769553582619368,0.011046234260862965,0.0023075848504568864
0.9574588772620056,0.02358734475396399,0.008852638507379992,0.008456770831898202,0.0016443686447523268
0.9428896388608842,0.02528548692774831,0.01845746157963444,0.011672290313549308,0.001695122318183912
0.8792754510558545,0.0462694439501414,0.04021907970201943,0.029375026487190235,0.0048609988047944724
0.9151048541720961,0.039536640794099416,0.03167910588416218,0.011677334191662569,0.002002064957979609
0.9411544015757547,0.03214249502072113,0.014390642897164125,0.010147685475329566,0.0021647750310304953
0.8662693078226577,0.07599898202503294,0.023062255003116247,0.026361184465642597,0.008308270683550615
0.8885317301210567,0.055793646466341225,0.024434716173217918,0.024136502019999256,0.007103405219385109
0.8943853339189981,0.06486058851201598,0.020410139655885912,0.01652963612801498,0.003814301785085143
0.7412990610494655,0.16511690441575863,0.053361067576433774,0.033900433417620036,0.006322533540721876
0.8693492275249569,0.054730669526642454,0.04087984846671136,0.031153117599581864,0.0038871368821074646
0.7405938326270955,0.10493819053805395,0.1110538547505012,0.03580317530657796,0.007610946777771252
0.8384161653116011,0.05565293532854633,0.08851533303522974,0.01444961452909055,0.0029659517955322036
0.907566291090195,0.03993903518351473,0.03508335171336477,0.015599526384996544,0.001811795627928895
0.9031630645558661,0.04212603467518079,0.0394469771038821,0.01255087673402375,0.0027130469310472885
0.7132583304156822,0.10484361385536335,0.14953541552119026,0.028511800546860495,0.0038508396609036022
0.8725794809607412,0.048257456090047376,0.05906143953296579,0.017326022807259315,0.0027756006089861263
0.6590502130422895,0.1972617684886091,0.1020491238472876,0.033716046546775194,0.007922848075038659
0.9098805959948073,0.057158062105180645,0.017907205841729668,0.012645610457249774,0.0024085256010328102
0.855489453967043,0.07137014572372305,0.05396871113620661,0.01661202630007521,0.00255966287295225
0.808509754371757,0.08195655590719858,0.0833139570064398,0.02079398842791075,0.00542574428669403
0.861582457212461,0.05128535441668736,0.05901497362178899,0.023468495889522257,0.004648718859540591
0.8859006574507655,0.030925048537025716,0.058663392964089026,0.021383411828908985,0.0031274892192109456
0.839276391329277,0.07636645008859483,0.05986883898866198,0.021582120320094902,0.0029061992733713776
0.6198922017320357,0.21625954583312254,0.12428003161248105,0.035274892417420094,0.004293328404940362
0.9128554049119929,0.037860154996953346,0.03830473252506381,0.00971340037100409,0.0012663071949856877
0.9408851263274776,0.021465248325459117,0.02814001393770117,0.008013168993995984,0.0014964424153657888
0.8791677262365588,0.038802645147846704,0.06240463863232221,0.01693037738138334,0.002694612601888722
0.8856556798066819,0.04740034318430793,0.050736896922940235,0.014071864678416996,0.0021352154076530734
0.675616280157132,0.18199643278569466,0.07488698746289356,0.059490724549059744,0.008009575045219998
0.8561455289901635,0.08023261567922071,0.04260745785302832,0.01822156749438688,0.0027928299832005303
0.7426563111530378,0.10214820599143978,0.12228869542544725,0.027355419110192646,0.005551368319882806
0.7939947536411777,0.1222310768576838,0.06184676848330666,0.01764938302765738,0.004278017990174508
0.9186599180562547,0.03371773419220548,0.032557554026964704,0.013512422756941391,0.001552370967633695
0.913769480813702,0.02317109461459088,0.035625751627162874,0.023936989138639134,0.0034966838059049027
0.888921682447719,0.039179701624855644,0.024364957937019403,0.029717761364906656,0.017815896625499532
0.882335754801343,0.07720954588039249,0.019805573973461135,0.01672035945108736,0.003928765893716161
0.8471421365848395,0.08051297890425456,0.03676725573536453,0.027214135256160194,0.008363493519381551
0.9015737453619699,0.05580127986902246,0.020581711763166904,0.01883787273982091,0.003205390266019637
0.8847321689301847,0.05122621619372256,0.04008223240916379,0.019715909737010897,0.004243472729918008
0.9168715019183218,0.02906398612743292,0.03968277381494836,0.012313261272742302,0.0020684768665544004
0.8771178416302854,0.0632910401835086,0.03806261515227711,0.018284415709659937,0.0032440873242689386
0.8823331054646673,0.04639367198276992,0.0521050745384607,0.01595051201366826,0.0032176360004339097
0.8403499963904132,0.0770315844327481,0.06425535095835445,0.015716105315098386,0.0026469629033859772
0.8391385852455622,0.0656719763280659,0.07079411247075845,0.0209142283076722,0.003481097647941203
0.9422890076826967,0.027464016394825284,0.02186334010657609,0.00738030577622827,0.0010033300396734017
0.9198515706729933,0.03734290619265116,0.03244601849113054,0.008542374731218175,0.0018171299120069786
0.7361197254818677,0.12432208339809236,0.098719973509256,0.03413648854731426,0.006701729063469792
0.8557626180055073,0.06488491177434647,0.06081554542084634,0.016283599586974756,0.002253325212325073
0.881027891172235,0.06430534627895373,0.04177454270997807,0.01090149189931971,0.0019907279395133862
0.7666551792884515,0.13450901856236538,0.08123797333794451,0.014218781865121157,0.0033790469461172216
0.916828094477607,0.036322938466462486,0.030498783179059467,0.014137463811151801,0.002212720065719389
0.7189840575227461,0.1251067568106,0.10972891393345233,0.040174652358918594,0.006005619374282945
0.5475739569847684,0.23280378064688226,0.17252270650246873,0.03899425850985853,0.00810529735602214
0.7574586646904605,0.11148311143865385,0.09429340145332803,0.03169372387128582,0.005071098546271957
0.7666380342214498,0.11076438472765013,0.0991510886551803,0.019686227791025787,0.003760264604693953
0.920354932562222,0.026468459319732462,0.03833705553219086,0.012585538964776806,0.0022540136210777487
0.8349493749212187,0.07216142578999406,0.05858184978340301,0.02872357640213564,0.005583773103248702
0.9014948366148025,0.05737184962288568,0.029787650827016936,0.009740844017512112,0.0016048189177827296
0.8936835118178288,0.05935033382842831,0.030434006688988813,0.013650801263735133,0.002881346401018686
0.9142793042944695,0.032417869596425446,0.036810958318719306,0.013400625622743549,0.0030912421676422093
0.7238677291234847,0.10440244254034076,0.09379220050367655,0.06689777818460327,0.011039849647894642
0.9374656946683889,0.026007190744834447,0.021151370702403402,0.013276319186405943,0.0020994246979668535
0.8593676792421765,0.06928481598534675,0.041471950147872055,0.02483771916669234,0.005037835457912297
0.7079946900330392,0.14392351341033016,0.08890940902216034,0.050365065846419824,0.008807321688050661
0.8198464718487616,0.05873114577343916,0.04298405870141507,0.05781665077045554,0.020621672905928562
0.9356529002443599,0.03418975131455443,0.01485619943852761,0.010722501123788634,0.004578647878769291
0.9102283008929599,0.043708977391645115,0.021227406866503387,0.019624653498794487,0.005210661350097247
0.9085346237177635,0.05131739476278425,0.02020797643387656,0.014996290407015734,0.004943714678559997
0.9205072172060896,0.056586911442032206,0.008804035083240845,0.01076040013038879,0.0033414361382483795
0.8357482442510057,0.10663112956712445,0.017167519775809822,0.031984414065312154,0.008468692340747794
0.8560924954074226,0.05906791712184805,0.04668304482034623,0.031713733884435664,0.0064428087659474794
0.8074258322860955,0.08472475889522965,0.061657346798143726,0.040360755300776575,0.005831306719754567
0.8312599914059862,0.07724624261902786,0.06594951389427102,0.02200406574830315,0.0035401863324117312
0.8446159525597339,0.05647987517727579,0.07090324193401183,0.02423059729647168,0.003770333032506644
0.8931931903356505,0.03083870733797555,0.060343595015536995,0.013476625945664233,0.002147881365172756
0.8134005411532075,0.08794410974366898,0.08045326976422937,0.014307242454681754,0.003894836884212397
0.8627362442426353,0.06754013223869583,0.05378779968021683,0.013540142343006604,0.0023956814954454618
0.8765259139229296,0.05569003064111014,0.045522644687863684,0.018840808118405786,0.0034206026296911256
0.831849619086204,0.05530677176010557,0.08136755853041577,0.02707508778303483,0.004400962840239761
0.830522817027576,0.08531503816880083,0.056429916418269215,0.023781638399960257,0.0039505899853934795
0.9376846038218298,0.025179780633610118,0.027084198077988737,0.008368637064069553,0.0016827804025018032
0.9249702241800444,0.025543948108913948,0.037637754715794086,0.009959207911403938,0.0018888650838438429
0.786225469598297,0.10653586403376207,0.08520287672048063,0.01872123105356712,0.0033145585938930727
0.7501430057627666,0.15280120178048232,0.06494886154774988,0.026307347591356434,0.0057995833176445995
0.8812806211157298,0.03744577636089464,0.05856543824195471,0.01914062739545145,0.0035675368859692303
0.9368917263618681,0.02545743669747255,0.022097252225522283,0.013377897937181289,0.0021756867779555524
0.923928812389237,0.03781805703508676,0.023405240914868453,0.012479307595355114,0.0023685820654526708
0.6295206281176421,0.20883140273051592,0.10008834214205178,0.05088983821566212,0.010669788794127914
0.836020588871163,0.08405834867787775,0.059393213669213005,0.01604420035460307,0.004483648427143037
0.8903195771905689,0.054688598901857045,0.03424130073530297,0.017505894949309358,0.0032446282229618055
0.8848286272114788,0.061521738539583454,0.03760838910904708,0.013389201205260777,0.0026520439346299834
0.9363701653785429,0.02400052576884953,0.02958989835917679,0.00852241051223363,0.0015169999811972422
0.8619662757316331,0.0716424412108012,0.04351528486674487,0.018331412169252288,0.004544586021568833
0.8571845806912624,0.08203957001696613,0.03794024684619432,0.01858421046133735,0.004251391984239757
0.900033444581088,0.057034159384984115,0.02614820216177707,0.013833168964894131,0.002951024907256683
0.7775731859332408,0.14459495803044434,0.05240502147547883,0.02176938939518495,0.003657445165651173
0.8368350404905679,0.07165130352480464,0.04151644376345534,0.038797172556214246,0.011200039664957664
0.8562095810638877,0.07428691951782673,0.025048761058450855,0.03073228940553806,0.013722448954296846
0.728256168972075,0.04814140467424752,0.018713829817911455,0.10891418529766206,0.09597441123810387
0.6418482607933197,0.027385023643375014,0.014171193285781541,0.07940705542126718,0.23718846685625655
0.8869972956056447,0.05057644542521114,0.009631830248486184,0.029613548660802288,0.023180880059855795
0.8444228063124748,0.08035023982714791,0.03527534721507913,0.027667935886181577,0.012283670759116497
0.8321202707952916,0.07748282155463425,0.04216493232065008,0.036816849725937746,0.01141512560348626
0.9280218901843805,0.04558253128415839,0.009859191593056229,0.012393609500194644,0.0041427774382101845
0.7701652031760746,0.13944956617747237,0.034549345045488865,0.04090705130951028,0.01492883429145385
0.8552225058221734,0.08810859229617957,0.021414456803299002,0.026891321446881795,0.008363123631466206
0.9189465415124404,0.052817843940867526,0.01071963366231074,0.01297241441365477,0.004543566470726472
0.9512511936134699,0.027433028491531668,0.010437092990168975,0.007926027685819776,0.0029526572190097765
0.9188655334651749,0.03903238198748752,0.019906621956999358,0.017304382050885338,0.004891080539452992
0.9612615289947873,0.015772625379909512,0.012983405807178593,0.007394611462512729,0.0025878283556116377
0.8808709198160215,0.055899283633062395,0.036768826490397956,0.021006859517853922,0.005454110542664301
0.9399952349771263,0.0216268788942165,0.024563783250122633,0.011089155814100648,0.002724947064433934
0.6701907370375733,0.11567823693405915,0.15789038815059983,0.045912424548134836,0.010328213329632912
0.9196535810428388,0.03789621618191663,0.02612834030597532,0.012962054736766204,0.0033598077325032202
0.8366677384249926,0.07998633199099707,0.059637279398819666,0.01873410630749461,0.004974543877695973
0.5744241839126424,0.1614082039273888,0.22316561770240997,0.030942493619346662,0.010059500838212075
0.8196464769505649,0.06171512754317045,0.09445477006171916,0.01780555380324976,0.00637807164129574
0.7442762412063624,0.0822099414677434,0.13487702348463915,0.027971457546344183,0.010665336294910932
0.8191258732156896,0.05613826868962831,0.09279727907908525,0.02620964388208955,0.005728935133507115
0.7772697377378701,0.08560316324390084,0.10599174895928484,0.023365976734824868,0.0077693733241194825
0.8770868225517493,0.04707403812724317,0.053451324911197515,0.015818341874019735,0.006569472535790117
0.7993544659252237,0.10173405712415125,0.06281302489597014,0.029509778915135232,0.006588673139519606
0.9069884377938454,0.040102030523475454,0.03189859445376549,0.01736439377241984,0.0036465434564938496
0.8634020212671272,0.0671631119479353,0.04946815659264759,0.01709537559620866,0.0028713345960810007
0.7313202414615586,0.11985260563848005,0.06919028514503835,0.06603703731219307,0.013599830442729988
0.9008386074604551,0.03685848342525296,0.03453821089326845,0.022673904119692258,0.005090794101331398
0.8304905526508343,0.08435617515690622,0.02574894643060476,0.047217483448209176,0.012186842313445715
0.7872541967287517,0.0804764319660017,0.059986766973952416,0.05340947773031681,0.01887312660097729
0.9202959155943545,0.046782405319548685,0.013171285292183327,0.015242264507007466,0.004508129286905875
0.8598107766694083,0.06835960563416092,0.03572969152636373,0.029273921610373673,0.006826004559693432
0.918917464056702,0.04661823693487995,0.018344271351254167,0.012061156614145726,0.004058871043018083
0.9037843534357662,0.04408495580786555,0.02736152686437155,0.019362960393495752,0.005406203498500853
0.8293107688390688,0.06506930487866044,0.062386362715886275,0.035668574136953395,0.0075649894294310205
0.8331136606018374,0.06803325197567192,0.06858785178667834,0.025319172144436245,0.004946063491375883
0.823900389384168,0.05982867170844858,0.07534154644201825,0.031822780945401793,0.009106611519963465
0.8848117134004023,0.0505654698558792,0.03917888518418463,0.01935028724559049,0.0060936443139434715
0.8253545356514698,0.06915665434670992,0.06950991745697205,0.029957807053285174,0.006021085491563163
0.8380219820299899,0.05580642435321597,0.08510225460420924,0.017391656382119324,0.0036776826304656357
