Delta_Power,Theta_Power,Alpha_Power,Beta_Power,Gamma_Power
0.8654973982304802,0.10452973265424403,0.014721532403473358,0.012084071911311427,0.0031672648004910523
0.874046079994,0.08684233163569474,0.01995040831952045,0.015315896909564294,0.0038452831412206026
0.9025768947241339,0.05899834495515026,0.022893330277667108,0.01176656591988475,0.0037648641231638903
0.808749492154666,0.11544045504492509,0.04188556897384246,0.026216352075979707,0.007708131750586728
0.9066021251590475,0.054356296470639553,0.02077644209748587,0.014437335205957197,0.0038278010668697468
0.8082990866408634,0.09534156419488861,0.0581862086528865,0.029625972677852472,0.00854716783350909
0.8591231414922188,0.08435827493169394,0.031175153023270567,0.018403577008868695,0.006939853543947924
0.8898174449359274,0.05742617561227496,0.025792691618030755,0.01936584467407311,0.007597843159693735
0.9384285474562886,0.033839659639315116,0.013404955976650746,0.010736000529218411,0.0035908363985273045
0.7000830484356553,0.22186077638818807,0.035988983979170684,0.032140639253706006,0.0099265519432801
0.862614844789912,0.09143656678847242,0.022725833678117428,0.019578129603179378,0.0036446251403185114
0.9413611502627065,0.035260132573215315,0.014379388211903184,0.007068266497776843,0.0019310624543980956
0.8524260905210324,0.09006573732195923,0.03255375803940738,0.020040606437018386,0.004913807680582617
0.8885558316533532,0.06697322818176092,0.021130407656153087,0.01895140395683007,0.004389128551902595
0.8643824259607539,0.08805731928244445,0.029253589440326813,0.013821240582000387,0.004485424734474543
0.881279932855254,0.0724835421378233,0.0327082497860677,0.010486242633725561,0.0030420325871292533
0.7662029123664179,0.16269613432705657,0.03242225768892065,0.029808359850726173,0.008870335766878765
0.9020743710830267,0.060379377064807574,0.015583398050624232,0.01769598203289261,0.0042668717686488765
0.9553093990856508,0.02100482572276915,0.011812341919898842,0.009888954243901687,0.001984479027779248
0.8784791314036096,0.08304625941390086,0.01734319584288344,0.017223743547854626,0.003907669791751328
0.9027825825663024,0.05569028300545198,0.019935563020012606,0.018229057979460672,0.0033625134287722964
0.9073082765164027,0.054624553720372636,0.015516689418352637,0.018720664382379206,0.003829815962493026
0.860022736691747,0.09410628377083426,0.023551904171734087,0.017427906182990144,0.0048911691826944905
0.9055308776576425,0.06106726268293583,0.018927825867539494,0.012083450317336826,0.002390583474545376
0.9604724175408784,0.026816850090164362,0.007500961616165009,0.0041909041803006135,0.00101886657249158
0.9258840569335461,0.045318997600377484,0.01321915495447419,0.011773692419039174,0.003804098092563012
0.8231615273327719,0.11728564511146643,0.029491126202512503,0.024786072543858655,0.005275628809390415
0.8622305752668891,0.09040651646453006,0.016781301115094963,0.02456106960204037,0.006020537551445335
0.8323873636378659,0.09790389372018408,0.025943462983367527,0.034616755545920176,0.009148524112662265
0.8749328771389525,0.06981396356344964,0.02850709080671796,0.0201833353296132,0.006562733161266822
0.6806159791832711,0.17581069974663505,0.07869827883571115,0.048279679262394605,0.016595362971988156
0.9263490610634604,0.04872849987339486,0.011659757782115358,0.010250884758288942,0.003011796522740312
0.8497904493374662,0.0975080015495656,0.024408417018104613,0.021499156856935465,0.006793975237928115
0.8417217635318893,0.10263537161839822,0.03073949343857333,0.020118777511428685,0.004784593899710582
0.9308763998271712,0.03849197934848509,0.015998943221463988,0.010909188272573221,0.003723489330306675
0.87903005694639,0.06291290401939964,0.02896270330547528,0.022274289192340386,0.006820046536394707
0.7661188595187348,0.11574279293005015,0.06801723914132035,0.03938649300868533,0.01073461540120944
0.9062912481459799,0.05361219571301628,0.023509803685076443,0.01255028843993916,0.00403646401598816
0.8495088373434365,0.09060730997059477,0.03125035993122671,0.02236441386038831,0.0062690788943536935
0.8361960824533393,0.12092663412223466,0.019894808805149572,0.017244657639950135,0.005737816979326338
0.7702479054445186,0.14520210669431888,0.040397374881375646,0.036893494949298854,0.007259118030487926
0.8884267435226938,0.07309583672016619,0.016782349342968374,0.017604853439978137,0.004090216974193233
0.9236990437189998,0.052868770018701335,0.009427383096558804,0.011160810231550947,0.002843992934189094
0.8990205562965708,0.06245587031780235,0.01455341163420178,0.017405161173358993,0.006565000578066148
0.8117528811976775,0.10663859520491376,0.04168441364357267,0.03036930961012108,0.009554800343714984
0.8355959811793416,0.11256008975461178,0.030882005969054445,0.01632288010266899,0.004639042994323159
0.7834356368673365,0.12701425464796537,0.05940348852941318,0.023534148553582542,0.0066124714017024005
0.7085500960423853,0.23202032854421734,0.03101082224178365,0.021869339585572568,0.006549413586041041
0.9130257595735963,0.04807077812693755,0.01586474569636046,0.019073837863748708,0.003964878739356888
0.9166272061853433,0.05222435177000932,0.014423857202286965,0.014185392981746373,0.0025391918606140706
0.9115710448465787,0.05889806874026002,0.01693789845800793,0.010026375223316019,0.002566612731837625
0.8163850386360192,0.14115355903433352,0.01953203121187942,0.01754222186386118,0.005387149253906639
0.752926246280272,0.14173808265886131,0.05707590442302044,0.03872654563694777,0.009533221000898715
0.944697571312114,0.025988030434439004,0.01487400762051387,0.0117598708851668,0.0026805197477663208
0.77717035695918,0.1445466468173419,0.03669251834633826,0.03259684745427977,0.008993630422860206
0.8591131508634464,0.06746768125192082,0.036343545516309736,0.029819277535867435,0.007256344832455705
0.8588972997853153,0.07995622893916793,0.0324164513412089,0.020990447299883763,0.007739572634424107
0.9210811023679423,0.049356018200502005,0.012211355759861096,0.013647289638195056,0.003704234033499273
0.9413045625681856,0.03844965372814268,0.00947087977523407,0.008804128332135792,0.001970775596301887
0.923503326378823,0.052227511985801056,0.009734830153489084,0.011857960682669333,0.002676370799217507
0.8893249847651008,0.07445708073604099,0.01852266945254433,0.013469594918551606,0.004225670127762441
0.8363445110592744,0.11399672235940278,0.02427453696116607,0.019490942770884655,0.005893286849272151
0.8639733879523074,0.08406034740451225,0.026417940221906838,0.020610204594177686,0.004938119827095713
0.885395865438229,0.06251154688633832,0.028502404681213105,0.019519436538551756,0.004070746455667699
0.8373978993297968,0.10925966946243841,0.024054063751860668,0.022677050635813822,0.006611316820090065
0.8201084924161148,0.11423081507918388,0.03697426973830581,0.02004164787107129,0.008644774895324083
0.8451417398210898,0.10317191478015923,0.02522128923677428,0.019587895538366054,0.006877160623610911
0.9141874678212322,0.04406253857810547,0.01844384963298473,0.019991746969019984,0.003314396998657415
0.869289242167728,0.06816504179440099,0.03409537397843591,0.02288874479874734,0.005561597260687724
0.9360770913301427,0.036382407497899685,0.012081128744016248,0.01298647594676786,0.0024728964811733182
0.8681815259796618,0.08216980496492385,0.03009693171867695,0.015038954418194174,0.004512782918543312
0.8223271602276143,0.11742587825822694,0.026755807178086607,0.02793575875259158,0.005555395583480437
0.9081032070635214,0.049911441683889196,0.021116463020945837,0.016664126345419365,0.00420476188622412
0.9362896211465513,0.028876322682377126,0.020509408311365107,0.011314456329923546,0.003010191529782836
0.8963737051964785,0.06399302246111463,0.018824739958492112,0.016070570484383918,0.004737961899530757
0.8979913675351523,0.06196552763317237,0.021363574369613857,0.014919636075641616,0.003759894386419966
0.9173283181283852,0.048510162564770164,0.01801629723520148,0.013572891121350612,0.002572330950292539
0.8491807650082761,0.08268234110165175,0.04373661705071675,0.019177269161751928,0.005223007677603473
0.9197692102036803,0.058796062082351774,0.010262950512651033,0.008963403216707171,0.0022083739846098203
0.9456312739059932,0.021637850015659207,0.015903922208930173,0.013558811573137937,0.003268142296279391
0.8666857175711943,0.08163839959869035,0.025576845164484312,0.021566759198100957,0.004532278467530336
0.8847101702403771,0.08664090852785075,0.011638405452407387,0.013529545006958524,0.003480970772406366
0.9296212873419148,0.051174867863895995,0.009724321417960926,0.007442447128150942,0.002037076248077208
0.8520013028932373,0.09436412607311884,0.02566740927280813,0.02341639924858761,0.004550762512248047
0.6218089779182608,0.22006066485654677,0.09378791194519412,0.05247210493282426,0.011870340347174062
0.8708923403266594,0.07825328619149799,0.019977960226237407,0.02551142820799072,0.005364985047614575
0.8348772519717803,0.11301111351977555,0.028465240329655576,0.019643468381987897,0.0040029257968008
0.8294237353587737,0.1154970592576186,0.031671674049051544,0.018717592666760825,0.004689938667795493
0.878715831358065,0.07886271143655973,0.022467439005763944,0.01655402638701096,0.0033999918126000135
0.8268607791687539,0.1174517786692359,0.03204511956607647,0.019493255489884457,0.004149067106049288
0.8146727751911841,0.10953143431980168,0.04001660589923695,0.030482111931310396,0.005297072658466594
0.8262112366740706,0.12807033028397716,0.024139037839372234,0.01758521659168915,0.003994178610890851
0.7143671749859399,0.17569473675908737,0.07251825451441687,0.02910107723718797,0.00831875650336777
0.8577650557115717,0.08967709316204606,0.03468333219658573,0.015780080676210683,0.00209443825358587
0.8823648021081205,0.07962342635483527,0.023694732630664517,0.01149096091630604,0.002826077990073662
0.9195716155627923,0.04749486842277981,0.02098851634239823,0.009706481697530273,0.0022385179744992888
0.8593301054887813,0.07632698596469419,0.033979169023535004,0.024226433400787006,0.006137306122202332
0.8815151163409345,0.07155093250709764,0.024315303160463857,0.018716878602077696,0.0039017693894262333
0.8320889529443193,0.12356001881606708,0.02194284299898177,0.0176216392946283,0.004786545946003686
0.830654789905061,0.11356388172487983,0.032345964321393444,0.019423038855550592,0.0040123251931148424
0.752667457401159,0.16350954160021733,0.047709258822450785,0.029467454594985964,0.006646287581186852
0.84367165112334,0.0919051352230336,0.037450141735991545,0.02279390837867715,0.004179163538957674
0.7598308293912276,0.16921504272588517,0.040704253259492514,0.026078405241691895,0.004171469381702953
0.9102729334335347,0.0485539352425027,0.027039419803128364,0.011537293515428038,0.00259641800540644
0.8647769741801751,0.09251643698360396,0.023893237738346163,0.015196859006291273,0.0036164920915834216
0.8363890007021876,0.10406114055897249,0.02622838532315092,0.027287106894212494,0.006034366521476761
0.8250638765503403,0.1164867595992356,0.03180364838906554,0.02035061330391536,0.006295102157443161
0.9483994555180845,0.025613760684896056,0.014719002753210244,0.00961604578672702,0.0016517352570822189
0.8561932807041709,0.1111044036790204,0.01323546673843425,0.014976721936496087,0.004490126941878455
0.9187988047956374,0.05738748775447827,0.010815919552558208,0.01079349417738454,0.0022042937199416566
0.8429227326831471,0.08564145369010404,0.04139182247010455,0.024213585871191448,0.005830405285452813
0.8664424740961979,0.08006198656085077,0.032564164076912434,0.017343607866968678,0.003587767399070232
0.9309765521061342,0.0467490519257222,0.011439962161607522,0.008982117109258005,0.0018523166972779787
0.9361372945470137,0.03093485384220307,0.018495418454779415,0.011952021200149016,0.0024804119558546112
0.9246000232138791,0.044716374697997774,0.015024849385665059,0.013358832565658958,0.0022999201367990027
0.9495274768227477,0.02960852790787274,0.009130969011099202,0.009742229572264198,0.0019907966860159966
0.8896796635345143,0.06099671720010708,0.020572995593735016,0.02314188105438776,0.005608742617255977
0.8696282987290658,0.07347023449081368,0.028581238107654866,0.024406175629348388,0.003914053043117214
0.9135239962329662,0.059998499774463886,0.014214171621639612,0.009868533165524957,0.00239479920540512
0.8985629939751882,0.060184444011869884,0.024990102426153595,0.013152237128921454,0.0031102224578669056
0.9030590710828286,0.05647150706537248,0.019862023372281344,0.016960204264327632,0.003647194215189966
0.837534471849449,0.061795324264635694,0.0596059876627613,0.0333534054046057,0.007710810818548619
0.7820522442590208,0.133688887127573,0.042963502093147095,0.03348690381707757,0.007808462703181627
0.9007377001990571,0.0653215655285378,0.01610645943445448,0.014831732797989357,0.0030025420399612457
0.8312170468290365,0.11099553474161737,0.026780276516813865,0.025243883020593452,0.005763258891938916
0.8441370522327171,0.10961313347042885,0.020175347785636406,0.02151880064067593,0.00455566587054159
0.9601519305240283,0.02736722889156091,0.0064122745911745025,0.004643751997249265,0.0014248139959871817
0.8693170695272039,0.08289493709005212,0.029344594430957792,0.015024705955703314,0.003418692996082852
0.9229546025741564,0.04252381565337575,0.014536102380021391,0.01671558769465184,0.003269891697794622
0.8260571154322869,0.11657237555382498,0.02775325132478727,0.024787010696242916,0.004830246992857897
0.8723558557663832,0.09094885537533268,0.02171374189853595,0.012041916836051577,0.0029396301236966384
0.9244540431836161,0.052567768813525366,0.014238993765502882,0.007103097474258316,0.0016360967630971075
0.8228753362803146,0.13012633317315828,0.027281930977256105,0.015127930745324376,0.004588468823946597
0.8078617315711004,0.10997205853772196,0.04151586757231828,0.033855616013037784,0.00679472630582161
0.895384593221299,0.06726575331329832,0.016127480553169662,0.018904697901105067,0.0023174750111278723
0.925754898550604,0.04581174519076302,0.01565970847086469,0.010306192993310523,0.0024674547944577925
0.8132845201345309,0.10383006652679812,0.034478539182407106,0.040074457034992274,0.008332417121271649
0.8838629450104627,0.055982278689308294,0.0322633238456142,0.023902388288858177,0.003989064165756556
0.7989379763806805,0.13063363437155215,0.037404588420627466,0.026315902613777142,0.006707898213362818
0.7042127836489069,0.06948094218987606,0.04231245468471435,0.08600719946539147,0.09798662001111094
0.925416143278304,0.029495113232202004,0.021253164449561778,0.014303528799463987,0.009532050240468068
0.912363378504511,0.04244177635030285,0.02414517486483942,0.017642141824216417,0.003407528456130056
0.8981452010481351,0.057093939214726996,0.026361067656535293,0.015469655873760339,0.002930136206842076
0.8526949214533658,0.08209186098051201,0.03592577602471959,0.025410270359280906,0.003877171182121546
0.81962121376227,0.10611463335906929,0.03728487521864386,0.03095613362621323,0.006023144033803549
0.8719001198681825,0.08231887874711673,0.02130256693883168,0.019838786054295836,0.004639648391573414
0.7804936698527466,0.13170239844822992,0.04794716637137429,0.03280274182796355,0.007054023499685367
0.6323124422237254,0.24515479159140044,0.07359507803595627,0.03767569072895938,0.01126199741995833
0.8402145218216809,0.08438005019494701,0.042268980234898314,0.026689962113699246,0.006446485634774319
0.9002405769791119,0.07179896034290704,0.013488535121471242,0.010873240198944747,0.003598687357564984
0.8327094151682353,0.11447601713128029,0.027840167314522147,0.019796016538591327,0.005178383847370835
0.664601870443101,0.23462815257668945,0.057030103730294296,0.036671527210838446,0.007068346039076801
0.894154273176995,0.06300391954997639,0.02206772116617103,0.017012732666264813,0.003761353440592495
0.6170031243226147,0.24150385419858106,0.06914422035012889,0.05865372790176766,0.01369507322690776
0.8868004137235507,0.07889806835202492,0.014430626311383097,0.01591029914768169,0.003960592465359644
0.8308858742068759,0.1045198603467559,0.02535568016784276,0.032139458780242,0.007099126498283496
0.8961645618708067,0.05650525289694261,0.03065385874387877,0.013270715929782378,0.00340561055858961
0.8034753650130626,0.1330208590725646,0.033092233799056174,0.022383897785678012,0.008027644329638572
0.8493510921002984,0.11126247815835641,0.02087488492098702,0.014968153293680243,0.0035433915266779533
0.7155744405037276,0.19415725021829777,0.048071392487816014,0.03646702031390215,0.005729896476256479
0.9378090458162877,0.037359672185695206,0.014074777443201176,0.008677246108999507,0.002079258445816498
0.8275753232259467,0.12396021747305623,0.02141180081780324,0.023626298922368224,0.0034263595608254533
0.8400076082888968,0.11025896885248244,0.02891118300862498,0.017393557921943165,0.00342868192805277
0.9032276723459431,0.06815855334647655,0.01599303807908135,0.010400099360404133,0.002220636868094794
0.903336344033518,0.05441705743919603,0.019513050584610465,0.018824062988831623,0.003909484953843749
0.8651091789406212,0.09495048058622056,0.023928311293365003,0.013030922726125755,0.002981106453667436
0.751486825994864,0.17373842375922943,0.04368707477460638,0.02508859183417703,0.005999083637123088
0.7983203833764101,0.14917763147767218,0.023567546696757133,0.02369682263348142,0.005237615815679271
0.7393229137563427,0.1596175780449714,0.05937442013486699,0.03518260344094586,0.006502484622873
0.929986724560274,0.038597951803679045,0.017691335954669558,0.010437752593827397,0.0032862350875500343
0.9001966454892081,0.06447151436386464,0.017067779980562924,0.014771061644487478,0.003492998521876987
0.8293730933701712,0.09434125048656619,0.03703973373777293,0.03220718854535205,0.007038733860137728
0.7962793143761591,0.14727349783802038,0.027934865205865102,0.02445783756107052,0.004054485018884902
0.7458465141955055,0.19684411211018207,0.023203053963583527,0.02596467700780159,0.008141642722927288
0.7710572761300161,0.1718602983053753,0.02829352853578599,0.0228621683678859,0.005926728660936824
0.8264133230160776,0.08664448844469165,0.05428880184863601,0.027121979855386807,0.005531406835207754
0.8931086922884599,0.06705143640652954,0.02286463211013995,0.01322111370000276,0.003754125494867896
0.9164731406098471,0.04179936964921852,0.023332784491803853,0.013631009266961648,0.004763695982168996
0.9452850103906701,0.025468428531338475,0.015125438080310616,0.011361839219928357,0.002759283777752557
0.8318825025366317,0.09232843272877972,0.04065091824534466,0.027342899222762083,0.00779524726648163
0.8582138060498411,0.1000703131625392,0.017165314928646695,0.0205227319966529,0.004027833862319962
0.8012976169799245,0.12431850914678788,0.03926239572454013,0.0285509443955112,0.006570533753236461
0.8698101399037939,0.07484099242693519,0.03215817949386859,0.019320933785772085,0.003869754389630084
0.7752443415867398,0.1488205888189856,0.04283392142864811,0.025927261010810734,0.007173887154815696
0.9129324228507257,0.04932826995903446,0.01650327429098837,0.01747602426513466,0.0037600086341171043
0.9236430024461927,0.050424520142424836,0.013204067710346845,0.010539476140625129,0.002188933560410428
0.9253514727102254,0.04633714976952264,0.012912893072897676,0.012892549955159862,0.0025059344921943985
0.9080937582440283,0.06114350374167195,0.014013970343895912,0.014235527994947433,0.002513239675456586
0.844454033522129,0.09374236543378787,0.02711996012232613,0.027609713859117726,0.007073927062639268
0.9125065181075862,0.04257889463820068,0.025127167261077738,0.016479583687562128,0.0033078363055730133
0.9264504913668583,0.04155608151964715,0.01673380981419109,0.012462379606377796,0.002797237692925671
0.8800931721575798,0.08283320998696297,0.017909512334229296,0.015401967704043203,0.0037621378171847357
0.7563648228647846,0.1835203183130719,0.02933177652370202,0.0240631970780786,0.00671988522036286
0.9266198966306308,0.04199475681212443,0.018022650723985744,0.011124498268316945,0.0022381975649421026
0.8844545897838576,0.07313522144167779,0.024288865202474107,0.015057646123305351,0.0030636774486850447
0.7973974768045917,0.14695585848737697,0.03245896123633071,0.019004104740808245,0.004183598730892241
0.8892177530308295,0.05216901034946397,0.03261387098980197,0.02012721556680338,0.005872150063101054
0.9031427806038886,0.06255413833517537,0.017262598496355173,0.013995029812931872,0.0030454527516488327
0.8172812426230192,0.1221724749686205,0.03958535910416987,0.016337484699527966,0.004623438604662421
0.9411250408710428,0.02825054675739201,0.016550751282416124,0.01137433446291233,0.0026993266262367527
0.7678157887799176,0.13169371092459078,0.05041186168481371,0.04293377889102912,0.0071448597196487615
0.8016633299567281,0.11148090217246702,0.041776065835608174,0.03871907455646411,0.0063606274787325464
0.8846794914011842,0.08106513135545648,0.013690703050173185,0.017471058689301527,0.00309361550388465
0.8874242399675341,0.0723860521267469,0.014241300224187578,0.019985592518641557,0.005962815162889937
0.8463732633135812,0.08651815125888401,0.032903235109303854,0.028961827311521516,0.005243523006709168
0.6434016191649172,0.23520794144805685,0.06207790391365853,0.05051953150701579,0.008793003966351893
0.9027370650403231,0.06895242923629905,0.012912884022808045,0.012937003700696312,0.002460617999873677
0.8840424512807745,0.06610964526890334,0.03096739822941066,0.014903244681058293,0.003977260539853064
0.9299473202880861,0.04438871460927991,0.01200496095663383,0.011263591224356795,0.002395412921643179
0.9352610945784399,0.039392762015681884,0.013743271635060077,0.009371341595157805,0.00223153017566042
0.8754602865775064,0.07885270351880455,0.024410542913273763,0.017354686813202336,0.003921780177212822
0.9373957685959939,0.03137127903481816,0.021121850418382628,0.007838715083495084,0.00227238686731016
0.9424955559371079,0.031374381294533696,0.015077635723299317,0.00922919577982176,0.00182323126523755
0.8867254557771511,0.0628092651579958,0.029403241500055972,0.018169623875463767,0.0028924136893334076
0.8212824514169379,0.09773378716719346,0.04400527037434544,0.031648199046542154,0.005330291994981121
0.9297198383027763,0.0466804770873125,0.011902262328424703,0.010250901467614532,0.0014465208138719169
0.8405044067637509,0.10894842576077807,0.027381335142494655,0.019331469213148482,0.003834363119827793
0.9292004626167905,0.04274433336554911,0.013181705232720496,0.0127949807959914,0.0020785179889485778
0.8923681667079191,0.07335882834392368,0.021098371650941496,0.011061629912720269,0.002113003384495616
0.9096264480274631,0.04745788912522946,0.02268999226961709,0.016770558834194683,0.0034551117434956143
0.9202264640540578,0.05286053704507276,0.014696593708239197,0.01059456197550398,0.001621843217126282
0.9658566114317109,0.021771329202783792,0.005831427081983229,0.005530672473743571,0.0010099598097787481
0.9291652833114089,0.03864358774224684,0.017787870453745535,0.012388117162633959,0.0020151413299649298
0.8738926122785955,0.08252535802432487,0.02488771926816709,0.014656112854935212,0.004038197573977422
0.9600041806828978,0.023275832974346808,0.008191564872942592,0.0073822652344726035,0.0011461562353404836
0.9402814417221107,0.03125564068821357,0.015269125231649323,0.011110730460705199,0.002083061897321323
0.8582574697649922,0.0805577932094104,0.03537946134810552,0.021480276877058547,0.004324998800433493
0.8070014667339075,0.10874736497807884,0.04272040624580638,0.033877545432447566,0.007653216609759628
0.8444059660069735,0.08899076288575399,0.036426635704903204,0.026106599997778878,0.004070035404590554
0.8411788754615551,0.10234449142158386,0.026499311088384946,0.026011354073605403,0.003965967954870762
0.7946223251526469,0.13036109761978712,0.04460107122090368,0.025141147839165785,0.005274358167496475
0.7784419373854189,0.17121808273459388,0.02220831216057969,0.023566470647475114,0.004565197071932522
0.9225817907359358,0.04830705307673362,0.01434516779836818,0.01212590066954133,0.002640087719421174
0.8224107569914351,0.1105224702759003,0.040413844166476344,0.021860744963975238,0.004792183602213003
0.9598337757276816,0.023861648908272973,0.009223227121346657,0.005633963858578292,0.0014473843841205046
0.7457942492345916,0.15487718360402197,0.06285786611784985,0.03052999702697098,0.005940704016565586
0.898918136784555,0.058673790187392987,0.02026506354020868,0.019551680371189727,0.0025913291166535075
0.8137931318297141,0.1329909755989933,0.027157664697673424,0.02075116762425049,0.005307060249368977
0.8425716595011455,0.12173795032096504,0.013597555738904444,0.018058391706364245,0.004034442732620569
0.8846809846117559,0.08054988055919506,0.016156214472143198,0.015123401003405696,0.0034895193535001453
0.9154463623651332,0.06555296331058683,0.008949224226713789,0.00797266093352663,0.0020787891640396696
0.8655202905311603,0.09057658731848418,0.026530018024979663,0.01402443486299055,0.0033486692623852696
0.7899200266309921,0.13256920645466355,0.04323627548818226,0.02672470327397718,0.007549788152184855
0.8951582713276578,0.07407544100582011,0.016521090460287307,0.011578069755397316,0.0026671274508375848
0.9438651076806943,0.03751982259026711,0.010275372728613738,0.006824506681902995,0.0015151903185220417
0.8645954611403877,0.08585647185210209,0.02630454383629312,0.018471650986117312,0.004771872185099983
0.8760367269775327,0.08220646064036254,0.021283183644365385,0.01686023710724951,0.003613391630489853
0.8585375438729892,0.07677092548666628,0.03586480814156329,0.023673324156516025,0.005153398342265239
0.8893714525504658,0.07553559667293677,0.021674887503654698,0.009979786253231723,0.0034382770197109135
0.8486357674114474,0.10227733762720428,0.025465302504326087,0.01890988813166349,0.00471170432535871
0.8207181898935157,0.11289872568538899,0.03922529105750348,0.02164947670366064,0.0055083166599313015
0.9304114357384129,0.04166282716783636,0.01271255190007407,0.012678661299633152,0.0025345238940436988
0.944505322529979,0.03830332567969243,0.00848028664840407,0.007124247671244306,0.001586817470680191
0.8910782743524593,0.07637033241681881,0.014304499774689889,0.01501482900951473,0.003232064446516998
0.8709063821842418,0.07880939460454592,0.02321960834370437,0.02212134676798957,0.004943268099518381
0.8807216224419903,0.08606024574573597,0.01482576348171625,0.014775737791781157,0.0036166305387765212
0.9165872180241404,0.0465929697461684,0.020589200584522238,0.013408545606872919,0.002822066038295973
0.7606438643332288,0.1479759200213472,0.05189575431393787,0.032073550731591266,0.007410910599894917
0.8283983754398337,0.09826343570392984,0.04854897283660754,0.01871380252054221,0.006075413499086537
0.8512125683829755,0.0854206109567891,0.03505900472193645,0.021228334591574256,0.007079481346724689
0.9592547441876366,0.024420510446848575,0.009992856332104755,0.004910894755455389,0.0014209942779547756
0.8725246807054744,0.07640482037471866,0.02355975706743585,0.02155267733953774,0.0059580645128333035
0.8935560676677021,0.06684918142317889,0.016955827118939476,0.0192282796065372,0.0034106441836424537
0.8795896814765726,0.07775302827472484,0.02597988139448447,0.013002344890885007,0.003675063963333064
0.9030238063206889,0.0610501745127897,0.01880294392966621,0.014589520695492396,0.002533554541362945
0.9387265976884154,0.033836321014630306,0.015543031225516946,0.009632354625422017,0.002261695446015578
0.879262945212682,0.06516156374055586,0.026452165943102818,0.02327864450142262,0.005844680602236804
0.7789443948856545,0.10404980875769572,0.061494974744469945,0.04521895134286935,0.010291870269310542
0.9019084408780489,0.06264177683784496,0.02021681535647816,0.012622954596911115,0.00261001233071681
0.8482516689553029,0.09271047431264932,0.03562287778333092,0.018334612306669096,0.005080366642047961
0.7747609719374059,0.14381978896303088,0.04815056941765144,0.026103699309908295,0.007164970372003472
0.9189933568006439,0.04091508644262328,0.017907669951947414,0.017036729696209202,0.005147157108576322
0.7218742456583606,0.20202051174502744,0.04627256838274566,0.02203125639963655,0.007801417814229869
0.7965683878967776,0.13013190789073775,0.03785233998384196,0.03181059412889364,0.0036367700997490377
0.8644768423705919,0.10476847280785344,0.01310982397808812,0.014481360869712873,0.0031634999737540134
0.8331823447339923,0.09428222369250254,0.04111114912934153,0.025166019033670262,0.0062582634104932505
0.8930051407083622,0.04359924773034069,0.03462859426647918,0.02449960608952273,0.004267411205295013
0.9025698362934358,0.054830958169124665,0.018659956161957,0.019831817477506477,0.004107431897975999
0.8880812596636694,0.06361603065675801,0.019738101215033364,0.022834447139304798,0.005730161325234451
0.8240480279665782,0.1266922107804684,0.026606636235591997,0.018373602020825944,0.004279522996535505
0.8150212201912972,0.11038414623379969,0.04711036686310453,0.022644239121669567,0.004840027590128898
0.896552557245457,0.07653384425932473,0.014611845389700933,0.009685918624053089,0.0026158344814642817
0.9292838589901701,0.05136155611693867,0.01113984664533093,0.006601554093751915,0.0016131841538083122
0.9249993383189992,0.03840616040972278,0.017985504533708792,0.015310658123812281,0.0032983386137569095
0.824173265339624,0.10149835718362485,0.03963859369240884,0.028254009251180243,0.0064357745331620544
0.8958465963909672,0.06279323304744323,0.021974771582797207,0.015317603813041205,0.004067795165751291
0.873407019921765,0.0963551314996207,0.014332394841439042,0.012727845414130625,0.003177608323044797
0.8869696984616894,0.06440514886572479,0.02746903837215261,0.01585487452247457,0.005301239777958707
0.9241363822354165,0.041402670083992274,0.01799847068275853,0.013439499005046174,0.003022977992786555
0.9036770441830868,0.061825182011898794,0.020182902344462003,0.011366365509856384,0.0029485059506960216
0.9017234158649624,0.06556526458888634,0.018187538031447913,0.011467682297871372,0.003056099216831692
0.898055966261047,0.050304331337690245,0.02642933059740115,0.021031587483715888,0.004178784320146003
0.8713671324613264,0.06902762318714559,0.03206894186501339,0.023696221688974603,0.0038400807975402153
0.7966560979428433,0.12198235903300676,0.050020009651714645,0.02642106975737468,0.004920463615060513
0.9016151499987164,0.04569654194287554,0.03326036828101562,0.015018014540773608,0.004409925236618865
0.7449571404790507,0.16830396748113902,0.04045310811845589,0.03504279578984944,0.011242988131505037
0.8339061959282351,0.11563623778042079,0.02455949118187734,0.020651876208357792,0.005246198901108879
0.8825760992125072,0.06244327268964655,0.03527911534615216,0.016342960198208793,0.003358552553485181
0.7710401693144726,0.14556325434019549,0.05230007236202332,0.025511322253405407,0.005585181729903125
0.8083312019175555,0.1273954323755781,0.03431136808896096,0.025216512247444537,0.004745485370460794
0.9073203866285333,0.0602042605185642,0.019247089709703364,0.010667882653564678,0.0025603804896344546
0.9298170906133855,0.043709169971931625,0.014887274189867492,0.009694758433469425,0.0018917067913460407
0.8412900683195007,0.09136143139546181,0.036349297150582084,0.02527246141200295,0.005726741722452493
0.8970483129434783,0.06561081890387566,0.022358200930572013,0.012919417480918747,0.0020632497411551386
0.8681394037745704,0.08980305449062119,0.021930114463576827,0.01713892781018039,0.002988499461051206
0.9231407152009488,0.05025915144701124,0.01251215983795892,0.011926977233296391,0.002160996280784638
0.8001106022525457,0.1441959470695771,0.03657353632838119,0.014861223594332137,0.0042586907551638575
0.8327686863078166,0.103748537252264,0.0378300776533102,0.021169378604592087,0.0044833201820171165
0.8946160061718208,0.07447947622661484,0.014204563908853987,0.013780763627888852,0.002919190064821556
0.8548245886743051,0.09465789719945333,0.027676743224956304,0.019076233885107107,0.0037645370161779384
0.8418904119977112,0.10580854681346996,0.026426299569243597,0.021001837935719535,0.004872903683855469
0.9163224736870418,0.057245340058224715,0.013873012155269407,0.010734796883320996,0.0018243772161428645
0.9470151255844946,0.034470763349430424,0.009328253779716278,0.0075621546475758954,0.0016237026387828154
0.8911320243054748,0.06833597307277424,0.01921272886377894,0.017591254339860075,0.0037280194181117453
0.9495502108595638,0.02569616405250792,0.0122852659034175,0.010003443126802968,0.0024649160577077662
0.8604186313860469,0.08999564215713463,0.029040657436772758,0.01434870270553385,0.00619636631451166
0.9157062087618096,0.048752462346063966,0.020179445267841642,0.012612236433356532,0.002749647190928051
0.8161387227590996,0.11597339684293576,0.04544138206510922,0.016610910753229652,0.005835587579625805
0.9175228542959646,0.05059203088014832,0.02014617603439469,0.009924419913283217,0.00181451887620928
0.8345451627121339,0.09601735638824996,0.037679234323410284,0.025448614494888774,0.006309632081316957
0.8492091188286472,0.09351130425656516,0.027487237629332046,0.023971433659996072,0.005820905625459723
0.8262777938430966,0.09734983906379156,0.04423125051770363,0.026509679906494624,0.005631436668913716
0.9293593744708136,0.041181261761347045,0.016955332836526543,0.010278772419575807,0.002225258511737024
0.9013594494504031,0.06602440356288333,0.018626860992869334,0.011765064495445943,0.0022242214983981936
0.9471269246823836,0.027594500161000325,0.01242307927825325,0.010634021848432929,0.0022214740299301653
0.9397772346189697,0.03938250021526428,0.011358192041575815,0.007546898225386432,0.0019351748988038462
0.7705154709456574,0.17792504687622984,0.0295648055800271,0.017627667423655523,0.004367009174430189
0.7939231991456541,0.14013381819593754,0.030318112242225286,0.029340028701206503,0.006284841714976712
0.8361231128637213,0.1079747293829996,0.026970841468374904,0.023767090118176237,0.005164226166727754
0.8800948596958612,0.08153456924930189,0.019715309874548413,0.01549801635961674,0.003157244820671923
0.9101201073333889,0.04977390441360042,0.019598494721173847,0.01693406975326283,0.003573423778573977
0.8744301604052452,0.08983378517580229,0.02080946629243142,0.013054050666366944,0.0018725374601543559
0.8314993579796908,0.13320723843816396,0.015146727549651271,0.017612416575898692,0.0025342594565953853
0.8609202564734829,0.09385688058684717,0.02277771073710547,0.017525108433864713,0.004920043768699601
0.8677589270305324,0.09144564294807157,0.0236330089611066,0.013863097449654818,0.003299323610634788
0.8976488013375206,0.05049235108133456,0.026570386192530365,0.020473047851149933,0.0048154135374647335
0.9600419855700418,0.02260760180862156,0.01098867183326409,0.0052001749391046405,0.0011615658489682276
0.8806121966267224,0.07729029219816445,0.023004376828827805,0.016288703315202532,0.002804431031082734
0.913130560033658,0.06072045131528861,0.014290185186464334,0.009641224989634182,0.0022175784749548268
0.9147891538455248,0.05609815315356718,0.015948765745042316,0.010613258253588685,0.0025506690022769145
0.8647470375967469,0.08848856140934067,0.024906876646965552,0.016943704635659956,0.004913819711286963
0.8642072377590567,0.08633778267581943,0.02406170482904891,0.02084587736921282,0.004547397366861886
0.8408911244652163,0.11317886989660135,0.023208284417734128,0.017995087966507305,0.004726633253940788
0.9657936056297542,0.017591844059539098,0.009852397081563298,0.0055057783012779525,0.0012563749278652234
0.8940906943722825,0.072895519549244,0.01768737008250761,0.01232929290208421,0.0029971230938813697
0.8845580319782025,0.07339129588851093,0.020969660576711707,0.018070979009587186,0.0030100325469878285
0.8122999928863245,0.11365212179837493,0.04165001214545542,0.027201084041579702,0.005196789128265514
0.79335425137503,0.1469046594190164,0.029808040613181364,0.02472915069489669,0.005203897897875561
0.900003237216408,0.07419883629519312,0.01122036693656879,0.012044412029186291,0.002533147522643761
0.8811493419697237,0.07406481172029401,0.023117813991971565,0.017607998986726225,0.004060033331284569
0.9504012717817408,0.03150734149162735,0.008652551279738073,0.00799357155820137,0.001445263888692311
0.9321453885803108,0.030076119100590996,0.020627193883678986,0.013984755293293344,0.0031665431421258844
0.9227609177027833,0.044813948876523735,0.014917272329629763,0.014196519306632538,0.003311341784430669
0.9050258083278164,0.053443539737835846,0.022273287669959122,0.01606227299684754,0.003195091267541239
0.9294533500699295,0.04387455961774448,0.012119285615841826,0.01246652246664205,0.0020862822298421185
0.8616475333022203,0.08843418825782483,0.02278180896999977,0.02264302901749252,0.00449344045246255
0.860746176482242,0.08769545870713087,0.029925509396194885,0.017654759495692864,0.003978095918739154
0.8545194168780812,0.09165660565385551,0.028686409810622097,0.020189142279672195,0.004948425377768871
0.8172503908540287,0.13710083180422472,0.025635080246948595,0.015559947113727133,0.0044537499810709215
0.9342337203555685,0.04771389904636487,0.009029919540600652,0.007726143871331273,0.0012963171861344667
0.9091623183981559,0.06439126982698672,0.011995711114549612,0.011288887601928754,0.0031618130583792817
0.9021178360147709,0.06616821805243264,0.012759921926691804,0.014943607080082924,0.0040104169260217915
0.9186559275476105,0.05060144210417426,0.016163490115574893,0.012072998878475053,0.0025061413541654213
0.9436891418322344,0.03072798365647742,0.010764642237451787,0.01250485377255738,0.0023133785012791172
0.8861244138640441,0.06644397862661076,0.022596757893398708,0.020664418902030277,0.00417043071391611
0.9075623329837162,0.05655788095238267,0.021108930973836013,0.01168578369077708,0.0030850713992880354
0.9393837014185035,0.0346387638048223,0.015186720618542482,0.009031818521878864,0.001758995636252975
0.9041725724121064,0.06702633615745877,0.015561463281548067,0.010679264014198112,0.0025603641346886013
0.8981246232262505,0.0680970418523238,0.015346292363816424,0.015016593140369655,0.0034154494172396366
0.880372622865671,0.07364490297941534,0.028584285875544027,0.01349112748742377,0.0039070607919462035
0.923898777871316,0.04587856001785373,0.01676589395018109,0.01070218574812978,0.0027545824125193245
0.9034554622937145,0.0679038545604887,0.012051090593742177,0.01246911521881513,0.004120477333239428
0.8277845175414156,0.11224206042846185,0.030721055126174516,0.02476521492385375,0.004487151980094805
0.9163887376370388,0.049991549275525786,0.017849266945066226,0.013213598229494602,0.0025568479128745686
0.9288384540522365,0.03732183719072668,0.018990169260010823,0.011790301997375923,0.0030592374996498035
0.9063257994063976,0.06838723993231552,0.01143461840457947,0.010751688805982264,0.003100653450725023
0.7809383266219101,0.14645750636541752,0.03865578470202537,0.027832770718536196,0.006115611592110891
0.8884784000426307,0.07083025488295663,0.02260871325383271,0.015025829355034362,0.0030568024655457525
0.8215090948860538,0.14126776031374125,0.014762521526201505,0.018411031318996973,0.004049591955006223
0.7928503054335962,0.14485201219992302,0.030715981501652827,0.02564006905321466,0.0059416318116132
0.7878889340709863,0.15754310214733538,0.02859124799009473,0.021136118355237925,0.004840597436345665
0.81796723298111,0.1204366072751771,0.030260905780609606,0.0260885452208461,0.0052467087422571855
0.9299845425085391,0.04978700446832372,0.011368949932219739,0.007723942984394826,0.0011355601065225864
0.8924997659832321,0.05995990015919773,0.023793310608657785,0.019913090199393288,0.0038339330495191777
0.9014948234512611,0.06854140269939477,0.01174341668856383,0.015100305313857443,0.003120051846922958
0.833953533503706,0.11049899551474064,0.027484687938326712,0.023240188908141578,0.004822594135084932
0.8556528379548156,0.09708102369434556,0.024635056759256722,0.01887249341847928,0.0037585881731027576
0.7469332881379686,0.1370323602233131,0.05830058546109175,0.047996290034923415,0.009737476142703164
0.8277793592987077,0.11628421686120102,0.041336086971305586,0.011554646175643763,0.003045690693141853
0.8111098554835035,0.1237339696109201,0.03170086882323765,0.027979148429220033,0.005476157653118628
0.9422616181554948,0.03916914802397822,0.008235248165353457,0.008732826427659966,0.0016011592275136058
0.8885141853392313,0.0837975933475292,0.01158991505612996,0.012780606560785928,0.003317699696323546
0.9079198000161878,0.05894794912570745,0.019755000800580513,0.009639241225905306,0.0037380088316186426
0.8807438475237145,0.08125829375490033,0.020995189315828316,0.014727868164524868,0.0022748012410319816
