Delta_Power,Theta_Power,Alpha_Power,Beta_Power,Gamma_Power
0.8339719000045906,0.0651491620598856,0.028228686585625738,0.03013440063162457,0.04251585071827342
0.9067120243205162,0.058659512158748636,0.011691213456881344,0.010721649861126217,0.012215600202727559
0.7240772621573784,0.16769653974693657,0.038079115005543784,0.029508872023719497,0.040638211066421695
0.9011651780082398,0.045795415227004484,0.02387568191780345,0.014539450137927814,0.014624274709024405
0.6902770779324954,0.1850277771109942,0.04281633685686639,0.03806650433718305,0.04381230376246081
0.8163648564001509,0.1069292476459434,0.023299580291763045,0.028369627438136112,0.025036688224006558
0.9019965636590956,0.054499674612426136,0.017053806015408346,0.015165963194850265,0.011283992518219729
0.8618922251449268,0.04708222068694828,0.03410244125872092,0.02848892672598909,0.02843418618341487
0.905658818890014,0.04460015424958024,0.01673339282842072,0.017111577701451015,0.015896056330534078
0.9264356587082264,0.04407774645009732,0.010218068935343551,0.009499334550542327,0.009769191355790545
0.8746483491699256,0.050567337024153856,0.021519575142052456,0.0233096623141346,0.029955076349733392
0.9425202205405385,0.02717789985166203,0.010482995181081457,0.009225098838296975,0.010593785588420923
0.9598241547623536,0.014494003693216047,0.008821762366711212,0.0080770392794638,0.008783039898255487
0.9223890742631953,0.03977552079014133,0.010238951801574485,0.012754275171093614,0.0148421779739958
0.9146345913709384,0.03316699915448993,0.016946604824365736,0.017219022667917305,0.018032781982288686
0.9318242779098126,0.03275882782250158,0.009340686729859738,0.011906249056602293,0.014169958481223648
0.7933434795359967,0.09467467614699458,0.04107642065836389,0.03533186674784377,0.035573556910801225
0.8824295324298138,0.04774060734867259,0.01906228727852446,0.029165375655452918,0.0216021972875362
0.9029610905256183,0.05061113023390462,0.016738619706742213,0.012794255311923186,0.016894904221811675
0.9132298105687755,0.056300413205221084,0.009291118533190071,0.009711559218761379,0.011467098474051975
0.9064106314936208,0.05196278704957074,0.009153518327437554,0.015575059910373855,0.016898003218996933
0.9443762497830057,0.025149703519320936,0.011562097845285193,0.00892751781869367,0.009984431033694393
0.9043024828828993,0.03998459493745156,0.018534812892310876,0.019923939456118887,0.017254169831219263
0.9121853750810296,0.04605674556269562,0.013409697723217524,0.01601166381139575,0.012336517821661562
0.850751756075483,0.06318042403946228,0.029974499244979264,0.034481152185129274,0.02161216845494608
0.7876923036930338,0.09822184818067614,0.03582432578905733,0.03605389251257451,0.042207629824658054
0.9160564441148045,0.03397175433225057,0.016005374609793288,0.016212822763671832,0.017753604179479767
0.932001730677459,0.021701921303643092,0.015020421460284521,0.015312692234615736,0.01596323432399773
0.9328516468044487,0.02210195654469163,0.020633981858237147,0.010950797891649225,0.013461616900973309
0.9025493379945067,0.05768765713063292,0.012950228189571825,0.011496487604613252,0.015316289080675352
0.9063897555062788,0.040586203308714895,0.011322514616566536,0.017401045814916194,0.02430048075352366
0.8851385554913623,0.07827038630057871,0.009815660212832754,0.013567721910150588,0.01320767608507552
0.9028195687068075,0.04820630747354523,0.009422507482839328,0.020105264865889486,0.01944635147091857
0.8683395417150287,0.04740885256371434,0.021998651033899412,0.03197793955453384,0.030275015132823394
0.921813334649164,0.03042886273231253,0.013197672117524293,0.018533560864051685,0.01602656963694726
0.7773052108165293,0.14336565675874174,0.02209899728768902,0.028026504789172763,0.02920363034786715
0.869071305247508,0.05240039600474062,0.026021154428779128,0.026345186307634383,0.026161958011337857
0.8859045717253753,0.058177636826386395,0.01579160206375514,0.018824805683830367,0.02130138370065277
0.8586577739880983,0.051757498102799934,0.025207587378392012,0.032401761542084524,0.03197537898862532
0.888453173648591,0.056188584803028206,0.017613211326954762,0.022916540237482092,0.01482848998394425
0.7672335993257384,0.13148855646275445,0.03521489890295095,0.034464375891841606,0.031598569416714545
0.8816474510272114,0.07133309344426784,0.014893463736823197,0.014112493168669851,0.018013498623027473
0.7313850460718531,0.1183915956687548,0.04063021937997224,0.05444141733687199,0.05515172154254793
0.8801913602982109,0.0468405718724771,0.024577554905229247,0.029066187004294506,0.019324325919788148
0.8957930716268097,0.05770016867544247,0.011078667560310139,0.014160428841724967,0.021267663295712835
0.8313338215245039,0.09028209080408282,0.018468562096334712,0.029672799844135664,0.030242725730943065
0.9000944851914694,0.05080492361485632,0.014916339818205514,0.016725693861331395,0.017458557514137225
0.9175450432562736,0.041387533246448976,0.01336112695668434,0.014225883923505609,0.0134804126170872
0.8747291798715984,0.05595448366938923,0.0176467690716524,0.027312291110526323,0.02435727627683359
0.8798650367498944,0.0565704274002249,0.020107619699272765,0.021126485759688802,0.022330430390919122
0.8986161801421892,0.03848285520190872,0.01823553157743777,0.02460194875482435,0.020063484323639812
0.8600102354807366,0.07295690843983639,0.0172723436850005,0.026566607120447925,0.023193905273978525
0.823007841035624,0.08614140157384775,0.021071299001242376,0.03389574318238804,0.035883715206897746
0.8399020488244255,0.08053364532787506,0.022285818243665368,0.027167811310321154,0.030110676293712862
0.9006807190192038,0.04456791499394777,0.02017752504842285,0.016868212617382094,0.017705628321043478
0.9310980729542061,0.027095292730074775,0.01246781112887991,0.01558016526996319,0.013758657916875852
0.8308727007761343,0.09141281862178265,0.028357586418292707,0.02717858243451618,0.02217831174927408
0.958128516352818,0.01286913977034772,0.010020370266496149,0.009042641820424586,0.009939331789913504
0.8416833897199953,0.08082764246444678,0.018801568607157395,0.026766405383818748,0.03192099382458179
0.8912007053000637,0.04578895440078593,0.021735749867283695,0.02253679107051677,0.018737799361349953
0.8853287403479319,0.05801934505144369,0.013878774971221993,0.02059982586841944,0.022173313760982746
0.8586427824374413,0.0458325700480723,0.03333744734461475,0.0346811125069901,0.027506087662881637
0.9131874741710777,0.03543681973884794,0.017042943665854553,0.017235747802384228,0.017097014621835327
0.7995302865486653,0.07383446733222229,0.03741648981158266,0.05074827521761496,0.03847048108991458
0.8610106646498507,0.04661366316237764,0.022767567003013352,0.03062936801393591,0.038978737170822654
0.876396529227611,0.045914352102906265,0.019151011101711458,0.0328044584899236,0.025733649077847632
0.8824966088668593,0.060023835029705555,0.014578233516890632,0.02173717931232946,0.02116414327421496
0.864303795370888,0.07482265023407644,0.026218314027548373,0.022941289331194572,0.011713951036292651
0.747113372578959,0.18092977143742664,0.017502659820725703,0.028093223501058452,0.02636097266183007
0.8515890156889357,0.06678603763405595,0.035492363739996945,0.0253198168311508,0.020812766105860702
0.8375481995241673,0.08220502938193984,0.029216733422546524,0.026481962389902615,0.02454807528144364
0.9132771447742348,0.037992125979813135,0.014825948577273878,0.016756569378104016,0.017148211290573992
0.8581820498632462,0.06901338250610381,0.02559023335797386,0.022296212484694773,0.024918121787981213
0.8476768013086067,0.05745687736658348,0.025874795917118703,0.032440843704225474,0.036550681703465676
0.9481734129990065,0.02559960424592257,0.007137367671580753,0.010220112057098555,0.008869503026391697
0.8359956576932718,0.027717672256362402,0.02442923510270662,0.03608534472903586,0.07577209021862318
0.7674901096782001,0.11741267676815036,0.028168807740805324,0.03365173119483401,0.05327667461801047
0.9066938531989203,0.02944415960249784,0.019106879734032543,0.02143334136173171,0.023321766102817686
0.8962277131172014,0.0463119820437889,0.010275596651873121,0.02722085984474554,0.019963848342390945
0.9012354140938577,0.048502171841016184,0.012930437382439021,0.022414523608569423,0.014917453074117612
0.8869029985009951,0.060696367344135034,0.01690907395959219,0.01626941430755099,0.019222145887726468
0.9219325727649392,0.03419978184093175,0.01612783976130225,0.013798019854011575,0.013941785778814804
0.9318855529827507,0.028992672911930067,0.01813786273995646,0.011315880924232103,0.00966803044113057
0.933506440605817,0.02745241044653347,0.0163689910086887,0.01191428970680131,0.010757868232159422
0.9699728708987858,0.013425014053682786,0.005810390105669381,0.00518056354354233,0.0056111613983196125
0.8126072230780833,0.09558358035322485,0.025962827763337026,0.033837194146375274,0.03200917465897945
0.9189511893957149,0.03804796390429904,0.015498151088383677,0.012593583633992825,0.01490911197760942
0.8865000367730219,0.0516023593449234,0.017924225316970827,0.02094206586199094,0.023031312703092572
0.772449091623438,0.10904375881036635,0.03221624576606489,0.03463625684299382,0.05165464695713696
0.840347754099813,0.053736654252249126,0.02257656835165153,0.041938022316728475,0.04140100097955788
0.8643912966297326,0.05148648532875379,0.022947931370060917,0.029276906724524362,0.031897379946928664
0.9193167200669428,0.01550287133375417,0.02170040701600184,0.020773179806995553,0.022706821776305907
0.9686718875449606,0.01267048643104133,0.006573409757486662,0.005228746580200835,0.006855469686310603
0.9381228539271071,0.02558483422250643,0.01265896871506585,0.011401761223354739,0.012231581911965678
0.9213427460213749,0.020094087971569644,0.02242359111089533,0.01791678057723439,0.018222794318925796
0.8907026138869778,0.060375273316095435,0.017734100572057026,0.016535375681702456,0.014652636543166944
0.9304010767582838,0.03335752769218471,0.012848907944179852,0.013073705843889226,0.010318781761462248
0.7361374307346709,0.1584861648133572,0.04048354855795295,0.03292434842038727,0.03196850747363176
0.7661536478999672,0.1062548103339794,0.04151684973800744,0.043134676737869145,0.042940015290176985
0.8741319905995811,0.06350278412951534,0.01762375887218654,0.019887231800543807,0.024854234598172986
0.8699875520662133,0.060302594022748415,0.025918150066709486,0.020780651255772636,0.02301105258855611
0.8914233118684728,0.06365904194169009,0.012609135960732381,0.015520131451599101,0.016788378777505674
0.9569546927640215,0.0207486466609782,0.007206960152346302,0.007006465840046798,0.00808323458260701
0.8775021843187044,0.05419555812481928,0.025115392130049225,0.023552350681451936,0.019634514744974903
0.6553400639465212,0.1674191788459187,0.07168153953071191,0.05920231874955331,0.04635689892729488
0.8533376521307511,0.052242363465561804,0.04905245980353851,0.024960984304861315,0.020406540295287164
0.9057183052935242,0.05401080870275371,0.017470590527338483,0.011414260925640369,0.011386034550743445
0.948118905484785,0.03199331894089341,0.007145050892750006,0.007492221084148748,0.005250503597423004
0.8449076830996776,0.07489924143896745,0.031109606815391686,0.027271304373922133,0.02181216427204134
0.8899462817402908,0.0485720367276969,0.026387366462400322,0.020718554355140122,0.014375760714471747
0.8566691748711485,0.09475632910622055,0.014459960371029238,0.019476805876503932,0.014637729775098066
0.9365631003385365,0.026584679317218123,0.013511782526646806,0.010745689674194956,0.01259474814340353
0.848162104537247,0.06644797190024723,0.035562494106398335,0.02520465918366121,0.024622770272446227
0.8422698767638849,0.08276242686725299,0.030274316515204767,0.02765382033297545,0.017039559520682306
0.9228371182728776,0.03065328778676545,0.020530496485703084,0.014271166556524007,0.011707930898129456
0.8414813461298857,0.06930307985561078,0.049166494469322815,0.023934551972642958,0.016114527572537726
0.8075942840098645,0.11544861804828224,0.03433227838550035,0.017832170243209006,0.024792649313143778
0.9023091901469781,0.03633864903483669,0.02261026267209076,0.021127684399334632,0.017614213746759453
0.9381219466033712,0.02960489470017512,0.012418582132285734,0.009807735834677265,0.010046840729490763
0.8997529510052004,0.04740344072779914,0.02556495363369083,0.013502458418244169,0.013776196215065609
0.8850447323862282,0.046184507010577434,0.028505065677561583,0.0204663660809711,0.019799328844661783
0.9123621610548652,0.05621595693137103,0.009629113826007755,0.010790315905571916,0.011002452282184022
0.8901595338508878,0.05088072279607466,0.026180581298950966,0.01536994022774745,0.0174092218263391
0.873590054221271,0.07632657106489851,0.019859292070863097,0.014509757316502262,0.015714325326465158
0.858448802474906,0.09386727491556594,0.012597525550261167,0.018206880186471628,0.016879516872795097
0.8958211991645046,0.05830355813731442,0.016353299825013577,0.017032334137782865,0.012489608735384312
0.8989174413838477,0.04065777057243014,0.025132677146375945,0.019068524747398622,0.01622358614994757
0.9453955596426403,0.03248171665753836,0.006321290514126335,0.007515823885781305,0.008285609299913581
0.9444536835637282,0.024826517217841737,0.010137110895860198,0.009645680613250208,0.010937007709319706
0.9330784232737999,0.033857809753145604,0.012938525974494658,0.010280550942713169,0.009844690055846886
0.9533512946002771,0.021691128623915854,0.009671609127934949,0.008063220631724865,0.0072227470161473125
0.7811498716116599,0.11918482822932085,0.03928011551316924,0.03283781049072752,0.027547374155122376
0.8325141311562241,0.09208854797515015,0.025111944435270404,0.02611281143649142,0.024172564996863877
0.9148871137904938,0.043154068267552206,0.014555674746380228,0.01294517791182298,0.01445796528375087
0.8676570062873048,0.06365692562679509,0.0184532096497938,0.02493390652964168,0.025298951906464442
0.9363535885993731,0.025418726643126444,0.015252434205299783,0.012016701388404634,0.010958549163795914
0.8251441124278279,0.09990683482022016,0.027598711362903292,0.025382428755773324,0.02196791263327536
0.9173514988316679,0.03751184697325541,0.01639499786843166,0.01443859739057322,0.014303058936071764
0.9164230047085519,0.03443130025959762,0.02485878027710822,0.011736928978315677,0.012549985776426653
0.91081296668568,0.04851943198027913,0.0174799359247877,0.011108931860581346,0.012078733548672237
0.9369348693461894,0.030364213613303624,0.010020483821882035,0.012403249626770349,0.010277183591854444
0.8051283088078303,0.1256608457127934,0.031053142289924205,0.020854492334367217,0.017303210855084728
0.8569567889472888,0.062433286745327166,0.035448712730068895,0.02253769348674701,0.022623518090568007
0.898529827521007,0.06531580236467466,0.013855115107589515,0.009940817902337567,0.012358437104391377
0.9186944782652979,0.03481297512185596,0.014794829953222727,0.01655486186018932,0.015142854799434158
0.8843605849727756,0.06431390706594607,0.015748737703276422,0.021423952920276816,0.014152817337725016
0.868515864675745,0.05440760858191159,0.024188030398152444,0.026454581184112883,0.026433915160077905
0.9126573126491131,0.04765312915116773,0.016429596023099076,0.012446098497256744,0.010813863679363446
0.8902950068976695,0.041273753082481504,0.03541297879066735,0.016988685857948816,0.016029575371232927
0.9086747340923611,0.05244009750537826,0.013321995093978946,0.013678539188611826,0.011884634119669888
0.8506478502979351,0.08935802380359635,0.02518831045668134,0.018589848263510435,0.016215967178276953
0.8981239926664452,0.054657435846753935,0.017346912330316887,0.01630687386396975,0.013564785292514368
0.9039618961144326,0.05195833979642278,0.01614415400254902,0.01456722232688682,0.013368387759708807
0.8378973196993293,0.09387734940476487,0.027011288354777944,0.02358454342600589,0.017629499115122
0.8987766171737025,0.05750916297452359,0.015321055246718175,0.014485285890031079,0.013907878715024646
0.9070093910209468,0.04681486719015126,0.01562120297924519,0.0169634006309399,0.013591138178716907
0.9137620718941768,0.050008851307715485,0.012764249758175543,0.010870965195796209,0.012593861844136085
0.9239765125227051,0.030556747411564982,0.013796564304254424,0.020892626099322135,0.010777549662153397
0.9007306231297132,0.049435803547658586,0.027425003743672797,0.009510545440480108,0.012898024138475395
0.7981960545298208,0.09228871060523484,0.04449282660845801,0.038759031615123875,0.02626337664136235
0.9103086828076444,0.04863270659553712,0.015687498407924355,0.0117806277524137,0.013590484436480355
0.9305421140851659,0.03179484614077571,0.012765655867881965,0.015662916040140196,0.009234467866036185
0.90924089973368,0.029482952222581984,0.024628433894346803,0.018615430081464542,0.0180322840679265
0.7615411151908267,0.11647585209853305,0.05498278539063176,0.030746018662617055,0.03625422865739146
0.7978048699279294,0.10375433272320402,0.027776886159887593,0.037589971973515726,0.033073939215462964
0.6883336537799275,0.17801486362947114,0.05687966748606774,0.04496224933716155,0.03180956576737227
0.9340695573820808,0.02045303309430156,0.016288770801141803,0.013850007842934461,0.015338630879541359
0.7725949777458523,0.13575060337679717,0.040128996157167855,0.02437140057498243,0.027154022145200286
0.8113384026442957,0.10768450176591017,0.03437847381072476,0.02253517806470234,0.02406344371436706
0.8981192671133679,0.0527628336127434,0.023603705442669893,0.013383274017338508,0.012130919813880309
0.7750379824959025,0.12322207496135684,0.03803219184387692,0.02732111998308046,0.036386630715783214
0.922142792323776,0.035944814180443235,0.022333683951650012,0.009271074058886677,0.01030763548524394
0.9521558636950183,0.020608796484151804,0.01367255345310355,0.006412082962569559,0.007150703405156722
0.877453449140751,0.07292486430979725,0.019212571933263093,0.01585968425327014,0.014549430362918333
0.8842982353948097,0.07050656863456872,0.018378558902366275,0.013091933342020539,0.013724703726234922
0.8588796433979513,0.07825681273917254,0.02175891287143635,0.020777684279376745,0.020326946712063126
0.8845481005966359,0.05385832636299551,0.02613982269960458,0.01656823337351711,0.018885516967246968
0.8892089846364909,0.05330995213907684,0.015854343262012672,0.02519543292515933,0.016431287037260392
0.913406194157084,0.04478971283158057,0.01916840150363503,0.009605508570506977,0.013030182937193557
0.8493389595075989,0.06240915055882526,0.038844699289985574,0.0282052282257684,0.021201962417821907
0.9269201088761078,0.02969387850824031,0.020019719705075642,0.011931973053722133,0.011434319856854466
0.9065419260216364,0.04694761762259073,0.02249892264663177,0.009685762519328631,0.01432577118981251
0.6996978800033407,0.11595185427966452,0.06943236308566907,0.046579261017891345,0.06833864161343442
0.7465790019506616,0.1532069289230705,0.04922428081920792,0.0307678918868193,0.020221896420240512
0.8465683622509815,0.05861046282236973,0.028380640265564513,0.03493577535492588,0.031504759306158175
0.9045281070109381,0.03286742254309253,0.022492115232342427,0.022506553038143005,0.017605802175484037
0.9058253086200104,0.04605841243128772,0.02018521417527754,0.015518774312541523,0.012412290460882878
0.8492983958566344,0.08070009839144276,0.03792698399283062,0.016989976108273092,0.015084545650819282
0.8456367820322872,0.06601010616373959,0.04451093445495663,0.023256131703035754,0.020586045645980846
0.8812722267183479,0.07134854098317882,0.020852956267456636,0.0134515715010317,0.013074704529984852
0.9260579030719794,0.03014558744485209,0.015408812265640328,0.015226180867214549,0.013161516350313703
0.91123306619747,0.044092950575980686,0.01735853524117508,0.01165427862685223,0.015661169358521906
0.8363573652431394,0.08190191502432383,0.03530077632614868,0.022229651136986932,0.024210292269401298
0.7706646684831012,0.09839492003848094,0.06073961239889461,0.033119380353623,0.03708141872590047
0.9222781335010963,0.02376547963964203,0.029656091269071577,0.012417255175321662,0.011883040414868281
0.9086532965198084,0.045927772989524995,0.01822670366146341,0.01362923728176931,0.013562989547434103
0.8249254813973652,0.10265897223465485,0.02525819378829712,0.028826366145209337,0.018330986434473506
0.9047388209656465,0.04922642103743553,0.018885503125279528,0.013962546954021072,0.01318670791761733
0.9182794348081401,0.043785679919334436,0.017040161978058674,0.011264373108895592,0.009630350185571164
0.741698724149437,0.13832187858541906,0.046131379791487764,0.041109176601276984,0.03273884087237897
0.9177386804664299,0.03340295301789292,0.01803133408128592,0.017650754928284995,0.013176277506106164
0.8631810582430346,0.0561277876040183,0.027978219091971117,0.031069370417584778,0.021643564643391327
0.8534711589393557,0.07341150417787286,0.025946566048078393,0.025697282305253113,0.021473488529439793
0.9544899205153211,0.01843655816053561,0.011281987282739544,0.008139013535131577,0.007652520506272403
0.9440102210091028,0.023507564782803792,0.011478658527100586,0.012552867001470737,0.008450688679522235
0.9190026435792024,0.032720424583320744,0.015891583815468412,0.01613946862352618,0.016245879398482446
0.8759145943091655,0.07245748090651061,0.02034645110082175,0.015723679772841653,0.015557793910660403
0.8259753340576235,0.10373060479215228,0.025656037432977796,0.024272766817368854,0.0203652568998775
0.9104769620078496,0.052728639396038,0.014910739845125812,0.01138457989665315,0.010499078854333396
0.8953642149132935,0.05471075633314194,0.019209810882502683,0.016226757941878518,0.014488459929183368
0.8812810275542651,0.05974821023825468,0.023446954880555957,0.018640730311926163,0.016883077014998006
0.9650405653401427,0.015289602834506632,0.007662148220462863,0.006872762703243522,0.005134920901644221
0.9479678586827905,0.022638041600805892,0.012461386528803553,0.009968787404447153,0.0069639257831528205
0.9293254411250828,0.0286549120757103,0.018231170674374023,0.014249720718128255,0.009538755406704421
0.9505582453647513,0.01578016445200573,0.014981213042862674,0.009560008699474152,0.009120368440906234
0.9002751416530566,0.050738086269026386,0.017085348922954144,0.01802976491245871,0.013871658242504071
0.7959664629182346,0.10690624553292734,0.04380322000725645,0.02701824459954407,0.026305826942037418
0.8402868220511547,0.09063866978582405,0.02300233050068953,0.02277190959926568,0.02330026806306598
0.8665214880248057,0.06527217593598957,0.02978323680083584,0.023270037156116564,0.015153062082252604
0.9462081297765327,0.026913846240291292,0.0067393872059037675,0.010463396123358094,0.009675240653914341
0.8609562431656786,0.08385830354446837,0.0164330511716357,0.019304082481630593,0.019448319636586622
0.8329488658593012,0.08659105502827001,0.028557532680409357,0.024716700020622172,0.027185846411397287
0.9230544597812131,0.04194945686681246,0.012556046239639903,0.012203774694522806,0.01023626241781165
0.9591499080385748,0.019625233955659065,0.007410684952907787,0.007400993131645181,0.006413179921213212
0.8679791974968684,0.07456263143507222,0.02492873269124906,0.01665392220841572,0.015875516168394627
0.8670428856338287,0.062236033858840474,0.028994837208790734,0.020745478261139663,0.0209807650374004
0.9454910492207129,0.029948010915728223,0.009229317259401229,0.008873587090741528,0.006458035513415993
0.8861221009990479,0.06597233448625911,0.01876416183851824,0.015337850109514925,0.013803552566659813
0.8996962866982421,0.044259323784112146,0.014460613220142228,0.02176982056810308,0.019813955729400347
0.9208574312792639,0.04780082586345942,0.011510137615728139,0.012402345028788512,0.0074292602127599555
0.8631077544655082,0.07796274352609356,0.02261106701266808,0.020543590296092127,0.015774844699638225
0.815647654185813,0.12656784278419278,0.01715159466686112,0.019734634002801336,0.020898274360331915
0.9190229408050519,0.053965133456373146,0.007098956068709401,0.011355601849439963,0.008557367820425545
0.8894808334478249,0.04744025740656669,0.02736784768370696,0.019089005958217588,0.016622055503683567
0.9210527049962447,0.029877413604354943,0.018438156770702978,0.01703638133792475,0.01359534329077288
0.8658247496788357,0.057694480405067076,0.029887653326506412,0.02693364174977686,0.019659474839813954
0.8746929979630178,0.08924315076832548,0.011025544759857625,0.013910211090068363,0.011128095418731132
0.8787545723256164,0.05721872745779537,0.017578473851069913,0.022317648683536744,0.024130577681981603
0.9309879749022235,0.028608295787784312,0.017931629563894373,0.011232792563652071,0.011239307182445772
0.8970873942006724,0.057052028552983095,0.02079689274921297,0.01302270319192322,0.012040981305208557
0.8682842838362009,0.05611876141563461,0.03424934821626689,0.022911291547055703,0.018436314984841704
0.9128201120499085,0.03844596550041203,0.022369147499417666,0.01144374735645016,0.014921027593811446
0.8407810589576111,0.08776279391499994,0.029591551875982426,0.022336181629263426,0.01952841362214309
0.8683549291107183,0.06504381349723179,0.026812512541000606,0.023340621649837166,0.016448123201212306
0.74998514126943,0.10265454153100666,0.05646189326605461,0.048915012317023644,0.041983411616485056
0.7814441746047994,0.14924547553698803,0.025683743615310305,0.023720511737838425,0.01990609450506405
0.9198598805941517,0.036023471717579046,0.01710441878879569,0.016142242484006822,0.010869986415466664
0.9069537385163696,0.04418257322040399,0.014865202743189327,0.014450877948774555,0.019547607571262463
0.902933833882355,0.04481741392551529,0.01762827245272003,0.013265326488966505,0.021355153250443196
0.955686602560118,0.02516395570341297,0.0072780764098888265,0.006016042505828526,0.0058553228207518775
0.8672896550094799,0.06660639467565921,0.02470303147710572,0.02025241130919954,0.02114850752855554
0.8780731837341645,0.07265337286990106,0.016712981454424087,0.015400395324001179,0.017160066617509073
0.8603621913081613,0.07425822918003738,0.023031434382743694,0.02347397528308971,0.018874169845967806
0.923810825545413,0.0465621167141702,0.009211106401945843,0.009642972154196515,0.010772979184274237
0.7917590729701957,0.12260341347284347,0.030494605115140586,0.02513548077228221,0.03000742766953832
0.9110274687481046,0.03231117820999999,0.02027368348719892,0.01794616763217441,0.018441501922522155
0.9311871338425666,0.03532331866056882,0.012900673833963875,0.010878005638685163,0.00971086802421558
0.936399276110909,0.032464507494107765,0.01293095860087927,0.008986047358437138,0.009219210435667048
0.9612498840033141,0.016105598336628918,0.00794205879906448,0.008310464078575497,0.006391994782416828
0.9235470875352936,0.03016068809362341,0.011946723220428477,0.02230661668237166,0.012038884468282935
0.9075113658195455,0.05584564438913058,0.010775699444965772,0.013828450337215428,0.01203884000914281
0.9651780467187953,0.015407073448648997,0.00614302768990331,0.005712218245914702,0.007559633896737932
0.8932450226385187,0.05189396106372915,0.023801932095470404,0.016769621829254917,0.014289462373027048
0.7694036083907778,0.12706517834623907,0.04670469017025962,0.02348395934022619,0.033342563752497216
0.7000261578687826,0.18336685835218955,0.04181346903180693,0.0334476687219618,0.04134584602525919
0.9411774053015756,0.02444550443425969,0.010888267644307387,0.011318159882915672,0.012170662736941803
0.9199710053868956,0.035334646520314525,0.014794913762669466,0.015781924373181558,0.014117509956939056
0.7659753387886001,0.1520445679364551,0.023685685890037955,0.028598898747060824,0.029695508637845848
0.8879364716095886,0.06750243949534551,0.01623673801625855,0.014832266412982143,0.013492084465825298
0.8503250286492395,0.08556734583204197,0.018760222735145292,0.025448324628472747,0.019899078155100582
0.8592001561911045,0.06919194119856356,0.032807658302809406,0.018419865742353356,0.020380378565169208
0.7312468397614021,0.15707254051188516,0.0466680022591967,0.03399979761681483,0.031012819850701
0.8482812537197821,0.08360523889679951,0.02656578381802214,0.021915477633823375,0.01963224593157295
0.8941444613606764,0.05699135984896633,0.01833209109168092,0.012747918289574302,0.017784169409102105
0.9586869796577037,0.01990123372259017,0.007599173467451581,0.00721324586064742,0.0065993672916071664
0.8894311773070653,0.06527383665560882,0.02297301584150269,0.011769641538725863,0.010552328657097317
0.9309410991240435,0.03357682729428446,0.014240894111560449,0.011142998807516756,0.010098180662594712
0.929505480002512,0.031235361964974954,0.011511784057739938,0.014832488992435723,0.012914884982337482
0.9338706242223049,0.029997812094463366,0.015429441606418235,0.012161426079229055,0.008540695997584332
0.754420673994637,0.14297479302148444,0.03652628362883919,0.03805828006840324,0.0280199692866361
0.8993491259696013,0.05514980185188552,0.014384535258054039,0.018069030758047493,0.0130475061624117
0.9074497792716288,0.03999668769129065,0.021624024295999474,0.012876091044156998,0.018053417696924177
0.8961888153850133,0.040539585296067354,0.022867380654734048,0.022319522548379093,0.01808469611580623
0.967077089059544,0.011968523585325935,0.009437449613716332,0.006235724800511351,0.005281212940902327
0.9151118960357945,0.029894344834130497,0.027944264183186653,0.014236424561967529,0.012813070384920818
0.8703231261386272,0.08403071571627499,0.020672151440478386,0.013419243711182537,0.011554762993436758
0.8580349544804813,0.06651767627569907,0.027622407769649162,0.025820079109917793,0.022004882364252836
0.9434426904018713,0.017735397532119702,0.015433508177537596,0.011774447946871006,0.011613955941600215
0.8739933912374366,0.06464633488748801,0.025831052414088743,0.01906296648080437,0.016466254980182036
0.7912692903757881,0.13874496479733456,0.03738776944051237,0.013429570604292824,0.01916840478207199
0.8744444703662216,0.06714923791675013,0.025588619244856795,0.019151853500073396,0.01366581897209791
0.8919704133401487,0.05399257342497681,0.01933422536182766,0.01732166159609363,0.017381126276953294
0.9612367608898335,0.021485791352288165,0.006896722610977401,0.005135031818428384,0.00524569332847264
0.890209328422944,0.05906242438191733,0.020692358587351224,0.015449019228245993,0.014586869379541484
0.9501365945486007,0.025950215192562145,0.00822829350083198,0.008824690044829421,0.00686020671317567
0.9660648067337952,0.014954503933393341,0.006386941184813955,0.005558747908701341,0.007035000239296017
0.9316629850473123,0.03984446058383187,0.00709410510427261,0.009928824042851834,0.01146962522173133
0.8768747980703182,0.07168278929058192,0.017950349776213403,0.01569484669089944,0.017797216171987044
0.9151893150563576,0.03171323563202351,0.017909510644780767,0.01606495910062384,0.01912297956621432
0.864089633046093,0.10618394592579425,0.009643845135484191,0.011124310020817542,0.008958265871811056
0.8213416137202236,0.11476281630729446,0.02832004612424264,0.01716889290969552,0.018406630938543802
0.8680620034130383,0.07801472197637561,0.025013557822473418,0.015157639095802483,0.013752077692310174
0.9091457415771825,0.05393796127457876,0.014409931403894804,0.011452796469452343,0.011053569274891376
0.9015204590901239,0.057183989439004615,0.014864645320888412,0.013761452614501428,0.012669453535481726
0.8339460334753823,0.08462760913199896,0.03314991253408542,0.027224062295878038,0.021052382562655177
0.8729480557092565,0.06986966669618307,0.019821871214734686,0.02008693622949093,0.017273470150334775
0.8636133122087927,0.07287385256665885,0.02127392300846533,0.023781918812056293,0.01845699340402691
0.8699896815623684,0.06476556642641917,0.031149602261352653,0.014872355719980681,0.01922279402987913
0.9537816683390582,0.02039637666795486,0.01232942992569117,0.006399441901620594,0.007093083165674992
0.9529731444225482,0.026516160763195747,0.006942327745787746,0.0072738804421746996,0.006294486626293475
0.9498822139070168,0.019369572123610384,0.01071106571390887,0.010401122546346077,0.009636025709117804
0.8632999413257201,0.08409966595692808,0.016005260429327216,0.02033681449519678,0.01625831779282783
0.7846727500642725,0.09539372447698256,0.04885280705869705,0.040707730952202675,0.030372987447845105
0.9298645570437089,0.03608416569635463,0.014230923106362302,0.01054430414747703,0.009276050006097278
0.886683462643932,0.0683062954247179,0.015473477617022863,0.015552861211174619,0.013983903103152874
0.9181323586470328,0.0466374671429351,0.010921066718588354,0.012642295283101618,0.011666812208342144
0.8759441068094285,0.05701260594913239,0.01979588362970774,0.02708174435198177,0.020165659259749804
0.909081628449493,0.03140653409588036,0.023118413939359688,0.019018306568848207,0.01737511694641864
0.906419960838416,0.033984205257078216,0.019114650991143227,0.020759158249623166,0.01972202466373947
0.9587923898096622,0.016034099809388334,0.0081403531427452,0.008273734025051438,0.008759423213152907
0.7412700011597114,0.1283305169063763,0.04463137131631441,0.04624478753729788,0.039523323080299856
0.8347397058006987,0.07360147032898809,0.0331935532318919,0.029630382537346515,0.028834888101074773
0.8103330222555865,0.08293678197579028,0.04611610449923792,0.030987165890656095,0.029626925378728974
0.8211207969182494,0.10518382543024218,0.01926533562761858,0.026500670573051034,0.027929371450838403
0.7458777267388113,0.10584241431438453,0.06119068714276107,0.04888982050331734,0.03819935130072602
0.908325702673786,0.05064221165504468,0.01884290264585461,0.00899854493243968,0.013190638092875092
0.9130341970191078,0.03590128506283341,0.019328122466366515,0.015386803417105282,0.016349592034587006
0.8457920664789613,0.08742197233625672,0.021602923997823566,0.023524350521218672,0.021658686665739904
0.9036583074032227,0.03112346414713501,0.028833133845972542,0.018358309952646635,0.018026784651023215
0.9100328643899425,0.04858033994153781,0.012192448850390563,0.012364102028900346,0.016830244789228788
0.7455864190426927,0.172179063339432,0.02781004600676192,0.025705376444190055,0.028719095166923423
0.7506734923721883,0.13814881704386675,0.04298643127772394,0.028315503762055216,0.03987575554416588
0.8900640934304973,0.043318854449128266,0.020824193809868736,0.02310077103488381,0.022692087275621983
0.8173526550409506,0.11286210599449159,0.013782669949754422,0.031180721487764133,0.024821847527039285
0.9572359214596275,0.020484900286074886,0.0061058690568347295,0.008074937499303556,0.008098371698159395
0.8477676777132341,0.06301372467780916,0.031045385186951695,0.030420359706498312,0.027752852715506923
0.834321774268861,0.09006486816069069,0.030116217942676757,0.02222710889347711,0.023270030734294723
0.7674644385834598,0.1565761385938431,0.022042957711331787,0.029303813818663586,0.02461265129270191
0.9032938813780974,0.03986123995620199,0.026705839866518862,0.016762846186873785,0.013376192612308069
0.8742257681001036,0.056115613365729726,0.025221735487542626,0.020093920748100996,0.024342962298523372
0.8563482539747139,0.06814650148333937,0.028934989117152896,0.02094194170508875,0.025628313719705142
0.9195301174165792,0.04119659967969433,0.017815634185453098,0.011343384404252739,0.010114264314020611
0.7286831967762009,0.10000794630277207,0.06211513125260246,0.05246071072891572,0.05673301493950897
0.8151187605244558,0.0875417290404358,0.04717733419656917,0.02539662550642252,0.02476555073211681
0.8628855608992672,0.06615336701092456,0.025848460623842662,0.020982811327704482,0.02412980013826101
0.8893411395497888,0.06394297995643028,0.0183617229636333,0.011506889206775324,0.01684726832337228
0.926079768886251,0.027124310389650325,0.020995203894722914,0.012609435602095832,0.013191281227279888
0.7923399977687181,0.1263277408871087,0.03989064831491848,0.020567468297283394,0.02087414473197158
0.9011835601486791,0.05569088715921732,0.019057921101405494,0.011627771730545902,0.012439859860152398
0.6106072521705557,0.21099071464869612,0.07243713239220373,0.05969672244069712,0.04626817834784726
0.7511179597972982,0.11122150300095276,0.0539901093411854,0.04124965547719858,0.042420772383365155
0.8138862169961967,0.10366531910220338,0.03124447016828039,0.02458180433741783,0.0266221893959021
0.8889094790529772,0.0555237541315064,0.022467697293610374,0.014749332124065654,0.01834973739784016
0.829240088264215,0.11800594810723826,0.017444136254794348,0.01813213872863681,0.017177688645115662
0.9032920020911216,0.06001829606394952,0.012041975433780033,0.011818807974168889,0.012828918436980195
0.8369732525744685,0.10281597824641553,0.023846214624690852,0.017276159018578447,0.019088395535846615
0.8959635929591828,0.04304795798953767,0.02570863140728987,0.01672934898962557,0.01855046865436401
0.8958257204194108,0.042929488882819763,0.0239798442382962,0.01559050657735204,0.021674439882121328
0.7599141309875798,0.0968129554207642,0.05070496948768342,0.04173308132760718,0.050834862776365314
0.8505550137921812,0.06869536432123682,0.02779937283878469,0.0217675651367819,0.031182683911015557
0.9107520040044812,0.04270294842805353,0.02071406608235288,0.016496288873946493,0.009334692611165844
0.8677283851699379,0.05265308208501135,0.020510963042781678,0.029113623088070997,0.0299939466141979
0.9035489102201566,0.042900908955604826,0.0221274612377152,0.014843823445885442,0.01657889614063789
0.9214010024257837,0.02903380379387975,0.020232570667986484,0.015462873969326916,0.01386974914302309
0.8645921540409662,0.05906315957688254,0.03613398604654297,0.023290177560659358,0.01692052277494912
0.8229871368392883,0.0757498019280144,0.034950964059665274,0.035977494016892465,0.03033460315613966
0.8179403866154988,0.08184292282003648,0.04503507269075037,0.03016747762237687,0.02501414025133762
0.8196801102593244,0.09387646705388843,0.03025064472529906,0.03407944331224538,0.02211333464924272
0.9226051682608273,0.04567836868901923,0.01153763631364234,0.010220746279498722,0.009958080457012509
0.8941801767804107,0.0605933105126099,0.01926849609893621,0.014070039560385772,0.01188797704765738
0.8792811507861407,0.07005825259851832,0.015645481128703346,0.017394422826599438,0.01762069266003803
0.8922404339200473,0.055975166932874194,0.020251321743487066,0.016125806634143557,0.015407270769447968
0.8711892230555702,0.05748925076587831,0.02760600197401632,0.020914644492464263,0.022800879712070767
0.7832956349645857,0.10019941180606229,0.03905101400879995,0.04376112565909352,0.033692813561458666
0.801347912072923,0.09673124246819471,0.05391733034895907,0.025650307988762097,0.022353207121161095
0.753005335273811,0.14550357114343895,0.036584279691620994,0.03483849378422145,0.03006832010690734
0.8989157041183493,0.05590734856235592,0.016521087698669768,0.014165865236173473,0.014489994384451853
0.8960154498623129,0.04714678996781865,0.025158142236317675,0.016198730730498507,0.015480887203052128
0.8783187900143148,0.05525143396981188,0.026598968784220064,0.019039505712863357,0.020791301518790002
0.8451139796509295,0.06437529029798321,0.03480740830395515,0.02888566017746227,0.02681766156967017
0.9109881137572171,0.039823127135416914,0.01466974552389564,0.014767283654089382,0.01975172992938107
0.7076909536235547,0.13406282374284473,0.05386434291737657,0.055708422647035426,0.048673457069188145
0.8875077159625357,0.04738114594919745,0.026066900915161274,0.02018995330299512,0.018854283870110313
0.9297860926745852,0.035187498603182064,0.006999085392722271,0.017424807674409064,0.01060251565510157
0.8632573001676385,0.04788308146536517,0.030919391912466298,0.033434787494861604,0.02450543895966853
0.8091517945811356,0.11506655176606763,0.026907662216635705,0.024186164191425042,0.024687827244735866
0.8177775711218034,0.07971235270630778,0.036124624635878226,0.03060979989016441,0.03577565164584626
0.8257737044684328,0.09600623599997338,0.02172547701828731,0.0312661750054197,0.025228407507886984
0.8772291110444782,0.06545946090053381,0.016038202059938503,0.019404964936150702,0.021868261058898896
0.9163217269213569,0.036652495216048714,0.011581839119049715,0.016977724009768772,0.018466214733775865
0.9302660538721526,0.03374227809684995,0.012150104063766437,0.010971528887619179,0.01287003507961183
0.8914160319814243,0.06906454606585628,0.012428329592352263,0.011474874489404732,0.0156162178709624
0.8775556114016634,0.07656495542279552,0.015900886830179484,0.013741469709334049,0.016237076636027466
0.8890306953575937,0.051367043403635924,0.02300381453761302,0.01979166266868388,0.016806784032473186
0.914051496948263,0.044930550244087625,0.010818696292036972,0.01354106964327471,0.016658186872337753
