Delta_Power,Theta_Power,Alpha_Power,Beta_Power,Gamma_Power
0.8654973982304802,0.10452973265424403,0.014721532403473358,0.01061196500760883,0.00463937170419365
0.874046079994,0.08684233163569474,0.01995040831952045,0.012988348104520726,0.006172831946264173
0.9025768947241339,0.05899834495515026,0.022893330277667108,0.009784487763976455,0.005746942279072186
0.808749492154666,0.11544045504492509,0.04188556897384246,0.023473607735459916,0.010450876091106525
0.9066021251590475,0.054356296470639553,0.02077644209748587,0.012190310042459091,0.006074826230367857
0.8082990866408634,0.09534156419488861,0.0581862086528865,0.02480710814095963,0.013366032370401931
0.8591231414922188,0.08435827493169394,0.031175153023270567,0.015366217905119188,0.009977212647697431
0.8898174449359274,0.05742617561227496,0.025792691618030755,0.01634396853005427,0.010619719303712574
0.9384285474562886,0.033839659639315116,0.013404955976650746,0.008154040913111006,0.00617279601463471
0.7000830484356553,0.22186077638818807,0.035988983979170684,0.027390578292346323,0.01467661290463978
0.862614844789912,0.09143656678847242,0.022725833678117428,0.016720775368462233,0.006501979375035652
0.9413611502627065,0.035260132573215315,0.014379388211903184,0.006102958851908973,0.002896370100265966
0.8524260905210324,0.09006573732195923,0.03255375803940738,0.017480119363380803,0.0074742947542201996
0.8885558316533532,0.06697322818176092,0.021130407656153087,0.01639014102178259,0.006950391486950071
0.8643824259607539,0.08805731928244445,0.029253589440326813,0.010779767768698396,0.007526897547776539
0.881279932855254,0.0724835421378233,0.0327082497860677,0.009338096417198287,0.004190178803656527
0.7662029123664179,0.16269613432705657,0.03242225768892065,0.026402657642574573,0.012276037975030372
0.9020743710830267,0.060379377064807574,0.015583398050624232,0.014495236673685276,0.007467617127856211
0.9553093990856508,0.02100482572276915,0.011812341919898842,0.008205270818991375,0.0036681624526895586
0.8784791314036096,0.08304625941390086,0.01734319584288344,0.014651454976974036,0.006479958362631915
0.9027825825663024,0.05569028300545198,0.019935563020012606,0.015071078981279303,0.00652049242695367
0.9073082765164027,0.054624553720372636,0.015516689418352637,0.015795285718472003,0.00675519462640023
0.860022736691747,0.09410628377083426,0.023551904171734087,0.01460776464688549,0.007711310718799145
0.9055308776576425,0.06106726268293583,0.018927825867539494,0.009798296305931837,0.004675737485950367
0.9604724175408784,0.026816850090164362,0.007500961616165009,0.003560999280978471,0.001648771471813722
0.9258840569335461,0.045318997600377484,0.01321915495447419,0.010090946940998814,0.0054868435706033735
0.8231615273327719,0.11728564511146643,0.029491126202512503,0.022750979761228144,0.007310721592020926
0.8622305752668891,0.09040651646453006,0.016781301115094963,0.02154625780824706,0.00903534934523865
0.8323873636378659,0.09790389372018408,0.025943462983367527,0.02861420262008911,0.01515107703849334
0.8749328771389525,0.06981396356344964,0.02850709080671796,0.0164258025568184,0.010320265934061627
0.6806159791832711,0.17581069974663505,0.07869827883571115,0.04209754404513264,0.02277749818925012
0.9263490610634604,0.04872849987339486,0.011659757782115358,0.00865693185017021,0.0046057494308590465
0.8497904493374662,0.0975080015495656,0.024408417018104613,0.018162340853914927,0.01013079124094865
0.8417217635318893,0.10263537161839822,0.03073949343857333,0.017727609385728413,0.007175762025410853
0.9308763998271712,0.03849197934848509,0.015998943221463988,0.009632483295421728,0.00500019430745817
0.87903005694639,0.06291290401939964,0.02896270330547528,0.01777345497322538,0.011320880755509709
0.7661188595187348,0.11574279293005015,0.06801723914132035,0.03304488948499233,0.01707621892490243
0.9062912481459799,0.05361219571301628,0.023509803685076443,0.010673312164578475,0.005913440291348843
0.8495088373434365,0.09060730997059477,0.03125035993122671,0.01959141821340317,0.009042074541338834
0.8361960824533393,0.12092663412223466,0.019894808805149572,0.014517579010220117,0.008464895609056352
0.7702479054445186,0.14520210669431888,0.040397374881375646,0.03140550245668571,0.012747110523101067
0.8884267435226938,0.07309583672016619,0.016782349342968374,0.01482825747479655,0.006866812939374825
0.9236990437189998,0.052868770018701335,0.009427383096558804,0.009481703333395071,0.0045230998323449725
0.8990205562965708,0.06245587031780235,0.01455341163420178,0.014763171530732021,0.009206990220693118
0.8117528811976775,0.10663859520491376,0.04168441364357267,0.025287717735359153,0.014636392218476905
0.8355959811793416,0.11256008975461178,0.030882005969054445,0.013440803680994855,0.007521119415997299
0.7834356368673365,0.12701425464796537,0.05940348852941318,0.02031766359986301,0.009828956355421938
0.7085500960423853,0.23202032854421734,0.03101082224178365,0.01932891556786021,0.009089837603753398
0.9130257595735963,0.04807077812693755,0.01586474569636046,0.016833270575956686,0.006205446027148913
0.9166272061853433,0.05222435177000932,0.014423857202286965,0.01273393068142555,0.003990654160934896
0.9115710448465787,0.05889806874026002,0.01693789845800793,0.008969992136259632,0.003622995818894011
0.8163850386360192,0.14115355903433352,0.01953203121187942,0.015606106644798274,0.007323264472969547
0.752926246280272,0.14173808265886131,0.05707590442302044,0.03109632782760707,0.017163438810239403
0.944697571312114,0.025988030434439004,0.01487400762051387,0.010239727449523084,0.004200663183410037
0.77717035695918,0.1445466468173419,0.03669251834633826,0.027062534473539297,0.014527943403600679
0.8591131508634464,0.06746768125192082,0.036343545516309736,0.023968185018949796,0.01310743734937334
0.8588972997853153,0.07995622893916793,0.0324164513412089,0.017659060799958635,0.011070959134349233
0.9210811023679423,0.049356018200502005,0.012211355759861096,0.012506267821563348,0.00484525585013098
0.9413045625681856,0.03844965372814268,0.00947087977523407,0.007288077508840663,0.0034868264195970183
0.923503326378823,0.052227511985801056,0.009734830153489084,0.010190239713325906,0.004344091768560932
0.8893249847651008,0.07445708073604099,0.01852266945254433,0.01114483640991849,0.0065504286363955565
0.8363445110592744,0.11399672235940278,0.02427453696116607,0.01518939966499601,0.010194829955160795
0.8639733879523074,0.08406034740451225,0.026417940221906838,0.019005637987570122,0.006542686433703272
0.885395865438229,0.06251154688633832,0.028502404681213105,0.01752849532428636,0.006061687669933093
0.8373978993297968,0.10925966946243841,0.024054063751860668,0.019848267841271493,0.009440099614632394
0.8201084924161148,0.11423081507918388,0.03697426973830581,0.017910696585141536,0.01077572618125384
0.8451417398210898,0.10317191478015923,0.02522128923677428,0.017076649458011735,0.009388406703965232
0.9141874678212322,0.04406253857810547,0.01844384963298473,0.017555972887367887,0.005750171080309511
0.869289242167728,0.06816504179440099,0.03409537397843591,0.020128304220223377,0.008322037839211694
0.9360770913301427,0.036382407497899685,0.012081128744016248,0.01158735834992697,0.0038720140780142106
0.8681815259796618,0.08216980496492385,0.03009693171867695,0.012586529015762531,0.00696520832097495
0.8223271602276143,0.11742587825822694,0.026755807178086607,0.02415471382133434,0.009336440514737676
0.9081032070635214,0.049911441683889196,0.021116463020945837,0.014799163435393791,0.006069724796249693
0.9362896211465513,0.028876322682377126,0.020509408311365107,0.009895216448227105,0.004429431411479279
0.8963737051964785,0.06399302246111463,0.018824739958492112,0.012811491714698833,0.007997040669215845
0.8979913675351523,0.06196552763317237,0.021363574369613857,0.012968753269698893,0.0057107771923626885
0.9173283181283852,0.048510162564770164,0.01801629723520148,0.011932888978170048,0.004212333093473108
0.8491807650082761,0.08268234110165175,0.04373661705071675,0.01659428659182129,0.0078059902475341135
0.9197692102036803,0.058796062082351774,0.010262950512651033,0.007525311126065605,0.003646466075251385
0.9456312739059932,0.021637850015659207,0.015903922208930173,0.011585831652435832,0.005241122216981496
0.8666857175711943,0.08163839959869035,0.025576845164484312,0.017852679908913975,0.008246357756717313
0.8847101702403771,0.08664090852785075,0.011638405452407387,0.012012484061004735,0.0049980317183601535
0.9296212873419148,0.051174867863895995,0.009724321417960926,0.0064419932953132565,0.003037530080914894
0.8520013028932373,0.09436412607311884,0.02566740927280813,0.02129181323773786,0.006675348523097793
0.6218089779182608,0.22006066485654677,0.09378791194519412,0.04638071915479586,0.01796172612520248
0.8708923403266594,0.07825328619149799,0.019977960226237407,0.022703918387294714,0.008172494868310584
0.8348772519717803,0.11301111351977555,0.028465240329655576,0.017081528056633585,0.006564866122155111
0.8294237353587737,0.1154970592576186,0.031671674049051544,0.016375185942121596,0.0070323453924347225
0.878715831358065,0.07886271143655973,0.022467439005763944,0.014194113600298583,0.005759904599312393
0.8268607791687539,0.1174517786692359,0.03204511956607647,0.016228356844960445,0.007413965750973306
0.8146727751911841,0.10953143431980168,0.04001660589923695,0.026322434097642972,0.00945675049213402
0.8262112366740706,0.12807033028397716,0.024139037839372234,0.015107259696965837,0.006472135505614163
0.7143671749859399,0.17569473675908737,0.07251825451441687,0.025241015612863578,0.012178818127692158
0.8577650557115717,0.08967709316204606,0.03468333219658573,0.013251760532491913,0.0046227583973046426
0.8823648021081205,0.07962342635483527,0.023694732630664517,0.009702171634251376,0.004614867272128327
0.9195716155627923,0.04749486842277981,0.02098851634239823,0.008033823369085097,0.003911176302944464
0.8593301054887813,0.07632698596469419,0.033979169023535004,0.01998471262197284,0.010379026901016502
0.8815151163409345,0.07155093250709764,0.024315303160463857,0.015546571701428641,0.007072076290075291
0.8320889529443193,0.12356001881606708,0.02194284299898177,0.015427929214009798,0.00698025602662219
0.830654789905061,0.11356388172487983,0.032345964321393444,0.01638516994755548,0.007050194101109958
0.752667457401159,0.16350954160021733,0.047709258822450785,0.02619851379389913,0.009915228382273699
0.84367165112334,0.0919051352230336,0.037450141735991545,0.020555902520562604,0.006417169397072229
0.7598308293912276,0.16921504272588517,0.040704253259492514,0.022033395541474085,0.008216479081920759
0.9102729334335347,0.0485539352425027,0.027039419803128364,0.010159073496398262,0.003974638024436216
0.8647769741801751,0.09251643698360396,0.023893237738346163,0.01352093283704399,0.0052924182608307
0.8363890007021876,0.10406114055897249,0.02622838532315092,0.02377028426955695,0.00955118914613231
0.8250638765503403,0.1164867595992356,0.03180364838906554,0.01676064526031073,0.009885070201047794
0.9483994555180845,0.025613760684896056,0.014719002753210244,0.008476007849748007,0.0027917731940612324
0.8561932807041709,0.1111044036790204,0.01323546673843425,0.011982146542280593,0.00748470233609395
0.9187988047956374,0.05738748775447827,0.010815919552558208,0.009123968452825246,0.003873819444500948
0.8429227326831471,0.08564145369010404,0.04139182247010455,0.02157047675482278,0.008473514401821489
0.8664424740961979,0.08006198656085077,0.032564164076912434,0.014625927513874258,0.0063054477521646505
0.9309765521061342,0.0467490519257222,0.011439962161607522,0.007380137743596549,0.003454296062939438
0.9361372945470137,0.03093485384220307,0.018495418454779415,0.01095002255001679,0.003482410605986836
0.9246000232138791,0.044716374697997774,0.015024849385665059,0.012074225117341448,0.003584527585116513
0.9495274768227477,0.02960852790787274,0.009130969011099202,0.008810594758992941,0.0029224314992872535
0.8896796635345143,0.06099671720010708,0.020572995593735016,0.019613829083697517,0.009136794587946221
0.8696282987290658,0.07347023449081368,0.028581238107654866,0.022455449466666735,0.005864779205798864
0.9135239962329662,0.059998499774463886,0.014214171621639612,0.008528916173736524,0.0037344161971935527
0.8985629939751882,0.060184444011869884,0.024990102426153595,0.010959298534857527,0.005303161051930839
0.9030590710828286,0.05647150706537248,0.019862023372281344,0.014970389954446443,0.005637008525071155
0.837534471849449,0.061795324264635694,0.0596059876627613,0.0283177593837955,0.012746456839358813
0.7820522442590208,0.133688887127573,0.042963502093147095,0.030077203401249954,0.011218163119009248
0.9007377001990571,0.0653215655285378,0.01610645943445448,0.012101932768282914,0.005732342069667688
0.8312170468290365,0.11099553474161737,0.026780276516813865,0.021922499109444892,0.009084642803087479
0.8441370522327171,0.10961313347042885,0.020175347785636406,0.018744443546647133,0.007330022964570393
0.9601519305240283,0.02736722889156091,0.0064122745911745025,0.003921299393459111,0.0021472665997773347
0.8693170695272039,0.08289493709005212,0.029344594430957792,0.01302706448154813,0.0054163344702380396
0.9229546025741564,0.04252381565337575,0.014536102380021391,0.014983018697358212,0.005002460695088248
0.8260571154322869,0.11657237555382498,0.02775325132478727,0.021113414900575753,0.008503842788525059
0.8723558557663832,0.09094885537533268,0.02171374189853595,0.010559219367672004,0.00442232759207621
0.9244540431836161,0.052567768813525366,0.014238993765502882,0.005648321302130892,0.0030908729352245316
0.8228753362803146,0.13012633317315828,0.027281930977256105,0.01253022184522136,0.00718617772404961
0.8078617315711004,0.10997205853772196,0.04151586757231828,0.028917767386011813,0.011732574932847583
0.895384593221299,0.06726575331329832,0.016127480553169662,0.016464090359884758,0.004758082552348184
0.925754898550604,0.04581174519076302,0.01565970847086469,0.0088383954712098,0.003935252316558514
0.8132845201345309,0.10383006652679812,0.034478539182407106,0.03287554060701253,0.015531333549251384
0.8838629450104627,0.055982278689308294,0.0322633238456142,0.02103998761884577,0.006851464835768964
0.7989379763806805,0.13063363437155215,0.037404588420627466,0.0199747896363646,0.013049011190775362
0.7042127836489069,0.06948094218987606,0.04231245468471435,0.0730888826007246,0.11090493687577781
0.925416143278304,0.029495113232202004,0.021253164449561778,0.011628687210397564,0.012206891829534487
0.912363378504511,0.04244177635030285,0.02414517486483942,0.015104478421094832,0.005945191859251639
0.8981452010481351,0.057093939214726996,0.026361067656535293,0.013436928288452065,0.004962863792150348
0.8526949214533658,0.08209186098051201,0.03592577602471959,0.02161892853863357,0.007668513002768886
0.81962121376227,0.10611463335906929,0.03728487521864386,0.02795360375562268,0.009025673904394101
0.8719001198681825,0.08231887874711673,0.02130256693883168,0.017464327210355058,0.0070141072355141935
0.7804936698527466,0.13170239844822992,0.04794716637137429,0.027095586722539068,0.012761178605109846
0.6323124422237254,0.24515479159140044,0.07359507803595627,0.03119220429496945,0.01774548385394825
0.8402145218216809,0.08438005019494701,0.042268980234898314,0.022610765940979872,0.010525681807493692
0.9002405769791119,0.07179896034290704,0.013488535121471242,0.009306791199352678,0.005165136357157053
0.8327094151682353,0.11447601713128029,0.027840167314522147,0.016403634230438703,0.008570766155523461
0.664601870443101,0.23462815257668945,0.057030103730294296,0.03135556969385121,0.012384303556064036
0.894154273176995,0.06300391954997639,0.02206772116617103,0.015446058687807889,0.0053280274190494175
0.6170031243226147,0.24150385419858106,0.06914422035012889,0.05237493730679701,0.01997386382187841
0.8868004137235507,0.07889806835202492,0.014430626311383097,0.013676940907856951,0.006193950705184382
0.8308858742068759,0.1045198603467559,0.02535568016784276,0.02855521790515836,0.010683367373367132
0.8961645618708067,0.05650525289694261,0.03065385874387877,0.011227259137657243,0.00544906735071474
0.8034753650130626,0.1330208590725646,0.033092233799056174,0.019169757082820208,0.011241785032496376
0.8493510921002984,0.11126247815835641,0.02087488492098702,0.01310331697563793,0.005408227844720264
0.7155744405037276,0.19415725021829777,0.048071392487816014,0.03186756816293607,0.010329348627222549
0.9378090458162877,0.037359672185695206,0.014074777443201176,0.007534639723709883,0.003221864831106119
0.8275753232259467,0.12396021747305623,0.02141180081780324,0.021697750460451096,0.005354908022742582
0.8400076082888968,0.11025896885248244,0.02891118300862498,0.01539854942155316,0.005423690428442778
0.9032276723459431,0.06815855334647655,0.01599303807908135,0.008840447994878362,0.003780288233620566
0.903336344033518,0.05441705743919603,0.019513050584610465,0.015792286700398526,0.006941261242276847
0.8651091789406212,0.09495048058622056,0.023928311293365003,0.011116330637711008,0.004895698542082187
0.751486825994864,0.17373842375922943,0.04368707477460638,0.021882468142285914,0.009205207329014203
0.7983203833764101,0.14917763147767218,0.023567546696757133,0.02168999704229301,0.007244441406867684
0.7393229137563427,0.1596175780449714,0.05937442013486699,0.03219326883325263,0.009491819230566226
0.929986724560274,0.038597951803679045,0.017691335954669558,0.008897651928865529,0.004826335752511901
0.9001966454892081,0.06447151436386464,0.017067779980562924,0.012371547553367439,0.005892512612997026
0.8293730933701712,0.09434125048656619,0.03703973373777293,0.028835108558521654,0.01041081384696814
0.7962793143761591,0.14727349783802038,0.027934865205865102,0.02187786819373634,0.006634454386219088
0.7458465141955055,0.19684411211018207,0.023203053963583527,0.02234757680502862,0.011758742925700257
0.7710572761300161,0.1718602983053753,0.02829352853578599,0.0206406109281898,0.008148286100632927
0.8264133230160776,0.08664448844469165,0.05428880184863601,0.022959300047438645,0.009694086643155915
0.8931086922884599,0.06705143640652954,0.02286463211013995,0.010350894211727631,0.0066243449831430235
0.9164731406098471,0.04179936964921852,0.023332784491803853,0.011742217251028877,0.0066524879981017665
0.9452850103906701,0.025468428531338475,0.015125438080310616,0.009651311593100302,0.004469811404580613
0.8318825025366317,0.09232843272877972,0.04065091824534466,0.024334739003378736,0.01080340748586497
0.8582138060498411,0.1000703131625392,0.017165314928646695,0.018533469943465473,0.006017095915507392
0.8012976169799245,0.12431850914678788,0.03926239572454013,0.024444033026332686,0.010677445122414968
0.8698101399037939,0.07484099242693519,0.03215817949386859,0.016821116281391876,0.006369571894010294
0.7752443415867398,0.1488205888189856,0.04283392142864811,0.022112139427130684,0.010989008738495747
0.9129324228507257,0.04932826995903446,0.01650327429098837,0.015358514377876541,0.005877518521375219
0.9236430024461927,0.050424520142424836,0.013204067710346845,0.009320936440525132,0.003407473260510423
0.9253514727102254,0.04633714976952264,0.012912893072897676,0.011075252591845984,0.004323231855508276
0.9080937582440283,0.06114350374167195,0.014013970343895912,0.012232896550236183,0.004515871120167836
0.844454033522129,0.09374236543378787,0.02711996012232613,0.02260295685874978,0.012080684063007208
0.9125065181075862,0.04257889463820068,0.025127167261077738,0.01455976978111016,0.005227650212024981
0.9264504913668583,0.04155608151964715,0.01673380981419109,0.011202502671845792,0.004057114627457672
0.8800931721575798,0.08283320998696297,0.017909512334229296,0.013288723308466949,0.005875382212760993
0.7563648228647846,0.1835203183130719,0.02933177652370202,0.02035619324340962,0.010426889055031845
0.9266198966306308,0.04199475681212443,0.018022650723985744,0.009632631155295316,0.0037300646779637346
0.8844545897838576,0.07313522144167779,0.024288865202474107,0.0131595244961533,0.004961799075837092
0.7973974768045917,0.14695585848737697,0.03245896123633071,0.01519194936930979,0.007995754102390696
0.8892177530308295,0.05216901034946397,0.03261387098980197,0.016829634319919042,0.009169731309985392
0.9031427806038886,0.06255413833517537,0.017262598496355173,0.012208960350605359,0.004831522213975348
0.8172812426230192,0.1221724749686205,0.03958535910416987,0.014353744258576554,0.006607179045613833
0.9411250408710428,0.02825054675739201,0.016550751282416124,0.010133488543955417,0.003940172545193667
0.7678157887799176,0.13169371092459078,0.05041186168481371,0.03839018121727733,0.011688457393400555
0.8016633299567281,0.11148090217246702,0.041776065835608174,0.033917852644503955,0.011161849390692686
0.8846794914011842,0.08106513135545648,0.013690703050173185,0.014900008644012638,0.0056646655491735375
0.8874242399675341,0.0723860521267469,0.014241300224187578,0.01735818410714358,0.008590223574387908
0.8463732633135812,0.08651815125888401,0.032903235109303854,0.026110483248774356,0.00809486706945633
0.6434016191649172,0.23520794144805685,0.06207790391365853,0.04538985839787775,0.013922677075489928
0.9027370650403231,0.06895242923629905,0.012912884022808045,0.011252169775016214,0.004145451925553778
0.8840424512807745,0.06610964526890334,0.03096739822941066,0.012765922804983518,0.006114582415927836
0.9299473202880861,0.04438871460927991,0.01200496095663383,0.010016047304834751,0.0036429568411652244
0.9352610945784399,0.039392762015681884,0.013743271635060077,0.008334788322789947,0.0032680834480282757
0.8754602865775064,0.07885270351880455,0.024410542913273763,0.014952100684527058,0.0063243663058881
0.9373957685959939,0.03137127903481816,0.021121850418382628,0.006661404759808512,0.003449697190996733
0.9424955559371079,0.031374381294533696,0.015077635723299317,0.008122272798910824,0.002930154246148486
0.8867254557771511,0.0628092651579958,0.029403241500055972,0.015691835173075236,0.00537020239172194
0.8212824514169379,0.09773378716719346,0.04400527037434544,0.02822971155375457,0.008748779487768704
0.9297198383027763,0.0466804770873125,0.011902262328424703,0.00936697787865895,0.002330444402827501
0.8405044067637509,0.10894842576077807,0.027381335142494655,0.015792964128560457,0.007372868204415821
0.9292004626167905,0.04274433336554911,0.013181705232720496,0.011236205026878197,0.003637293758061779
0.8923681667079191,0.07335882834392368,0.021098371650941496,0.009039511197139815,0.00413512210007607
0.9096264480274631,0.04745788912522946,0.02268999226961709,0.013579659781900637,0.006646010795789658
0.9202264640540578,0.05286053704507276,0.014696593708239197,0.00925453469201177,0.0029618705006184925
0.9658566114317109,0.021771329202783792,0.005831427081983229,0.004750702366225644,0.001789929917296674
0.9291652833114089,0.03864358774224684,0.017787870453745535,0.011230110522812671,0.0031731479697862186
0.8738926122785955,0.08252535802432487,0.02488771926816709,0.012340915258696092,0.006353395170216543
0.9600041806828978,0.023275832974346808,0.008191564872942592,0.006514253952349244,0.0020141675174638438
0.9402814417221107,0.03125564068821357,0.015269125231649323,0.009769054690915567,0.003424737667110956
0.8582574697649922,0.0805577932094104,0.03537946134810552,0.016784867346784603,0.009020408330707438
0.8070014667339075,0.10874736497807884,0.04272040624580638,0.02656156343461311,0.014969198607594087
0.8444059660069735,0.08899076288575399,0.036426635704903204,0.022255013994283257,0.007921621408086176
0.8411788754615551,0.10234449142158386,0.026499311088384946,0.022952141503455967,0.007025180525020202
0.7946223251526469,0.13036109761978712,0.04460107122090368,0.02155800827324374,0.008857497733418521
0.7784419373854189,0.17121808273459388,0.02220831216057969,0.020814186724859924,0.007317480994547715
0.9225817907359358,0.04830705307673362,0.01434516779836818,0.01023827098795017,0.004527717401012333
0.8224107569914351,0.1105224702759003,0.040413844166476344,0.01941976704632424,0.007233161519863997
0.9598337757276816,0.023861648908272973,0.009223227121346657,0.004701201794581335,0.002380146448117464
0.7457942492345916,0.15487718360402197,0.06285786611784985,0.027508913475048868,0.008961787568487698
0.898918136784555,0.058673790187392987,0.02026506354020868,0.016933102284761203,0.005209907203082032
0.8137931318297141,0.1329909755989933,0.027157664697673424,0.018427295695109525,0.007630932178509941
0.8425716595011455,0.12173795032096504,0.013597555738904444,0.015939030768717728,0.006153803670267087
0.8846809846117559,0.08054988055919506,0.016156214472143198,0.013081030616560433,0.0055318897403454055
0.9154463623651332,0.06555296331058683,0.008949224226713789,0.006866868773541579,0.003184581324024721
0.8655202905311603,0.09057658731848418,0.026530018024979663,0.012177926446603194,0.005195177678772623
0.7899200266309921,0.13256920645466355,0.04323627548818226,0.023814130935906813,0.010460360490255217
0.8951582713276578,0.07407544100582011,0.016521090460287307,0.010412453332599575,0.003832743873635328
0.9438651076806943,0.03751982259026711,0.010275372728613738,0.005847851049591677,0.0024918459508333594
0.8645954611403877,0.08585647185210209,0.02630454383629312,0.015330525759656675,0.007912997411560619
0.8760367269775327,0.08220646064036254,0.021283183644365385,0.014747039245277682,0.005726589492461683
0.8585375438729892,0.07677092548666628,0.03586480814156329,0.02049676293078762,0.008329959567993645
0.8893714525504658,0.07553559667293677,0.021674887503654698,0.008764206293038689,0.004653856979903946
0.8486357674114474,0.10227733762720428,0.025465302504326087,0.016881140149282513,0.006740452307739685
0.8207181898935157,0.11289872568538899,0.03922529105750348,0.01908747632799086,0.008070317035601076
0.9304114357384129,0.04166282716783636,0.01271255190007407,0.010926149810272715,0.004287035383404137
0.944505322529979,0.03830332567969243,0.00848028664840407,0.006212759545480396,0.002498305596444102
0.8910782743524593,0.07637033241681881,0.014304499774689889,0.012937598446099426,0.005309295009932302
0.8709063821842418,0.07880939460454592,0.02321960834370437,0.018737733398528005,0.008326881468979945
0.8807216224419903,0.08606024574573597,0.01482576348171625,0.01185094228491388,0.006541426045643798
0.9165872180241404,0.0465929697461684,0.020589200584522238,0.011414101665652683,0.00481650997951621
0.7606438643332288,0.1479759200213472,0.05189575431393787,0.028865110864886828,0.010619350466599361
0.8283983754398337,0.09826343570392984,0.04854897283660754,0.016614778661780613,0.008174437357848136
0.8512125683829755,0.0854206109567891,0.03505900472193645,0.018354970624406528,0.009952845313892414
0.9592547441876366,0.024420510446848575,0.009992856332104755,0.003907658087428306,0.0024242309459818574
0.8725246807054744,0.07640482037471866,0.02355975706743585,0.017699431714214828,0.009811310138156216
0.8935560676677021,0.06684918142317889,0.016955827118939476,0.01663952066644878,0.005999403123730872
0.8795896814765726,0.07775302827472484,0.02597988139448447,0.010704529548522053,0.0059728793056960175
0.9030238063206889,0.0610501745127897,0.01880294392966621,0.012619143121947255,0.004503932114908085
0.9387265976884154,0.033836321014630306,0.015543031225516946,0.008358484861509455,0.0035355652099281387
0.879262945212682,0.06516156374055586,0.026452165943102818,0.02021585050751327,0.008907474596146152
0.7789443948856545,0.10404980875769572,0.061494974744469945,0.03916741018779005,0.01634341142438984
0.9019084408780489,0.06264177683784496,0.02021681535647816,0.011411407370741476,0.003821559556886448
0.8482516689553029,0.09271047431264932,0.03562287778333092,0.01619408092380747,0.007220898024909583
0.7747609719374059,0.14381978896303088,0.04815056941765144,0.021724474420944034,0.011544195260967732
0.9189933568006439,0.04091508644262328,0.017907669951947414,0.015066977277876006,0.007116909526909514
0.7218742456583606,0.20202051174502744,0.04627256838274566,0.018464773737712426,0.011367900476153981
0.7965683878967776,0.13013190789073775,0.03785233998384196,0.028171759190719847,0.007275605037922834
0.8644768423705919,0.10476847280785344,0.01310982397808812,0.012407857932905084,0.005237002910561802
0.8331823447339923,0.09428222369250254,0.04111114912934153,0.02154158100526455,0.009882701438898966
0.8930051407083622,0.04359924773034069,0.03462859426647918,0.02146777616174155,0.007299241133076199
0.9025698362934358,0.054830958169124665,0.018659956161957,0.01778544027875963,0.006153809096722846
0.8880812596636694,0.06361603065675801,0.019738101215033364,0.020904734510678247,0.007659873953861003
0.8240480279665782,0.1266922107804684,0.026606636235591997,0.016365755639904046,0.006287369377457409
0.8150212201912972,0.11038414623379969,0.04711036686310453,0.02025150619017479,0.007232760521623671
0.896552557245457,0.07653384425932473,0.014611845389700933,0.008279437129300203,0.0040223159762171655
0.9292838589901701,0.05136155611693867,0.01113984664533093,0.005657828910629763,0.002556909336930465
0.9249993383189992,0.03840616040972278,0.017985504533708792,0.013401381707906319,0.005207615029662866
0.824173265339624,0.10149835718362485,0.03963859369240884,0.024201065365042088,0.010488718419300208
0.8958465963909672,0.06279323304744323,0.021974771582797207,0.013764086162396131,0.005621312816396369
0.873407019921765,0.0963551314996207,0.014332394841439042,0.01140594604198888,0.004499507695186542
0.8869696984616894,0.06440514886572479,0.02746903837215261,0.013480173724131163,0.007675940576302113
0.9241363822354165,0.041402670083992274,0.01799847068275853,0.01222897451133675,0.004233502486495977
0.9036770441830868,0.061825182011898794,0.020182902344462003,0.009652233400206196,0.004662638060346212
0.9017234158649624,0.06556526458888634,0.018187538031447913,0.00966412929860609,0.004859652216096976
0.898055966261047,0.050304331337690245,0.02642933059740115,0.017952870117886145,0.007257501685975746
0.8713671324613264,0.06902762318714559,0.03206894186501339,0.020909056103058165,0.006627246383456656
0.7966560979428433,0.12198235903300676,0.050020009651714645,0.023958829908531022,0.0073827034639041686
0.9016151499987164,0.04569654194287554,0.03326036828101562,0.012560474736091265,0.006867465041301208
0.7449571404790507,0.16830396748113902,0.04045310811845589,0.031357309907679785,0.014928474013674682
0.8339061959282351,0.11563623778042079,0.02455949118187734,0.018006814837474888,0.007891260271991782
0.8825760992125072,0.06244327268964655,0.03527911534615216,0.013157897655783091,0.006543615095910887
0.7710401693144726,0.14556325434019549,0.05230007236202332,0.021816021644013528,0.009280482339295001
0.8083312019175555,0.1273954323755781,0.03431136808896096,0.022408929894864066,0.007553067723041262
0.9073203866285333,0.0602042605185642,0.019247089709703364,0.009567565667703901,0.0036606974754952335
0.9298170906133855,0.043709169971931625,0.014887274189867492,0.008857680975672935,0.00272878424914253
0.8412900683195007,0.09136143139546181,0.036349297150582084,0.021313699551734403,0.009685503582721038
0.8970483129434783,0.06561081890387566,0.022358200930572013,0.011267689385502514,0.003714977836571368
0.8681394037745704,0.08980305449062119,0.021930114463576827,0.014796516914326674,0.005330910356904921
0.9231407152009488,0.05025915144701124,0.01251215983795892,0.009647825210785428,0.004440148303295599
0.8001106022525457,0.1441959470695771,0.03657353632838119,0.012204499458867748,0.006915414890628242
0.8327686863078166,0.103748537252264,0.0378300776533102,0.01806470836018307,0.007587990426426139
0.8946160061718208,0.07447947622661484,0.014204563908853987,0.011060117618086717,0.005639836074623692
0.8548245886743051,0.09465789719945333,0.027676743224956304,0.016940578238546673,0.005900192662738372
0.8418904119977112,0.10580854681346996,0.026426299569243597,0.01891863259914984,0.006956109020425173
0.9163224736870418,0.057245340058224715,0.013873012155269407,0.009432736296219317,0.0031264378032445444
0.9470151255844946,0.034470763349430424,0.009328253779716278,0.00635699544105783,0.0028288618453008816
0.8911320243054748,0.06833597307277424,0.01921272886377894,0.01574773786079355,0.00557153589717827
0.9495502108595638,0.02569616405250792,0.0122852659034175,0.008932085612030188,0.0035362735724805477
0.8604186313860469,0.08999564215713463,0.029040657436772758,0.011795065210477828,0.00875000380956768
0.9157062087618096,0.048752462346063966,0.020179445267841642,0.010819882165286837,0.004542001458997743
0.8161387227590996,0.11597339684293576,0.04544138206510922,0.014299438103935554,0.008147060228919905
0.9175228542959646,0.05059203088014832,0.02014617603439469,0.008535808673234413,0.0032031301162580824
0.8345451627121339,0.09601735638824996,0.037679234323410284,0.023091375388683933,0.008666871187521798
0.8492091188286472,0.09351130425656516,0.027487237629332046,0.02133168904529951,0.008460650240156279
0.8262777938430966,0.09734983906379156,0.04423125051770363,0.021790822675116936,0.010350293900291399
0.9293593744708136,0.041181261761347045,0.016955332836526543,0.00838437694094525,0.0041196539903675805
0.9013594494504031,0.06602440356288333,0.018626860992869334,0.010480345756369237,0.0035089402374749003
0.9471269246823836,0.027594500161000325,0.01242307927825325,0.009618740573783245,0.0032367553045798466
0.9397772346189697,0.03938250021526428,0.011358192041575815,0.00658605313209138,0.002896019992098899
0.7705154709456574,0.17792504687622984,0.0295648055800271,0.014861039776092348,0.00713363682199337
0.7939231991456541,0.14013381819593754,0.030318112242225286,0.025434119929194303,0.010190750486988911
0.8361231128637213,0.1079747293829996,0.026970841468374904,0.019856790793773654,0.009074525491130329
0.8800948596958612,0.08153456924930189,0.019715309874548413,0.013453065926979013,0.005202195253309651
0.9101201073333889,0.04977390441360042,0.019598494721173847,0.015202798185415521,0.005304695346421287
0.8744301604052452,0.08983378517580229,0.02080946629243142,0.011259795399908509,0.0036667927266127907
0.8314993579796908,0.13320723843816396,0.015146727549651271,0.015391223876377735,0.004755452156116345
0.8609202564734829,0.09385688058684717,0.02277771073710547,0.014510674725311047,0.007934477477253265
0.8677589270305324,0.09144564294807157,0.0236330089611066,0.011379034018985143,0.0057833870413044625
0.8976488013375206,0.05049235108133456,0.026570386192530365,0.01727595644258731,0.008012504946027359
0.9600419855700418,0.02260760180862156,0.01098867183326409,0.004402123555078958,0.0019596172329939105
0.8806121966267224,0.07729029219816445,0.023004376828827805,0.013949835010075406,0.005143299336209861
0.913130560033658,0.06072045131528861,0.014290185186464334,0.008542776763493978,0.0033160267010950316
0.9147891538455248,0.05609815315356718,0.015948765745042316,0.009529523076756481,0.0036344041791091203
0.8647470375967469,0.08848856140934067,0.024906876646965552,0.014226261610113663,0.007631262736833257
0.8642072377590567,0.08633778267581943,0.02406170482904891,0.018385447118270445,0.007007827617804264
0.8408911244652163,0.11317886989660135,0.023208284417734128,0.015480713481304989,0.007241007739143107
0.9657936056297542,0.017591844059539098,0.009852397081563298,0.0045466320694482225,0.002215521159694953
0.8940906943722825,0.072895519549244,0.01768737008250761,0.01105333953182567,0.004273076464139913
0.8845580319782025,0.07339129588851093,0.020969660576711707,0.015893844030170908,0.0051871675264040995
0.8122999928863245,0.11365212179837493,0.04165001214545542,0.023771806029630742,0.00862606714021448
0.79335425137503,0.1469046594190164,0.029808040613181364,0.02211156751958694,0.007821481073185315
0.900003237216408,0.07419883629519312,0.01122036693656879,0.01021345680001639,0.004364102751813664
0.8811493419697237,0.07406481172029401,0.023117813991971565,0.015170785791556228,0.006497246526454565
0.9504012717817408,0.03150734149162735,0.008652551279738073,0.006944174708911707,0.0024946607379819716
0.9321453885803108,0.030076119100590996,0.020627193883678986,0.012575145910296603,0.004576152525122626
0.9227609177027833,0.044813948876523735,0.014917272329629763,0.011592309959922964,0.005915551131140242
0.9050258083278164,0.053443539737835846,0.022273287669959122,0.013367799277309227,0.005889564987079553
0.9294533500699295,0.04387455961774448,0.012119285615841826,0.011033617499231194,0.003519187197252975
0.8616475333022203,0.08843418825782483,0.02278180896999977,0.019648000063480036,0.00748846940647504
0.860746176482242,0.08769545870713087,0.029925509396194885,0.015714315516365627,0.005918539898066394
0.8545194168780812,0.09165660565385551,0.028686409810622097,0.01757313269808328,0.007564434959357789
0.8172503908540287,0.13710083180422472,0.025635080246948595,0.012894671569316214,0.007119025525481842
0.9342337203555685,0.04771389904636487,0.009029919540600652,0.006609029324857853,0.002413431732607886
0.9091623183981559,0.06439126982698672,0.011995711114549612,0.009546515720593184,0.004904184939714854
0.9021178360147709,0.06616821805243264,0.012759921926691804,0.012557765444547259,0.006396258561557456
0.9186559275476105,0.05060144210417426,0.016163490115574893,0.01061706024612375,0.003962079986516723
0.9436891418322344,0.03072798365647742,0.010764642237451787,0.011164945400065917,0.0036532868737705827
0.8861244138640441,0.06644397862661076,0.022596757893398708,0.01874947160269089,0.006085378013255501
0.9075623329837162,0.05655788095238267,0.021108930973836013,0.01004116986961115,0.004729685220453967
0.9393837014185035,0.0346387638048223,0.015186720618542482,0.007402638199736291,0.0033881759583955476
0.9041725724121064,0.06702633615745877,0.015561463281548067,0.00919612286671576,0.004043505282170953
0.8981246232262505,0.0680970418523238,0.015346292363816424,0.013220842606580985,0.005211199951028307
0.880372622865671,0.07364490297941534,0.028584285875544027,0.011904131262210989,0.005494057017158986
0.923898777871316,0.04587856001785373,0.01676589395018109,0.009297556728967468,0.004159211431681636
0.9034554622937145,0.0679038545604887,0.012051090593742177,0.010549296092131809,0.006040296459922749
0.8277845175414156,0.11224206042846185,0.030721055126174516,0.02158074640633804,0.007671620497610514
0.9163887376370388,0.049991549275525786,0.017849266945066226,0.010714761105705682,0.005055685036663489
0.9288384540522365,0.03732183719072668,0.018990169260010823,0.010503316139219166,0.00434622335780656
0.9063257994063976,0.06838723993231552,0.01143461840457947,0.00944112224437097,0.004411220012336319
0.7809383266219101,0.14645750636541752,0.03865578470202537,0.023133612405953727,0.010814769904693362
0.8884784000426307,0.07083025488295663,0.02260871325383271,0.012263437509103895,0.005819194311476222
0.8215090948860538,0.14126776031374125,0.014762521526201505,0.015289811229063251,0.007170812044939947
0.7928503054335962,0.14485201219992302,0.030715981501652827,0.022024388831377646,0.009557312033450213
0.7878889340709863,0.15754310214733538,0.02859124799009473,0.018507823274828063,0.007468892516755525
0.81796723298111,0.1204366072751771,0.030260905780609606,0.02255773570471779,0.008777518258385493
0.9299845425085391,0.04978700446832372,0.011368949932219739,0.0067652279819767755,0.0020942751089406365
0.8924997659832321,0.05995990015919773,0.023793310608657785,0.017346360467072105,0.006400662781840365
0.9014948234512611,0.06854140269939477,0.01174341668856383,0.01342223376817229,0.004798123392608111
0.833953533503706,0.11049899551474064,0.027484687938326712,0.020400974039476445,0.007661809003750068
0.8556528379548156,0.09708102369434556,0.024635056759256722,0.01730120670960947,0.005329874881972562
0.7469332881379686,0.1370323602233131,0.05830058546109175,0.04295291891487851,0.014780847262748068
0.8277793592987077,0.11628421686120102,0.041336086971305586,0.010040868911852885,0.004559467956932733
0.8111098554835035,0.1237339696109201,0.03170086882323765,0.02555962271375255,0.007895683368586114
0.9422616181554948,0.03916914802397822,0.008235248165353457,0.007440973154372027,0.002893012500801546
0.8885141853392313,0.0837975933475292,0.01158991505612996,0.011063518599111918,0.005034787657997557
0.9079198000161878,0.05894794912570745,0.019755000800580513,0.008355094609903847,0.005022155447620099
0.8807438475237145,0.08125829375490033,0.020995189315828316,0.013456619238254613,0.0035460501673022352
