Delta_Power,Theta_Power,Alpha_Power,Beta_Power,Gamma_Power
0.9422518458679234,0.03717739943168395,0.012863166796810167,0.006527239712705129,0.0011803481908771358
0.8745524698007415,0.06203836471744326,0.03295252636414541,0.025484812620057126,0.004971826497612719
0.8675636710905988,0.08322100260921976,0.02993128105383314,0.015836968647217026,0.00344707659913122
0.850484987322469,0.08163607616371746,0.041177428136872564,0.02142522115085012,0.00527628722609109
0.8857450609054768,0.07053808167432157,0.021626016112924733,0.018117009408269644,0.00397383189900703
0.8090362099164228,0.13474706813873877,0.03206291101210507,0.01907822738361946,0.005075583549113929
0.8688875567501243,0.07698463110947423,0.03074547784050384,0.018703747085345862,0.004678587214551782
0.9377311841391903,0.042522836100336664,0.009006242466629268,0.008694064861784761,0.002045672432058974
0.9185410040117317,0.04989625901641588,0.017276084779757804,0.011997866474164424,0.0022887857179303404
0.9468767463247479,0.029456671262746932,0.01449531426593236,0.0067221720924870625,0.0024490960540854796
0.9236605209137532,0.028785517440223896,0.02891485366810277,0.013258320213396504,0.005380787764523543
0.9419832798455561,0.03365304120204594,0.012846853346875837,0.009448474334305165,0.0020683512712172105
0.8445234968704984,0.10079539492434823,0.033846774535928575,0.017247518197647888,0.0035868154715770614
0.9161370629425936,0.05463123450154219,0.016039767805831027,0.010618531702246315,0.002573403047786914
0.8687657497458892,0.07803592613683957,0.02699129269487662,0.02132524689577552,0.004881784526619366
0.900816260662066,0.05364539322433676,0.024686023086578014,0.017066500189377637,0.0037858228376416543
0.9436877859459226,0.037303347696677806,0.010715240185907393,0.0067445434899243775,0.001549082681567701
0.9343045510030427,0.047584747571136427,0.010589355217899525,0.005940283309556842,0.0015810628983646145
0.9009882234308729,0.04222270451610255,0.03945541279846942,0.01517372258098445,0.002159936673570718
0.9328909558239219,0.03967506502583908,0.015935281136688843,0.010185592054795821,0.0013131059587545
0.9250568667021583,0.04878888278927671,0.01398015228918423,0.010290943895817768,0.0018831543235629893
0.8904951975134483,0.06708092594023626,0.023672236428268843,0.016051717432291127,0.002699922685755523
0.8501012950690419,0.09209749233482524,0.030021398442848568,0.023420105078471004,0.004359709074813334
0.890449111168516,0.05997174918557481,0.02917127512130196,0.014920732970436374,0.005487131554170811
0.9090804267586513,0.048695456962582845,0.020560979203606135,0.01730607475130214,0.00435706232385756
0.8975922949368051,0.06655143963427179,0.01946870427621352,0.013788186745976318,0.0025993744067331105
0.9533601611176071,0.02666395222550973,0.010947479350193662,0.007714871187695396,0.0013135361189941653
0.892961519046202,0.07618259299165056,0.01743486921970517,0.011210463253851511,0.0022105554885907238
0.8877287081156084,0.07199328363623256,0.02476091713615468,0.01262339498716387,0.002893696124840402
0.8589280481934684,0.08951012893759085,0.031924771177611125,0.016820651429612993,0.0028164002617164924
0.763851156001835,0.1656810936857936,0.043125830061724164,0.022587875799138152,0.004754044451509359
0.9249914207498675,0.04643347450930116,0.012819310375775555,0.012269722824518712,0.0034860715405369558
0.8634645209008505,0.089094620475051,0.030621004090874603,0.013070447048920915,0.0037494074843030852
0.8849966000191465,0.062321273156228006,0.02974079165714529,0.018393110678292593,0.004548224489187636
0.8582376017830213,0.09827230725413064,0.02408811996740592,0.015620779242458098,0.0037811917529841153
0.9393559086007949,0.0423510422927572,0.009259707165625367,0.007194806036676832,0.0018385359041456838
0.9600860772484574,0.02287269969035725,0.008729901027077781,0.007007057730228669,0.001304264303878774
0.8690574107320191,0.09363879690524878,0.019978671794898976,0.014342954452644724,0.002982166115188346
0.9168466555871954,0.05251158880474989,0.016740288765762,0.011517306200434783,0.00238416064185812
0.9149056515907621,0.04668528613709928,0.015128170915512322,0.01817271177052385,0.0051081795861026595
0.884559647301862,0.07568265085638361,0.022871016772780646,0.012948683937228358,0.003938001131745336
0.8395177016965111,0.10656762261320714,0.025572868941228122,0.023710095638621847,0.004631711110431757
0.8189652827835464,0.09844181627200414,0.033037965249085165,0.038297916173644024,0.011257019521720328
0.9193286708084796,0.05254815404629412,0.014845915593048455,0.009819603150490712,0.00345765640168705
0.9246628459152056,0.042925406298483404,0.015684493562533593,0.013917340395109964,0.0028099138286675402
0.8894919882501525,0.08456530716014649,0.010741948223301481,0.012342855431844782,0.002857900934554734
0.925012757593291,0.048809217962135526,0.014183470257447801,0.009683574762913203,0.00231097942421251
0.7121941734466225,0.20140863082286298,0.0532850980616956,0.025637924727818794,0.007474172941000171
0.9351977422878492,0.028897238767336703,0.020159634691696657,0.013529131343722408,0.0022162529093950846
0.9201406343562754,0.03846269003964599,0.028076490270112837,0.011079395000049789,0.002240790333915996
0.8997012544507839,0.05909571594863637,0.026600807008309604,0.011909043254435583,0.0026931793378343945
0.9306431520031619,0.034627394738860506,0.019200648915531908,0.013459727607652081,0.0020690767347933325
0.8436477694773704,0.10336977775835623,0.0291976484351561,0.01913598142740703,0.004648822901710471
0.8406753494961047,0.08951605847431822,0.03668465513470262,0.028050914884565493,0.005073022010308708
0.8714875840654713,0.06579170070092641,0.04373317709420233,0.015413322633944428,0.0035742155054556786
0.9140249154421243,0.054812772884641696,0.020146773914770003,0.008739051112420713,0.0022764866460433827
0.8728743642524315,0.06092870640377624,0.04093810798325245,0.021211640801123453,0.004047180559416234
0.8941440235248121,0.06810388702975166,0.020399484900461562,0.013651088634227765,0.0037015159107467808
0.8990709953341035,0.06446638549623968,0.020528855239749705,0.011963084668714898,0.003970679261192148
0.914973948954094,0.04219050887686952,0.026642415111183933,0.012488260303441847,0.0037048667544108214
0.9317232087107266,0.044228775049148905,0.011496756656370358,0.010139374968037415,0.0024118846157163494
0.9258299997184113,0.04719096394963875,0.013669294956491473,0.010795659989591333,0.002514081385867208
0.8093657619064252,0.12258913743739257,0.036267256827375555,0.024353818470599642,0.007424025358207144
0.7868915863190998,0.11729923135030566,0.05522311243624545,0.03447457983720367,0.00611149005714537
0.8128476264051678,0.10643815746730771,0.04475956165691457,0.030512099504315,0.005442554966294749
0.8501447881763622,0.08693379800385029,0.036011901652418514,0.02094691974454106,0.005962592422828172
0.929046914167626,0.04760059780162821,0.011573948045218154,0.009811680628989704,0.001966859356537781
0.8534195079140602,0.09380742872855037,0.02771456458300342,0.021065595644271306,0.003992903130114623
0.7610965050559567,0.17428157885463133,0.028009119263024334,0.029950848529569554,0.006661948296818142
0.9088753139811588,0.05731130741203441,0.017725909012725583,0.012489426091504038,0.003598043502576883
0.9574626214159361,0.02328332893240301,0.010193732003876368,0.006945550608514013,0.002114767039270423
0.8759974567230413,0.09613780356210427,0.013817505788323168,0.011317485822791245,0.0027297481037399304
0.8144616127893015,0.09003897864474815,0.05637387224022095,0.03298209051973983,0.0061434458059894176
0.895561794344604,0.059121649482001284,0.02428783627728806,0.01684112415908608,0.004187595737020639
0.8733075299935011,0.06069153654304891,0.039968467989283024,0.02221586953854596,0.0038165959356210367
0.8905709230542297,0.06259644563896503,0.020418680250867984,0.021065233989318616,0.005348717066618716
0.8480932402401117,0.09152557406812854,0.037216571315935996,0.01760795573508249,0.0055566586407408865
0.9194961084033738,0.04080430747934134,0.02577204890703878,0.011131929669929132,0.002795605540316849
0.8525030898640844,0.10190300212931312,0.022661528125892057,0.020008894942793634,0.002923484937916799
0.809898349201083,0.11716882558858906,0.04483315584018036,0.021535719839514206,0.0065639495306332556
0.9536722902107059,0.025081299930668776,0.012081402809137897,0.007250240671397702,0.0019147663780898986
0.8897036865938268,0.06281593895266564,0.02664199134636765,0.016589853464493917,0.004248529642646034
0.8998491750442649,0.06980323883164247,0.01391006283531732,0.013232147801070331,0.0032053754877050286
0.951435683429952,0.029549480562880245,0.007526897779098053,0.00865995517580974,0.0028279830522598927
0.9355466870531921,0.043578731472153284,0.008419773785295213,0.009843578229752393,0.002611229459606954
0.9174441476116391,0.0468536278992965,0.018161871857100755,0.014162685153187667,0.00337766747877607
0.949466194166768,0.03258035062520939,0.010901923627135057,0.005713641181413058,0.0013378903994743045
0.8971525508254787,0.06304579397236186,0.025476834677912827,0.011461333004383727,0.0028634875198626326
0.7925230996803114,0.13029600510625539,0.04476286512049924,0.026177073677236148,0.006240956415697741
0.8943850197184056,0.06855345466947406,0.021590123939643473,0.012217936078477983,0.0032534655939988892
0.8636419639470325,0.08312396530312606,0.02712413710169458,0.021421162788154435,0.00468877085999223
0.9312799426212242,0.032385084331363945,0.0227007858081876,0.0104503093064918,0.0031838779327325807
0.8257753909991183,0.12003395144901918,0.030443183290540424,0.01833963018379778,0.005407844077524355
0.9364523967658622,0.0421963058442482,0.010699475582997378,0.008504100266148338,0.0021477215407438187
0.9295474034175439,0.03746643411664798,0.01079983393944167,0.014095048425337268,0.008091280101028912
0.8595623929714477,0.04746477641393888,0.021802424052074665,0.03785274898688636,0.033317657575652325
0.8834818140725792,0.06373026961786603,0.0302545994194095,0.01604163210720397,0.00649168478294137
0.8917936188766553,0.06721649523196908,0.02211325737232422,0.01457483277169776,0.004301795747353728
0.8973801208564773,0.06386277631227827,0.023917190429222423,0.010127814891155119,0.0047120975108666885
0.8970286290430153,0.06904123201870817,0.012534186825161288,0.015882748520735457,0.005513203592379765
0.8466277136994201,0.08811308582871494,0.034795075853679185,0.021745847326010512,0.008718277292175322
0.8831377435796978,0.06609472881338331,0.02768145845751268,0.01617213554848453,0.006913933600921618
0.9313027581112985,0.039048012408559055,0.01649087831674657,0.010115816982357797,0.0030425341810379433
0.9401735802213913,0.04017839099661613,0.009994156193313408,0.00719727286274979,0.0024565997259292506
0.9318207386139158,0.04466209566182928,0.014016595151766646,0.006346436911316968,0.0031541336611712336
0.8667123365342232,0.0907322659440486,0.02616945019469135,0.011580929635897295,0.004805017691139492
0.8355868937275274,0.08665988665912139,0.0472801217186773,0.02287450334797838,0.007598594546695424
0.831534877243591,0.09126709504207348,0.04900447614959328,0.02131285769233636,0.006880693872406054
0.853269307662119,0.10177632228418018,0.022179496303367848,0.016538458902169522,0.006236414848163338
0.8921524075577489,0.05839721922170425,0.024545316698621145,0.01999110801918095,0.0049139485027447916
0.9034257415134225,0.04849018640059197,0.027823128704650778,0.01427113863491912,0.0059898047464155965
0.9315545086237814,0.04640938424886349,0.010605423797047318,0.008910596859933534,0.0025200864703739325
0.9066301996972298,0.040750444678259626,0.029527507780349023,0.018149022494817365,0.004942825349344181
0.8049933830027665,0.12151248035097427,0.0408082072965586,0.024532127105591637,0.008153802244109117
0.7753317690788376,0.16779263151260518,0.029830736050116193,0.020180374030576993,0.0068644893278641105
0.8538230000952219,0.09688935041928896,0.01997377106787879,0.02314284901599021,0.006171029401619978
0.9291221196751522,0.04201260882053046,0.015530949372542508,0.010117261446659101,0.0032170606851156408
0.9439093208391117,0.02835846084719024,0.01543629107252493,0.00923389449544856,0.0030620327457243995
0.9161901934806469,0.048278306470084915,0.01847534797042993,0.01313835105472072,0.0039178010241173265
0.8668237091851918,0.07483936330036313,0.02376923527648002,0.028049788519487875,0.0065179037184774115
0.9501631130954279,0.025347213561157093,0.011092710577166199,0.011035573217017983,0.002361389549230647
0.8177929603139802,0.12363218715592506,0.03123821132937459,0.022179279436405186,0.005157361764315376
0.9415852767644763,0.04056025796616104,0.008023238996471765,0.007251046197253055,0.0025801800756378923
0.8403770122966612,0.1009539441151052,0.02645172768182055,0.025295032123821178,0.006922283782591752
0.8248400370884286,0.0994487243572397,0.04246478289634594,0.02716336965873065,0.00608308599925517
0.9531545322207936,0.028193420673676826,0.009623978472940898,0.007412265240498542,0.001615803392089935
0.8735312329836361,0.08265870021312824,0.02286125177050424,0.016472588077847235,0.004476226954884176
0.928135616583716,0.04374200110468537,0.014434100670018067,0.0099501139246225,0.0037381677169582915
0.9435464784666302,0.03790815366950402,0.009869377661470956,0.005998252403330743,0.0026777377990642908
0.9144257198479417,0.047072052519174915,0.017821467013915137,0.01491229342722745,0.005768467191740666
0.9002904300562488,0.0638473509853239,0.016790942841305685,0.01471861830632826,0.004352657810793451
0.897881446858408,0.06760020104437314,0.017205494419595985,0.013022966764286766,0.004289890913336105
0.8052873356012601,0.13320256287235496,0.03213177219438689,0.0235953395286979,0.005782989803300001
0.9531044016679072,0.027844451577960116,0.0117451849747732,0.005604292018758514,0.0017016697606011732
0.832975876997298,0.08958921725810538,0.04043321409186308,0.02884985967296702,0.008151831979766481
0.8822247532196192,0.07738117036731862,0.020414271012622793,0.014135960452605772,0.005843844947833491
0.9278827176306431,0.042758715581859744,0.010008685435325161,0.015891380121432343,0.003458501230739527
0.9192852991398435,0.05410477553260667,0.010972351404673971,0.012753749378846732,0.002883824544029272
0.9312374374239599,0.04141860429441871,0.01170703942008202,0.012312154224999497,0.003324764636539838
0.8365256753578367,0.11681516428940539,0.024569711758443344,0.017370054071542587,0.004719394522772084
0.8522800868915837,0.09153628074052253,0.03317932888292331,0.01777325588937465,0.005231047595595846
0.8290801412322621,0.08870529553217646,0.04329717826653597,0.03099315673381394,0.007924228235211316
0.8212693825293484,0.09740686091188631,0.048149297873931435,0.02652957166862261,0.006644887016210855
0.7872947443990156,0.13544646875951208,0.04467792145659613,0.025544730307621832,0.007036135077254382
0.8788729919537268,0.07998904601522919,0.022232738490388128,0.013473567338479639,0.005431656202176173
0.9749438110261365,0.015763672204603372,0.0047645147981731995,0.00326619174505065,0.0012618102260362127
0.9548532244188869,0.029549812977879522,0.007384989066833542,0.006373376829681458,0.0018385967067188406
0.953605242707089,0.029282707482561614,0.0076229536448388265,0.0071039291352785324,0.0023851670302321567
0.8255844692312353,0.1164494875510356,0.0233951858259114,0.026092297491591532,0.008478559900225936
0.8259281518510256,0.10266488876721934,0.03194111235745837,0.031723369554158484,0.007742477470138422
0.9601711086864569,0.02351299267144907,0.007553043823128748,0.006445191497905706,0.0023176633210594128
0.8500104052483531,0.09456120937016431,0.027012262127670363,0.021202151962277514,0.007213971291534711
0.8513055098245906,0.09645710338007035,0.03251228346158959,0.013262152637613336,0.006462950696136006
0.7812261423419394,0.14428546892923058,0.0377947907485117,0.028269196622083364,0.008424401358234928
0.8351526477207328,0.11274080794296086,0.024041302230630755,0.023817689561997757,0.0042475525436779064
0.8527726767491877,0.08889018859125611,0.032762072879490664,0.01911983192829357,0.0064552298517719505
0.831510496495721,0.10249068427533829,0.048064282681469325,0.013721192701353744,0.004213343846117692
0.9230457104988922,0.043502152883174106,0.018869758424663437,0.01128270151286609,0.0032996766804044247
0.9383808512092644,0.034688759842001676,0.014607681264637339,0.009233830080794215,0.00308887760330236
0.8967567712620024,0.060422517518755915,0.02693848629100163,0.012258996241967014,0.0036232286862731907
0.920982775819771,0.05391076190191115,0.010916904652195525,0.011354613472437082,0.0028349441536854613
0.9086884996056054,0.05715921423070879,0.01938301165345944,0.011961787561232165,0.0028074869489939616
0.8842192727050859,0.08008704688735675,0.018831124561027642,0.012597644239023093,0.004264911607506582
0.8787832365512764,0.061701050062116417,0.034703113088527374,0.019908130599664137,0.00490446969841559
0.9091824504337399,0.06090738906835269,0.0151660706304023,0.011733207515324615,0.0030108823521804405
0.8808670608402263,0.07827898488691888,0.01627305991639663,0.018590587551024162,0.005990306805434236
0.880836972843006,0.08496720615938119,0.0160578212400097,0.0137981860166271,0.004339813740975963
0.8312500567211659,0.11630689380382782,0.02926604909694724,0.016504562419725217,0.00667243795833381
0.9128566148961617,0.05283868245467689,0.016497987700445294,0.013131863525763074,0.004674851422953018
0.7337013336653712,0.1605908611536314,0.04714503538702902,0.04298125094262068,0.01558151885134762
0.875409021510344,0.06978619553837023,0.028836956973162783,0.019362665219163265,0.006605160758959613
0.9399116178756255,0.03678162087383198,0.01134885825370412,0.009494481459842522,0.0024634215369959754
0.7070491685251493,0.2315667151413692,0.034117353948629116,0.019653943346118134,0.007612819038734199
0.7900668101691211,0.12290289283965555,0.04836003275892013,0.028300714332426778,0.010369549899876472
0.826473162853353,0.09998256552109588,0.046386334684549606,0.02068846723416629,0.00646946970683515
0.9376374592839106,0.027996012324089034,0.016763270033296758,0.013880798555486323,0.003722459803217072
0.818763697865881,0.1273722691255081,0.031938324527424594,0.016892849626564718,0.005032858854621726
0.9148548988812273,0.05174026061632211,0.01675703578545775,0.012515168426135294,0.004132636290857297
0.8945478458772012,0.056957906905436666,0.02637297417523294,0.017209100031041615,0.0049121730110877155
0.8994997946150285,0.060892392397396765,0.01869910415352367,0.01640985699319119,0.004498851840859647
0.9360219919749799,0.03809897077537284,0.011031255299118003,0.011462673421696564,0.0033851085288327705
0.9134086901227922,0.0512820667952284,0.016124695108442336,0.015758893118934632,0.003425654854602379
0.9450365694185535,0.02880991363731812,0.013323905389396186,0.009308528948022612,0.003521082606709537
0.9408848961997391,0.03659870123847377,0.010743604043808358,0.009058586632706795,0.0027142118852720837
0.8682481062952456,0.08785129016453251,0.019955740735653746,0.01794322866467881,0.006001634139889503
0.9066055250690768,0.05710282735944452,0.01494561242235881,0.013859745331567952,0.007486289817551789
0.910545301129911,0.05431398967677906,0.013455397310368312,0.014813759419524,0.006871552463417841
0.9306574576803991,0.028096776611973,0.019278933441704605,0.016689590391516487,0.005277241874406999
0.85559343869397,0.06768914994549907,0.03721627226223848,0.029450677822627246,0.01005046127566534
0.878117741815426,0.06953139429926576,0.022423241915099014,0.021359978721731003,0.008567643248478063
0.9013332379650706,0.057625563719196346,0.013376180278273924,0.018672261174400802,0.008992756863058515
0.9193328997212145,0.04982295755406492,0.016720424901832606,0.010590999483566857,0.0035327183393211114
0.923335798721567,0.04307976663243445,0.020016728755969646,0.009768696235560244,0.003799009654468839
0.8760493631147444,0.08010660959057861,0.02162409577976629,0.017113735373338854,0.005106196141571787
0.9035837549607781,0.05647410319584583,0.019368716048952402,0.015394807856353606,0.005178617938069779
0.8150205318587999,0.0996035079869669,0.04403794183164216,0.032332778817090735,0.009005239505500306
0.8768860975415047,0.07463419964799416,0.024679019323176087,0.017339608149819795,0.006461075337505286
0.7997152315676018,0.1361458569395265,0.033804722455242686,0.021645952031458318,0.008688237006170722
0.7654093263188291,0.14613173023830522,0.04434329935132298,0.03101695643907269,0.013098687652470267
0.7887022639499496,0.12592520448855152,0.04256445716177362,0.034129577916251125,0.008678496483474192
0.8749791513006742,0.07282069726271703,0.025391269972919274,0.020740910253565555,0.006067971210124264
0.8280662133250585,0.11588200464580867,0.027718244199277323,0.0208732854445226,0.00746025238533285
0.7844468371457841,0.12866445653065658,0.037531707897865,0.03761085839961451,0.011746140026079753
0.7376572942461203,0.158411756262878,0.04277286912223169,0.05040625046835129,0.010751829900418574
0.8254298575221022,0.13537497864203962,0.020928806102354938,0.013552312942603725,0.004714044790899561
0.6963268902121449,0.2245889918895761,0.04852604914572601,0.02185102968281418,0.00870703906973886
0.7799617335978645,0.13861506303480411,0.04176280073695082,0.0292302336386198,0.010430168991760823
0.8162799951885015,0.10790396286397085,0.04493318873252366,0.02238098875411191,0.008501864460892253
0.9064758600082734,0.055517891627965964,0.025193704958165582,0.009696102034891876,0.003116441370703268
0.8918262972758842,0.07452523041111662,0.01816067283896051,0.012562136876070964,0.0029256625979677247
0.888824083877882,0.0745661543298836,0.01773128658268002,0.014390409283697713,0.0044880659258564794
0.9120166975889625,0.05675848275115467,0.016237376643764182,0.011539881059232917,0.0034475619568856367
0.9180900647944454,0.04802512321263375,0.02015526442675531,0.010213557385569831,0.003515990180595639
0.8282962764030782,0.11267695272920104,0.03319768090294207,0.01976035372963796,0.006068736235140598
0.8503205726801834,0.10484605330798336,0.01940330879161312,0.020003678214873866,0.0054263870053466255
0.9085227291480211,0.05689714150663756,0.0125400966526544,0.01789048013594671,0.004149552556740205
0.8140221092984155,0.104455293203202,0.03318660691766167,0.03983402118525847,0.008501969395462175
0.7705705743473269,0.1549233982716709,0.03920905932117414,0.02830861220797937,0.006988355851848654
0.9151677098672851,0.0492187522539634,0.016642001213559222,0.015835413441015522,0.003136123224176553
0.9001588256490799,0.07484923919951718,0.009550942416225398,0.011995591721730477,0.0034454010134469825
0.9199034393110114,0.04688737027523728,0.014734194058846154,0.015128038442908555,0.003346957911996532
0.8772205022244611,0.07251204039964261,0.023546576995300668,0.02108132853205929,0.0056395518485364005
0.8851871156954074,0.0754299753902263,0.021140432118484292,0.01464672436066983,0.003595752435212218
0.8815647604042629,0.0852808061753327,0.0186284865794719,0.011941651856588827,0.0025842949843436864
0.9011019787234308,0.05941948892465376,0.020230610116260348,0.015928672525093005,0.003319249710562005
0.8708952324145023,0.07996536448381387,0.022978448373202683,0.021460737867295646,0.0047002168611855015
0.8934970981505093,0.06342862663757806,0.023846674180834016,0.01539517050775584,0.003832430523322699
0.9049503224611245,0.05418066820195109,0.01775647573883342,0.01926709340619979,0.0038454401918912363
0.9064019056348129,0.06456650632296108,0.012836056433302509,0.013486335797133138,0.002709195811790251
0.9294819985179662,0.04177300622150292,0.01709495917965844,0.009492117099561541,0.00215791898131082
0.9387709618071505,0.03477905867799186,0.012923584803574131,0.011184077567308173,0.002342317143975625
0.8799792605410495,0.06672216219975527,0.03261977007939738,0.014933665649112315,0.005745141530685599
0.9253286819559021,0.047807132441881305,0.013582734100214305,0.010038173218891331,0.0032432782831111886
0.9214032488354423,0.052297953750330715,0.012732767467996106,0.010463273269115411,0.003102756677115356
0.8695782755941578,0.09094144229914483,0.01970628661493459,0.015782231909488124,0.0039917635822748765
0.8849969744150207,0.07690932047049495,0.018895476575862883,0.015717633471617753,0.003480595067003934
0.9216665188188126,0.0485517914706971,0.014421115848667856,0.012636714079163768,0.002723859782658889
0.9065729660276387,0.06678420183592075,0.010450961221430204,0.013262256420863164,0.0029296144941472245
0.8953624044066968,0.07187596028170595,0.015169704774915542,0.014625816559381773,0.002966113977299944
0.9460952728099977,0.03448746656816238,0.008979988051579414,0.008599600988247292,0.001837671582013194
0.8368014063837705,0.11902994778930193,0.022774021780684772,0.017060058426767374,0.004334565619475351
0.9066533368075943,0.0627256961197099,0.01518570723293869,0.013066582747229936,0.0023686770925271878
0.9191971030609604,0.04440823555824201,0.01949693691982106,0.013871995349010426,0.003025729111966056
0.9060006121397225,0.0626807521478335,0.01602794778861382,0.011871931580627453,0.0034187563432026315
0.9627710204693596,0.02593805602452302,0.004112801331392645,0.0060753902937790705,0.001102731880945577
0.9312728466686414,0.04128341371156293,0.014133598124727687,0.010885139874811968,0.002425001620256119
0.8827918333030513,0.07283916243532411,0.02878998804591667,0.012478658410484303,0.003100357805223566
0.9322534975969564,0.04091249885713028,0.014870769483238051,0.009540805393090804,0.002422428669584297
0.8628818235326662,0.09408506484147577,0.021575821200180936,0.01841732264548522,0.0030399677801919113
0.8937644458348852,0.06356384611397888,0.024204272760395322,0.014696024100213194,0.0037714111905272933
0.9157462689119178,0.05033536551412797,0.014065146709360732,0.01724436767674025,0.00260885118785317
0.8979233675945589,0.05863319749801098,0.023928808143227905,0.015778234549704104,0.0037363922144983174
0.8961770341483408,0.07514984451031902,0.01346473955042584,0.013254424701781066,0.0019539570891329264
0.8457820533466358,0.10316975225162117,0.02273218647806352,0.022657646775715534,0.005658361147963932
0.8884202999075873,0.0758790955974044,0.018989390363432775,0.012828083318562998,0.0038831308130124306
0.8082707022458162,0.11820114129880335,0.03570520223253429,0.030609098923123426,0.007213855299722808
0.8030297006546374,0.14766616537194896,0.024054640281129865,0.019745425915618443,0.005504067776665349
0.9148521112077325,0.05103435828107803,0.017226656747287093,0.013376582893770828,0.0035102908701315216
0.8753055668014685,0.07553042081433155,0.02619843186694421,0.019246987542548097,0.0037185929747074347
0.8128982071486024,0.126411890573955,0.03810542515569406,0.018677906784529706,0.003906570337218918
0.8063990548005477,0.12054954196625768,0.034114609422279445,0.03327796001327277,0.005658833797642519
0.8015929720524585,0.14397247278992711,0.027943876707101502,0.020597329357408455,0.005893349093104392
0.9563485827723393,0.02804981915457008,0.007362153047004959,0.00677069011673295,0.0014687549093528832
0.9222621307772806,0.04359688979336118,0.01973233260982621,0.010923478230280576,0.00348516858925144
0.9133993595359174,0.04947898317108612,0.02035594443804664,0.013013488722505778,0.003752224132443949
0.8502989210799556,0.08915182703456195,0.031450995861627425,0.02392260692408526,0.005175649099769558
0.8884276889270732,0.059042443109882284,0.031533556435786744,0.016335538633817072,0.004660772893440432
0.7841909765705433,0.14449333906447717,0.04209175717134595,0.02278457483765352,0.006439352355980181
0.9476668407406477,0.03172748466316137,0.010136809649328673,0.008505231529571609,0.001963633417291007
0.934766973814196,0.04186795146550245,0.012507592558598034,0.008737206930722684,0.00212027523098088
0.9550506768422533,0.02701241445831133,0.007485645943296514,0.008273976376308993,0.002177286379829803
0.9575453986162913,0.026816926780038962,0.008331926144763285,0.006021250762814738,0.0012844976960918006
0.8819424471551586,0.0734458071900414,0.021225127266363292,0.01939946547865621,0.003987152909780629
0.8422756369206316,0.08452314028094217,0.04093426129349646,0.02447773868511794,0.007789222819811781
0.9146038281227904,0.04907213970944745,0.02015707521730895,0.013013913084218029,0.0031530438662350315
0.911165845448585,0.06269304889767131,0.013924963432234755,0.00967488361044029,0.0025412586110686213
0.917329338211364,0.04843071013057935,0.019574199360494527,0.011767831567421656,0.0028979207301402525
0.8956120756621458,0.07132031650882065,0.017396020611928544,0.012608494174798958,0.003063093042306054
0.9236856694106855,0.056427326025530626,0.011036249749997824,0.006803754773720016,0.0020470000400659195
0.8141004105727552,0.13919093863170803,0.019258052713215547,0.02232173332044049,0.005128864761880882
0.9667897278262297,0.01597566673876711,0.009102319395007935,0.006403736916737837,0.001728549123257339
0.9559587693592912,0.024853543645070007,0.0077879177573818075,0.00881684836894482,0.002582920869312105
0.9519569903329956,0.02709660809969601,0.01144779440916194,0.006848534422817289,0.0026500727353292544
0.8526972396042442,0.08370178013768402,0.03389664833698061,0.022581530828799688,0.0071228010922917565
0.9328760763752956,0.03572833578782704,0.015733418037031058,0.011940692955380142,0.0037214768444662856
0.7978781122097875,0.14545940572977492,0.030205317376513604,0.01964754791353792,0.006809616770385854
0.8684755576413566,0.09038982202767656,0.023030361323673976,0.01395633123107886,0.004147927776213926
0.9512595561375092,0.02863078606509036,0.007070576777664337,0.01037613002119423,0.0026629509985417817
0.8739174381453334,0.07395386837430695,0.025723226580276645,0.020626952909394564,0.00577851399068831
0.9092343913038512,0.0627830218276693,0.012932503481801454,0.011754658407431413,0.0032954249792466
0.9179200572442526,0.04909424337600181,0.015711139998671846,0.01314078012658917,0.0041337792544845955
0.8369773803558066,0.1170451113459998,0.021548469131076938,0.019245789119317357,0.005183250047799308
0.8739722805344574,0.08261960806698115,0.026311078612199248,0.013363350606833146,0.003733682179528835
0.9178578168031194,0.059863959761014565,0.00991347577744832,0.010016564366133879,0.0023481832922839663
0.8398265951485835,0.10696137996500091,0.026779309890816245,0.019933748976366985,0.006498966019232543
0.8834261387238503,0.0686149584316809,0.02327753186078718,0.01889644487760245,0.005784926106078995
0.924392583891591,0.04369626406698397,0.01813208695053714,0.010856460444477299,0.002922604646410674
0.8203328370373022,0.14610008614036032,0.01291187361984418,0.015723255499787186,0.004931947702706028
0.8997258591683667,0.05507455402611836,0.025168865349861794,0.01519437944043303,0.004836342015220149
0.95380702263086,0.030433148489140582,0.008901270268285993,0.004986331822404008,0.0018722267893094
0.9085304366285969,0.05306883860234153,0.020862224634769017,0.013454702508843655,0.004083797625448868
0.7771933270575669,0.15561521213482968,0.03508160796005219,0.023796992670281673,0.00831286017726961
0.902085451355327,0.06346587513775304,0.020783104022739203,0.010124822434026536,0.0035407470501542908
0.8970494676444744,0.058782526397351265,0.020807410550731126,0.01831012989722999,0.005050465510213176
0.8825814848067449,0.07737850603613315,0.022014605239128862,0.014290461826623677,0.003734942091369091
0.8845465060782766,0.07516739136079753,0.022375423172764582,0.013670516087719964,0.004240163300441309
0.9394051957525245,0.033663872854777684,0.015855421913344867,0.008553353983001246,0.0025221554963519755
0.9057063058778131,0.06294998610677167,0.016371223526899986,0.01161499768947964,0.003357486799035801
0.9173471609285033,0.04459878280781022,0.023647818031933596,0.011645861706038796,0.002760376525713947
0.8283622688433755,0.12735908494427933,0.021939278618806336,0.015592488311515502,0.006746879282022962
0.9231481295859869,0.05419037167774814,0.009151679687403875,0.009889086673404972,0.0036207323754557817
0.8959996802881801,0.06583191398619005,0.015342511445001941,0.018008288637790155,0.004817605642837783
0.8508177877655736,0.09137613925487562,0.02670346024768999,0.02161856972338282,0.009484043008477968
0.9108025473728847,0.05189636368980807,0.018896144862186163,0.014918962449981643,0.0034859816251394836
0.9311471823746991,0.04100061114992302,0.01688612938325822,0.00837897861316162,0.0025870984789579674
0.710081611139092,0.20955820455031973,0.03266454938429806,0.03596421249108032,0.011731422435209943
0.8540216088184626,0.10673754181189576,0.01645973906583385,0.017487144500831924,0.005293965802975929
0.8542764956412924,0.08830840421170681,0.03164022246259557,0.019030315391816884,0.006744562292588172
0.906218351337929,0.056585022200782945,0.021187007630150034,0.011747588603851684,0.004262030227286484
0.8787521782006725,0.07056964157112264,0.026381409240727672,0.018984834930434926,0.005311936057042383
0.9244171905574069,0.03986137803867552,0.02252589497156506,0.00899568512421694,0.004199851308135362
0.9413341935105375,0.03211658440688197,0.01297175251617194,0.010462511120400895,0.0031149584460076667
0.925030254706357,0.04207534790748786,0.01208183148989858,0.014236320092538484,0.0065762458037183155
0.879264664569578,0.04484512903564328,0.02353659130842883,0.03162527002947265,0.020728345056877196
0.9092952784113424,0.04742457313571428,0.019065132708718433,0.017774966755117333,0.006440048989107716
0.9260873505991428,0.047250580929297806,0.013908309095328523,0.009872015311388545,0.0028817440648422695
0.947329053677903,0.03425874840176842,0.009478053974475351,0.006599328403834759,0.0023348155420186254
0.9117217450973432,0.04892440578107609,0.020409673423434232,0.014185138438764589,0.004759037259382124
0.8825608703185989,0.06796903375715846,0.0241225826371288,0.020878010132857464,0.004469503154256184
0.8914111721709472,0.06758592828256801,0.02016790967936353,0.015441003433048264,0.005393986434073013
0.8913022949499286,0.06149207696092611,0.026406130404498712,0.01615191609559899,0.004647581589047749
0.8242027723553088,0.10254080474579692,0.0322836687448764,0.032230895128865816,0.008741859025152286
0.9207112765151421,0.044160057876197055,0.01964295081939944,0.011629144415849826,0.0038565703734115015
0.8944200843394448,0.07528066506106972,0.016059171958516593,0.01063364080633625,0.003606437834632694
0.944928369863029,0.034262020000378236,0.009695664045089139,0.008750419245753139,0.00236352684575047
0.9230776427514411,0.04574953517432201,0.01683880290435323,0.012402555566322731,0.001931463603560798
0.9321014710524006,0.035305643996265915,0.01859567110335796,0.009959989459196239,0.004037224388779112
0.8775741884202402,0.058830793026859354,0.03802361950273653,0.019300124095869352,0.006271274954294773
0.8435406515192561,0.08572840124180757,0.03617469614079912,0.028554567062185034,0.006001684035952349
0.9332928991834049,0.04986521572362748,0.008601362293358622,0.00630000009766336,0.0019405227019456957
0.9217254589289977,0.04272956650910638,0.02019782610015499,0.010805156701970848,0.004541991759769792
0.9544785384213667,0.02678400304229748,0.009515892690656738,0.007107155834153977,0.002114410011524934
0.8429606955724602,0.12770525861289192,0.013977496965700357,0.011518286659071834,0.0038382621898757708
0.881490986013309,0.07377774231075626,0.02350823219029225,0.01702496961572711,0.004198069869915365
0.852230769820738,0.08429889925699677,0.03630930849832117,0.02034966164034304,0.006811360783600986
0.7937873595229933,0.12583886300100136,0.04196089863621485,0.028033026959404444,0.010379851880386202
0.8706043272784718,0.09236364796211308,0.021094920615199127,0.011782764577331366,0.004154339566884601
0.8900166028885338,0.0651424329511542,0.02012707494007315,0.020290628528617696,0.004423260691621199
0.8630421601754076,0.09751087478713091,0.017273807623129227,0.017181891874789443,0.004991265539542759
0.9576487576178073,0.02153848709132946,0.009453832364041674,0.008515346447892765,0.0028435764789286003
0.8525214462428499,0.07799746836572193,0.032267703056197534,0.028458021847911477,0.00875536048731923
0.9181480815935417,0.04147309865785694,0.02392569800640533,0.011445991296584112,0.005007130445611854
0.8134754430260883,0.12107077319005713,0.030258556563586985,0.023692022239617628,0.011503204980650257
0.9053423918124737,0.06973754473047805,0.010181400497230446,0.009838230111698284,0.004900432848119623
0.9081950774238056,0.06173952086734873,0.01227176586080405,0.013346077851875979,0.0044475579961660095
0.8966513087492072,0.061970790836613165,0.0265325695629063,0.011305038005324322,0.003540292845949038
0.9367690697207197,0.04248542953809194,0.0090394381873132,0.008467600040377145,0.003238462513498104
0.899927931128046,0.05262899216336083,0.023879726930216155,0.018224938532377666,0.005338411245999518
0.9572435149802764,0.03258163078761402,0.00480904002623163,0.003946693786500114,0.0014191204193780308
0.8314453619230755,0.13009336736826113,0.014091793140838695,0.018031502744902266,0.006337974822922612
0.9223285655653423,0.04692559434882083,0.014857271985151615,0.012158758195819758,0.0037298099048657667
0.6680523750285599,0.22154586194300951,0.06026576078533758,0.03705514520654138,0.013080857036551543
0.8357859444294156,0.10702771166128419,0.02449963805821142,0.023984344482718044,0.008702361368370994
0.8991708812798764,0.04734027150383583,0.027800131496360337,0.016029734636354712,0.009658981083572844
0.8818388160686046,0.07660645517669668,0.020438568104979602,0.015535909975218512,0.00558025067450058
0.8815789503243457,0.07376693202657439,0.021530984298121007,0.016507439726842765,0.006615693624116078
0.846208649683058,0.10041527644279247,0.02525007175371978,0.021705982270276036,0.006420019850153884
0.9044553486241887,0.04800016937806225,0.023182790039976527,0.017455750455702322,0.006905941502070163
0.8761677289763328,0.07367646020002769,0.025936671622318948,0.018150305349672328,0.006068833851648143
0.7607337775035699,0.1399169937250422,0.048315322406251734,0.03776739352234674,0.01326651284278947
0.9130382506720391,0.06140681799152695,0.012796591808984943,0.00876878412147872,0.003989555405970078
0.8691325063178892,0.07713735197753542,0.024466911126210338,0.02080255309849325,0.008460677479872088
0.8726989358535894,0.08325455595829995,0.022379241344982582,0.01571147120409519,0.005955795639033111
0.7546495729350631,0.1583184160961163,0.04174524993743597,0.035186780359924036,0.010099980671460989
0.8844124861829015,0.06692637401428496,0.019963875721006507,0.019922124030610628,0.008775140051196235
0.8326157645614016,0.09314408354667973,0.038405102781855695,0.027706629063873077,0.008128420046190127
0.7800188870478761,0.15375590211781245,0.024794876897071556,0.031642501553678426,0.00978783238356159
0.9455709267680927,0.03407699841419649,0.010652964870003619,0.00704778525228349,0.0026513246954236033
0.8368219208109553,0.10196191936869366,0.034515779535147215,0.018789242568465633,0.007911137716737952
0.9300588025618302,0.04626268663614908,0.011484288609062974,0.008916442170821362,0.0032777800221364785
0.9342403041761141,0.03236982415318802,0.016768110765182198,0.012762969174009035,0.0038587917315064117
0.6916789880027989,0.18149156207863473,0.05263948970285959,0.05863895592269457,0.015551004293011763
0.8735622201077051,0.06395078421403567,0.0286334184047744,0.026348045589439234,0.007505531684045462
0.8572648607273851,0.09186729629777352,0.02699199385211602,0.016970453399753636,0.006905395722971995
0.8935616643258868,0.058473274498534636,0.027083084408746586,0.015237200645393802,0.005644776121438109
0.7342786606629972,0.16273799668024652,0.056376094701438964,0.03501716444231484,0.011590083513002109
0.8584465928658312,0.07265803566963339,0.02752252289955068,0.0318049974006214,0.009567851164363317
0.9224379096248662,0.046738493277207846,0.01736938660014099,0.009289278026980242,0.00416493247080475
0.8502178261589005,0.08802158424603865,0.033775881113955776,0.019001632414150774,0.008983076066954079
0.9121435704801286,0.04292529279439996,0.020462512797870428,0.019091097070962817,0.00537752685663817
0.9622855331750014,0.024231477950513527,0.005477098038997031,0.005752369015528627,0.0022535218199593644
0.8473218500415385,0.11710898782103198,0.014398375669331808,0.015814273477239345,0.005356512990858236
0.8055629215561836,0.11902344652696543,0.03210859517714306,0.030444216560634615,0.012860820179073364
