Delta_Power,Theta_Power,Alpha_Power,Beta_Power,Gamma_Power
0.7416813170604148,0.13180123148732562,0.0561094295979092,0.05113443384150767,0.01927358801284277
0.8911222295244897,0.054992298979847525,0.02824051649908142,0.018035813105256888,0.0076091418913242625
0.7379338047292942,0.17916632524667256,0.043927493596545866,0.025089103995059224,0.013883272432428331
0.8913715908831672,0.053408080443027604,0.036410149405281984,0.01190908862593083,0.00690109064259242
0.88854797104761,0.058526414847034684,0.033490566747416406,0.012835134216867832,0.0065999131410711875
0.7225544441514606,0.14975920984382593,0.07944627221397293,0.032431463594227744,0.015808610196512925
0.9076434427248402,0.04911701863563645,0.025882613031640016,0.011237283563004422,0.006119642044878843
0.7946867787678377,0.11391078144285897,0.05146294878914488,0.030155879089375167,0.009783611910783158
0.8106464901467607,0.0861735737416458,0.062088089990717875,0.025027381833546036,0.01606446428732959
0.8572790196869424,0.08409156712133826,0.0349664418077962,0.012571461843110997,0.011091509540812243
0.8959086103024332,0.066342735063466,0.021704869528671122,0.009870066472271191,0.006173718633158238
0.7869467877019262,0.11557039277215089,0.06627649951183824,0.01999488225860756,0.011211437755477205
0.8245763620300577,0.09408917439277836,0.04981888404297131,0.018588768154191655,0.012926811380001119
0.8031174113331022,0.10543090518991878,0.04391539208013149,0.0275819402200995,0.019954351176748247
0.8989342943509311,0.0510792085965264,0.02570721658631503,0.016110827045881314,0.00816845342034599
0.8902328499924498,0.05729492159992304,0.025158089691326425,0.01812402554104646,0.00919011317525432
0.8125257524529172,0.11887058786240609,0.041025070022195964,0.016460485176690885,0.01111810448578945
0.9051401798798797,0.05910021060123738,0.02045171186797131,0.00969761243641194,0.0056102852144999825
0.8583363093656424,0.0917778867327549,0.021695671400499092,0.018238451843784313,0.0099516806573192
0.8910326580333843,0.06792026435827082,0.019789945553522217,0.013426911684046862,0.007830220370775905
0.8935743068337388,0.06080139530441563,0.02065070832214856,0.016437624853536868,0.008535964686160207
0.8847622178583346,0.05801483039505765,0.023359428888019746,0.023686100897350054,0.010177421961237961
0.8994631528823147,0.05622037403541939,0.02188135032076954,0.014836610712321252,0.007598512049175125
0.9131558051264625,0.050912446714535556,0.019522927101191048,0.010402338740145114,0.006006482317665797
0.9239557581858647,0.041388871279807886,0.016831452444932445,0.010554533203526348,0.007269384885868598
0.822362084996586,0.09692614089743613,0.044267312192965744,0.021005039958467628,0.015439421954544435
0.7850160404423607,0.08987698278154008,0.05088154127538074,0.042387564533567346,0.031837870967150954
0.7790132488758313,0.12015338579991862,0.040593306439306455,0.03771351401586948,0.022526544869074003
0.8491159052511744,0.0868732741638821,0.028670493903895394,0.022634755464939916,0.012705571216107988
0.8192758436251311,0.10374725523405294,0.02634495373412469,0.032270552178845044,0.018361395227846126
0.8790898413861612,0.05006212259781475,0.03754679923117927,0.019662373530359767,0.013638863254485037
0.815949258240973,0.11012739586902963,0.025350659577124242,0.02945600930614357,0.019116677006729442
0.8826332539721751,0.0673376039841777,0.02032054332967444,0.016097748850207177,0.013610849863765616
0.9332659051193403,0.0353339460424152,0.010103354998110659,0.012496394763193428,0.008800399076940505
0.9231388364547494,0.05058450461232465,0.010282239121807079,0.008944462299708586,0.00704995751141034
0.8836703263938569,0.06345764326542876,0.023372555206648375,0.014946323911953729,0.014553151222112174
0.8403700528114414,0.09334323366498161,0.024379137082448727,0.023363248282665047,0.018544328158463363
0.8770853824541046,0.0715618550657761,0.027279270889308253,0.012802355831734911,0.011271135759076258
0.9398314367633029,0.0395741621185245,0.009433306455943974,0.006568876327702873,0.00459221833452553
0.7844652375124598,0.09976371192191456,0.04764140753623633,0.037965851273759635,0.030163791755629565
0.9411848910209705,0.025788846179254563,0.02047185247450822,0.00812266282483607,0.004431747500430844
0.8514801401639884,0.07043841644716278,0.037569181015874954,0.0245892197130182,0.01592304265995566
0.8649203477813346,0.07803923224726982,0.028566117986810746,0.017151244825093732,0.011323057159490954
0.7694882992701602,0.11589748285232387,0.06694557715182664,0.024932110780629582,0.02273652994505979
0.812836394825143,0.08489070261488468,0.0557552989864439,0.025308324292220283,0.021209279281307978
0.7468231075967305,0.15293066188656695,0.057967925684934925,0.026075921764114815,0.016202383067652926
0.8183393222249403,0.10097074771332731,0.04765253468299292,0.019859552981249806,0.013177842397489767
0.8794877926576187,0.05692040174983034,0.028678091305842417,0.022143129624352408,0.012770584662356088
0.8939818288105711,0.05400787194912342,0.023279927530095036,0.016362980139945388,0.01236739157026503
0.8117890468098788,0.11488420810943413,0.03311242698290352,0.020123253738631077,0.02009106435915267
0.8467969830596442,0.07427765820324911,0.034491074900162316,0.026959959919971615,0.017474323916972807
0.8750551164854438,0.06246911256393763,0.024989362869022494,0.024951427653244304,0.012534980428351867
0.8360152470196192,0.09742494302635948,0.03513042975659538,0.019412941407221437,0.012016438790204713
0.8058012841934635,0.12131319630781,0.03584910067974044,0.020836116858935723,0.01620030196005028
0.7543689996494161,0.1282329266458004,0.06846702602833028,0.026213096105557204,0.022717951570896133
0.7305638097918021,0.14845511803711545,0.05778094326234021,0.040560082783065936,0.02264004612567633
0.8840863552093182,0.0752210309998738,0.016632858339555086,0.01349248156721515,0.010567273884037713
0.8466079028273877,0.08197526297093617,0.035588920154605956,0.02241167901758705,0.013416235029483069
0.8646083848499965,0.05070756271857376,0.030231205494899018,0.03215923330240949,0.022293613634121315
0.7933645258924965,0.12094246584762383,0.03489934736794896,0.03533510482347329,0.01545855606845735
0.9092142874782209,0.041311521562391464,0.023174227819145216,0.016066888495451355,0.010233074644791194
0.7297644938223632,0.1940064761864145,0.03469150929211507,0.02423671448106099,0.017300806218046232
0.899875022397237,0.06345054395896445,0.013775518895920574,0.012500226108921738,0.010398688638956167
0.9076765183672162,0.0585645190299859,0.011762605800152134,0.012350322098417861,0.009646034704227867
0.7802717590389276,0.10521899093242465,0.054224751706802424,0.044644564474373566,0.01563993384747168
0.8876345053179636,0.07706117870923929,0.014544580051444019,0.011865654228023641,0.00889408169332953
0.8937466319803727,0.03193968242768438,0.01605811021277716,0.02297357770646447,0.035281997672701175
0.8628712554303335,0.042328221099275774,0.02390798801085417,0.028340150306795042,0.04255238515274148
0.8253888573831341,0.06901779734422492,0.03206370093195355,0.03587587120693882,0.037653773133748666
0.9319768258007655,0.025145537800104846,0.019718619958768804,0.010516652388908511,0.012642364051452547
0.8883671317180493,0.06090431574283636,0.021567334049006643,0.014128828697666164,0.015032389792441748
0.8856375100357424,0.05871994648945522,0.021376708858545576,0.01825706577617646,0.016008768840080324
0.8532471104529176,0.05899734922558214,0.04274180256965327,0.019597715493077716,0.025416022258769072
0.8503804380628851,0.05507401911579984,0.03803938749398668,0.030919751901949868,0.025586403425378542
0.8396156003589621,0.06916426560144778,0.03621408058313399,0.02451363841748621,0.030492415038970117
0.7208229343126981,0.08941962966480393,0.04724976880128613,0.06522873663492604,0.0772789305862858
0.7809663317141512,0.08194435293328806,0.04896304211827993,0.03753981307484676,0.05058646015943411
0.8973345782042517,0.036434400747628055,0.019346270263594128,0.019647429352464267,0.027237321432061895
0.7014599545846651,0.16664814734153557,0.05428527604711016,0.03559426222322698,0.04201235980346214
0.8298902639391796,0.08252732024264216,0.0260816369339172,0.027597482022111083,0.03390329686214993
0.9037979797956569,0.04446549168481586,0.016363965718901013,0.01716536629645751,0.018207196504168598
0.8790955096713465,0.046470755727209836,0.03218860802101399,0.0246200221170224,0.017625104463406902
0.9482671100202181,0.02521608671280208,0.00895267138235895,0.009685518092904556,0.007878613791716324
0.8380423980000572,0.07369830180638508,0.023073540698068915,0.033886780914411094,0.03129897858107786
0.6995705743336279,0.15768261928184243,0.05591484154242462,0.04147610008450638,0.04535586475759883
0.772003318631991,0.10317585690709868,0.055919434861393086,0.028846843105630602,0.040054546493886616
0.8427035181180664,0.06147717508200667,0.04567993641883155,0.02611662756639327,0.02402274281470212
0.7245683401834442,0.12926815598687777,0.06241928421910101,0.04292916053252306,0.040815059078054036
0.7590692868742053,0.10516471667041252,0.04826785294758329,0.041749872357918084,0.04574827114988091
0.8770289007210952,0.04890107132423129,0.02016987932315708,0.02985086681954107,0.024049281811975336
0.8795414690197576,0.05008818418722178,0.017749238023339747,0.02447609654095133,0.028145012228729435
0.8962850701198172,0.05720927403621499,0.009692374567772617,0.015230960926078644,0.021582320350116525
0.9173000312793627,0.036253855923520074,0.010068853277935528,0.016443910149825255,0.019933349369356174
0.7605158195547788,0.13890808718077294,0.0387808167363661,0.028606510812591152,0.03318876571549099
0.8780159717984607,0.04933001632671762,0.026741883158273815,0.024436275581092192,0.021475853135455563
0.8939678454446884,0.0428561981151859,0.018417426113552557,0.023529356261501138,0.02122917406507188
0.9012491619634736,0.055292538800752834,0.014766618239875037,0.01478860486285082,0.013903076133047481
0.8496487640059669,0.07326420275763823,0.03908252963521214,0.01678546617757522,0.021219037423607503
0.8528297294542604,0.07584601198932943,0.02902956887949688,0.020465678450913845,0.021829011225999565
0.8937986154004122,0.043165976180795,0.021604217286551198,0.022513739618415,0.018917451513826757
0.5438425586914436,0.2203026907351745,0.06597644514723967,0.07905050634650707,0.09082779907963529
0.7650621617149463,0.1105372842640077,0.05382937552417694,0.035892835419967496,0.034678343076901576
0.8761725158902779,0.05977101765893306,0.026801389084762876,0.019145555117160568,0.018109522248865494
0.8151946039419807,0.08797954751031402,0.03527839168521225,0.02795578584979452,0.033591671012698464
0.946544836423285,0.01855450645634624,0.011012005944144877,0.011701435194018325,0.012187215982205889
0.939727933825968,0.027774682459398663,0.012023077857652527,0.01131520933728388,0.009159096519696763
0.6270458397912837,0.15298747144352545,0.08007885236254744,0.06830811872402265,0.07157971767862063
0.8603467525915582,0.07152057850503839,0.019842370297801788,0.025397684701376762,0.02289261390422476
0.8281796263942494,0.06750147549424258,0.036493615738649406,0.028952389156431755,0.03887289321642714
0.8375018556337066,0.07723014918719219,0.02642933116334365,0.030393586831345444,0.028445077184412016
0.8584641928836766,0.07030775405223598,0.02668417969165963,0.02033008015890489,0.02421379321352302
0.920462733251537,0.031702198820269305,0.01718238143293411,0.017541612226953163,0.01311107426830627
0.9116629899573803,0.024536927441191063,0.023289590127955572,0.019247706210105395,0.021262786263367653
0.860714149664625,0.03169444522199286,0.03601113398509129,0.031037972117624813,0.04054229901066628
0.9223242844264071,0.04064089198908142,0.00994605839447442,0.013828252573275879,0.013260512616760912
0.7708590926704004,0.08233711574699501,0.06845014754102789,0.038212594853691634,0.04014104918788525
0.8493547878840068,0.06123884694818689,0.024359234106579288,0.03131420276865258,0.03373292829257456
0.7763710560495014,0.11897905279427862,0.028934023675028155,0.03548505485244154,0.040230812628750244
0.8789337584965825,0.03597839888197944,0.019750981477259462,0.03297181121685363,0.0323650499273248
0.9274856852074818,0.03391073096703456,0.010145641882344607,0.012438854991542474,0.01601908695159677
0.8356517829031102,0.04906134558825044,0.04050342925774592,0.0357872920723292,0.038996150178564275
0.8713093179349948,0.05152615927846268,0.03634257518662338,0.01821260763806157,0.022609339961857523
0.8558811766812886,0.07205916480470209,0.0227057757195642,0.02367662563460983,0.02567725715983532
0.7889783674285079,0.11688481032844225,0.03677385058924758,0.02748508996549105,0.02987788168831118
0.8953487833536803,0.04259634965912168,0.025781016809412857,0.016786949375316388,0.019486900802468683
0.9460313887881555,0.030116269398069294,0.008907203038442944,0.008729270896996745,0.006215867878335547
0.8217062211622261,0.10971897448875044,0.030002862725502764,0.02519485228662312,0.013377089336897624
0.6308266453212665,0.2149563309279723,0.08051893872191064,0.05699848281702529,0.016699602211825176
0.8569885470056569,0.07672896622223793,0.03568782253390719,0.01986552847849127,0.010729135759706694
0.588712330233445,0.15502658348071346,0.12577023510884106,0.04840601642653941,0.08208483475046088
0.6055325725552592,0.13258628938721562,0.0893555410420831,0.09839957971810596,0.074126017297336
0.8635385874758547,0.07303254456650281,0.018768311569159566,0.021261037912860898,0.023399518475622372
0.5230978989647259,0.3472286788031226,0.08244434282963994,0.01323305143266378,0.033996027969847825
0.7249255516358859,0.2056506981626885,0.033507571435651355,0.015905084215647163,0.020011094550127097
0.9337650378005626,0.03628988734243552,0.00980107443281135,0.01125053231254577,0.008893468111644797
0.898029341455032,0.05419419123614032,0.02054159249699988,0.016952849806903918,0.01028202500492401
0.9336787919016888,0.035068395104535674,0.01571930769616072,0.009663550213640031,0.005869955083974829
0.8667991744033962,0.06190473894760492,0.026295930225674363,0.028126094526293596,0.016874061897030966
0.8244772025805598,0.0734860393840886,0.04202405141833653,0.040676349825460846,0.019336356791553922
0.8305503549922574,0.07614522033711006,0.0396569626700814,0.03348554966656717,0.020161912333983893
0.9130456971205546,0.04202449962468385,0.015011383594567253,0.019420530432818914,0.010497889227375344
0.8828454386293739,0.06682238912242242,0.01721682804958878,0.01902358735772047,0.01409175684089438
0.9556307558186782,0.024604421186655033,0.006293215646864074,0.007095199245798923,0.006376408102003846
0.8645935722571858,0.06631977091443055,0.024979059267192114,0.024633180031549403,0.019474417529642424
0.8462148340203506,0.07492600828470265,0.030579468884561204,0.02721517465959072,0.021064514150794942
0.8467878029742797,0.0894309757891656,0.01918920920355357,0.025617581886009724,0.018974430146991204
0.8320731111654688,0.09548383648803213,0.02904195307769893,0.025023926290730285,0.018377172978069817
0.9087915923287189,0.05288421357202666,0.014825275951196471,0.013810091450347272,0.00968882669771064
0.8015281325178117,0.11004360480259485,0.036030326855224115,0.031158029948918038,0.0212399058754512
0.8187193254524165,0.05231810209777362,0.03247018875190127,0.03223293909969411,0.06425944459821414
0.8720438266832001,0.050821525295129205,0.028041615892654206,0.028285139853352393,0.020807892275663785
0.9032710485961319,0.04290141842328554,0.019447637097213536,0.022036106267503658,0.01234378961586549
0.7574329717608393,0.11458007265772789,0.04494406613702605,0.03961631433957736,0.043426575104829515
0.9177672973011773,0.027626714966085222,0.024780961439286937,0.01304289856697288,0.016782127726477615
0.8243469297033283,0.09472881230484305,0.038428712397826525,0.022981933518943013,0.0195136120750591
0.744616384012955,0.12432271893363374,0.05826233490254974,0.03875242736406421,0.034046134786797015
0.8105475337029242,0.07486434995158749,0.049661938351793514,0.030764337646703364,0.0341618403469915
0.9073152863193854,0.03131360670037895,0.02329280485601655,0.019928517129879475,0.01814978499433952
0.833367083107016,0.0645127597094629,0.02930289442518469,0.03038269324991989,0.0424345695084165
0.8683486433006473,0.059877468775412515,0.03439813684063431,0.02104685044682013,0.01632890063648571
0.8118723405008523,0.08577557886301829,0.055733810996802295,0.027049493583486708,0.01956877605584042
0.8154273661700144,0.10134282431148185,0.04104714384681559,0.021795825242367704,0.020386840429320256
0.8738494911442404,0.05593748527270683,0.029683521875350508,0.024041223604881805,0.016488278102820515
0.857947408753636,0.06571063060397948,0.04032413151566043,0.017180923002547734,0.01883690612417643
0.8539181368698003,0.08547942432635079,0.029865929747300877,0.01692654284898827,0.013809966207559598
0.791835531119463,0.1123735365600501,0.04602862388681262,0.031349096419783985,0.01841321201389025
0.8306395372319613,0.11363816973159277,0.028198370518411203,0.01618258457980149,0.011341337938233206
0.9220076070207318,0.04251096113649619,0.013779625979540468,0.01417787562100235,0.007523930242229272
0.8268033007338258,0.11166916519009387,0.03002634796984292,0.018637037536644446,0.01286414856959318
0.8163826837795745,0.0996025666803957,0.03825538875273607,0.023959063860676803,0.02180029692661713
0.8771880643572518,0.07477822195850713,0.026955886207449858,0.011890933853026349,0.009186893623764918
0.9092611041620103,0.04748831252367531,0.01624116225839593,0.01768245936373618,0.009326961692182506
0.9236871935706,0.04061764332717015,0.018034017700466125,0.010559814250056117,0.007101331151707982
0.923632948352824,0.03430347949057615,0.020294861946830823,0.015491882371473741,0.006276827838295378
0.9013802853311301,0.04477470754605611,0.028918509160688593,0.015327663145711745,0.009598834816413352
0.7954439850342604,0.11852791441763838,0.05111534431870733,0.023767619273237686,0.011145136956156048
0.8764551672579101,0.060742216205299016,0.02886428954958295,0.022655554394746157,0.011282772592461618
0.8685689694691525,0.08291357671163141,0.017654429308890232,0.019065262738435913,0.011797761771889941
0.9134754638630254,0.033095441130562175,0.014542161784646523,0.016152043782653745,0.022734889439112373
0.7707561686298868,0.10406336658211009,0.024115242069022127,0.045297022585644324,0.055768200133336734
0.9267572612860794,0.02761087032639468,0.012300438323781193,0.015810533589601404,0.017520896474143247
0.8100648943536567,0.06197898077065264,0.04511287412960552,0.03787064576854814,0.04497260497753719
0.8636440845094915,0.054546526645147815,0.020304435455688653,0.028934269168457937,0.03257068422121428
0.747716348422175,0.13140650060691048,0.03535201483038841,0.041426427592301134,0.0440987085482251
0.8662691394921606,0.050313200888061745,0.025089538601708213,0.021326880542083346,0.03700124047598608
0.9410107587132112,0.02924583911802881,0.010678422958935672,0.008274934443306245,0.010790044766518252
0.9474989011071596,0.024290985651863394,0.013299432093072407,0.007985923045538251,0.00692475810236638
0.7858186290825818,0.09769020070657868,0.05595074931272676,0.0351277252420528,0.025412695656059886
0.7924745192552278,0.11695354575307892,0.037342308604444686,0.030997338800312337,0.022232287586936017
0.7520371505326656,0.1235241513735309,0.06735052244627425,0.031069701405034338,0.026018474242494916
0.8162476176154627,0.08373322500816499,0.04853918644216649,0.030767844285277304,0.020712126648928512
0.8907090460854828,0.049289672520521126,0.03444095322993291,0.016578848747935446,0.00898147941612759
0.9574139347776692,0.0179844517185761,0.01382554031257854,0.006250941200285577,0.004525131990890485
0.9117716778101368,0.048773872504939114,0.016502927752209153,0.013943349911579082,0.009008172021135762
0.8188065930650239,0.10349638149359859,0.030615246181097743,0.030669120695174076,0.016412658565105605
0.9067365801564996,0.05877615196086453,0.014545067322935245,0.012268694240131038,0.007673506319569554
0.9270255586383198,0.044130631894384105,0.01188709486095097,0.009866650823251858,0.007090063783093207
0.9119207167288667,0.04426191500523727,0.021292504061069733,0.01310642527605548,0.009418438928770725
0.9192611291829503,0.05419353608664584,0.011754697626716212,0.0075863238592326675,0.007204313244454785
0.8818499519398132,0.051909958179132805,0.02778601702182927,0.019683645545427123,0.018770427313797446
0.8277782934173927,0.08519356220621449,0.028547995845322024,0.03558624130303684,0.022893907228033698
0.9173728336326608,0.042386657871585014,0.015857015455465567,0.013485289225447528,0.01089820381484109
0.937689904742048,0.03066173297827373,0.009412277560043172,0.012796625974979143,0.00943945874465604
0.9632477353784664,0.02280516518792608,0.005274762161931066,0.00417921766449767,0.0044931196071788205
0.9369221764466806,0.03514339585273427,0.014027030138610905,0.007642948782984118,0.006264448778990176
0.7973168688936124,0.10943612784044972,0.040312344851817984,0.034478252475648674,0.01845640593847144
0.9154972815304974,0.053294809748899094,0.014299151245136012,0.011231384636597525,0.005677372838869909
0.8018258211953503,0.1382992309415493,0.026379999967980333,0.023323632843911438,0.010171315051208763
0.8580334583503714,0.07218121780556574,0.036360189439281494,0.023600355302400025,0.009824779102381415
0.8717994797275344,0.09534933747248348,0.01418689440175556,0.012853580627702667,0.00581070777052412
0.9024967937588755,0.05470188588832191,0.020449145983792445,0.016938316004545487,0.00541385836446493
0.8820723318935259,0.06324677375051344,0.023043518280396805,0.023287253210679888,0.008350122864884062
0.8863099437099857,0.06721152535467895,0.02274263623007124,0.01715351353828497,0.006582381166979134
0.899873067663669,0.06677193038244328,0.018003552451742715,0.009522939900834604,0.005828509601310091
0.8087654361993557,0.11549461856623938,0.04360640397136053,0.018762072184451972,0.013371469078592496
0.9129556216561651,0.051120665541667734,0.019025240495912456,0.009736463784382213,0.007162008521872577
0.830129989349099,0.10826365998688083,0.030954771357431934,0.017810903506743615,0.012840675799844452
0.910132663050143,0.053333124141362806,0.019589164201791305,0.008630861095855126,0.008314187510847865
0.9378226224215923,0.038662561017771414,0.00889966134469633,0.010034673564174031,0.004580481651765757
0.7494988686709044,0.16310994022659397,0.03499528656249907,0.036010581539173865,0.01638532300082873
0.9080001385833822,0.0640520781908889,0.014851690582163993,0.008416449225925295,0.004679643417639639
0.9019775340581475,0.06172172850650221,0.02202501320540104,0.009254804567365731,0.005020919662583605
0.9312923830035742,0.025329920376741907,0.020349850345912145,0.013231206995611923,0.00979663927815968
0.8590370749367562,0.0357382847504895,0.019083263184265332,0.040342791403960604,0.04579858572452841
0.7884512073051666,0.05498343184021887,0.038345048240208415,0.053628411148850516,0.06459190146555564
0.8426122578026873,0.05820578189140416,0.027944098308124284,0.033622762120459546,0.037615099877324726
0.7592777734997934,0.10842699121161209,0.03379961517867227,0.045631058371755094,0.05286456173816684
0.7141405063292664,0.12967024148585762,0.052736548960754005,0.052856292727888554,0.05059641049623352
0.8801858143890404,0.05310848174872977,0.01949432519536539,0.020654566210172254,0.026556812456692065
0.9010514368349837,0.04049919334231666,0.015405662060913277,0.021925385769000952,0.02111832199278541
0.8608737345182431,0.0660628168149662,0.03975952383656725,0.02159793294165592,0.01170599188856763
0.8412029258749741,0.059278689519812244,0.04917103910215212,0.03051326198764624,0.019834083515415168
0.8052669044483625,0.09864068128452567,0.06448685979169266,0.019835937220401344,0.011769617255017526
0.8588384226763252,0.08533135866618156,0.028400152668154044,0.018050267893783986,0.009379798095555359
0.8485501029424728,0.07615868160168779,0.04188822338927743,0.020509306828879553,0.01289368523768251
0.828111157519916,0.10824956532836423,0.03195191879006809,0.018043403569786,0.013643954791865635
0.9133212545439124,0.04856330104031731,0.01798184023220943,0.011518466036652474,0.008615138146908322
0.8767745747341392,0.07506657479284912,0.017736152466048545,0.017609386558967433,0.01281331144799567
0.8547175764614426,0.08872891420674356,0.021100783758209278,0.01789080921883732,0.017561916354767306
0.8838891690045247,0.07806846762026734,0.012520003622356446,0.015712058617602012,0.00981030113524927
0.9240898960074733,0.04287385326860702,0.01587678239574631,0.010276552813148264,0.00688291551502515
0.8766566290221164,0.08065206124635622,0.016915031394741504,0.013108826947788907,0.012667451388997109
0.7885228043258355,0.09746916118211454,0.04080142651790323,0.03447236576976836,0.03873424220437839
0.8573498629982071,0.0582648837421277,0.036852153464565524,0.026942054203043516,0.020591045592056094
0.9172107883043316,0.0458063789822334,0.02131648689127982,0.010465512381827106,0.005200833440327973
0.7749796104413144,0.12745824236701675,0.052432577822307154,0.024991440504138783,0.020138128865223065
0.7714328385437936,0.1185313223455204,0.0663982876897134,0.03131951849158699,0.012318032929385636
0.7698365406796085,0.1358968514858313,0.04906089192096331,0.03063431421669734,0.01457140169689946
0.882721944583969,0.06294911643328537,0.02345479082806387,0.01891704434821228,0.011957103806469537
0.8863157654040907,0.05685690037106314,0.034857525366483566,0.014540137065222667,0.007429671793139783
0.8512604244085391,0.09256588198847784,0.03129945033847336,0.01676098783357495,0.0081132554309348
0.9026937952569293,0.0579226867516339,0.01653127986081051,0.014063527677542691,0.008788710453083862
0.7023619844859204,0.16084972711734263,0.05668083946115296,0.05185414871359198,0.028253300221992312
0.918065059706223,0.042425718991287865,0.01486791282690179,0.015740469181525833,0.008900839294061647
0.8990894530601755,0.06336840577263891,0.017800503027613906,0.012234956968117919,0.007506681171453593
0.962789553928426,0.02257934120375485,0.007627485751914372,0.004122661208453956,0.002880957907450601
0.8730815808513459,0.07765010885441032,0.022671530059874257,0.016267854497602187,0.010328925736767374
0.8812357667425422,0.06859970450007895,0.02351689472747001,0.017489872466783855,0.009157761563125017
0.9101501736594952,0.04777376884476977,0.02098988669806277,0.013282218618500981,0.007803952179171067
0.8918502648951026,0.047443655549089365,0.03052478969288801,0.017850794409876105,0.012330495453044179
0.9047991982045082,0.04011823939248588,0.028791404697460676,0.016916236422339127,0.009374921283206284
0.8976361587999833,0.058302590438570695,0.022964224500639514,0.01429176249039437,0.006805263770411899
0.9098114911072419,0.05319402681908414,0.02012273609817988,0.011184033291137263,0.005687712684356698
0.8661806300548122,0.08092205935516687,0.027378874721423134,0.014054339855322605,0.01146409601327509
0.8076048244215291,0.13331943635585497,0.026046474887673494,0.01864150175754918,0.014387762577393185
0.8277429113087338,0.12406433015921801,0.022692999113542715,0.014492834070737945,0.011006925347767387
0.7898057560773438,0.15583815171489263,0.02384364672288382,0.018400633314605033,0.012111812170274442
0.8154344862204723,0.11952821786647633,0.029426616169062895,0.02162499094622949,0.013985688797758732
0.8896310722656104,0.0668506022995182,0.017348097542986295,0.016970515339222936,0.009199712552662201
0.9577329931810906,0.022695673213356055,0.007825297345722812,0.006681956743077975,0.005064079516752573
0.8182660112431553,0.10294747458907834,0.029650484427481062,0.025811127492433927,0.023324902247851248
0.9058739633739683,0.04995322471508758,0.0242679869290858,0.011156431494524183,0.008748393487333996
0.8297178480658151,0.10282400931639696,0.027228587521869917,0.027096700168793758,0.013132854927124635
0.9400800352730155,0.027313437743928998,0.014807216294299257,0.010878280383492818,0.0069210303052633275
0.863895668051053,0.09040259256178457,0.019363792562022544,0.01672446035884499,0.00961348646629465
0.8968239147428259,0.06586500131463156,0.017174036286401007,0.011179533908789785,0.008957513747351896
0.9156185802129618,0.05753281905167931,0.013345787033486958,0.0077772799361792095,0.00572553376569274
0.9147817473004514,0.04564748897078512,0.015953021194627295,0.01591807187576229,0.00769967065837387
0.7780518873546639,0.10665249049273964,0.057046006905658656,0.04208896107711845,0.01616065416981938
0.7598992498584272,0.11133265642272801,0.06309037843228368,0.030347270797922626,0.03533044448863828
0.8249357788782165,0.11233884968994373,0.027721102400212052,0.018088643401236292,0.016915625630391312
0.740015830295847,0.09788153192789903,0.06314734387967587,0.033557066972093555,0.06539822692448455
0.7113455194444586,0.14429075246734727,0.06376179551457054,0.0364964679506278,0.044105464622995944
0.8573452291790373,0.07388725793722133,0.029863521998677093,0.024636489473223753,0.014267501411840536
0.7913302422024241,0.07987452063003238,0.07450007753056954,0.034285175853862135,0.020009983783111942
0.7895834270636606,0.13207211078215428,0.04247991149121185,0.019342878512063774,0.016521672150909533
0.9112386551018249,0.04944866730869553,0.01634322430191787,0.012885881327387298,0.010083571960174387
0.8999381691411932,0.06298145848794398,0.014519426384216024,0.011648886491255523,0.010912059495391443
0.8207064864378655,0.10137692943634408,0.04419066816574698,0.02022810429597288,0.013497811664070505
0.8559861939429408,0.06147450920184071,0.04701490268358141,0.021442433461186006,0.014081960710451057
0.7347040087503167,0.14726821202480792,0.04855472393102962,0.04126463912657557,0.028208416167270125
0.7737307526073616,0.1077671335213202,0.05346279077789625,0.04164914232824268,0.023390180765179302
0.9211084463185613,0.033803425736114216,0.022581981787086338,0.013933505847842531,0.008572640310395667
0.8204922769940955,0.10682005886050648,0.030686311319070788,0.025409897274932567,0.01659145555139478
0.8707715051281767,0.0803955702517047,0.022683321333272128,0.01421753707277681,0.011932066214069477
0.8644992831117313,0.07107175360611119,0.02990395323542516,0.019319726643685843,0.01520528340304643
0.8176400136474977,0.10318399243934755,0.039211012814480695,0.023501760605498842,0.016463220493174995
0.7988366628994041,0.10516931480579295,0.055028253348700505,0.026261180406077514,0.01470458854002451
0.8929913087973591,0.05996815748268501,0.022160416677848196,0.015484136705767825,0.009395980336339796
0.8712815036567211,0.07294955633392483,0.032110428348194095,0.015456756784328911,0.008201754876830948
0.8608759835551106,0.06801845033185644,0.03477124101642446,0.02410131513332967,0.012233009963278715
0.9188502043048373,0.04482222426521294,0.014779286606571494,0.012997673227514753,0.00855061159586348
0.855987653197445,0.07223082302547221,0.03374222261812091,0.023873585017119673,0.014165716141842349
0.9293841471891858,0.04174767231703086,0.01075078991866584,0.010524893047865178,0.007592497527252431
0.9107667398829619,0.04770695460737113,0.020416600849172614,0.01053330164779472,0.01057640301269975
0.8910166579852494,0.05939078466795602,0.02579005750358122,0.012830767040389462,0.010971732802823828
0.8346104564276293,0.09790863240411206,0.027175803970982997,0.025197857398993523,0.015107249798281775
0.8891403431565262,0.05725234835009313,0.022166291724304527,0.017425191256388344,0.014015825512687879
0.9153494255902309,0.0347368972738071,0.025110512216581886,0.014478454095257524,0.010324710824122405
0.9616886868631934,0.01710768276534444,0.009417900187877845,0.007129266370067712,0.004656463813516516
0.7803739759613075,0.09907998375045943,0.05526734375036254,0.040591167592116,0.02468752894575452
0.8868659775892017,0.04436228171191327,0.03968676895337665,0.017674995611611323,0.011409976133897246
0.8538175521425989,0.07064415194047015,0.040955137372224844,0.021883021733525774,0.012700136811180205
0.9129461403725602,0.039308531525803894,0.02275418780188049,0.014469856461825073,0.010521283837930592
0.7919562312799856,0.10363790259142916,0.05718975530728443,0.031318193623008556,0.01589791719829225
0.8689256777242365,0.059124711672203664,0.03437334934163561,0.02441333598228511,0.013162925279639234
0.8758167640487683,0.055035054079249766,0.041818978425222496,0.01566361659562301,0.01166558685113643
0.8581413560450399,0.058704556233255836,0.053291700938979045,0.018157785673684312,0.011704601109040763
0.9282380728271896,0.03146631565083085,0.025727140800934925,0.008063663089634972,0.006504807631409653
0.8315060151561453,0.08003131615657394,0.05728471503516969,0.017799940660500974,0.013378012991610108
0.9099042540942128,0.03618121954620236,0.0341099032995775,0.012325825039403748,0.0074787980206035545
0.6993545273812769,0.17290885171023407,0.07249857133874546,0.033218550115941534,0.022019499453801952
0.832942489008702,0.09113892409277136,0.03901462317292471,0.024439264623276967,0.012464699102325017
0.8478345122100335,0.07272256239567818,0.04683428316527671,0.019842725945969662,0.012765916283041722
0.8392764270476863,0.07674847018185277,0.055717125622792754,0.018671048654356336,0.009586928493311839
0.8971914107356083,0.05290238782443118,0.024892449203870428,0.01588451805105847,0.009129234185031653
0.796975013785741,0.10669318510786473,0.05259118359043945,0.026893677778772093,0.016846939737182796
0.8728330082964869,0.08474217850672658,0.019663368085512434,0.016552580851915893,0.006208864259358369
0.8600592095881707,0.07279399336598341,0.039418693440037705,0.016469883949721122,0.011258219656087077
0.9039540019813848,0.04508529067555091,0.02634513165620734,0.015325331738594957,0.009290243948261934
0.8991721170996458,0.0524765618725124,0.024311096762866583,0.015817763756179787,0.008222460508795531
0.8132504668042623,0.10195253618445771,0.043584179123710626,0.027428277754033285,0.013784540133536043
0.7890092597913096,0.10641474481091606,0.055256908103936256,0.03305483235428962,0.016264254939548695
0.8230930825049696,0.10686959707686229,0.03333682625335824,0.019228459384818083,0.017472034779991815
0.771839158246123,0.14362481247301445,0.04954047668856313,0.020167528064201273,0.014828024528098447
0.8231740330494504,0.08100974224969179,0.05614649028020334,0.026255887795869078,0.013413846624785536
0.7123533793378996,0.14360390266956516,0.08732334929266387,0.03332899205994574,0.02339037663992583
0.7824203090202287,0.11460374852375778,0.07030873427987706,0.021168604590495427,0.011498603585641165
0.8399014792119481,0.0763383963854323,0.0541202807035961,0.01884330231323493,0.010796541385788732
0.7848755111201335,0.12166608056193262,0.05788506117126529,0.02524793647984156,0.010325410666827088
0.8492137994957993,0.07424259109495619,0.04638646993730153,0.020066488210207106,0.010090651261735735
0.806488248625561,0.11120361488865398,0.05318750188074225,0.02017310573473695,0.008947528870305916
0.8730237005532567,0.08519645021405478,0.028777691566915967,0.00861355127053098,0.00438860639524131
0.8721165257363548,0.0786005650027838,0.027307437323584895,0.014988786371965532,0.006986685565311091
0.8738886126049767,0.06626094712235069,0.03725084604256051,0.014870481980857338,0.007729112249254626
0.9237177100014703,0.044002491648134995,0.017024991135193384,0.010231125327398958,0.0050236818878021255
0.9289059902254372,0.03669884248709568,0.02209922401685779,0.008285953660092656,0.00400998961051673
0.9369426062145406,0.02239167276275106,0.028247686395906767,0.008816627421103965,0.0036014072056974452
0.9318140862343097,0.02250318659032684,0.028719127152259542,0.011983637929212167,0.004979962093891789
0.9156985489707781,0.044788743672314696,0.027955613582534653,0.007269210916010736,0.004287882858361913
0.7888862914403458,0.10624139361950828,0.0666416376747298,0.025669242874609366,0.012561434390806656
0.8523642169151474,0.09154917224741776,0.03160596966907074,0.01588949363377989,0.008591147534584244
0.8677284536921686,0.06910163522609433,0.03745473446941391,0.0178807791037965,0.00783439750852674
0.8805755724066504,0.07007194262811801,0.025166100363991955,0.01786849921599401,0.006317885385245879
0.9134426019185038,0.04490458730561646,0.019304139460835885,0.014667726303725277,0.007680945011318422
0.8803764133941118,0.07107606894110689,0.022463574980448497,0.017376814148635723,0.008707128535697214
0.9538501681086108,0.025382820553738385,0.00966727276723631,0.007293618299678848,0.003806120270735679
0.9164169879040206,0.048279541970475015,0.017251733823934395,0.012824711498845835,0.00522702480272412
0.9235839433463139,0.04695353164106299,0.014731078324947668,0.009527818425745313,0.005203628261930138
0.8985009448927505,0.054506976751144735,0.02140690223847936,0.017656807093820007,0.00792836902380542
0.864893072757135,0.07469240334871874,0.03262712841211564,0.019162168875965974,0.008625226606064575
0.9282760859085968,0.04349242691546448,0.016947520579227562,0.008099489744488255,0.003184476852222936
0.9212744505716872,0.04281955917233203,0.021776135562267995,0.010263440905708089,0.003866413788004749
0.8023144147305276,0.11199483428648253,0.05864671571781968,0.01942347520362321,0.0076205600615471426
0.867404551119653,0.07140895153654209,0.03548841295711655,0.017486052385113963,0.008212032001574247
0.9294143907028931,0.046593552949734926,0.015248711301185026,0.005820739785052585,0.0029226052611341594
0.934973059113782,0.04333224906578791,0.009641635078264418,0.00841458162732478,0.003638475114840848
0.9337478342376823,0.02780955130756528,0.022930254970331222,0.010331669663236894,0.005180689821184236
0.9479045688294918,0.026150407021099314,0.01582904464692373,0.006364984460281112,0.0037509950422041525
0.9494750785681328,0.021309547876941413,0.017371801937191,0.008287932006971206,0.003555639610763767
0.9029652438498262,0.039806141541681765,0.03331698479174262,0.016402618650225766,0.007509011166523662
0.8480855958454582,0.07624479621609037,0.03843367816975407,0.02608512814193637,0.011150801626760543
0.8795069448842797,0.07572673708306625,0.02199530605257525,0.014091906644399245,0.008679105335679496
0.910246706120689,0.05865444412286387,0.015413116836493209,0.009526713398963509,0.0061590195209904955
0.9006656155146475,0.047450588375786085,0.025697196532335938,0.019462517709571858,0.0067240818676588725
0.9525967345611445,0.030572813272506365,0.007343527242242696,0.006678875892792395,0.002808049031314007
0.8894886009074376,0.07353158596449175,0.01733538598673557,0.013226097040827426,0.006418330100507721
0.8990791572901113,0.06650057697711709,0.019656529120713608,0.009163979613562712,0.005599756998495292
0.9046869991357438,0.05332487595762375,0.023458702417112426,0.01339056209746319,0.005138860392056947
0.8510933960160129,0.09554877435415085,0.03092206132500481,0.015692458389586328,0.00674330991524517
0.8204500516671653,0.10178443447483215,0.0388549049676605,0.02572548598042804,0.013185122909913806
0.8808695473874479,0.06690821795954077,0.02606191568070036,0.019709383855686696,0.006450935116624266
0.95224829361628,0.026329377910467598,0.010501652457677181,0.007961956175021627,0.0029587198405535814
0.9046002710689973,0.05314396170811676,0.02315201137584047,0.014483749657890373,0.004620006189154935
0.7789522839983657,0.12014091672529072,0.049777927098125896,0.03529645559280002,0.015832416585417737
0.8770771876752136,0.06577278671241532,0.02982122135692474,0.019104234154526563,0.008224570100919676
0.8381980338139027,0.11240997009681739,0.023991314842152008,0.017093066297211756,0.008307614949916055
0.8780702950846165,0.07422340249632724,0.021653273798603337,0.020090183758196444,0.005962844862256612
0.924992670370472,0.05072864365621211,0.009733516368828764,0.009939563995971675,0.004605605608515611
0.7070809678945644,0.19302611400936046,0.052990611921494464,0.03329933574202652,0.013602970432554064
0.8150687313510169,0.12167486131230355,0.03131694838567419,0.021969734070206477,0.009969724880799063
0.852535161642957,0.08180662056905526,0.03136623517251559,0.024380846349539714,0.009911136265932288
0.8917686728607498,0.0609342670281885,0.029736928603384206,0.0119907629527937,0.005569368554883708
0.866770641304446,0.08053278972558958,0.030097329809299456,0.015554345636549335,0.007044893524115584
0.8540458161123092,0.05862295844334923,0.0545030826849587,0.02346893430892899,0.009359208450453958
0.881578665194528,0.05887728562765644,0.03929647442065975,0.014929627968627242,0.005317946788528466
