Delta_Power,Theta_Power,Alpha_Power,Beta_Power,Gamma_Power
0.939511871596431,0.029280065541825436,0.00952882942578318,0.014999168461645448,0.0066800649743148505
0.8845593399044911,0.06581287249096003,0.022960828082419216,0.01677139809680483,0.009895561425324719
0.7316867617335479,0.11457752625720286,0.09247628464551014,0.0404322618346257,0.02082716552911361
0.8030399254946725,0.08859961998126537,0.07327135829091452,0.02292570350673893,0.012163392726408583
0.9014420341761055,0.05040824625508996,0.02647246156382508,0.011410428887428239,0.010266829117551253
0.9049385975928318,0.036985591680231876,0.02800260134487129,0.0150922728126173,0.014980936569447807
0.8627951231750368,0.05068128759447978,0.033683849100656374,0.026876701733663935,0.025963038396163075
0.8415025389822177,0.05296115678576575,0.0375277827208832,0.036069547306965974,0.031938974204167477
0.936799714354556,0.03797369848941415,0.008278036057194231,0.009737571018303942,0.0072109800805317936
0.878371273024337,0.058569788887194045,0.03070400517019931,0.020844108682193965,0.011510824236075546
0.8742020835090529,0.0454346017757329,0.048643328711652604,0.02010574599627006,0.011614240007291655
0.7972430931233797,0.11480295672632591,0.03895588320287333,0.034263591071506484,0.014734475875914647
0.8001941303318314,0.08817959123659037,0.0483389083786691,0.04607951463145313,0.017207855421456003
0.956705193595185,0.01749696676036474,0.012888780583833867,0.008335449352132478,0.0045736097084839
0.8985850745977111,0.055847171275702615,0.02523096212986909,0.012531188391772153,0.0078056036049451456
0.9053087300577854,0.0479689654219792,0.022967065470391148,0.014415025121223913,0.009340213928620191
0.9244790447839886,0.05254917046588103,0.006054832673613865,0.01024767355293366,0.006669278523582952
0.8389943565973665,0.12052678169457909,0.016548378496756153,0.015333844660865775,0.008596638550432448
0.8718242523484969,0.043406124113454785,0.042306516177263435,0.02799080364467716,0.014472303716107625
0.7197575735916456,0.14358238596865194,0.07363060203809466,0.02793291558580021,0.03509652281580757
0.8184881385710014,0.10121246718585865,0.039842309735627635,0.024038621877357814,0.016418462630154524
0.8806877305331754,0.049943411278406714,0.03537784123279555,0.01780636062361112,0.01618465633201121
0.933180015364391,0.032974391530840294,0.019114528829704252,0.009566534103374427,0.005164530171689986
0.8703929215876258,0.06877112993969307,0.02779504752851859,0.01701132528883425,0.01602957565532838
0.8712150540037192,0.06449579306115716,0.022704688312197713,0.023595811409250718,0.017988653213674894
0.9083713390537907,0.04734357910818616,0.02049452694851504,0.016025751207359752,0.007764803682148258
0.8462919449380275,0.05027717817906486,0.06959210656093659,0.023137962640519854,0.01070080768145118
0.8584005964004804,0.07218832340186869,0.025110472533679803,0.024189612339970152,0.02011099532400079
0.8664509286669667,0.051609131211151155,0.03136477623344428,0.02900517772142472,0.021569986167013146
0.9145466686596904,0.03352919668840415,0.025593596456542547,0.01642536369787488,0.009905174497488284
0.9303017523524959,0.03844439471190103,0.011925327843039412,0.012092358418733807,0.007236166673829882
0.9099190527143562,0.04367701806638116,0.018796601802926298,0.018469784985703768,0.009137542430632209
0.8818175082775542,0.07156522470359405,0.022121005809926996,0.01569090317655664,0.008805358032368262
0.8737521196036186,0.047072563632011274,0.049312342332724995,0.017309485772664827,0.012553488658980127
0.9374929753554806,0.023564003246149958,0.02584010381479198,0.007343637223742949,0.005759280359834487
0.8332408516430618,0.08798477325004009,0.02918226531037579,0.02373178209554529,0.025860327700976796
0.9018582633311628,0.050878042563182874,0.03156860798140805,0.00996850070524678,0.005726585418999396
0.8945478629635093,0.05537849049772315,0.02600032761621485,0.016335582395928055,0.007737736526624565
0.8964653935769354,0.050777141807458584,0.02976785902245929,0.01392516609026186,0.009064439502884918
0.7872285395067353,0.1159686520837338,0.03985413689395546,0.040305807429717316,0.016642864085858227
0.9096507241564481,0.05239469434975016,0.016323693921997347,0.013550677047535632,0.008080210524268836
0.8619187357792634,0.0831679308920579,0.02771434987698051,0.015562596777029593,0.011636386674668743
0.8863011362312074,0.05371802369441692,0.031678588314295715,0.019750909696255748,0.008551342063824097
0.9753100472665918,0.011264258928684335,0.005592396381448303,0.004576104986491924,0.003257192436783472
0.9139126702418955,0.05078432257020889,0.020122520235541026,0.008734381595804504,0.00644610535655011
0.8408591035981438,0.05903343304923891,0.04554798150596107,0.022366708888759763,0.03219277295789655
0.7473942481390203,0.04885882413896676,0.026935159578601018,0.04355561479141555,0.13325615335199648
0.9242301409289649,0.03378362625394281,0.01800978819845861,0.01483499758650463,0.009141447032129083
0.911944598408223,0.047684825004116804,0.02327119064835968,0.010996788655994301,0.006102597283306294
0.8888804246437361,0.031101369395499318,0.04913976536536848,0.019861316602699023,0.01101712399269699
0.798395662268947,0.12721802459829737,0.03753804480857864,0.02409505688259139,0.012753211441585515
0.8964195682885043,0.053792683339624524,0.025238892612064488,0.016710728820102255,0.007838126939704615
0.46034207689018336,0.1922470690045371,0.0987706689145907,0.18473840123738075,0.06390178395330805
0.6690340083200207,0.13434731279288037,0.04783096671357639,0.11234619993862698,0.036441512234895695
0.7423621511295879,0.14523807722058965,0.0356772951192227,0.029346333920214077,0.047376142610385516
0.8733020214615077,0.06649337680904063,0.019629517206222937,0.01579564356449499,0.024779440958733537
0.45990422382101265,0.40934387900862385,0.05873330811771607,0.020398331656122627,0.05162025739652493
0.8180704786213306,0.07732758513353843,0.031999499347883216,0.04190514022478886,0.03069729667245881
0.7641070861769752,0.12692307132035133,0.06393399494405573,0.025391791948918555,0.019644055609699205
0.9014244091699822,0.05602963891523666,0.025090599778596703,0.01069297244702655,0.006762379689157852
0.8355642588150968,0.0943795456286367,0.03203248825877868,0.02493056857875632,0.013093138718731391
0.8056385600585008,0.11074309840221307,0.042148594291082385,0.02643866724183374,0.015031080006369827
0.7892090662991939,0.1050051129069727,0.05945741308149116,0.027657609665943498,0.01867079804639895
0.9662357812800993,0.012279929920799971,0.012681953592736541,0.0060208809719718235,0.002781454234392601
0.8048336076791835,0.11523175115985512,0.03722889905662631,0.02921266628304637,0.013493075821288548
0.8279164319597705,0.10131263398595695,0.045846515058690675,0.01666770828197563,0.008256710713606402
0.7985664493532334,0.12715258824277306,0.04421593978462441,0.019502482859988502,0.010562539759380972
0.9069007726556708,0.06899204166828368,0.015649584030062814,0.005349563181535082,0.0031080384644477143
0.8222186973632828,0.08787675649041152,0.05283659270136423,0.025212403459642506,0.011855549985299061
0.8300648993384236,0.09289462718110386,0.048504892253473604,0.019468824446481577,0.009066756780517136
0.9369250398217693,0.0338984576621656,0.016656278057463444,0.008183122077931513,0.004337102380670248
0.6899098950227928,0.14338496286844155,0.08173414006125936,0.05411958802843022,0.030851414019075842
0.8290339136101939,0.10747988006067007,0.03838622136331622,0.014310517383671688,0.010789467582148079
0.8607650649241386,0.06201419661490036,0.031909292887678346,0.025844525850585474,0.019466919722697228
0.791097384008812,0.1251364195814818,0.03943430410277957,0.028874074135101305,0.015457818171825377
0.8001525739696101,0.09877793558190671,0.05962266001236235,0.02651124581345816,0.01493558462266279
0.8492538623102814,0.03062052463744732,0.0272087413511705,0.029059102973225354,0.06385776872787527
0.8843060744501712,0.04832962001368921,0.014057910269563406,0.01671173012603988,0.03659466514053621
0.8491736226476948,0.08073757077399492,0.04107204869379558,0.01894040211722255,0.01007635576729217
0.8366210561751505,0.09685440988666172,0.03589508538614,0.021060501808437368,0.009568946743610678
0.8549713035805572,0.06688122783700168,0.03257021817569905,0.03164256699166039,0.01393468341508181
0.827923233395579,0.0814286881315632,0.045916469601228395,0.029411534362288178,0.015320074509341341
0.8404225662270238,0.07255285107181664,0.046922804778113926,0.027073344127896318,0.013028433795149254
0.7932208365084784,0.10122361861517243,0.03996051076305421,0.04229349779650263,0.023301536316791903
0.9385951635868195,0.023295094270419998,0.015659843091353137,0.013290824016273607,0.00915907503513393
0.8864877075424358,0.0736671222500935,0.01690353509651082,0.012077094597111262,0.01086454051384846
0.8762812498370889,0.06258774184790093,0.028926703168179944,0.020755050919373675,0.011449254227456582
0.87993850507455,0.06776499108262118,0.02516675802061229,0.017887901037246873,0.009241844784969621
0.9410760706246405,0.027620185438534367,0.012562728803762446,0.011069031820575885,0.007671983312486756
0.8857259441081416,0.04421927293451153,0.02987562906693903,0.025841284460591463,0.014337869429816534
0.8469381970780799,0.06272487612748782,0.04999088478222085,0.02485398128957095,0.015492060722640633
0.791382386992039,0.08832286503096118,0.05334948701566727,0.04510873171167674,0.021836529249655796
0.8810189769438701,0.052281858691195796,0.027803375511910075,0.024610284780658284,0.01428550407236569
0.8029967250646283,0.10673572143526218,0.04971086259771997,0.02094551265513622,0.01961117824725348
0.9052542316192564,0.04616649515153559,0.020756331022291397,0.01856463959947981,0.009258302607436668
0.8926577415267432,0.04983152625638653,0.029040613161477057,0.015575141218123582,0.012894977837269882
0.8955072657711616,0.052564613394318144,0.020397172070880442,0.01945363671906117,0.012077312044578752
0.8687958152728971,0.06495621560218719,0.035004378130340234,0.018389160417993575,0.012854430576581954
0.9265874068468593,0.03090167443085923,0.020121274415521632,0.01325370627612906,0.009135938030630585
0.9459636990101619,0.02657645472556237,0.013837567946398276,0.00912561447818545,0.0044966638396918435
0.8969590096656371,0.04766985285041227,0.021005552719610247,0.01461569957004467,0.01974988519429568
0.8849687687377004,0.05248523074846481,0.026139745196886957,0.02041271593971804,0.015993539377229984
0.9244581422260405,0.02468317275930177,0.030954409111852092,0.010526751976517087,0.009377523926288276
0.943693145241332,0.03023120241146968,0.01447481902960955,0.007176008655936793,0.00442482466165191
0.8992159291923121,0.04497467776045148,0.030297859597259037,0.014423021871705119,0.011088511578271955
0.8520385709403195,0.06982870406008794,0.03273701409423958,0.027766401541109667,0.017629309364243485
0.9138016504360467,0.04872446119277724,0.010839392688713636,0.015879462163004305,0.010755033519458102
0.9082219016626143,0.03708751708076175,0.02733517318694077,0.014925603129471124,0.012429804940211828
0.7942197078754133,0.1274047866029421,0.027969495064712985,0.025612272802469235,0.02479373765446233
0.8235880480762959,0.08968425959542618,0.038917797437225114,0.02784502845556969,0.019964866435482995
0.8421627731294504,0.056116423002179706,0.052356788219737015,0.03327911281012355,0.01608490283850938
0.8311834317269974,0.09067904798243691,0.04334082141860884,0.019414542720023284,0.015382156151933675
0.8660922948944632,0.058069249499807636,0.03872910656363958,0.022939167495576847,0.01417018154651281
0.886600702325128,0.07124515328331632,0.02220535328688608,0.011321848367582424,0.008626942737087192
0.825665765307147,0.128606020625889,0.02055999737558887,0.013994493791066586,0.011173722900308625
0.8851220027126115,0.05415015005495238,0.02875803302486147,0.018331745358361348,0.013638068849213167
0.9077323435061544,0.051366687807510865,0.016745648811050822,0.01424882153108439,0.009906498344199365
0.8717857463775852,0.043291124324261,0.030221526834150875,0.035873563309840165,0.01882803915416262
0.8743471988505175,0.04666709116256713,0.032040990545405705,0.026111123925204885,0.020833595516305037
0.938597237993388,0.02713343889705434,0.01597563559482814,0.010000909319524362,0.008292778195204938
0.9523467006461878,0.02870384803612519,0.009661462182146646,0.005599396315101938,0.0036885928204384005
0.9163135031189682,0.04017303355676008,0.022755887822216634,0.011863554254204076,0.008894021247851049
0.7902014867790128,0.13820629816763833,0.031952804947668556,0.021211742114778147,0.018427667990902244
0.900595918512464,0.03784538702177687,0.031147708947455697,0.019040843175056978,0.011370142343246561
0.9114739022197598,0.04345647541880171,0.022188274257516002,0.01372924697586906,0.0091521011280534
0.9400790764597544,0.026156080121756818,0.01704368005000472,0.008289376974124804,0.008431786394359287
0.894539997063183,0.0509914349349855,0.019001798829945193,0.021982398712745228,0.01348437045914099
0.8459024358979578,0.08991259590796064,0.0329179177186129,0.016402952834288068,0.014864097641180626
0.8673200712070717,0.07668988424922744,0.030125509289496775,0.015488319900033203,0.01037621535417122
0.8824582165789677,0.059763518751672136,0.031634074701890266,0.01610947320171453,0.010034716765755273
0.8707951779630216,0.061829237989590946,0.03709607219504078,0.015306158405760512,0.014973353446586082
0.832823362626586,0.08455939168889799,0.03403859174108662,0.02752599146236534,0.021052662481063918
0.862721590419325,0.06753070258369512,0.02979663261979199,0.02062639665275953,0.019324677724428335
0.898982121394005,0.03897861329988081,0.026645524569135846,0.01692347660088553,0.018470264136092828
0.889508856445564,0.04488004466283906,0.022719691935173224,0.01674864865131876,0.026142758305104707
0.8424748312488557,0.10731781886555812,0.02567820710993793,0.014010797811950824,0.010518344963697303
0.9378608484895009,0.03133957598642707,0.012764324706116534,0.011229404507314801,0.006805846310640635
0.907653024528327,0.04000885405297523,0.0231390727276595,0.015929726841239476,0.013269321849798815
0.824328248838474,0.08284469137629516,0.036363068393207236,0.03516478254487838,0.02129920884714544
0.6915664436968744,0.14560638670055265,0.08512446600401927,0.051125839258435404,0.026576864340118387
0.8907248968477635,0.05423367596938663,0.026650919097219238,0.016359955884186237,0.012030552201444385
0.8928337298423142,0.060403604547971786,0.026588983530465952,0.01149146983189324,0.0086822122473546
0.7133688212044919,0.16491857397675475,0.0613804967032182,0.0348615499537693,0.025470558161765848
0.8615547828845552,0.05809993051073609,0.04375173106436189,0.02330967553423776,0.013283880006109132
0.9140222657792807,0.03486292784916008,0.030531478046359854,0.013253502480402435,0.007329825844797012
0.8602756784521423,0.05720651148835968,0.04737710399156702,0.0205252057233121,0.014615500344618839
0.8299011080189325,0.09598532241175951,0.03634215587760435,0.025314745398742625,0.012456668292960852
0.8411117094661122,0.06406102931824274,0.0523512429177799,0.025905027289940718,0.016570991007924512
0.9605511646995525,0.01642399273144312,0.009565954507781967,0.00828908725815096,0.005169800803071366
0.8711460487073556,0.07247670330966852,0.018797737971228745,0.019157759076744024,0.018421750935003145
0.8690661460487339,0.057030058914883226,0.020051886052555493,0.022059326391802275,0.031792582592024866
0.8560007671904343,0.04978867674801876,0.015650743753444475,0.03635180070990314,0.04220801159819941
0.9125461688070381,0.03931914430916561,0.0236029901072653,0.014055104571049234,0.010476592205482112
0.9530287041030214,0.02421957265843142,0.01119901592557156,0.007391881468938469,0.004160825844037108
0.9244586595321607,0.03623855747358227,0.01941608506612287,0.013913356068164753,0.005973341859969734
0.8209568114118001,0.10595447090790788,0.026912432770502735,0.02757707510391543,0.018599209805874053
0.8344449445231161,0.0728926627603686,0.028466106584123747,0.026100000984106735,0.03809628514828487
0.9412714307843352,0.030854229087250492,0.012267417555760033,0.009340178870643494,0.0062667437020108505
0.8688819104074912,0.08823009424075051,0.02020136811104452,0.013969049383422092,0.008717577857291374
0.8587237642784653,0.06740018255740299,0.041577551291970376,0.019972480009633118,0.012326021862528246
0.8791193637082637,0.08336593852577444,0.01454990267572014,0.012400809320392427,0.010563985769849248
0.8914407758669034,0.055166882195853174,0.029658912978992508,0.014360343351206489,0.00937308560704413
0.8974907804355946,0.0627890668169402,0.01954832995274373,0.013770164584153486,0.006401658210568182
0.7577852038053395,0.14143227798220864,0.05338351014680042,0.031289785530410195,0.016109222535241233
0.8755694801435486,0.06539240814861812,0.029771613400586535,0.019928895452869497,0.009337602854377269
0.8013151154656277,0.08954954990518442,0.06576281833231981,0.028864023804948145,0.014508492491919878
0.8307457041131587,0.09739888688553316,0.031134685514911782,0.028442506492909223,0.012278216993487362
0.8371585700278034,0.06482294851284856,0.027998960677677032,0.022458476133568637,0.047561044648102284
0.8790677474197008,0.059231054996991134,0.02914415442131081,0.01900379702221277,0.013553246139784359
0.8370979200490023,0.08486322539215052,0.04873719438364427,0.01831470941700567,0.010986950758196893
0.8195139165751021,0.09005018963054402,0.04847953284533803,0.027312498509820024,0.014643862439195769
0.84804158040191,0.10302461141977828,0.026209933281300654,0.0158099698028465,0.006913905094164736
0.790522285430805,0.07090172607375188,0.056449849303864916,0.05713883350178045,0.02498730568979761
0.9075858089722679,0.029975607489573328,0.02226670058728292,0.029729675748494475,0.010442207202381445
0.7965514394282301,0.11959036478031573,0.04322343773597911,0.02695173193822158,0.013683026117253597
0.698544454300286,0.1342171328390472,0.07975168773856368,0.05730788432094132,0.030178840801161805
0.9130054221362766,0.032582558442962234,0.028512915808028328,0.01712851086050638,0.008770592752226285
0.7249402537850373,0.14551294570864812,0.07524457364737398,0.03710460595906197,0.017197620899878703
0.7194465540557535,0.10643680697088738,0.09305027774261994,0.051979669856435484,0.02908669137430371
0.9505315896771647,0.02393768301154039,0.01285596898169584,0.0076721761104543255,0.005002582219144882
0.8354793233317317,0.0823361845496575,0.042330457221971186,0.027650128759574302,0.012203906137065384
0.8130578173172691,0.10868116720825112,0.0463208398786223,0.021418705320483386,0.010521470275373866
0.8592903280985904,0.08618308107461581,0.02869445832737657,0.01727309925823976,0.008559033241177627
0.8567426423248174,0.08523008018749573,0.032664142919666336,0.014911464076080553,0.010451670491939917
0.7274437776028645,0.14759952976908214,0.06607345248053531,0.03811102012379075,0.020772220023727295
0.8943311953911592,0.05652927862917805,0.025887853375755866,0.014873923633817709,0.008377748970089006
0.9101428460650836,0.043996956773141666,0.020285028396653058,0.016044415979916907,0.009530752785204771
0.8675129161688838,0.05283811007221313,0.040023729505867356,0.025512884932268366,0.014112359320767398
0.908085432925906,0.028148825314899966,0.023823019927982154,0.022004647020049947,0.017938074811161848
0.748128581315349,0.05957223618811128,0.0405297869114346,0.07287050768585894,0.07889888789924639
0.8081352907363274,0.09659205478192227,0.06124102992073652,0.022982290952553767,0.011049333608460096
0.9047852020269425,0.032154986582609776,0.036442157429158156,0.020068564604630128,0.006549089356659535
0.8884968385969056,0.05572912064130605,0.02592212482771585,0.021103383104711413,0.008748532829360878
0.9003951024683433,0.0507929420436132,0.027543299928918335,0.01625588064713838,0.005012774911986734
0.8655679686829314,0.0844022863326199,0.028437115699284674,0.01502635324149769,0.006566276043666205
0.9067833685501094,0.046661856792448546,0.029539372029083973,0.01163529156041632,0.005380111067941831
0.8752673243910537,0.06063605242581503,0.03953018328271492,0.01715095738146773,0.0074154825189488025
0.7311476600572576,0.14143650309755593,0.08602727958253993,0.026945488597146072,0.014443068665500531
0.8306284851371427,0.10663780952228716,0.0317025174714679,0.022115422674666374,0.00891576519443567
0.8550234316669266,0.07336781070547506,0.04243435641259775,0.021054021994171807,0.008120379220828653
0.9210962800820927,0.04777111196189108,0.019225945526657053,0.008507156740165646,0.0033995056891935357
0.9254549865621384,0.042305733647861124,0.0178876744822221,0.009442576043458635,0.004909029264320178
0.9027187506878278,0.05396681203091385,0.02261149960664923,0.012919599830449236,0.007783337844159975
0.9595761199179477,0.024959486746992623,0.007952572056247113,0.005008275017873874,0.002503546260938521
0.9149458297460445,0.042881981338183765,0.01918595141484846,0.015936655584982817,0.007049581915940209
0.8486586193468197,0.08182983940120853,0.0445461073719434,0.0183466449714593,0.006618788908569075
0.748012620830723,0.15467608105928723,0.05768095429002527,0.026752686478819756,0.012877657341144667
0.8856194106016645,0.06330758152408728,0.0297500043337411,0.015064779204446283,0.006258224336060779
0.9137824277000413,0.05471403127439593,0.01790492354910684,0.010452177973310196,0.0031464395031457473
0.9180691085705578,0.04036623421734063,0.0226747213306293,0.012232158022953361,0.006657777858518825
0.9084088297599022,0.05297648129679031,0.024428423547470816,0.009204161030000884,0.004982104365835635
0.8810860558233945,0.06528492778516189,0.0332945116646751,0.014540250634338985,0.005794254092429528
0.9350123051144911,0.03506950602513094,0.018472279007332257,0.00802246248165999,0.0034234473713858544
0.8728222199019816,0.05736420527178466,0.036617534268846556,0.01714875964405605,0.01604728091333108
0.5369795402835313,0.08132915752914266,0.03484704968136486,0.08139293745356749,0.2654513150523938
0.9217368832500255,0.02326323830990624,0.008705817118595435,0.015675585222987645,0.030618476098485208
0.8811205930826969,0.07106606408320637,0.018847357932864836,0.012174120936903106,0.016791863964328833
0.9144275291925393,0.04464832561679097,0.014417189345637705,0.010837145069323787,0.015669810775708275
0.8707828445799578,0.06222031808912178,0.0284097103619907,0.016245803740767464,0.02234132322816221
0.9156172618459292,0.04649749291236496,0.013599673863451367,0.011730140760136756,0.012555430618117713
0.8554684013221858,0.06314624101903855,0.031910407651653594,0.025390459451947414,0.0240844905551745
0.8910935842683575,0.06273482054430742,0.02237404837921982,0.013257126109782446,0.010540420698332791
0.9146542003384087,0.035651348948928935,0.02311081001131423,0.015307510807003396,0.011276129894344735
0.7555427751599612,0.11603684772202684,0.05244639708042889,0.04579757678275695,0.03017640325482603
0.8473276337452346,0.0744377463848565,0.049965974061463074,0.014138193191335307,0.014130452617110583
0.8715506303262734,0.0677782360633117,0.027297302991574044,0.018004288751806513,0.015369541867034212
0.8681640429328351,0.07415753701536303,0.024598485049985748,0.018355495254414957,0.014724439747401003
0.9171060740825393,0.035953544351712906,0.020860120044506835,0.015531049270418304,0.010549212250822627
0.804947674679174,0.10448776134788472,0.0534802522196727,0.02176978650918462,0.015314525244083877
0.9246853384951178,0.04114055311870477,0.013089881201540254,0.012195128693071884,0.008889098491565297
0.8761445856822815,0.06489463665658861,0.02853448148135102,0.017170266859381524,0.013256029320397295
0.833039563371473,0.08419004541500162,0.0462546953060606,0.021468732883401738,0.015046963024063232
0.8886982192145403,0.053307653021756565,0.026387748266362223,0.01688390924731102,0.014722470250029969
0.8178188827909797,0.05094848997032958,0.030136808803631725,0.030018559284648777,0.07107725915041
0.7441542953248552,0.1457215124586298,0.0500484324184667,0.03326489353334977,0.02681086626469847
0.8004513811132,0.11966081631764365,0.046734116798020725,0.022162614369396066,0.010991071401739438
0.8916389916085447,0.05809812193140508,0.02846254725263659,0.013496352361813688,0.008303986845599931
0.8345526324992779,0.0978016449696396,0.04042089855845925,0.01708272716551792,0.010142096807105195
0.8672992954485763,0.06487979485122407,0.038397209966790836,0.017072825783738838,0.012350873949669959
0.897462803990681,0.0331971492193982,0.045543368422515454,0.015911911126561748,0.007884767240843617
0.9052090315245055,0.027672279253388953,0.037198247934644685,0.020296536433045347,0.009623904854415324
0.8247934080781079,0.06941459443612567,0.06828436550900206,0.02501367995393432,0.012493952022830084
0.8853494945171557,0.05767354599587104,0.026876642947128482,0.020225825703091796,0.009874490836752963
0.8957796572809711,0.047117438188675274,0.02910651486443442,0.017270288909592844,0.010726100756326216
0.8723540236349411,0.05266876266736906,0.033933331318779,0.026707870552649268,0.014336011826261883
0.8608687213950326,0.08669274669136719,0.025661022470028355,0.018598254075848728,0.008179255367723215
0.9239201883558091,0.03634833837934782,0.016752689019394258,0.01409840289255869,0.008880381352889856
0.848929566739655,0.07669204026415155,0.04148700241979812,0.02049164580342037,0.012399744772974978
0.9222362046044921,0.028608880538240622,0.029116191198731302,0.0120955708192418,0.007943152839294136
0.8748180578559966,0.059544852878928196,0.03636813696554991,0.017780195960862222,0.011488756338662795
0.8966582817486123,0.05401308804178782,0.02658642282527793,0.013176633836316025,0.00956557354800581
0.9277914854369189,0.03232923526063083,0.016662718317127234,0.01627519813149513,0.006941362853827857
0.9066119267785563,0.038947678630895224,0.024644887484986867,0.019268185014018984,0.010527322091542408
0.9097906582303665,0.048175832779045184,0.020554924233928202,0.012760200037402565,0.00871838471925749
0.8540266816201718,0.05140488326928872,0.026798594462114293,0.023378943157803755,0.044390897490621126
0.6884856210781801,0.08683587549157261,0.04275203797891192,0.05637422784973294,0.12555223760160245
0.7953064895006255,0.11604911996049976,0.032643931941393534,0.029844275952004447,0.02615618264547663
0.918764594378299,0.0334180857780592,0.01998485095328759,0.015984492251503637,0.011847976638850509
0.9106307441309298,0.03890246795231476,0.017045270706188744,0.021855928075316364,0.01156558913525052
0.8663760524434297,0.0789947645611678,0.02182857151736227,0.022588022398794667,0.010212589079245589
0.8629711807903934,0.06530601126219979,0.03331898361412152,0.025664575072216308,0.012739249261069162
0.7174964914553923,0.18261686456965984,0.045554819139370845,0.0333645149116554,0.02096730992392148
0.8484942098707917,0.061159954202322384,0.05058399482390522,0.025860551585463798,0.013901289517517002
0.8250404779956539,0.09709577264584164,0.039972158453460964,0.018527394166367957,0.019364196738675683
0.8186313522088736,0.12196179573318597,0.028040690894490967,0.018983356811952446,0.012382804351497051
0.9204815911328136,0.051225076606801916,0.015578771699817626,0.007519166080141432,0.005195394480425589
0.9399978323492959,0.031003343576437865,0.014709217749629222,0.009088361210504407,0.005201245114132436
0.8033407516319241,0.11241842815639139,0.04693982848511935,0.021003576665416697,0.016297415061148325
0.869631440959092,0.05907625174794344,0.02736412600481333,0.030442194832449834,0.013485986455701328
0.9321532085865067,0.03756129753324346,0.014251916252488223,0.009177593755939522,0.006855983871822364
0.9347441263854326,0.035433116387261814,0.010461523775771964,0.011996208189265426,0.007365025262268382
0.7592689785263157,0.14223792652560985,0.04064606342767034,0.03433707271704565,0.023509958803358322
0.8577721148693231,0.0638972321181034,0.035565432729816965,0.024708858711757462,0.018056361570998655
0.8794675502117549,0.020739626856147005,0.021207392962750385,0.03237554065975436,0.04620988930959336
0.8060428793059929,0.02482935567929952,0.022401013854152156,0.04969710012138992,0.09702965103916539
0.911447745949931,0.05058714569220066,0.018180713032737793,0.014248450384698937,0.005535944940431628
0.9196324699010379,0.0322165845287746,0.026804647154626653,0.014501924206739571,0.00684437420882136
0.8243912975873778,0.0776377620109947,0.04737131227544627,0.03452631309409044,0.016073315032090557
0.8821613652653305,0.06734984763908833,0.02142315054303494,0.019884432231898504,0.009181204320647441
0.8505284804164758,0.08350681987338554,0.03593343146015627,0.02008647350101191,0.009944794748970772
0.8486078773539867,0.07385864771321553,0.04172238389602294,0.026080355054013085,0.009730735982761793
0.9293344358441251,0.03817228977107416,0.013278386637016894,0.011983685916858344,0.007231201830925463
0.8132128348537557,0.11545758235921728,0.026419754978515782,0.03197578187813631,0.012934045930375044
0.8016118968933058,0.10791692600887436,0.04724574700825584,0.031521257944029275,0.011704172145534814
0.8747504289405658,0.0742277364027191,0.024769271312081217,0.016623408123260127,0.009629155221373862
0.9116912455276535,0.04371692433277461,0.0219708937743622,0.01462771501346005,0.007993221351749655
0.8380560451026496,0.0823805664805601,0.05222828532175427,0.018734730520871712,0.008600372574164123
0.8707142224849512,0.07065672534882933,0.03050076958513974,0.017806471058934598,0.01032181152214501
0.9102406852562923,0.039882931531792384,0.029902968752742436,0.012095586655387866,0.007877827803785162
0.9202100585936396,0.04944056589522294,0.014502873904933385,0.009237885528816152,0.0066086160773878855
0.8404243248267846,0.09562347600609106,0.029585476970484477,0.024260092751478907,0.010106629445160909
0.9054249110439905,0.03932736297283109,0.03326723511788873,0.013751879189304561,0.008228611675985093
0.913739577304407,0.047673448900543994,0.01668013880682572,0.015060681894886132,0.006846153093337229
0.9356440367810147,0.03447055074396508,0.01674199137462951,0.009363295183155398,0.0037801259172352115
0.7953795455888185,0.13035359562709214,0.042515020844109595,0.019910468635382844,0.011841369304596878
0.9162228073236722,0.05594344566514464,0.012542830723261659,0.010203829718472602,0.005087086569449181
0.8088945692669599,0.1068007647645027,0.034100858623479835,0.027476402484191,0.02272740486086666
0.8911205669862919,0.05957723306613413,0.0236193270366023,0.016563331569865516,0.009119541341106138
0.7157902946779602,0.04808023657734258,0.027242140096102065,0.06458244576681374,0.1443048828817817
0.7514611930443046,0.07229609382731467,0.030087951624738526,0.05098298707653222,0.09517177442711022
0.8259813485747779,0.05906581217806076,0.0529629958290093,0.04386320621849306,0.018126637199658735
0.7915671991281745,0.10173420140140427,0.05745756845947648,0.03444561750575262,0.014795413505192015
0.7840704134744669,0.08994844382788884,0.08459810321834992,0.02673699964289453,0.014646039836399791
0.856659553410204,0.08258285162325932,0.030277756663943233,0.02030825837568369,0.01017157992690982
0.9189900680155707,0.051592430863872565,0.01755709336987014,0.007497774918681237,0.004362632832005529
0.7486253913970434,0.1470254554719403,0.05826146748118918,0.029001829057584888,0.017085856592242394
0.8258590246815903,0.1358103014888498,0.018785752552701953,0.012024366704941572,0.007520554571916102
0.939429191811594,0.031921924177739376,0.013321827970190046,0.009232023906578403,0.006095032133898421
0.9055937350861105,0.05060153383090534,0.02509713630348227,0.010878848166303846,0.007828746613197783
0.8661995619413874,0.09270426990135772,0.019278938977209507,0.013734851061641415,0.0080823781184041
0.9175606150212481,0.04525671215410166,0.01612882200513154,0.013084515061367357,0.007969335758151348
0.8861617613033005,0.061527385527567466,0.02707199650157581,0.016835156671642586,0.008403699995913857
0.8714282598667674,0.07998772402632795,0.02732816110451536,0.01444777077364569,0.006808084228743565
0.8750527993389072,0.0617784986588072,0.030070791179921418,0.02205944833813406,0.011038462484230236
0.7460827949301934,0.11738536594452322,0.07159070624781466,0.04215782133212166,0.02278331154534722
0.9076545908133696,0.04406923273363039,0.02388651928960785,0.016779594879825444,0.007610062283566776
0.8361742520533354,0.07853576539539907,0.04625493828632932,0.022759265747443993,0.016275778517492255
0.8086636274586413,0.13223629462327954,0.03121583909511907,0.016462481211098744,0.011421757611861367
0.8502591087683905,0.09183196377197403,0.028772943393613058,0.01873197564207571,0.010404008423946684
0.6529312875655905,0.2275139178263853,0.05027785832759708,0.04810117716303114,0.021175759117395953
0.7790110573854993,0.08747422790787904,0.07854613700352267,0.03488317298733999,0.02008540471575913
0.8211405520051123,0.08533927881142708,0.05508359627222944,0.026892972829660373,0.011543600081570798
0.888584002592017,0.07306291618426529,0.015081437842721129,0.014993166965259964,0.008278476415736745
0.9304536853986171,0.03506603812549091,0.016589466400752515,0.012306958612489488,0.005583851462649861
0.9210477137423689,0.03826127344808512,0.019555856088265926,0.014727474783855745,0.0064076819374244455
0.8885315568769854,0.07041326724555211,0.017441657430065836,0.014925976627802123,0.008687541819594689
0.8210109960800079,0.11518929717607579,0.029703003438151118,0.022934633857252515,0.011162069448512666
0.8506997558023816,0.06894187599909717,0.03703189612747038,0.027132043622816373,0.016194428448234502
0.870926006624996,0.07076182751654295,0.035925572605722884,0.014858667590078398,0.007527925662659618
0.9323979749434766,0.03165766504768386,0.014900093133974472,0.013705430349393753,0.00733883652547131
0.8583556935083699,0.06730197739190663,0.03126159329641605,0.02791204800226181,0.015168687801045562
0.956373225896272,0.018583993353413347,0.010889614274219386,0.009777611121446804,0.004375555354648327
0.8452736147590478,0.10483882536058926,0.022228382159247585,0.01794669540879278,0.009712482312322518
0.7092442500553116,0.17419967598503625,0.05670105973664721,0.04173884587224323,0.018116168350761994
0.7648319270035624,0.14960977415592708,0.0362683953991549,0.032808507722202826,0.016481395719152903
0.9059917255829822,0.06599779408995961,0.013987598127704549,0.00856071663706078,0.005462165562292943
0.8884963608265827,0.0444794627443301,0.031121752231853306,0.026480003284227564,0.009422420913006166
0.8920281159092535,0.0641059356532765,0.02561334958756734,0.01195144471017661,0.006301154139726135
0.8228819334038187,0.0957094844861068,0.051186600115188004,0.0170675486082837,0.013154433386602844
0.9207320493824908,0.04423793221381025,0.016097986154176923,0.011626714124737961,0.007305318124784128
0.959021824012235,0.019308992949669836,0.010673965229935977,0.006981935000939937,0.004013282807219346
0.7292691099081913,0.17136960623178318,0.05432934691853211,0.03194244992211213,0.013089487019381165
0.934977203021957,0.0307715066289693,0.018882617096948637,0.007858413976420132,0.007510259275704835
0.8788214210649122,0.054072020012759694,0.031900064028902296,0.02292585774477933,0.012280637148646472
0.8503460580693936,0.08512333289036735,0.030381818238182496,0.02316682173445603,0.010981969067600496
0.8375106074146342,0.06940775709124147,0.04779424437026837,0.03137438912649483,0.013913001997361178
0.9307690546674594,0.042473367049261024,0.011769218478182904,0.009405333695901897,0.0055830261091947015
0.931467144504175,0.03578108585302954,0.017742767895150263,0.010232596791682003,0.004776404955963038
0.834024284848333,0.09362228776300752,0.02794279878576343,0.031933691333152936,0.012476937269743185
0.8227501496282175,0.07061898877415958,0.06225038836312067,0.02812297506895268,0.01625749816554975
0.8726544917929582,0.06571488707911495,0.031267034932651025,0.02155347543102332,0.008810110764252576
0.8809618801767073,0.03743461516257424,0.04023788244971543,0.026814504106808183,0.014551118104194854
0.9648176444957126,0.015516106348137559,0.008512320632313886,0.006809244211604424,0.004344684312231476
0.8460645195326294,0.06456005903218515,0.05055814023308222,0.02986810449613835,0.008949176705964837
0.8178563343418392,0.11708206057943477,0.026864714459631022,0.02838248301080403,0.009814407608291106
0.8383840828770742,0.0909647893824588,0.038616579495569354,0.021644293055115518,0.010390255189782037
0.8791395727936704,0.04638450508796349,0.04194668301667455,0.022972325786659066,0.009556913315032532
0.8889897618888917,0.07067594540494322,0.01798816182871798,0.014535121872137732,0.007811009005309486
0.682659953181779,0.17912898178665224,0.058351751248561755,0.05242042772622091,0.02743888605678622
0.9118654546674949,0.04777985748709552,0.02071629648025051,0.01388262828117308,0.005755763083986173
0.8957712870444027,0.05929175620680883,0.01848673920895177,0.016460988389065817,0.009989229150770811
0.8436193363127868,0.08721956333173372,0.023612228515869412,0.03142306956989867,0.014125802269711293
0.8313941224958508,0.08317965582186344,0.04465862844800621,0.028412896731121337,0.012354696503158406
0.9075077806829662,0.03575827363210999,0.015802867737071957,0.02753386088535459,0.013397217062497309
0.8252964677761152,0.08614263569544744,0.03558634210648034,0.03608033619903393,0.016894218222923106
0.8228498606014818,0.10339349252707303,0.029786399383694356,0.02924034875334359,0.014729898734407075
0.8989366862208579,0.05077013074230383,0.018779688145554026,0.021167524813823363,0.010345970077460897
0.7354295321029148,0.16273888485111074,0.04596190142864736,0.03818768832339619,0.017681993293931008
0.8445305307795029,0.09289489461341185,0.028100291631972786,0.022188228399695496,0.012286054575417104
0.9248019118914192,0.03820249642609028,0.01886094658709768,0.010807047539342883,0.007327597556049961
0.8593622276808099,0.07774065835210676,0.029084155418484595,0.02037242678076762,0.01344053176783131
0.8546042247231198,0.0972281246307015,0.020963904116253377,0.016613345672278106,0.01059040085764714
0.8912294617842413,0.0655610108865614,0.016000712866695285,0.0168870652625623,0.010321749199939773
0.8746636313170076,0.06475752618085272,0.024295149302956672,0.02137629142608995,0.014907401773092856
0.8124563824146496,0.1222703096251562,0.03791891440570297,0.01587481626834799,0.011479577286143376
0.918023885004685,0.046914377923884,0.018351997045576086,0.010267050980074844,0.006442689045780024
0.9370495911605043,0.035557611721445656,0.013026053333135541,0.008706218499821493,0.005660525285092837
0.751950692129072,0.17295197801329798,0.030428026108594217,0.026994752831995955,0.017674550917040004
0.8424250071389335,0.09690765349075912,0.02656523652681624,0.019351747173252793,0.014750355670238195
0.8936418294479427,0.04380385457660093,0.024114406685745795,0.027139204209283244,0.011300705080427123
0.7833662223483887,0.11624359512272421,0.047301101323899634,0.038253857827784905,0.014835223377202656
0.7858432934096515,0.10047556444307333,0.06487753710698534,0.03070207970724634,0.018101525333043468
0.8855667412261962,0.058043102267358995,0.030250643728003564,0.016143446995854516,0.00999606578258654
0.8780901940892831,0.06644428205627922,0.02147998767004293,0.022266576820256262,0.011718959364138276
0.9119921826480024,0.029465508566173595,0.013656520951335578,0.01893496554622879,0.02595082228825982
0.8619953981974292,0.057129257861288224,0.027006342624220237,0.025344904461611424,0.02852409685545101
0.727269241903447,0.16185704489504685,0.060694942721516223,0.02758235502939279,0.02259641545059711
0.9269355807187201,0.03691912025720518,0.013008321183747784,0.01447924388225833,0.008657733958068766
0.9536580908773457,0.028633631076386123,0.006222702090839315,0.008110501342755533,0.003375074612673314
0.8545025066780711,0.08071770452021186,0.04117568188864936,0.014771083976620388,0.008833022936447388
0.8550865275461854,0.08246288058341214,0.027127574534789412,0.022304563236947322,0.013018454098665701
0.8838842659562998,0.06936967649742407,0.021763349502524416,0.015834698421445758,0.009148009622306243
0.8875457301024305,0.06704300862762831,0.020288143848646887,0.01578590708389609,0.00933721033739797
0.8279943176901169,0.09958964267018872,0.03169505805011358,0.026562648487062707,0.014158333102518109
0.7795429130777841,0.08868868415376027,0.05555936772056851,0.04739461955303234,0.0288144154948546
0.849410113430916,0.07092291608924386,0.03693479271166976,0.02562918688850672,0.017102990879663816
