Delta_Power,Theta_Power,Alpha_Power,Beta_Power,Gamma_Power
0.7876412579415977,0.06070170324376659,0.07941960619353529,0.0549673520444657,0.017270080576634674
0.8685721839109624,0.030338431165989277,0.034795414790704096,0.05304155549437301,0.01325241463797129
0.8284579479460509,0.036966410735069094,0.06899533095180044,0.04363621235785768,0.02194409800922199
0.7192532906581623,0.18158570471241883,0.04207005263991419,0.03848326513722263,0.01860768685228211
0.8395511228192825,0.062165387638634946,0.049829370763041274,0.035030295065632815,0.013423823713408676
0.89703077515501,0.0290749251045782,0.034240660380067955,0.032482140604502226,0.007171498755841492
0.9337970526863794,0.01967752480291558,0.020722939246092014,0.020660388341036437,0.005142094923576459
0.754809317516476,0.07044057665937238,0.09775638818339256,0.062443420601922865,0.014550297038836316
0.6705100488373376,0.15434902546375806,0.09550586821631644,0.06400691729405844,0.015628140188529645
0.8590809719934019,0.04525279492491527,0.046004622450393634,0.038474351769812676,0.011187258861476493
0.8660559515594345,0.05197304589287253,0.04561945125842946,0.029519645543195618,0.006831905746067828
0.8005719058931353,0.07485820525256288,0.0709907533809598,0.04163522367991373,0.011943911793428238
0.8792142801249737,0.03330302528259533,0.04481058088837013,0.03546418809805783,0.007207925606002857
0.8743258203494708,0.04019481188887724,0.04211609599124828,0.033722439974763464,0.009640831795640282
0.8725081681686974,0.051466618718551176,0.03853800931712028,0.02823655836258306,0.009250645433048274
0.7486277376329125,0.0963914283668971,0.07478236955597639,0.06390143230755346,0.01629703213666056
0.5807015182514004,0.1449042653185764,0.11506895294875973,0.09304379969867546,0.06628146378258797
0.6337277754674744,0.17624920607352149,0.07601964503759573,0.0731602496548467,0.04084312376656179
0.897981384038054,0.020923302279802512,0.03417210761750149,0.03083088030716175,0.0160923257574804
0.9143559038677751,0.03622080060283288,0.014912306909940769,0.022703865610255912,0.011807123009195094
0.5363587392064462,0.1194378349645989,0.2063594843464487,0.09947383848058691,0.03837010300191923
0.8791089579054372,0.042254264523443,0.030814575786380468,0.037350326054398524,0.010471875730340906
0.8079137468833331,0.08371388576418368,0.044967218704971175,0.03643501729651342,0.026970131350998777
0.8589372513574288,0.033242213629769465,0.047348622159499795,0.03274603561930855,0.02772587723399329
0.7966737985016706,0.0799921186726028,0.04783907521936951,0.04224768994219279,0.033247317664164236
0.7861740129196431,0.09399360651990497,0.04824671808734046,0.04729824890878901,0.02428741356432255
0.9145467664384244,0.03448455119212758,0.019772557964112064,0.018255331849515503,0.012940792555820377
0.9270707004798329,0.028148288906011405,0.017516867936204338,0.018489037111122597,0.008775105566828676
0.9013440391521408,0.05133145284903767,0.01713865551861861,0.020687683307104087,0.009498169173098526
0.7776344938789234,0.0770622240759278,0.06869061264168325,0.053398485164836286,0.02321418423862923
0.8907622105730735,0.040804882812400994,0.034625139115592465,0.022070666677655334,0.011737100821277597
0.8887821933491594,0.05071651233139552,0.03223094595432257,0.019314840439422897,0.00895550792569951
0.8245152270891021,0.07748014704292469,0.04589388076004692,0.040666756071147905,0.011443989036778405
0.829109344459573,0.07536024201347011,0.045977100432174664,0.0398471503106034,0.009706162784178837
0.8736956488792257,0.05664785983142087,0.030625729888929056,0.031521627832482926,0.007509133567941552
0.6416682820140119,0.09504151741421506,0.15255317039469513,0.08714250538884853,0.0235945247882294
0.8443621329390992,0.0582938533319303,0.048010395127629765,0.03658805300730286,0.012745565594038217
0.8093409393013177,0.08949625953179731,0.04737023897336798,0.04186306773515176,0.011929494458365183
0.9121719153332969,0.03327013409677521,0.02805005287451776,0.01991336075298002,0.006594536942430521
0.8252980046308468,0.08203114213272907,0.05400727267899078,0.031081515808555622,0.0075820647488775445
0.9221861079207785,0.03095032167597087,0.026092018585749412,0.016552601700063105,0.004218950117438075
0.8771811189577592,0.04293648146070309,0.0286089936108709,0.037071034535611225,0.014202371435055651
0.856232156838027,0.05391337054612765,0.041279076161234114,0.03563932326053471,0.012936073194076922
0.7732773218829957,0.05541563770305635,0.08029479174967075,0.07393031129561985,0.017081937368657322
0.708046331320934,0.09778404568052919,0.10266455580669018,0.07133451574627055,0.020170551445576196
0.7899747353311922,0.09209361559188085,0.06371312417345512,0.045845950066815286,0.00837257483665661
0.8317410056801327,0.05317545081276009,0.0654063964317421,0.04081891410333932,0.008858232972025674
0.9060561656364012,0.03268707420551659,0.03366966016827802,0.021126603384159497,0.006460496605644772
0.8448923212965788,0.05144850877711806,0.05879011073597334,0.035494419369021944,0.009374639821307913
0.849912471888903,0.056573827513993535,0.054387204489647574,0.03178824018280143,0.007338255924654448
0.7906610202164251,0.1094631596507682,0.05537512451855119,0.03310410677589594,0.011396588838359515
0.8275815368143472,0.06940665271435714,0.05486109616115808,0.03409480065759371,0.01405591365254377
0.8832490563155683,0.04899636560172288,0.03557237991784429,0.024224578733592305,0.007957619431272062
0.7966956988977724,0.08626424084913714,0.05568078589535941,0.04305953914152251,0.018299735216208698
0.8671834015775192,0.0449992611536431,0.056195977434951756,0.024107035146908762,0.007514324686976983
0.901889229874215,0.049297247606190316,0.021698189521971514,0.018042722431484946,0.009072610566138327
0.8787249830005935,0.030765597349946803,0.03968897510982929,0.0411335211842629,0.00968692335536735
0.8481227125453876,0.03460971848493906,0.06100563919615109,0.0466078497687736,0.009654080004748523
0.8338526762265258,0.06112275806434259,0.05081517293089411,0.04538545578032059,0.008823936997917
0.831276100930985,0.06417288247011135,0.049699851238601316,0.04691022631621434,0.007940939044087682
0.6707866421750865,0.09031811985568598,0.1386604600340378,0.08231591959852992,0.01791885833665961
0.8808757465334901,0.04377096108474889,0.03606049237948878,0.030684881159917313,0.008607918842354968
0.8134487144799931,0.054177950992040355,0.0811873392111787,0.040996130166237536,0.010189865150550058
0.8397575238078028,0.06487411599270763,0.051078339026158305,0.03384903921321354,0.010440981960117826
0.8235930328336181,0.04550172170288789,0.06993329300615686,0.0471553421525849,0.01381661030475222
0.9219693539768339,0.03303839374551355,0.021198915727026934,0.016107771011518404,0.0076855655391073275
0.8535254548495992,0.0657942448182542,0.0439174749597761,0.030494660740429388,0.006268164631940965
0.8088445249604633,0.0695165892489784,0.07550607376591825,0.03629375445867857,0.009839057565961446
0.8537920597996763,0.027967626942827152,0.07532188359665182,0.034213458470851554,0.008704971189993357
0.8222868310844723,0.04699186735792223,0.08039702469754496,0.04313709259721335,0.007187184262847318
0.8533932877521416,0.034082717412157,0.07281721755402033,0.033351090094425696,0.0063556871872552665
0.6399183798005911,0.09516955467809476,0.16882840476385363,0.08297788498180618,0.013105775775654173
0.8343989573368198,0.04412517607241524,0.0614429289304661,0.047986793622736994,0.012046144037561808
0.6775914609470971,0.10719487608952434,0.12577692987509043,0.0730251183918158,0.01641161469647235
0.8136047981012596,0.08514223156632317,0.0581004003698756,0.03262950189390613,0.010523068068635288
0.6930810620546406,0.11121281856035478,0.12809271749813053,0.05439076104297746,0.01322264084389658
0.8072440288261623,0.05853443930803412,0.074016251918746,0.05259401128301562,0.00761126866404222
0.8084992741096899,0.08439431488685867,0.06498052712276366,0.03477319720228177,0.007352686678405934
0.8272314200138046,0.06142169755810707,0.06750038514697175,0.03622181680808634,0.0076246804730301645
0.838307921378729,0.06714729938734969,0.040014953243590556,0.04505598207502274,0.009473843915308063
0.8647746798913597,0.02994807699610271,0.066888824835856,0.03090988065499589,0.007478537621685643
0.784107427384092,0.07389883181595507,0.0939378018501931,0.03779621476455425,0.010259724185205503
0.9306278301910039,0.021771094501247056,0.023259083600919356,0.018841712823931604,0.005500278882897772
0.9210459612498917,0.043892232987580784,0.012902914438103884,0.014973641422645125,0.007185249901778383
0.9281939253181262,0.029623678893275024,0.016248651270887954,0.019521363866164064,0.006412380651546634
0.6400853119579947,0.10053119884593575,0.16047865405823417,0.08079051237431874,0.018114322763516356
0.9065897872082743,0.031148560160848413,0.030142098515919126,0.02450090170509179,0.007618652409866647
0.8397646524773862,0.05112583394455739,0.06203805937924425,0.03817736213010286,0.008894092068709624
0.6958217379797336,0.09543956455543048,0.12354266597859866,0.07162080655122827,0.013575224935009216
0.8070378514234766,0.06911815998896446,0.06579114631926188,0.04838227089423059,0.009670571374066465
0.8031898620802804,0.07420273943359236,0.07606944768308306,0.03595667654323041,0.010581274259813743
0.8600618539400302,0.0841946081834669,0.022101786916353575,0.02226927357960132,0.011372477380548161
0.7665343352759456,0.11088441288286553,0.04789702904462328,0.0565423969500702,0.01814182584649533
0.7125878289523273,0.05635698866030728,0.11574558123872584,0.09406277437122228,0.02124682677741709
0.8808964922307541,0.05149120824759338,0.03644352437211655,0.025364454756051553,0.0058043203934845826
0.8539354905754796,0.056751887783079165,0.04116090240090889,0.04089457206838335,0.0072571471721489846
0.8944761509497337,0.03655139296464108,0.02855300658755595,0.02977280754618431,0.010646641951885229
0.8232328417957638,0.06455495183792262,0.062298939637279595,0.04209628749380042,0.007816979235233366
0.6631313669317442,0.1467120658757133,0.10369659703475019,0.06978489550177286,0.016675074656019327
0.7235298122707056,0.13437040773341746,0.06733007864925944,0.05863251487474511,0.016137186471872334
0.8798563527628163,0.04209932819025555,0.04143498969983482,0.029379598107308516,0.007229731239784589
0.7432996851878273,0.07282425009934221,0.10168256544289506,0.06215876424055913,0.020034735029376343
0.7621083381302488,0.06746143952043235,0.09321028020673017,0.06622274614671154,0.010997195995877231
0.707389533895474,0.13532408000225316,0.08468451748624117,0.059991686201055154,0.01261018241497664
0.8917136496074829,0.04393935304691886,0.02906783885337729,0.02873387436042496,0.006545284131796015
0.9181847929472409,0.02157522555105077,0.03356114240513336,0.02043599721468644,0.006242841881888431
0.8424215427202895,0.04080451509555044,0.06754732727767342,0.03839941961659581,0.010827195289890632
0.8003278230713716,0.06241177767061732,0.07744407310554181,0.048405032010977164,0.011411294141492046
0.7051183012016929,0.07003220359564835,0.1349095852114733,0.07327190670021189,0.01666800329097341
0.8634623012993112,0.052010958937909836,0.042865603992674174,0.03276197965113263,0.008899156118971945
0.8714374430324657,0.0464006337557593,0.04986973144105608,0.02687964061817918,0.0054125511525395355
0.8622708116654675,0.0491509595574958,0.051458375148382855,0.030158302825846584,0.006961550802807307
0.8046273848793962,0.07099845396429302,0.0703347157147889,0.04486922984461247,0.00917021559690936
0.6953350867911732,0.11208874366874866,0.11732217972895502,0.06222564253500952,0.01302834727611344
0.859464639430202,0.025036366319558908,0.0706617669336841,0.037987578745766463,0.0068496485707886514
0.8137929487644885,0.05464517578287708,0.07116561331713979,0.05285739669507918,0.0075388654404152464
0.7805038520058183,0.07966848974265654,0.0759398345686415,0.053575258059505575,0.010312565623378398
0.7947193371035162,0.05516946320538397,0.0794111383780285,0.059631224219234336,0.011068837093837148
0.8974206171840508,0.02570878107693743,0.03779722810058074,0.030926506264683663,0.008146867373747183
0.6262722712989324,0.07576700415406033,0.17372434458655434,0.10291595029950872,0.021320429660944135
0.7400096906854148,0.06297210306515774,0.10794170111321012,0.06981652461401441,0.0192599805222029
0.7253890747379154,0.07831844856770531,0.1282352620686176,0.05461290125665865,0.013444313369103051
0.7013440698892124,0.10105948029540944,0.10152219292705528,0.08284154300588678,0.013232713882436192
0.8734027021589824,0.04006420830566574,0.05240895698345866,0.02879509315463645,0.005329039397256734
0.8136147225036567,0.05699811585053172,0.06653503610332383,0.0477759576752854,0.01507616786720247
0.7555669395741608,0.05051138347294279,0.11248962257729511,0.06686582272358345,0.01456623165201813
0.7087243915469966,0.0965102487386234,0.11146792723099605,0.07165196212173364,0.011645470361650392
0.7161592048358248,0.08526171588216505,0.11057477085352763,0.0745114261016435,0.013492882326838691
0.7793738684793561,0.0567011948496146,0.0931996524875459,0.06065573265506976,0.010069551528413427
0.888966569077961,0.04978599187002596,0.03238873286944545,0.02248628010343003,0.006372426079137526
0.7854361255152476,0.06048692306833737,0.08785228706158235,0.05350208606717138,0.012722578287661379
0.7187794537496492,0.10811968279206716,0.10364293902569734,0.05775865966653039,0.011699264766055897
0.8728801235328892,0.04560519858139572,0.04131964453700038,0.03290088089309424,0.007294152455620446
0.8083770199194311,0.06914461916150903,0.05001577447050926,0.06002874301193437,0.012433843436616146
0.6104757877421535,0.14119807825120795,0.13688464456893532,0.09557534426798929,0.015866145169713967
0.7441711199297821,0.10147038458180528,0.09254762303905949,0.04958210715892343,0.012228765290429912
0.848209429318938,0.06247781351057564,0.050865142384580266,0.03295845334240271,0.005489161443503513
0.896331819462376,0.04607822589663265,0.03118775682318988,0.020909951360723697,0.005492246457078103
0.8557346075767502,0.0352334289884704,0.06809319400421922,0.03411277704373706,0.006825992386823123
0.8071982749939712,0.0462772651801527,0.08324821098490243,0.0522632086415362,0.011013040199437187
0.7851230703003679,0.05572868448467052,0.09978768067645373,0.049497893541626835,0.009862670996881097
0.7712987242414463,0.05525427670076217,0.09599348289670427,0.06707702932537583,0.01037648683571131
0.7943518275704946,0.08495732635928824,0.06867856670368991,0.04233166128201173,0.009680618084515577
0.6865785167220763,0.10863679576572868,0.11283501048586707,0.07157897805898876,0.02037069896733913
0.7936010003333495,0.08594355395962748,0.06294319707176167,0.04649621862521131,0.011016030010050014
0.843506804399446,0.04109446395228794,0.04695923585111252,0.051504526771564536,0.016934969025589035
0.8589809954652111,0.04397573621392842,0.056057482567666475,0.03366622056411773,0.007319565189076384
0.8150506897419434,0.060798113293945834,0.07208865450011437,0.0452658374038463,0.00679670506015008
0.8584096152265519,0.035482665333937714,0.06435467811937533,0.03326137094194269,0.008491670378192411
0.8356415270263027,0.05063806200584489,0.07871760145408725,0.02872184160571979,0.006280967908045493
0.7873242052784305,0.06547783550936032,0.09206640505637338,0.04565450032450921,0.009477053831326496
0.8568142357862727,0.03756129735480201,0.06582394754368796,0.03251126943652117,0.007289249878716151
0.6939019586500643,0.08523548186618261,0.12616949475429307,0.07705859992802978,0.017634464801430206
0.6769983101680173,0.10580432566104335,0.10827509785741024,0.09186496571340716,0.01705730060012179
0.6525781800991973,0.08267028913441517,0.1614791077352495,0.08590276095135473,0.017369662079783448
0.9149026686748325,0.012876772683886118,0.04520680094993591,0.02106994896934387,0.005943808722001593
0.7766774117999955,0.06162975462288243,0.09371182791164588,0.05660008700707177,0.011380918658404335
0.8296497334501878,0.06293697157684522,0.06231147249527257,0.03461413091066877,0.01048769156702555
0.8822464948521521,0.045335711852583095,0.041904334528377336,0.02459669011212535,0.005916768654762078
0.8035665348434563,0.07128108253157267,0.05362832548469911,0.05885305517143353,0.012671001968838646
0.8524828345812604,0.04593318947513868,0.05308072414255768,0.041322316843463894,0.007180934957579407
0.7679590339515866,0.07975067899204691,0.08643068518304896,0.055041132767538095,0.010818469105779558
0.8808898244281141,0.03577438740300963,0.051631075960669494,0.02635761198581403,0.0053471002223924365
0.876052366722118,0.036852401486461454,0.050555910392457104,0.02819458739945885,0.008344733999504536
0.9180610253139401,0.03148876604690867,0.021160311422350715,0.023246129462571496,0.0060437677542291065
0.7690048343729677,0.0680679981321082,0.09543060026658287,0.05724031784097153,0.010256249387369711
0.8002683396470476,0.06991103456804879,0.07575804353533426,0.047635484824409685,0.00642709742515977
0.8363974410482559,0.03895703703538485,0.06948775352734268,0.04530599986731796,0.009851768521698652
0.9018657280484802,0.026554845100437804,0.03349786692458899,0.028001100857919146,0.010080459068573678
0.832754422468616,0.06619433790405141,0.04605511871604396,0.04405404906145514,0.010942071849833406
0.5888207910478619,0.14632199402965476,0.1580538429423754,0.090498842643681,0.016304529336426697
0.8737659200580087,0.032169442297495084,0.05296678598497944,0.033498632698507225,0.0075992189610096066
0.7320856170784323,0.08757755750222533,0.10518176021522109,0.06047304028389917,0.01468202492022213
0.7290827738127099,0.06260817986610225,0.11907912463664065,0.07376417217486501,0.01546574950968211
0.9053723516972337,0.03715595119472302,0.027959743573639312,0.022238937875206213,0.007273015659197798
0.8772182032507923,0.04379408278784218,0.03925981388720788,0.02900881765970667,0.010719082414450694
0.8837767094270274,0.05171325883815233,0.026890909984161746,0.026442551428156894,0.01117657032250156
0.8307598359259607,0.04665479631981208,0.07222232212590358,0.040451869215585676,0.009911176412737869
0.8086596292622054,0.06643655743217207,0.0705725746122887,0.04421769778542395,0.010113540907910007
0.759940279304813,0.08539501089497673,0.09357807263886533,0.05009713907270555,0.010989498088639542
0.7865419799607342,0.07497764417337487,0.07589904112284264,0.051900092201511164,0.010681242541537243
0.6238435009637134,0.10129733934588496,0.16752660150636628,0.0853315037545638,0.022001054429471374
0.8388215294940398,0.04280761285255437,0.06430952849103297,0.0413381152975706,0.012723213864802395
0.7380112351576094,0.06824455730695753,0.12720163621293584,0.05581289344528085,0.01072967787721641
0.7264688236166162,0.06859179666633541,0.1325510850574729,0.060263293902512706,0.0121250007570628
0.7670545799847047,0.0567007128797589,0.09178344517815537,0.0694315662966532,0.015029695660727753
0.8859252919614731,0.03636718322533697,0.04969225826660829,0.023469771676322356,0.004545494870259396
0.8136457059063298,0.06097844667715729,0.06749160237337201,0.04812813537059521,0.009756109672545778
0.8757826234210777,0.040333486525100194,0.04827069009449867,0.027438647051341997,0.008174552907981338
0.7761373951780052,0.0843498481194633,0.06442410834555067,0.054649261754525315,0.020439386602455797
0.7346202356006764,0.06407073295850349,0.1337891501026081,0.05533316230895107,0.01218671902926082
0.7853152167425441,0.06091603429415634,0.08982906213284002,0.05207319787703025,0.011866488953429358
0.6774632061916088,0.14692454802497856,0.10335026094430806,0.05665131636071277,0.015610668478391782
0.7013524566692696,0.09413270341488408,0.12187315618442943,0.06911801076384382,0.013523672967573093
0.8791131365888601,0.040239781232601135,0.04824501685575912,0.025551207829318016,0.006850857493461539
0.6747540420161503,0.10291027466135577,0.14567795114383553,0.0643295382554808,0.012328193923177659
0.8827323617604913,0.042246465331291415,0.0447290272438713,0.02409533480188011,0.006196810862466022
0.700333708425323,0.06597909073354838,0.15623580222157482,0.0630747345218464,0.014376664097707485
0.8440617439032763,0.05198823370149389,0.06113761565989007,0.03489485543201316,0.007917551303326336
0.7370797499007977,0.0586831546402,0.12238038170650088,0.06939389893968112,0.012462814812820314
0.7981084920006373,0.06186092051978782,0.0938420918157385,0.03965653550307496,0.006531960160761399
0.9058731316982259,0.028624226609678283,0.04299497719084585,0.018411994232492134,0.004095670268757652
0.8894146785138088,0.04465646565756966,0.03646731044931732,0.022819731892456514,0.006641813486847509
0.7929181579933932,0.06629889500527594,0.07900111562796097,0.0455913509792388,0.016190480394131214
0.8597555842107174,0.055091592232721066,0.046799345181815895,0.026362091715308275,0.011991386659437548
0.8295397401339514,0.060647709242102735,0.06393673438299267,0.03421743497791393,0.011658381263039247
0.6923399656301046,0.09386599802976668,0.1348143542619617,0.06696770571369,0.012011976364477102
0.8732208229442768,0.03972132765530162,0.04658954926832535,0.03420684576131946,0.006261454370776989
0.8717021230878881,0.039405053708014524,0.05408203696935271,0.02848340407805661,0.0063273821566879555
0.722375755027587,0.125015232787063,0.09409171262140863,0.04638611467053121,0.012131184893410318
0.9118896318700845,0.02953747201836516,0.03292973875518388,0.0210782054314771,0.0045649519248892835
0.8727320931401971,0.03358098227508372,0.059920846936676535,0.02698592778725757,0.006780149860785225
0.8393086123637803,0.041891999090869964,0.07296035520362246,0.03516184096851627,0.010677192373210903
0.5211076700629633,0.17670554436174177,0.19161888383229117,0.09302283824427299,0.017545063498730674
0.8104791790161135,0.06202620913632679,0.076198132051469,0.04204666523801761,0.009249814558072972
0.9013143626675711,0.030214078173498783,0.043237233794567335,0.0213701782802373,0.0038641470841251327
0.6990707075261009,0.09587144304266877,0.12287600087854061,0.06385139485766042,0.018330453695029166
0.7001048165111082,0.10219520980516789,0.11080174059967385,0.06539018082694863,0.021508052257101437
0.9245686631917369,0.02194543757195603,0.02703781311799021,0.02039098805051356,0.00605709806780337
0.7939928026104073,0.048209521052573624,0.0985567277760967,0.047674538389952906,0.01156641017096955
0.6093327852607906,0.08872938273396562,0.18546915487866414,0.09794786416514552,0.018520812961433847
0.7667411833400488,0.0730880030659417,0.1107510030447131,0.03756342893348388,0.011856381615812464
0.808895743136977,0.0826381423687703,0.06644784934737148,0.02843439129036161,0.01358387385651949
0.7433975161137016,0.10626312082938184,0.09940983745698857,0.03810556502713009,0.012823960572797872
0.6385094530213559,0.1953524032751438,0.12580811927408428,0.03104126370872859,0.009288760720687326
0.8857798776210162,0.04078231051859349,0.04576385233043115,0.023050600394375804,0.004623359135583608
0.7466808110687796,0.06767025336640055,0.10018606586280057,0.07141435778236437,0.014048511919654925
0.6680100062263709,0.1478822466843941,0.07150133359485311,0.09487730173771296,0.017729111756669098
0.842344886089661,0.06431863833872313,0.04472498281388891,0.04039302517221486,0.008218467585511993
0.8296433267421863,0.045008403022068925,0.061856865163151795,0.054195940008823516,0.009295465063769463
0.7942524926258911,0.05956011309391631,0.08599100660165775,0.049467583915508394,0.010728803763026587
0.5630758336426077,0.2270155057864019,0.11389949835716269,0.0790812890307927,0.01692787318303503
0.9158105807647722,0.028636114277924837,0.028363031762952594,0.02119381947645869,0.0059964537178916226
0.8878537860033391,0.047834096251290356,0.040538499500654225,0.017678752093951373,0.006094866150765071
0.7203832036545744,0.10945073881722052,0.08320948768299988,0.07298219392156607,0.013974375923638994
0.8098244254222081,0.09118471476396994,0.055360326374738665,0.03588127083053818,0.007749262608544852
0.8686307759171473,0.036256712982218,0.04217020511611546,0.04355599560362589,0.009386310380893445
0.848877799808282,0.06333701572900897,0.04947872101227171,0.029483986706870923,0.008822476743566354
0.9345245140142281,0.023898203498880617,0.025509686613245878,0.012769982992486365,0.0032976128811591575
0.8244902130452557,0.06320329133743,0.059969328680674124,0.043662588434986334,0.008674578501654066
0.8461827093118676,0.042180773904802994,0.06293608402698551,0.04115859563469421,0.007541837121649485
0.7731174036081709,0.0771812330278689,0.09702798313334883,0.04503406762991917,0.007639312600692111
0.7978293408082124,0.06480808315375504,0.07810019209233153,0.04830601374684295,0.010956370198857928
0.8454336272160236,0.051116985005170514,0.05525837823073595,0.03495836129693196,0.013232648251138235
0.9078930539215693,0.04015070191501039,0.02251754851150224,0.017532483959593087,0.01190621169232505
0.8333421078131001,0.06833066062090888,0.032686175260235845,0.0483010160955053,0.017340040210249805
0.8106035703150632,0.07399994865405093,0.05578727097455619,0.04773845286871309,0.011870757187616416
0.7741496097373116,0.06856906450867317,0.08131469783373078,0.06162554842409359,0.01434107949619069
0.836341630593672,0.06647985483996983,0.0588991382303907,0.03072244862447984,0.007556927711487534
0.805698117544616,0.05947513579991298,0.08430324381081965,0.040465080348686566,0.010058422495964826
0.7547692375848911,0.05716685499912391,0.08711253074354974,0.07706453522554964,0.023886841446885635
0.7847466069663009,0.06840749849211519,0.09942740860726283,0.03635591127559555,0.01106257465872539
0.8751901580709701,0.05308255941643291,0.040204389452306345,0.02427412421095595,0.007248768849334697
0.5294223497043649,0.17089871330512235,0.17693404771692234,0.09868077394162263,0.024064115331967964
0.7174804615461418,0.09446104561461709,0.09433100154876065,0.07010106418307191,0.023626427107408678
0.8651440911135186,0.05480568114562627,0.04439637597165356,0.02351515122423368,0.01213870054496771
0.7472922792306106,0.0743592359912114,0.11136090785554005,0.05595308368194605,0.011034493240691987
0.7735182369093155,0.05466066633141321,0.10101584915884515,0.06092168473115914,0.009883562869267
0.8131956147035674,0.062365785615438214,0.06785822784534026,0.046489644484353214,0.010090727351300892
0.6823288829662076,0.1158898980390627,0.1264106005664962,0.06251398173375912,0.012856636694474483
0.8231871591716436,0.09245509945628348,0.038600667129798996,0.03544896855410738,0.010308105688166692
0.7885738639840251,0.07836227693521823,0.09085669464859403,0.03192764207672191,0.010279522355440829
0.8318729532736111,0.08953568785229948,0.03734020745491515,0.029758347583492818,0.01149280383568156
0.852421697776034,0.06152977257817338,0.044617210496704814,0.028631417705647096,0.012799901443440764
0.8412044264079869,0.06048389477083575,0.043518398820593135,0.04121678298240394,0.013576497018179895
0.8902216158633784,0.04720228870751527,0.034146322515137564,0.023811753608141382,0.004618019305827294
0.7619478904127854,0.11000010900048028,0.05575382988107777,0.05918023533856349,0.013117935367093306
0.8529466770109597,0.06982080063806906,0.04461665774901339,0.024929940310475948,0.007685924291481903
0.8581781039931664,0.03822254501427099,0.0584296835892195,0.030102308580572123,0.015067358822771108
0.8859174080570064,0.06001575731698588,0.028521856517085976,0.01911234486550185,0.006432633243419911
0.7449065921810383,0.05688526577611628,0.12457720581209053,0.0648276384007094,0.008803297830045487
0.8050996063843191,0.04311124477944443,0.09208342502621746,0.051767628228500555,0.007938095581518532
0.74636414052196,0.09421054819291387,0.09285905045160281,0.05750277385480549,0.009063486978717674
0.8066827555503538,0.06456801602927516,0.07367290466474079,0.04369841138525775,0.01137791237037251
0.9195882841595341,0.03312128259328494,0.02307674096663718,0.019324253448450065,0.004889438832093573
0.8915475030983289,0.03402560935525741,0.0459106895206719,0.023338458429568644,0.0051777395961733206
0.7954964290925497,0.06345791856477906,0.09944668679585697,0.034244158059246924,0.007354807487567036
0.8491255704885148,0.06121061694955921,0.048273718443899244,0.033531476444309816,0.00785861767371687
0.8354158463495591,0.06776935170726402,0.060455545871614697,0.02734285600992375,0.00901640006163844
0.9295706648459724,0.026575715070201487,0.029896580742072503,0.011160006701847852,0.002797032639905831
0.6777123334390837,0.13065221440291247,0.1192593921285335,0.05953277880501915,0.012843281224450958
0.8114776143232836,0.0542987350072882,0.0896195613038468,0.03409219032654035,0.010511899039041069
0.8047624723743305,0.08694419908951899,0.07450108634004597,0.02488391947003948,0.00890832272606485
0.7217643348136825,0.084302272793442,0.13053290867925535,0.04939146880461053,0.014009014909009654
0.7337131155174215,0.11052485339168076,0.10294601286781031,0.03726362946991247,0.015552388753174752
0.8518204750365415,0.017654348002611873,0.09078161504024218,0.03207220117215914,0.007671360748445377
0.8726092324498268,0.048243569179636354,0.04177273613276436,0.03134639801343589,0.006028064224336769
0.742217973043374,0.09714322867214317,0.09348331122806468,0.053155037989614115,0.01400044906680407
0.7500608512940746,0.07432946758775022,0.10382391607431529,0.06222565916402625,0.009560105879833846
0.7743253302396698,0.12197339268030843,0.056732362200911074,0.03630076606459045,0.01066814881452046
0.8541984732540804,0.06937603147428165,0.03855580533607161,0.026863192095263017,0.011006497840302894
0.5968026635503799,0.19712775699945395,0.12958204501524243,0.06306043362380248,0.013427100811121372
0.8847256845175961,0.0455413277184871,0.045005054079746504,0.017617834852606408,0.007110098831563835
0.640202239844847,0.13666638574161502,0.14592638873723673,0.05928722627913416,0.017917759397167336
0.8538132285461543,0.05525831555166132,0.052840228576550054,0.023693024827053804,0.014395202498580627
0.7287444491087884,0.0867253156943134,0.10983734701939438,0.06197711409548154,0.012715774082022136
0.676014317716813,0.10518968326639436,0.1328785584971456,0.07344864915077037,0.012468791368876683
0.7689806971062754,0.06539589196960321,0.1015083746109221,0.0530788682833909,0.011036168029808158
0.8027692156907177,0.05653876953018872,0.0839817527896873,0.04676638279044677,0.009943879198959605
0.7419547840854781,0.08695208520410884,0.10452398322456748,0.05237315308729561,0.014195994398550118
0.8443761895748257,0.0510426065618955,0.05221666529361806,0.04280606933529188,0.009558469234368726
0.8594220804993775,0.05838968277836595,0.049716908400327615,0.025768191354383126,0.006703136967545852
0.8127686777004541,0.07171083645273647,0.07714001406756463,0.030315535856275545,0.00806493592296959
0.7964819262782938,0.08958331053210436,0.06973615070059143,0.032092259409155784,0.012106353079854523
0.7849853620560653,0.09746866026106518,0.07011529146453373,0.03480282519549243,0.012627861022843256
0.804184466901786,0.10402135970204153,0.05137653833061597,0.03141198933765936,0.009005645727897051
0.8656343495452817,0.041582651712585746,0.05059165954175379,0.034345464659388356,0.007845874540990403
0.8847909398470916,0.049591140784044974,0.03258986724920507,0.027003283192531383,0.006024768927127097
0.9281493489618247,0.02423518096983829,0.02556868105376164,0.017806153646309764,0.004240635368265496
0.8335526619973118,0.07748352345793726,0.054467734355670185,0.028682224113570787,0.005813856075510023
0.7916531877093175,0.06734694883678857,0.07986185415080756,0.048926384969170574,0.012211624333915636
0.6847633623988787,0.05905717283858321,0.14418464718789317,0.08766392789734614,0.02433088967729889
0.8146458999149063,0.0547528091321804,0.06606903995117687,0.04885690700287327,0.01567534399886303
0.8352251679493391,0.0642863849292524,0.04377177740298012,0.04347631435532412,0.01324035536310455
0.8384603246528521,0.06505242914173168,0.037507318642108364,0.047956800912835315,0.011023126650472599
0.8058732744331771,0.06399806431796376,0.057567821557412024,0.06389784876423694,0.008662990927209922
0.907892110595166,0.0407271023448624,0.01988331121110031,0.02512735858879506,0.006370117260076331
0.8772899240215242,0.04494093143226805,0.030174276547403393,0.03932605331708479,0.008268814681719645
0.7035492526376494,0.09638659774335132,0.09796049928263481,0.0882714639864379,0.013832186349926464
0.7583432020224328,0.10744956091631094,0.08514529177946994,0.0387506108594817,0.010311334422304627
0.7367068295203014,0.07622001960951497,0.10852856996482793,0.06092994720487591,0.01761463370047972
0.7050142847698703,0.10539074515109942,0.12058930676933961,0.05604412575247522,0.012961537557215769
0.8745509884340182,0.04429465800680782,0.04592708870980202,0.027001270557932888,0.008225994291438927
0.7387303886559613,0.08990060192935911,0.09845282072490491,0.05914969603068991,0.013766492659085024
0.7278140087089008,0.10912546701999039,0.10214162205522231,0.047838497064163446,0.013080405151723385
0.8900849889086895,0.032581024786655866,0.05034201012139272,0.021940488402088995,0.005051487781173059
0.6098117505980256,0.159816024646693,0.14623292651553507,0.05633388367925923,0.02780541456048722
0.689858811755804,0.1176455066840796,0.10985472587082215,0.0601621165403304,0.02247883914896394
0.6691444311600285,0.16993835413705843,0.08686370778362974,0.049836623808946656,0.024216883110336918
0.8401348786887405,0.09022642831287439,0.04374415013892452,0.01695971945437221,0.008934823405088551
0.7340578376222441,0.13549678998277384,0.08616091881918227,0.031065230249362422,0.01321922332643749
0.8476729441635391,0.06539282726420668,0.057328276466842784,0.019932473521090763,0.009673478584320437
0.8166725241224316,0.08943186879619731,0.0482979935947863,0.03001539351525077,0.01558221997133395
0.8127727701620064,0.09151586247949527,0.06012718212066189,0.02605171313070607,0.009532472107130367
0.7074608934881399,0.12046263220796799,0.09372674657781316,0.06170800908977,0.01664171863630896
0.625874134563913,0.08655161566919924,0.19776583070106082,0.07699459895425458,0.012813820111572281
0.7974309843895356,0.0661024368951701,0.08063706735446959,0.046032956121524006,0.009796555239300585
0.874892878823745,0.046434213446305134,0.04261541506545228,0.027707085411053784,0.008350407253443916
0.8657615750272919,0.05291160655908176,0.03727426557663901,0.0346666452751604,0.009385907561826941
0.81176175479413,0.05398016720128994,0.06655753839376399,0.05553496453788384,0.012165575072932124
0.7252588052582634,0.08038330484157508,0.11342319638640537,0.06309543097922903,0.017839262534527393
0.8202703861442865,0.06120148481151939,0.074928009204305,0.03330021673424887,0.010299903105640109
0.7542419393509512,0.08540350562187381,0.10149164161262368,0.04803112654574671,0.010831786868804552
0.8152438667491343,0.057795535692786865,0.080196289328789,0.03950401462277275,0.0072602936065170355
0.7131936326010639,0.08748084885153488,0.11524864160847181,0.07248553013451035,0.011591346804419185
0.7382555646525991,0.08354180372537444,0.11694862874346311,0.046927082262017056,0.014326920616546338
0.7828128207487355,0.09036885870036432,0.09641698744227606,0.024329794479269445,0.006071538629354612
0.864512429852668,0.08184283539577719,0.032190634709888824,0.015846779409994065,0.005607320631671749
0.9037231972373665,0.03255587804038229,0.0312531937002106,0.024482993511462277,0.007984737510578306
0.6216220563183834,0.09719580762571599,0.17489124053289865,0.08621155246907133,0.0200793430539306
0.7176677081846434,0.08995354050225263,0.1297181435533402,0.043546320033763096,0.019114287726000715
0.8137882089320002,0.06596273839532044,0.06012241833245894,0.041355665450643245,0.018770968889576908
0.7806010644922247,0.07453451329771767,0.09805948647528347,0.03653648762593528,0.010268448108838871
0.754041081598757,0.10646401752714538,0.07328265769514627,0.04500532195340933,0.021206921225541724
0.508375344482671,0.10679815646657702,0.2574336586879383,0.11140676254076384,0.015986077822049877
0.8225235776497468,0.05134071709601998,0.06070103451778484,0.056462549385681265,0.008972121350767066
0.7227205108498795,0.10949682288630061,0.0794904451064083,0.07335011927598373,0.01494210188142775
0.8488311871343478,0.045699502735615564,0.054554870565602494,0.0436061915354924,0.007308248028941569
0.7940708161805439,0.08046083186290144,0.06466336428074754,0.051045053980612314,0.009759933695194824
0.804043443912289,0.0729839657871856,0.07197107337914625,0.04371542261487399,0.007286094306505363
0.791794000392564,0.09183328883180097,0.047434278790475654,0.05836666144434497,0.01057177054081433
0.7216595666445235,0.07753124135145109,0.1216178048261182,0.06586063388424987,0.01333075329365727
0.9023527770890436,0.040485102551608254,0.030292277530830844,0.02313746203175582,0.0037323807967614303
0.8175478721791448,0.04088931188820509,0.07102659457150821,0.059157591688862865,0.011378629672278873
0.7999613912121639,0.08281649626456648,0.05551646817317583,0.04796545925886397,0.013740185091229963
0.7936984324943874,0.09771991693912234,0.049732775056328116,0.04641858521844274,0.01243029029171944
0.6615123949282138,0.16839115086251422,0.09224352352479682,0.05366236205660044,0.024190568627874685
0.7242549348168165,0.12675395336643516,0.08875749385045656,0.04193851133846619,0.01829510662782566
0.8117706723749452,0.05632963969140679,0.06970238262660272,0.05040350443179094,0.01179380087525447
0.7578952786958572,0.07706765450298961,0.07814416354463265,0.0709093683959645,0.015983534860556193
0.763263478862609,0.13946176817359615,0.046723961347210775,0.04208995971797356,0.008460831898610393
0.7966997899574924,0.07826601897590188,0.06183623699770795,0.04870464206572654,0.014493312003171154
0.9071711299701148,0.03737241400573203,0.023839421187069363,0.024937744609767998,0.006679290227315756
0.847982391734449,0.04693425317035631,0.05482077262153366,0.04275962202121983,0.007502960452441258
0.9486652328649603,0.015287281733730942,0.018313471538334885,0.013378996145528033,0.0043550177174457375
0.8281308962557524,0.07153633193328492,0.053608316284787044,0.03669874381667551,0.010025711709500099
0.7597642623366551,0.07055501734236973,0.09049556704185602,0.06850646722574932,0.010678686053369956
0.8327785166781435,0.059698650002294164,0.05610629538607673,0.04362863766982133,0.007787900263664118
0.9267126362610565,0.017666353338526345,0.02729743171898769,0.024625425335782696,0.0036981533456468233
0.7142367507326872,0.11411497470396366,0.11357370132427794,0.04569387191044675,0.012380701328624458
0.6709674668445736,0.15125663313383425,0.08626901549516038,0.07339566213630566,0.01811122239012602
0.8763365998677534,0.03870520362773863,0.03889846972762062,0.0337856966465763,0.012274030130311126
0.9013963613948313,0.03601298050183077,0.02126401247824074,0.029560187706957206,0.011766457918139912
0.8724601315999019,0.03390388256501859,0.03991984406635203,0.04067489240535552,0.013041249363372068
0.8801926086835895,0.037051769032379195,0.03415433288541246,0.03969260446786646,0.0089086849307522
0.8197226466618796,0.04733822724712995,0.07427432165904586,0.045626007755030486,0.013038796676914181
0.7233920220257845,0.08788513576245713,0.10446703062569868,0.0703050667025876,0.01395074488347228
0.8051757594395629,0.06465904828740006,0.08600444894529671,0.03756054350835477,0.006600199819385447
0.7664458978961278,0.058360293367922596,0.10878230429122021,0.05223719711497561,0.014174307329753633
0.7651917171623753,0.054081707358753,0.1000931044395112,0.053666138497294735,0.02696733254206567
0.8126840167681127,0.04117552174644851,0.08636767854158739,0.05056995882473206,0.00920282411911918
0.8279183616908824,0.06411649037105793,0.06250859648427895,0.03483362822918099,0.010622923224599881
0.9214380271489796,0.030765062128069353,0.01945868844558505,0.02064343945152445,0.0076947828258414315
0.8093794167972841,0.07481403858080275,0.035892401305916526,0.06109270741486316,0.018821435901133648
0.8702269854326891,0.04922596178763428,0.04569215165425205,0.02563081560682033,0.009224085518604421
0.6581688762723729,0.11363562514147192,0.08951296875036421,0.12089062502084993,0.017791904814940983
0.8175815723882175,0.055127103411347425,0.05743290588150051,0.05654305447154018,0.013315363847394414
0.8327674896790019,0.04561967461874559,0.05876784141425612,0.05433416355816005,0.00851083072983635
0.616412105675699,0.1517338257230566,0.15176148071619847,0.06888617774683255,0.011206410138213352
