Delta_Power,Theta_Power,Alpha_Power,Beta_Power,Gamma_Power
0.8732562008046805,0.07866075812314784,0.01940629340275592,0.021611825984902903,0.007064921684512946
0.9326504632141743,0.03777629127948986,0.014225006449279286,0.010528071161813965,0.004820167895242649
0.9293577570849385,0.02968945084082817,0.013745319861296096,0.01792695186179916,0.00928052035113839
0.9350387209715322,0.03552729390803387,0.017648116426589196,0.009346156767272134,0.0024397119265727957
0.8560203249746593,0.11313102945083627,0.014620352322094481,0.012317144533859166,0.003911148718550884
0.9457929395074677,0.03291709515743813,0.010575494145090772,0.00791114915118437,0.0028033220388190934
0.9039379220900227,0.05221202650451974,0.02323324545217228,0.01693054529720635,0.0036862606560789106
0.8234376144208756,0.08682306355558446,0.04670115043585152,0.03262073584357424,0.010417435744114118
0.8864082865220567,0.06402528503382794,0.025278867151928404,0.018477853919408708,0.0058097073727782
0.9165596881587642,0.03878915497626722,0.02412535482243532,0.017161036844823792,0.003364765197709763
0.9538881448711553,0.02910735924880474,0.006425506142408623,0.006983487447812073,0.0035955022898192133
0.8568525262749763,0.0699753868596337,0.03556293725049599,0.027820304774034337,0.009788844840859845
0.8853827201575261,0.06792263915746219,0.02360309039401445,0.01782422752927573,0.005267322761721502
0.6850563993244092,0.18149633345115385,0.05893227451857532,0.05576960115190615,0.018745391553955597
0.85541956409665,0.07320448756676912,0.03598605382813881,0.02720713640224253,0.008182758106199495
0.8324057930160057,0.11036475970465448,0.030045271855718782,0.021142011663481067,0.006042163760139966
0.949800914059941,0.025028477859175027,0.014185160369599032,0.008744375232895821,0.0022410724783890144
0.908358203524218,0.03991492143800891,0.024712191681335583,0.022834001396942322,0.004180681959495152
0.8659577131437407,0.0759281431552549,0.024611983420301617,0.029151175956337372,0.00435098432436526
0.9110009401766624,0.04919141190637911,0.02127895534216601,0.016262591003864294,0.002266101570928257
0.9342408067659638,0.041394005448014345,0.012547501652168759,0.0093578329346864,0.0024598531991670476
0.9049184585710981,0.05725582128751005,0.024017282303611484,0.010965809276300488,0.0028426285614800264
0.9170432719008861,0.05036946195465834,0.015117744834366452,0.013133540451643052,0.004335980858446099
0.8598409988698592,0.076949994748796,0.03261509425886558,0.02333055098073884,0.007263361141740249
0.8816358652739298,0.07672336654332426,0.02323456563049151,0.015566327836567122,0.002839874715687344
0.799716897396699,0.13629924546758568,0.03343109221407309,0.02595613975146755,0.004596625170174572
0.8624529511561605,0.10330377932320904,0.014026781342686253,0.01748571594981085,0.002730772228133044
0.8797801383166513,0.07557332812759494,0.020463263644720592,0.019543668832180533,0.004639601078852863
0.9381944547645656,0.03471815141344848,0.010493638159435666,0.01430524952590694,0.002288506136643418
0.9536901407063132,0.026951051398408348,0.006492228840599123,0.010579985777073125,0.002286593277606053
0.8032074019221787,0.11128353366395372,0.03641278102105208,0.03412029415516534,0.014975989237650283
0.8878799372055104,0.04841070430461059,0.0320027434871619,0.02467201242617483,0.007034602576542342
0.84407815221109,0.07899939162563047,0.038864472067374915,0.03032028560326759,0.007737698492636708
0.8025413946759468,0.13774063748368,0.030032911680842815,0.024886477796554656,0.004798578362975914
0.7992028442877619,0.12299334249520304,0.04148075170644658,0.028923098146209174,0.0073999633643794605
0.8687577601112463,0.07632150333936764,0.027024070147765967,0.021996162302444548,0.0059005040991756295
0.8939272502950807,0.06374342182706638,0.024853031301422565,0.014045249121597905,0.0034310474548325427
0.8366755531067297,0.10033911617695045,0.03630684474966428,0.021009564043903067,0.005668921922752532
0.9559406312619367,0.021796423842498153,0.013213891465961457,0.007074519427463666,0.001974534002139858
0.8882250544342996,0.07270173865802086,0.01672548346633083,0.018893504693783945,0.0034542187475647993
0.9295924991548025,0.04078249269834586,0.013812967346390868,0.01283454284530141,0.0029774979551594263
0.8842827251550346,0.0678280665492997,0.029208696731896168,0.014857202360742673,0.0038233092030270062
0.7947677616909784,0.09863515772062086,0.04673161070108461,0.05236981048550514,0.007495659401811142
0.9452045408031653,0.03736731068161963,0.009140389786411173,0.006388080361225829,0.0018996783675782672
0.8998010948560713,0.0636456344217152,0.01816619787195346,0.015371122490837464,0.0030159503594228976
0.9243334721954035,0.04398326267830769,0.014862153847607574,0.013617041092715136,0.0032040701859660276
0.9424451203228322,0.03152892817752418,0.01307272098857525,0.01059617816606433,0.0023570523450038346
0.8227653807776281,0.09974274520497478,0.033487722982935265,0.031566532650861276,0.01243761838360071
0.9228506623332592,0.034655384105611746,0.01726366402622532,0.01850962103606323,0.0067206684988403535
0.8325828298555958,0.0929386567444323,0.02241522700673259,0.0348274849343814,0.017235801458857978
0.8958731904840294,0.05577587620276327,0.021644389759471413,0.021319400388059052,0.005387143165677062
0.8592084055774011,0.07290772688901066,0.03543592970754767,0.027676508752478235,0.004771429073562567
0.8834582491692204,0.07705725046391844,0.015841832489246078,0.01966686013815748,0.003975807739457676
0.7960292382580467,0.11310615635836303,0.04617076699388898,0.03775117719968961,0.006942661190011739
0.8403916654861153,0.07501546318046975,0.05527492622499353,0.023447907731438886,0.005870037376982574
0.8943233126460274,0.07277134088225358,0.012778795925721924,0.014934549120755489,0.005192001425241672
0.775505275080063,0.1551223012933387,0.037225093245023724,0.025747982242611888,0.006399348138963051
0.9629046686161133,0.01902203511344731,0.00736324049116393,0.009091907184099865,0.0016181485951754643
0.8800153187215081,0.06423423201083842,0.026905768158847366,0.023863786694665344,0.004980894414140863
0.7972441411255683,0.09557905231152376,0.02485419537832702,0.043275940048163736,0.0390466711364169
0.9044240945603261,0.0391523851336823,0.023416883111932664,0.021459712645982582,0.011546924548076331
0.9402255827790417,0.031185740942365613,0.014239087880109483,0.01040662398432302,0.003942964414160157
0.9514665111111099,0.024346357243258863,0.014434694179120987,0.007218152310747553,0.0025342851557629627
0.8511106755491815,0.0775568859051365,0.04362445133680542,0.022351964841498814,0.0053560223673777664
0.8264984376024258,0.09657617447105146,0.049928567777456447,0.022358909383572923,0.004637910765493455
0.9196012223129003,0.0520917075089673,0.018552603727727913,0.008211394849637805,0.001543071600766528
0.9370741785500156,0.026550377581883496,0.008986641199607773,0.015341769048873785,0.012047033619619271
0.8055534677360788,0.1041577132030135,0.04285999395515743,0.03693333374970558,0.010495491356044441
0.8620035686914856,0.08994531965429516,0.021051327424711736,0.020652784681882603,0.00634699954762513
0.9374725492660163,0.04149269273491184,0.009659129550380022,0.008389317360954605,0.002986311087737331
0.7952685513700329,0.1474957195857335,0.02550408771913809,0.026081538622978528,0.005650102702116957
0.9367224628220572,0.03778907693216614,0.010492576661501163,0.012278195238727556,0.0027176883455479564
0.9071137553721392,0.055942128033312014,0.01753748810744206,0.01476011442230877,0.00464651406479795
0.917942151893829,0.04162667329038737,0.02219362467142525,0.014885024141103417,0.003352526003255059
0.912604090001567,0.04702356632132171,0.01911811123053046,0.017543392352488633,0.0037108400940921533
0.794727619195634,0.0893274772085056,0.07766134113515012,0.03072028846186154,0.007563273998848627
0.7869183462588886,0.15891421555987592,0.03411580534961127,0.015189648277261237,0.004861984554362955
0.7299487238407949,0.18272849435487248,0.04887479955100318,0.029407797953629966,0.009040184299699522
0.9508163857790907,0.02885036226960881,0.007392168905582145,0.010181386008009472,0.0027596970377088063
0.8915562713806747,0.06498309116890673,0.019861215731290596,0.0198848480255525,0.0037145736935755122
0.8357306102751844,0.06329037123530612,0.05921088398004582,0.03348171347265487,0.008286421036808773
0.8288279660351863,0.09762528845672569,0.039516179059992156,0.02584071001163763,0.00818985643645805
0.9197425081662022,0.0360084030555196,0.01887353480550247,0.020802944021172474,0.004572609951603419
0.9419280573036615,0.029677295459536273,0.017079271278021908,0.009335656501991809,0.0019797194567883836
0.8725650369932727,0.07510897479632501,0.03035078117233274,0.0169805271935429,0.004994679844526329
0.9004655221126635,0.042672004531101225,0.01946357062558824,0.020363410556189492,0.017035492174457476
0.9265761923830625,0.02993891866948889,0.020618017355360358,0.01787809125842726,0.004988780333660877
0.9108798870903608,0.0513399040412548,0.013140017661324409,0.016792434271722965,0.00784775693533688
0.6511987957205786,0.09360242610059924,0.04476321018450145,0.09767437615760328,0.11276119183671741
0.7224260326734824,0.10496203830155391,0.029277784901500337,0.07419611200432286,0.0691380321191406
0.7848133370230427,0.09574536424592021,0.03048570662583027,0.05396096974885331,0.03499462235635362
0.8354151175794855,0.08907320652887668,0.03843787757809393,0.026781525026033197,0.01029227328751077
0.799654923032281,0.11831640369872379,0.04599449547559177,0.028634565395763208,0.007399612397640126
0.8602925425019564,0.09040846397840888,0.022889697179071238,0.020307448939260796,0.006101847401302722
0.8685369717506747,0.07089136855853596,0.034061534727169655,0.02220228547536429,0.004307839488255675
0.9563336391131717,0.016819952582540664,0.011665931926652837,0.011939821622119791,0.0032406547555147583
0.9092255237236311,0.06072343963696847,0.015005625929884848,0.011841827624782645,0.003203583084732764
0.9607074120737894,0.01663387635356045,0.012795710809237465,0.00744105598983733,0.002421944773575125
0.9385216530494773,0.04234445833770871,0.006489540934412436,0.010283407322202615,0.002360940356199158
0.8951007075555387,0.0450966057940461,0.02448564570658049,0.02140692824978914,0.013910112694045504
0.9169964831713063,0.04337289704834307,0.021453883019657966,0.014204632480058025,0.003972104280634627
0.9209698051565811,0.05379871523699782,0.012699940128738877,0.009885471167005966,0.0026460683106761243
0.9274386652117721,0.046144879929797995,0.011860365895775628,0.011531533608160555,0.003024555354493938
0.9067636636810857,0.04137873701126391,0.025203184345012977,0.021962658991113337,0.004691755971524106
0.9320165230587927,0.042301082298689834,0.009568259326644415,0.013752119641215633,0.0023620156746574205
0.9269836358977483,0.046127203673146336,0.011922125760580821,0.012789910935915855,0.002177123732608429
0.9178050508939312,0.04678800781266648,0.018447891774392742,0.013924537325132992,0.00303451219387659
0.940099617424064,0.0313211173908036,0.013967154385203155,0.011731033619763584,0.002881077180165769
0.7800232092096683,0.11451064541351451,0.0333242749428552,0.0610629666207438,0.011078903813218105
0.91890600223094,0.04550736664964047,0.0194102316894863,0.012669793306283202,0.003506606123649998
0.8159377816024289,0.09506345817206009,0.043685878317814626,0.03650443079896284,0.008808451108733798
0.960323705726202,0.021414511691158575,0.007852748813921104,0.00865946997551089,0.0017495637932075977
0.9273284819255924,0.03426608509909907,0.016662319571258938,0.017449651701428558,0.004293461702621121
0.6155288433739998,0.07787654213523422,0.03618225374509525,0.11866926777670873,0.15174309296896202
0.8340282632196828,0.06901317370610331,0.042581052257675264,0.03411209842864628,0.020265412387892534
0.9039177370616803,0.049452891003986595,0.023847039856053635,0.018363687778814038,0.0044186442994652965
0.9274681430318588,0.03292547253047949,0.02197672088171136,0.013572399986821717,0.004057263569128662
0.8935394843431498,0.07833105478855114,0.014895579473923943,0.01060755514277477,0.002626326251600257
0.884345411844944,0.0653137123418702,0.03088404913680816,0.01651109934871131,0.002945727327666333
0.9340813593595902,0.04232410418648471,0.011857379971687678,0.009922019272952332,0.0018151372092851344
0.9569843401166087,0.023659067509184804,0.008862538205559666,0.0085713881821879,0.0019226659864590098
0.9526567467255361,0.029242642306299613,0.008863922783680573,0.007584461322550996,0.0016522268619326016
0.8530138155248065,0.07251627604052356,0.02219367477215087,0.03734348212324798,0.01493275153927115
0.8313324592436099,0.07460758585824757,0.016654168980822268,0.049004570117036954,0.02840121580028332
0.9047263623154866,0.04967284209458206,0.022723998759064428,0.019019435573608624,0.0038573612572580605
0.9247315973964428,0.0463028541792188,0.01267459651786668,0.013957311443862344,0.0023336404626092943
0.8558963432980243,0.08315942625685639,0.03044972248107452,0.025922328107286445,0.00457217985675831
0.9071066231459981,0.07021374797890649,0.013400703445259987,0.007618337197040984,0.0016605882327943502
0.8234669698232926,0.10213445933298648,0.0478959870932392,0.021072100009147065,0.005430483741334666
0.7578783059480069,0.1458446530430804,0.05151471107963483,0.03831780651133466,0.006444523417943114
0.9021979213207167,0.0549226906143637,0.0182508971312006,0.020980914626303422,0.0036475763074158064
0.9109427654280242,0.04547890021355308,0.016607725733332933,0.01696588734297082,0.010004721282119081
0.883503958523111,0.04877632302263121,0.022199990529703232,0.03398181593464169,0.011537911989912742
0.912085658477844,0.04381328939660512,0.02636739042341374,0.01467429180346461,0.0030593698986727115
0.8678546005817468,0.06857302525023125,0.02996598030104043,0.026413371704832714,0.007193022162148751
0.8531005495916719,0.08915191753903476,0.03719993056456198,0.016184099411915707,0.004363502892815534
0.8562167965666668,0.0700895997276938,0.03816120252012123,0.029565390584291452,0.0059670106012269
0.9094569878718388,0.05738207195006412,0.018154546729375665,0.012553674726268374,0.002452718722453207
0.8731156559899362,0.08413369158403122,0.021959264508859006,0.016685271158780022,0.004106116758393825
0.9027989220703122,0.06067489875805476,0.02374891902959963,0.01037716440883766,0.002400095733195696
0.9364456521754809,0.03296374301999579,0.021352993983212276,0.007346735725948835,0.0018908750953621452
0.8408562943557459,0.10475023604836674,0.02714763751195314,0.023034827713632907,0.004211004370301295
0.952643102555464,0.019274036502472124,0.016636187261049217,0.009776840410529702,0.001669833270484776
0.8046338563151585,0.11364393850905408,0.05039398082369436,0.02686488771316529,0.004463336638927708
0.8752999778505668,0.07492289146221376,0.02370179748548646,0.020563343932549747,0.005511989269183182
0.8864587370007355,0.07245799836208702,0.019045002469889737,0.018035803005360965,0.004002459161926793
0.9224688539660602,0.05134986264277298,0.011136589629199686,0.011424415469177529,0.0036202782927896348
0.9592226224699616,0.01563300795007327,0.009970368449357142,0.012707257625599327,0.002466743505008765
0.9636277482329034,0.01738679365233194,0.01082059002888114,0.006044470779605899,0.0021203973062775684
0.9385982161060991,0.038927028529043325,0.012232198216110898,0.00816385228164748,0.0020787048670993253
0.862740709611675,0.09285623872109966,0.02019059669209453,0.020454588062882705,0.003757866912248117
0.9409472380238453,0.03505228902316828,0.009817080652965741,0.012345399162224335,0.0018379931377961651
0.9399775772646809,0.024341287134090523,0.012601972205630965,0.02003167765417766,0.003047485741420138
0.7393029694766674,0.13662842301620504,0.07228365399019744,0.041950534318089136,0.009834419198841015
0.8241307852727074,0.11231472661498136,0.03468351134893293,0.02498212998514452,0.003888846778233877
0.946792705025927,0.030842192446997086,0.0100378604984377,0.009961313628464096,0.002365928400173963
0.9398950490553698,0.04344054750614658,0.007614653678826295,0.007295689421774597,0.001754060337882706
0.8903980501702544,0.07133932946006344,0.016230361770833132,0.018238830502468262,0.0037934280963804984
0.8101490051630366,0.0927157122398875,0.04576875061611208,0.04073878150509026,0.01062775047587365
0.9119199566293009,0.052756000307251964,0.02044689013510805,0.012008097436656541,0.0028690554916826357
0.9393359777244435,0.04182817460213871,0.008670872268745041,0.007875496238165892,0.0022894791665066987
0.8428429954529657,0.09901754718843579,0.025070990306981268,0.026014004947216614,0.007054462104400696
0.9011231157416195,0.046565147201264236,0.02908013069891741,0.018255428294510535,0.004976178063688093
0.9578765438104159,0.02200656805356855,0.008080333079167749,0.00976208681817064,0.0022744682386774176
0.9237020715657224,0.03530585004630544,0.021568618058258816,0.01544056933188392,0.0039828909978292405
0.9172986885953127,0.05061977653119843,0.014613632455073938,0.014006873094322433,0.003461029324092488
0.9326995613290192,0.023026623453184448,0.023237343241693402,0.01610362828234778,0.004932843693755139
0.8345528360122132,0.09308494041018009,0.041460632754396376,0.023684694304146024,0.007216896519064474
0.9374985057824723,0.035644533945385165,0.013076954649966917,0.010639748807699644,0.0031402568144761416
0.8562647063106732,0.07846815532053011,0.024264162858358265,0.033290473509229354,0.007712502001209097
0.9486230531679124,0.01684663580425501,0.0180212134049078,0.013949061809636025,0.0025600358132885953
0.9041076529305296,0.06024523343852774,0.01766510001463222,0.01406655940095158,0.0039154542153587634
0.9436296765859581,0.03043183199120698,0.011842401938295576,0.01183352639400707,0.0022625630905324092
0.9176214298311209,0.036124901062099445,0.021914508977690025,0.018313651642207378,0.006025508486882151
0.7932775782228414,0.06045960303618674,0.02647151245308546,0.07520090202246298,0.044590404265423815
0.8670079247306111,0.03750613162659302,0.01302016147847163,0.03732951214231212,0.04513627002201208
0.8742960246746172,0.08493867455846663,0.011088644919189957,0.022328247610937286,0.00734840823678893
0.9446289285797372,0.037344900676477104,0.008151299384684159,0.0073882998218672375,0.0024865715372343355
0.9605880378269678,0.02553748520250047,0.007465777211578527,0.004948920397395244,0.0014597793615580522
0.8642317517798,0.06569171820067293,0.03820923563475468,0.0244948248365148,0.007372469548257486
0.9298195841285718,0.04307202876774215,0.010900960645041318,0.01297855954624273,0.0032288669124019894
0.9574420775283708,0.02352333419487578,0.009891395729768847,0.006875852639316728,0.0022673399076679032
0.8664457685230162,0.07146921586205729,0.03455745964419882,0.022192811957072595,0.005334744013655052
0.7795218194689261,0.1525794426376522,0.029248358099245912,0.03043693708988375,0.008213442704291921
0.9119834882920446,0.04940615425561536,0.019777491606265143,0.01419036651162541,0.004642499334449625
0.9228267803798114,0.049155192936934794,0.00871917805905112,0.015383471008312487,0.003915377615890172
0.9086891579841245,0.05174847217788223,0.01746885726259227,0.01776844880113314,0.004325063774267873
0.9336073645889217,0.036978861035587535,0.011549115577243666,0.014065322101979957,0.0037993366962670518
0.8947551588612931,0.055152271868706734,0.024317242627280466,0.021101255269533416,0.0046740713731862745
0.824782323562879,0.09601150455007347,0.0358368539827776,0.026152859264740553,0.017216458639529204
0.9317232928755981,0.03328947161220754,0.01575466267218812,0.013889703169715243,0.005342869670290999
0.93130694182462,0.026129057484289692,0.016503987577684186,0.01698590384426216,0.009074109269143935
0.5062785140819794,0.12970913197238207,0.03526647015349022,0.15404992980787807,0.1746959539842702
0.6085692392315507,0.12120572753982826,0.027679034149855838,0.11198230748715539,0.1305636915916101
0.7921315737437471,0.08016149663560017,0.04146737622135801,0.05197837217296404,0.034261181226330616
0.819160558408807,0.04697471403473538,0.014449318374684933,0.06449514082680907,0.054920268354963706
0.6153712972794416,0.03700503102383476,0.02202587445052278,0.14546770329531766,0.18013009395088309
0.9131199048555415,0.033726999639325295,0.008881231267969249,0.022917732616658422,0.021354131620505618
0.7965116779094438,0.11722549465533741,0.02149589082815661,0.03772895518279141,0.02703798142427097
0.8315137841330436,0.06178843527257305,0.030609298087090304,0.0470486423807253,0.029039840126567705
0.9254051996552423,0.03418999205251759,0.018367023714982937,0.01640206965754052,0.005635714919716865
0.8584636398043339,0.08957269945693151,0.026867707197221494,0.01907149829325772,0.006024455248255304
0.8234518905940924,0.08644121795218764,0.04082279225095691,0.03345167754851509,0.0158324216542481
0.9474270321185807,0.02054513883020214,0.018208947352520485,0.010188334280536714,0.0036305474181601654
0.8418360053976295,0.08509359963707779,0.024838400123552935,0.0367967347454158,0.011435260096323856
0.9113158239261017,0.052960797044165925,0.012489989046712472,0.01699807077107692,0.006235319211943268
0.8539239926701816,0.08625584329259013,0.0253018537367576,0.02537401980369537,0.00914429049677509
0.9345693515069903,0.03371562204951053,0.020177125240905324,0.007336025681467961,0.0042018755211260216
0.8763644224614681,0.0771466986254348,0.0251741753755549,0.014532306340107637,0.006782397197434653
0.8770818780702895,0.06532975302441905,0.02431768437855979,0.02375294288618714,0.009517741640544584
0.9084627457534727,0.046149967138731464,0.025505979405627148,0.013223423206492347,0.0066578844956762685
0.7301708489653949,0.1392853625916397,0.07892671554550283,0.03791013315666714,0.013706939740795399
0.8980360222486877,0.06118741528698793,0.013266566076450348,0.021072930396727772,0.006437065991146149
0.9110820835114997,0.05138869381099214,0.016738460641491565,0.013529758336821454,0.007261003699195147
0.925808813866796,0.041564899715409775,0.015779941743459504,0.012632928189736973,0.004213416484597869
0.9087577089317931,0.045476531907325785,0.01945601046175043,0.019658727356100532,0.0066510213430303385
0.8760658766253978,0.06846099488464161,0.02589389339413535,0.02148688068125204,0.008092354414573046
0.9591419208160318,0.026908962332018303,0.004744917125925893,0.00670528902367737,0.002498910702346616
0.8022555275265192,0.1296134554840314,0.030790024314121468,0.027693620340206254,0.00964737233512156
0.8503560329644665,0.08588958096439069,0.028217294031148026,0.026428768579855245,0.00910832346013996
0.8902360386747216,0.050046345589633764,0.017552706415477234,0.022361308341616377,0.019803600978551276
0.7348937693047518,0.14181567888756752,0.02851594644217559,0.05474173440929353,0.04003287095621161
0.8744783064499678,0.04232434451572338,0.010067598537329693,0.0350927103458742,0.03803704015110469
0.9253200902225741,0.02638873231790237,0.0075257297861649934,0.021292226367693845,0.01947322130566485
0.8823596372214092,0.04479325451187368,0.020910507859870125,0.026144221102631558,0.025792379304215376
0.9283509886738106,0.044186683433716366,0.01017726833185783,0.010627184155786461,0.006657875404828719
0.9654152937197868,0.015195242722998093,0.011025651016204664,0.006342622470061817,0.0020211900709486297
0.9294959528371696,0.027442203625045396,0.018413888748155832,0.018256904104887166,0.0063910506847419815
0.8318015055496205,0.07465594682278098,0.04929602219766385,0.03443888734094807,0.00980763808898648
0.8571598310051299,0.09019023430077422,0.024622852952374364,0.020912433903819666,0.007114647837902199
0.9192934216778784,0.054177767175198295,0.012360490800796712,0.010842632390599856,0.003325687955526445
0.9176398840871244,0.04495073459105468,0.017795550025053716,0.014980039509748657,0.004633791787018662
0.8973987604812191,0.05202826421160538,0.02575804271236557,0.0160576992100463,0.00875723338476355
0.7987709508364303,0.11559102737297247,0.040200985409397025,0.03052817607265245,0.014908860308547534
0.8858663050546163,0.06299151999582672,0.020821254858199433,0.022683742830462317,0.007637177260895178
0.9137276697669818,0.05875871595729928,0.009641881722598639,0.013299814735128196,0.004571917817992177
0.8620978011087853,0.07203969924647742,0.03002406593575989,0.025740943257135423,0.010097490451842231
0.9199159352336576,0.043187763867486434,0.018411426516407637,0.013314568749668916,0.005170305632779495
0.9023775924441735,0.05083445787427121,0.019024963678552057,0.019538489038947705,0.008224496964055375
0.8380475045070881,0.10039710252309479,0.03487607773049663,0.018465723558330083,0.00821359168099049
0.9530491375778605,0.026854864400475388,0.011209580215131956,0.007207187261201509,0.0016792305453308455
0.8110894823627974,0.0773680278268605,0.05491942304728728,0.04396988941322387,0.012653177349831067
0.8149434894865863,0.09485308592580802,0.04473596814764068,0.03736637026424211,0.008101086175722924
0.8792262039876689,0.08662805595971193,0.01810187192090716,0.011855524365353984,0.004188343766357975
0.8211904538148316,0.09371781420434591,0.04398526513647333,0.03189538830018756,0.009211078544161611
0.8655440105840628,0.08071019554677421,0.02749476627528637,0.019360339721995287,0.006890687871881302
0.9126071545220812,0.06436465024576965,0.00931517772592927,0.009651816589662488,0.004061200916557591
0.8802360060060535,0.07329007901566638,0.01909402806000138,0.020345221812542485,0.007034665105736385
0.906239274241392,0.042356928764789595,0.026872553479392713,0.018509140534177286,0.006022102980248324
0.8976170418077061,0.04722510137116072,0.03132786270158948,0.018055013950856746,0.005774980168686965
0.8671399609513903,0.06258179777187488,0.0386022410426474,0.02465714917405129,0.007018851060035896
0.8452329024474957,0.08714155394920384,0.03547175640227433,0.023257859743088673,0.008895927457937483
0.8797737362574861,0.07822881337699875,0.022113779881722584,0.013958313688840488,0.005925356794952074
0.8030122452334395,0.10038098200481503,0.04596328930014905,0.03740830510630397,0.013235178355292547
0.8218736197987095,0.11040850748538857,0.03607635909900442,0.02317813541278233,0.008463378204115031
0.8870591963140539,0.05188643452895168,0.028671809180886892,0.024939851278961787,0.007442708697145767
0.9241926101698057,0.03865763185002848,0.016520261302143045,0.016319945468943785,0.004309551209078973
0.9433626441583712,0.03159214918610728,0.008326331857936055,0.012949776617260763,0.0037690981803247497
0.9186788775993519,0.032507132975361494,0.0303027649622676,0.014577341673336843,0.003933882789682193
0.9329296627457052,0.041321335785643495,0.009508889262123548,0.012168958734050416,0.004071153472477279
0.8677823225723226,0.0679291789784541,0.029899512455017818,0.02488114085966708,0.0095078451345381
0.8453796766981638,0.0643856814956625,0.050805339566369755,0.028606328338349467,0.010822973901454343
0.8914400628590532,0.04766571094888948,0.02988832883204309,0.024785770228246483,0.0062201271317679375
0.7594789743614935,0.13417244741580475,0.04793851503006436,0.04690849159357151,0.011501571599065723
0.8261620142813342,0.10042249563895377,0.03021208728257444,0.0325556838535946,0.010647718943543124
0.8921716821620986,0.03820286722136818,0.03160956270922068,0.030541892805071347,0.007473995102241115
0.8371122866531503,0.08783901737052048,0.032251789730094765,0.030448922726936844,0.01234798351929753
0.8901630652051867,0.0700605890188148,0.017931606479630803,0.01703521421101429,0.004809525085353549
0.936095448512516,0.04040334849817232,0.010877719712716095,0.009781536845988734,0.0028419464306068624
0.8825292510718417,0.07885488095252358,0.016231999827493234,0.017205237039167168,0.005178631108974284
0.8774666776728935,0.08695006505588629,0.013176102447692536,0.016510259535504827,0.0058968952880228045
0.9129722678099804,0.03393950915921514,0.014144781748526524,0.03059826604978477,0.008345175232493018
0.7907135304646529,0.09459455402425261,0.05425705461240433,0.04068855003741995,0.019746310861270065
0.8802985469312159,0.05518168567132028,0.03172988098819894,0.024139110200774087,0.00865077620849056
0.8856686780057595,0.042463268289498236,0.017136460690575662,0.04378738422925237,0.010944208784914295
0.8919064936754686,0.043249604793666366,0.026622468131960664,0.029624142198038744,0.008597291200865597
0.9389923060597749,0.02365567617834731,0.013500944394460203,0.018094314538178398,0.005756758829239249
0.9144575146344167,0.04804679220924513,0.015271768085359887,0.01502206405061152,0.007201861020366706
0.8855900898597769,0.056490411642855065,0.02833941783791856,0.02188424866903583,0.007695831990413559
0.9281346260198786,0.03223517211754081,0.015321373939090012,0.017125276011676658,0.007183551911813828
0.8389646169029824,0.10070192614112637,0.020224721923990257,0.030572984534066268,0.009535750497834651
0.8504849525243614,0.08608529391359844,0.030234070507534603,0.027151622348359,0.00604406070614668
0.9031132391654029,0.055011961405065236,0.01518613337125092,0.019649046000559715,0.007039620057721167
0.9446509200534495,0.03135000455177205,0.010705484346136324,0.010049572935839763,0.003244018112802222
0.8408321111143515,0.06962820048966387,0.0385071599626088,0.037586524064501116,0.01344600436887479
0.8853625615652964,0.06314908642495454,0.017597863501216636,0.026229471671502035,0.007661016837030304
0.9448973334451338,0.029008191771025354,0.011942324386282984,0.010800578523989768,0.003351571873567906
0.8486628192168095,0.09008370542949275,0.025003579564984064,0.02763972593158533,0.008610169857128237
0.9053369053841025,0.055610465939412934,0.017451013719888126,0.016879717187565806,0.004721897769030494
0.8784976174069727,0.058699008361640354,0.039453625750848424,0.019418353561447374,0.003931394919091227
0.9067170836443657,0.05977142315310498,0.021255255144321444,0.009930999424172736,0.0023252386340349126
0.9673251753393447,0.016143128074444506,0.0067331811673577106,0.00809745448827933,0.0017010609305738154
0.9004316732247505,0.05277267210172743,0.02513087004443284,0.01821323794124803,0.0034515466878411523
0.90068946386996,0.05296272509035518,0.028579265695855494,0.014572626240005541,0.003195919103823839
0.8171748732905144,0.10888302021448769,0.04265910900759911,0.0256626790756727,0.005620318411726062
0.8312586244307142,0.09752606579492608,0.043487165212465116,0.020919107839590362,0.006809036722304306
0.8492879145783593,0.08196832693076866,0.03866699132344118,0.025251333347778394,0.00482543381965233
0.9212014377589307,0.03514905123967737,0.024731020406803087,0.01583747102602085,0.0030810195685680394
0.9336336797628276,0.03600486134959583,0.017304731329132,0.010351905880548323,0.002704821677896122
0.9026572716424051,0.06790627337075686,0.016461104631303843,0.010120551920260791,0.0028547984352732714
0.9254324145309996,0.035941141169862405,0.023894951405526076,0.01199332711549502,0.0027381657781170693
0.8544507993261026,0.10303343496242767,0.021876655898665935,0.01760209257155422,0.003037017241249668
0.9236197281753308,0.04581999954236482,0.014508513980842052,0.013948638454224397,0.0021031198472378832
0.9374344169852045,0.033591134990362724,0.012509094828628348,0.014151728541669692,0.0023136246541347123
0.8887377533044285,0.049794408200825466,0.0292655885783379,0.026677921165253898,0.005524328751154101
0.8989199605365262,0.07385136653630514,0.011234482169380519,0.013375990823731716,0.0026181999340563907
0.8908361790870424,0.056292566881678385,0.025571617128811945,0.02118762338335931,0.006112013519107687
0.8664243314710031,0.09730250090510627,0.01839651644248887,0.013893177084702304,0.0039834740966994625
0.9741679451028628,0.014268152752022535,0.005949278673489527,0.003878731246879399,0.0017358922247456255
0.7273537389330244,0.1487388514359355,0.06828093708138941,0.04382860595296541,0.011797866596685297
0.8784430779174374,0.07057237983808867,0.025250163844886393,0.019484120621217103,0.006250257778370417
0.9176410739413443,0.05359270223234151,0.014443829504500983,0.011110696481521416,0.003211697840292055
0.707350049513996,0.1579800582486577,0.0849783552412181,0.04141703348639548,0.008274503509732798
0.9154366502408577,0.03444092741793008,0.022563992382368347,0.02420167031124131,0.003356759647602462
0.9646321864303301,0.01974438913066755,0.0066724556991377545,0.007044530126851012,0.0019064386130137915
0.8821739043513882,0.07216801164498676,0.030116444120245917,0.012797546797236763,0.0027440930861421875
0.9571484444631599,0.022325866981139125,0.010055692142307249,0.008126477146892316,0.00234351926650133
0.8533700070923774,0.07040407097804369,0.04794086959617992,0.02253943169398235,0.005745620639416465
0.9196134094945323,0.05306374817673989,0.01365162035145507,0.010724963537488651,0.002946258439784072
0.957073639091638,0.02364559078816833,0.01140283734597569,0.005284763946724639,0.0025931688274933207
0.916770019266434,0.059765007956522224,0.009890320860563368,0.010379068413865006,0.0031955835026154654
0.9406285219114442,0.04068808767782989,0.009019200958578822,0.008024567539199397,0.0016396219129477688
0.9540194286999614,0.026838533298559092,0.0093294659437512,0.007343233948840055,0.0024693381088884132
0.8759050659169672,0.08692029958537498,0.02100621471510575,0.012569579795402526,0.003598839987149584
0.8913376512666896,0.06445636071980357,0.021562208857821934,0.017711587936589397,0.004932191219095517
0.8878496964621566,0.06171502854402473,0.021769061557164005,0.021600032685587748,0.007066180751066882
0.8502038018877062,0.06921825354450006,0.04531411124321529,0.025522391359358916,0.009741441965219434
0.9408650229152545,0.037247624843723556,0.007470531500215826,0.010275196404900976,0.004141624335905237
0.9006330168996958,0.052155312574790724,0.020136968012714605,0.021950724449908705,0.005123978062889978
0.8836292053308914,0.053733943686033535,0.03424910957208196,0.021822313709853856,0.006565427701139383
0.8601491302236346,0.08138952119631514,0.03365289586616663,0.019011699502083368,0.005796753211800633
0.9314911554436401,0.04176773822482505,0.014109300470993211,0.010408894693607038,0.002222911166934244
0.869373201434506,0.08496973870506601,0.017795388997276142,0.022413802823462947,0.005447868039688812
0.7376392270258176,0.15541469258865828,0.05354461369917082,0.039887740023935345,0.013513726662418018
0.892378301265358,0.03788265475391166,0.03330547150281788,0.02974810913571031,0.0066854633422019135
0.8251998561672057,0.1121877406460606,0.029204793381847415,0.026099466427156482,0.007308143377729663
0.8931970726069431,0.05867603563401444,0.031415760155469374,0.012554555344789546,0.004156576258783443
0.9382408946407613,0.04416081233050051,0.006597950051057813,0.007077216927924676,0.003923126049755778
0.8931872649977433,0.06772508174796264,0.01147324921130531,0.015792824609350217,0.011821579433638681
0.933934465378376,0.03241995098263972,0.01706585307241804,0.01342517779659927,0.003154552769966948
0.9350956019761647,0.033477321711388446,0.016482248862760406,0.011684017589763396,0.003260809859922916
0.8630990191276201,0.07784777762542432,0.021998812846978605,0.030895359937722223,0.006159030462254828
0.9089733979092973,0.05104444815599585,0.018102917141998347,0.018510639082567937,0.003368597710140415
0.9255705012394987,0.04962108838879907,0.011153430388840778,0.011289051575493418,0.0023659284073679933
0.8733927281248386,0.07800440043136404,0.028230839048213677,0.017275462568914605,0.0030965698266692335
0.9512221149514443,0.029051029454240446,0.008977499786088024,0.008721496953179626,0.0020278588550476564
0.8617765583959888,0.06954293197315903,0.04181451731716836,0.02104435142410836,0.005821640889575396
0.8858728072473673,0.07837940179904307,0.016843795235328037,0.014483116109025676,0.004420879609235903
0.76431758469918,0.17880141494925805,0.03156138022392402,0.020072203623888316,0.0052474165037494115
0.9297713796899882,0.043179092316448675,0.014173764084516174,0.01028672832966379,0.002589035579383063
0.9489862712961974,0.020901086873857902,0.015268040970163464,0.01245630079123438,0.0023883000685469458
0.906157637789973,0.05435761915664772,0.0211835158331791,0.014390947299655617,0.003910279920544582
0.9187821835388791,0.04685139158401419,0.016271384291741183,0.013953334790066814,0.004141705795298681
0.9479813561789165,0.02434637599936379,0.015308485804635267,0.00982887693439749,0.0025349050826868943
0.8071077452867798,0.11719005053346797,0.03785741018763287,0.029653986521664663,0.008190807470455114
0.8887968895827002,0.07819150352291966,0.013714533918962815,0.015794447870414282,0.0035026251050028507
0.9229639176004588,0.04805355988182921,0.01444480562293977,0.011028820149064027,0.0035088967457080097
0.9032291760827513,0.048599828070445134,0.026742657064096523,0.017574667792483584,0.0038536709902234592
0.9382110127905875,0.036955601463912385,0.013044317713921021,0.009505092746380273,0.0022839752851989093
0.9243072229219563,0.0376530613238364,0.022868193233372542,0.011925915124815747,0.0032456073960190138
0.8386293126029709,0.10249510505275924,0.03264884798181691,0.017617693328166952,0.008609041034286174
0.9412909021660593,0.032530188616341965,0.01422763946771643,0.0097539874347018,0.0021972823151805345
0.9272874942242282,0.04461621703846562,0.01745235002992471,0.008856665887563576,0.001787272819817807
0.883660185217657,0.0658689452378335,0.027889620626164232,0.019172125158500832,0.0034091237598444994
0.8982922539105269,0.05467236275190672,0.022055579444794398,0.021755288757885426,0.0032245151348865206
0.9213052179093647,0.03753161619568926,0.024022490740614397,0.014039476119205238,0.0031011990351264267
0.9557799347290372,0.027766604093350817,0.00784636840517393,0.006536789920497435,0.0020703028519407844
0.9211988976806602,0.036231671681091496,0.013773354884962737,0.018008408068773404,0.01078766768451195
0.8883670448903817,0.04685285747257282,0.02329250084773228,0.02677543585505911,0.014712160934253933
0.9596123404715888,0.020721569157323115,0.007355516564053963,0.008912231828145973,0.003398341978888232
0.8757286829825497,0.0462946718458148,0.018240957060966272,0.04035468489830617,0.019381003212362843
0.9106871908366898,0.050408470749156165,0.011311106045190202,0.01786247361466448,0.009730758754299094
0.9469411714200427,0.03257572462037335,0.006920254777018034,0.009817732705316162,0.003745116477249851
0.8833600233245175,0.06442723165273186,0.024656155361080737,0.0219836183577591,0.005572971303910996
0.8500546341777963,0.10991553923685207,0.01659006102159171,0.01888202331957807,0.004557742244181912
0.940324404849829,0.02980592836710012,0.007119292965562313,0.016852012543192265,0.005898361274316345
0.9435800344936167,0.039359840408164336,0.006037095097960407,0.00810853487272767,0.0029144951275308605
0.8746029333904476,0.07799017382469826,0.018169721259094346,0.022193264610887314,0.00704390691487258
0.9167438570041422,0.05379803487920391,0.010903548530575582,0.01322193782582233,0.005332621760256078
0.9167328405954093,0.04547884193228468,0.013539658316123871,0.019759947675587294,0.004488711480594683
0.8610119118476826,0.08574502659111127,0.02639459126007262,0.0209055050938713,0.0059429652072622305
0.8992192995344478,0.06206146747902609,0.016769662069164866,0.01746045975698221,0.004489111160378998
0.797824343197955,0.11527529345267537,0.045948154160052664,0.030850664102038843,0.010101545087278082
0.8235099960176341,0.12224065732969507,0.027377426893621958,0.02222585801270838,0.0046460617463405865
0.8817256152356825,0.05038455163466192,0.041153436444880925,0.02213031440620619,0.004606082278568281
0.9266881561469118,0.041169129559547615,0.014733416894743123,0.01219737989677641,0.005211917502020907
0.8788097863762789,0.07316274518841176,0.020191334499623195,0.01898589824632902,0.008850235689357087
0.8639862587562525,0.047053948732652104,0.027423246261723905,0.03840451459371866,0.023132031655653085
0.8496910315456542,0.10037128360494958,0.015210446613130618,0.02571697519345837,0.009010263042807196
0.8475110063309842,0.09019013775146571,0.029544457672025952,0.027412478676851423,0.005341919568672784
0.9132524051317836,0.056474051490206956,0.014007026515843537,0.011956588416519006,0.00430992844564696
0.9004308802495707,0.06943255628575846,0.012735706782052906,0.01384356140538186,0.0035572952772358387
0.9300431396260751,0.0490977261844315,0.008467947062542702,0.009227973892241175,0.003163213234709717
0.7399803837476642,0.16341884351279043,0.04070149732762871,0.0407026558456656,0.015196619566251235
