Delta_Power,Theta_Power,Alpha_Power,Beta_Power,Gamma_Power
0.942818123835001,0.036330690386668744,0.009293579350054846,0.007761258119994444,0.0037963483082812696
0.8711335065795153,0.0862221456804984,0.016566928613098327,0.016352855421731403,0.009724563705156576
0.885420102866544,0.05579991462919715,0.027883921319515975,0.019749850552410835,0.011146210632331937
0.8542630790249043,0.10536506196558273,0.019983046140481492,0.012307353789345988,0.008081459079685676
0.976850810863387,0.010067309609925693,0.005703142054898598,0.004647877766116691,0.0027308597056719163
0.9072284017836246,0.04339357078913679,0.026662653548547376,0.01203175232114428,0.010683621557546862
0.8646734082131539,0.08315875973306153,0.019677871600048875,0.020958624934925313,0.011531335518810392
0.8998243892087506,0.07218715001453663,0.012730031106598328,0.00972076987014163,0.005537659799972501
0.8673054062168412,0.08380174555553786,0.019402075674791457,0.020159831525510798,0.00933094102731899
0.8969841535366417,0.06589548827930472,0.013017248421363347,0.01403033605745813,0.010072773705231792
0.8306359647506149,0.0839897634199459,0.04516602872924027,0.025227613908871148,0.014980629191327947
0.8459774886774245,0.09086929576350355,0.027493542317064117,0.02246439307235686,0.013195280169651049
0.8981730816712374,0.04913932078852228,0.018647977367646534,0.020771758861779288,0.013267861310814382
0.8038984197342874,0.09954870217933856,0.038142114349093155,0.03794398286024527,0.020466780877035472
0.8911264757270306,0.06515122190355742,0.01643348421686264,0.016057820674807623,0.011230997477741596
0.899572034402623,0.05859044314862689,0.01773942480528149,0.014789054385653689,0.009309043257814847
0.87921311436249,0.07266296413103673,0.018096515165159116,0.016956030637278657,0.013071375704035387
0.9004658489954545,0.05479847107040725,0.02147443540687877,0.013946739176393028,0.0093145053508664
0.893045797198374,0.07200781642662674,0.01824003615067418,0.010282657840487663,0.006423692383837566
0.928005292240889,0.0352293880914508,0.020684066520146385,0.009991668538205769,0.006089584609307956
0.8630129166703028,0.09231379400242005,0.01606775939979957,0.01505833387033921,0.013547196057138262
0.9069477934620427,0.058636083833109066,0.014696673648879463,0.012327193630675796,0.00739225542529299
0.7776404790725341,0.13617578432723987,0.033711550583175,0.03385993803024157,0.01861224798680932
0.848687431909438,0.10429997169341945,0.024142544224059787,0.014237198681043593,0.008632853492039058
0.9494094480497534,0.024692260425652455,0.009337329789522937,0.011117148473953278,0.00544381326111839
0.920712971784282,0.04751861666805972,0.013997990434633852,0.011280210005221992,0.0064902111078022125
0.8256502758035303,0.1287345626093568,0.01903096139708053,0.016062128135059722,0.01052207205497258
0.8896216610413715,0.06389660466754274,0.024838711344342287,0.012722176152667226,0.008920846794076013
0.909936182402326,0.05210207833563266,0.018857227688465362,0.012010081535146893,0.007094430038428912
0.890028295609688,0.059872687169236605,0.018881419514867066,0.018062498717436346,0.01315509898877188
0.9354218199618165,0.0370920044198385,0.013780937436697876,0.008048398499413368,0.005656839682233457
0.8448501715543991,0.10291808276463729,0.02623572962691292,0.01526781965022388,0.010728196403826551
0.9368341068305391,0.03784857295768313,0.011135603361849458,0.008154360897015168,0.006027355952913072
0.8739638966084518,0.06622946870030214,0.02638144293081112,0.01811725214573038,0.01530793961470427
0.790088952693098,0.11709643852681148,0.04960947201651092,0.024657924932718178,0.01854721183086155
0.9585353975909993,0.020069133279265024,0.010389836936930266,0.005697912996028805,0.00530771919677663
0.8669170754088674,0.0615564614230016,0.04058553575518371,0.016588788281816907,0.014352139131130499
0.8861112979977227,0.06522098947831867,0.02298941428231496,0.015962341237593713,0.00971595700404996
0.9163709314576352,0.05271850218130126,0.015510725421753906,0.009560914918242302,0.0058389260210675725
0.883852379078422,0.07194407679574329,0.02140852054386018,0.015509187098930798,0.007285836483043691
0.8765237876482554,0.07883709419189466,0.02558476111356062,0.011545775916629088,0.007508581129660201
0.8089335037694948,0.13531583396630137,0.020352779859966263,0.024036023783423666,0.011361858620814092
0.7905562532559246,0.13400090330090184,0.03166260406944815,0.029058787618605454,0.014721451755119803
0.8718437854033312,0.08686727116103207,0.020406291444264497,0.013872567963445215,0.0070100840279270936
0.9197620929249171,0.060802147203760544,0.008779085266043598,0.005896803895683035,0.004759870709595644
0.9153587591130599,0.03752285298032584,0.024831797014050874,0.015087241868718834,0.007199349023844521
0.9157761707701414,0.05256852123789571,0.01760463404967215,0.008619604810453294,0.00543106913183732
0.8085364286613164,0.1254853925896956,0.025481311021201932,0.022201112074278176,0.018295755653507963
0.8289224733340225,0.10538695732663818,0.03003463461629094,0.0219397155564178,0.013716219166630794
0.9243071748165133,0.04359136295688197,0.013056378231572444,0.012483417246923244,0.006561666748109098
0.9481684730194034,0.030959948936540856,0.008929644631524175,0.007370905514879383,0.00457102789765228
0.7121253529208205,0.1985370520986894,0.04377888840158563,0.027208232635537562,0.018350473943366814
0.9197515675516348,0.036985992361187874,0.021396557116923908,0.012621520766002967,0.009244362204250574
0.9585695802887421,0.025010061995863805,0.006587234449146317,0.005710961752874579,0.00412216151337331
0.8894229268225483,0.044692884474393756,0.0344332726556157,0.02116941723165105,0.010281498815791138
0.8896178607118941,0.07050635423285731,0.018311457211050437,0.012689325995589555,0.008875001848608562
0.803926871472247,0.11985361313532866,0.03266967127969231,0.026256593911108628,0.01729325020162343
0.9035941335104405,0.06206279178337675,0.017634701243871852,0.0108909477802991,0.0058174256820116834
0.9496172278293428,0.03086800017936525,0.008557325956792549,0.007223821113446377,0.0037336249210530316
0.9121812437502855,0.056778860521088846,0.014987252664602976,0.009921428787272512,0.006131214276750126
0.9391509851191019,0.030365773176058312,0.01620337857885659,0.00825798710936983,0.006021876016613647
0.8671450719363317,0.0660156794446324,0.029725600464270915,0.024698378267088796,0.012415269887676026
0.9175013070420237,0.03901370892838151,0.021030520914578826,0.014456685693627428,0.007997777421388401
0.8855513820859445,0.044478847736330485,0.03889557457159963,0.018799051241727725,0.012275144364397679
0.876605666577238,0.07220757986602121,0.024257977312197587,0.015802968587253628,0.011125807657289793
0.8682400875248568,0.0651153252478919,0.031144191599511564,0.021087615978821448,0.014412779648918104
0.8602716303035147,0.06755947040343868,0.036345687584797344,0.019377994567527704,0.01644521714072139
0.9548655192794385,0.030681213406650414,0.006991929726502182,0.004517239691706393,0.0029440978957026493
0.8360634182246723,0.08738866209082023,0.03648909060721918,0.02314599187807756,0.016912837199210728
0.9213971159851317,0.03496904758970212,0.01838836392719735,0.01449444240722342,0.010751030090745496
0.9665584585269936,0.015413510170529646,0.008252499036554263,0.005648785171950204,0.004126747093972466
0.883998466661098,0.05692791836168614,0.027712364585008177,0.017233859190070845,0.01412739120213683
0.8776920769021233,0.07047617907098658,0.025905511843916415,0.014695887642688699,0.011230344540284983
0.922218580522192,0.050088025586068174,0.014379567364294264,0.008011265940017484,0.00530256058742813
0.8894219310646061,0.06319148588903957,0.021699918643843453,0.014945749579931769,0.01074091482257949
0.869511213273539,0.07173053369758398,0.029268919078035402,0.019454581969138327,0.010034751981703283
0.9356264466870788,0.03529174983156533,0.014330434381129213,0.008936470023694364,0.005814899076532065
0.90177770407859,0.05768580660018043,0.018195661431420155,0.014384084301556702,0.007956743588252501
0.9535693168180445,0.02390476579488719,0.011480703672960803,0.006228334906453692,0.004816878807653933
0.9312196975371497,0.04312139066986733,0.011898870695575646,0.008420995719075666,0.005339045378331649
0.9092293893710999,0.052396099288694514,0.018048339714501028,0.0109352450560212,0.00939092656968365
0.8696354299030719,0.08065811563078312,0.022470847121247264,0.016248822496396656,0.010986784848501444
0.9232869929715636,0.04112988127317515,0.014396810252574384,0.013425344972305112,0.007760970530381842
0.8766024358954835,0.07112341806150532,0.030676157956069785,0.013040841598425385,0.008557146488515972
0.7690449269598861,0.13256558074332064,0.0530483883842885,0.027362524982899,0.017978578929606037
0.9170352501791738,0.04818038470878545,0.013984230421364076,0.014811799627703648,0.005988335062973242
0.9402634684741694,0.03019457423892995,0.013822186189115805,0.009522103133294841,0.006197667964489838
0.898850448826645,0.04871171546804663,0.028187691791685503,0.012520845995583231,0.011729297918039616
0.8862286594582862,0.06882412655983758,0.018878546227313452,0.01777981611482149,0.00828885163974127
0.8344411731944028,0.09013375234326798,0.030096810420077984,0.02837772299725624,0.016950541044995236
0.9385796544299524,0.02762907671174711,0.01831955947240432,0.010007643067748666,0.0054640663181473636
0.8897092940692086,0.06769648230112627,0.017767897466372095,0.016874513672750925,0.007951812490541822
0.9417348997687675,0.031211929330647172,0.011577155730475748,0.009362463033163203,0.006113552136946483
0.9448860339256359,0.033516256199109175,0.01160237453314661,0.006243109322556837,0.003752226019551588
0.9560327410632967,0.028581587708751955,0.007851247215830658,0.004855943522624178,0.0026784804894965817
0.8430430503136598,0.0602684930930477,0.058702797035972934,0.02271175282075365,0.015273906736565823
0.8366039034666182,0.09654181204630614,0.03478206224376654,0.018703571152276756,0.0133686510910323
0.8988165351572217,0.05535351062181952,0.02385234962348723,0.014337001431975907,0.007640603165495421
0.8007320093610939,0.09626345311852733,0.05260577871083723,0.03283743925460235,0.01756131955493921
0.9324975861725143,0.028135223852796366,0.018374774968372122,0.012551262479201485,0.008441152527115808
0.9365841102494868,0.04119734995518486,0.008826626145175827,0.007781629300574681,0.005610284349577808
0.803238350838056,0.12356543627334854,0.03816577693924664,0.021031274458394075,0.013999161490954598
0.9426322060905584,0.03322318234194356,0.011689550895037353,0.0077163069735672,0.0047387536988935134
0.9272740100161206,0.04612661015183274,0.01254779235147783,0.00795324816106256,0.006098339319506134
0.9093238598971205,0.058368313571776236,0.013301317279345578,0.011692763497928044,0.007313745753829551
0.8951909822150268,0.06174832141758546,0.022310321815065728,0.013403907138177601,0.007346467414144209
0.9114467303251151,0.057792448837152254,0.015409092519289094,0.009206028463315315,0.0061456998551283285
0.855400785742128,0.09728708943685223,0.025320003467550305,0.014750726265168325,0.007241395088301186
0.9086785334593352,0.04916274132940156,0.024487737175035457,0.010948517135892965,0.006722470900334591
0.9130390205880865,0.04321707934296509,0.021011720404619426,0.014906762465052221,0.007825417199276617
0.8307280305298287,0.11816750152892384,0.017938624219752848,0.019170955150252748,0.01399488857124187
0.9225626537722884,0.03878588645047668,0.018869462880873922,0.01102676864306957,0.00875522825329135
0.9355746967017231,0.044467714761311325,0.009640605733116417,0.006579617904036498,0.003737364899812627
0.918329857758354,0.047723809636456255,0.01580398992703328,0.011506814127808013,0.0066355285503485895
0.9091725362847185,0.05468737483957731,0.018698024904428196,0.010734427436232449,0.006707636535043598
0.952261394555628,0.02732515258192079,0.0095817557174544,0.006738012823536493,0.004093684321460501
0.9144471232090118,0.0555925020673035,0.014095872614973052,0.008435123816607045,0.0074293782921047765
0.9198470110307354,0.03928574897889968,0.018950916104059187,0.01428473390009925,0.007631589986206391
0.955312488402736,0.027356993104591405,0.008342353401258086,0.005169827737593576,0.0038183373538211254
0.8976439802303455,0.0485843934539796,0.03324432663211061,0.013421437607731509,0.007105862075832939
0.8749936988935314,0.0698339879807604,0.030432140265596798,0.01430142897950185,0.010438743880609367
0.8278383072592328,0.11031453059806703,0.0275195429888049,0.02213551618660203,0.012192102967293264
0.8254978286930654,0.1163006813864695,0.025596927764829233,0.02145879791295332,0.01114576424268234
0.8332740618329925,0.11132854080594734,0.024518978102999977,0.020067303766375322,0.010811115491685027
0.7862749058997707,0.12920965317585711,0.048740974974399054,0.021017131318746256,0.014757334631227102
0.8263751922204758,0.06613217079298361,0.07127114553136378,0.02148703196325846,0.014734459491918196
0.929659723661045,0.0432606868104147,0.012097168076697369,0.009820802533884523,0.005161618917958527
0.9435740053195651,0.03338175307451281,0.010174935044547044,0.007604622917915222,0.005264683643459566
0.9111252284473423,0.05348027062002254,0.019747645013955727,0.01004166260616746,0.005605193312511826
0.92490100143562,0.03150202936250715,0.023776180294741094,0.013338395306654571,0.006482393600476999
0.9081348637383505,0.054064182621893685,0.016984377233662314,0.013094691063525524,0.0077218853425679275
0.7930929416639733,0.11258106393958509,0.05171256541839536,0.027542088942802825,0.015071340035243483
0.8998714176788968,0.0686083507068609,0.016536908106683224,0.008886191196607489,0.006097132310951648
0.8248356588196368,0.08968400360123378,0.04904215503297454,0.021955507282209692,0.01448267526394489
0.9241030253174563,0.04502230798048348,0.013704337456601573,0.010282918371439966,0.006887410874018677
0.8242675518703829,0.12612399224304977,0.02634072988253831,0.015052245078026369,0.008215480926002907
0.7863806964341782,0.15060627705891091,0.0340816385792795,0.018350781829210003,0.010580606098421198
0.9389010720522567,0.04519666909696876,0.007890034844935648,0.0042510907713968924,0.0037611332344423738
0.9187976041155472,0.05623505199597579,0.010577501768864293,0.008836275145225404,0.0055535669743872786
0.8603797890076678,0.09817867109451539,0.022747149008748482,0.012282044999126844,0.006412345889941595
0.7952221678851095,0.1324814656593781,0.03141939958042452,0.027096497086939095,0.013780469788148586
0.8316150339989945,0.10563799449542409,0.039375754411846216,0.01439233738165967,0.008978879712075769
0.8821953284093887,0.06437800819584245,0.028031930014508648,0.015963434903901022,0.009431298476359117
0.9331049358104326,0.02870158236673472,0.02136869847978162,0.011759384955227001,0.0050653983878240615
0.860238724289576,0.08637759913752105,0.030081438232654658,0.015121010426081407,0.008181227914166866
0.9426305463658302,0.02967000289787525,0.013722388544223961,0.008673642995557533,0.005303419196513161
0.8135733217333323,0.09268269336986269,0.0537360657032685,0.028895084328198442,0.01111283486533811
0.9045969729890828,0.06534906661884174,0.01765160493287356,0.007653869608099178,0.004748485851102511
0.9005228619965245,0.05407957177004184,0.027441807453779395,0.01106631396174991,0.006889444817904477
0.8643502910194557,0.08991296821722214,0.022083890096857864,0.015540280229393336,0.008112570437070794
0.7512081479156718,0.1706587906561367,0.02833893757818525,0.03389310398851562,0.015901019861490596
0.7862498539335847,0.16548120051989376,0.019932251388048838,0.021003370264682356,0.007333323893790668
0.8968747622132531,0.06899416756653488,0.0138077395752949,0.013025680360135414,0.007297650284781766
0.7978165104732174,0.13195184929429607,0.03244784871974824,0.02537864170644373,0.01240514980629459
0.7452559397215452,0.1162034588615851,0.0807889651515593,0.039577915107952576,0.01817372115735771
0.8953545057108668,0.06559919354756645,0.018835685200798445,0.012566971556755045,0.007643643984013058
0.8556560281214073,0.07779655278798059,0.035880686759333945,0.01898791428211772,0.011678818049160626
0.8798049848722442,0.0799309139768769,0.022564240726922778,0.01000359027580131,0.007696270148154774
0.8396238137932377,0.10382661672408894,0.027523253760211485,0.01919455327970562,0.009831762442756246
0.8132252288736816,0.12586268686958718,0.036594071437157,0.015110554459550597,0.009207458360023834
0.9129296126180066,0.05495427703849096,0.017360922309811427,0.009816802697123572,0.004938385336567387
0.785308698359805,0.1539493997306459,0.030233255526171156,0.018825485684319986,0.011683160699058007
0.8420065639776334,0.09639428890108136,0.03957950137886509,0.013397534995455722,0.008622110746964545
0.9181787903592581,0.04271159955832239,0.024179435893782516,0.009622002064389082,0.005308172124247943
0.9469006381026207,0.028647305016654148,0.011778155867679422,0.008870529886852095,0.003803371126193686
0.9239793820737323,0.052494859624766695,0.011549354319449338,0.007708376423646846,0.00426802755840484
0.8925142241290216,0.07270233708203741,0.015788733448159023,0.012154655853893902,0.006840049486888201
0.9077831086487272,0.06989489722183587,0.011610616968004635,0.006650689199739779,0.00406068796169264
0.8490439652678969,0.10097830161052865,0.02807571482890686,0.013723862609104527,0.008178155683563101
0.8933589826318936,0.06436381832830698,0.020774862325671873,0.015300922260015747,0.006201414454111863
0.9172540851264109,0.048375518177022396,0.01758765536904446,0.011216172168521617,0.00556656915900078
0.7948446724177953,0.1484463995553552,0.03198016797955907,0.01705642018336831,0.007672339863921957
0.9051725354142705,0.05075011855482659,0.02224570596724512,0.015603262242594833,0.0062283778210630095
0.9602195776858774,0.01967081734419542,0.011647403329461105,0.005508067269248935,0.002954134371217387
0.8462324591563413,0.08233144667151335,0.03952718676697096,0.02135588979566119,0.01055301760951322
0.8230974073425751,0.11853544625582034,0.023538032519518116,0.02545953438384287,0.009369579498243632
0.8669277646089001,0.0745740232157827,0.03249624683727875,0.01614081724846397,0.009861148089574409
0.9247038105589587,0.045714483636498326,0.014903785308532824,0.008901194181423041,0.005776726314587357
0.8781538450098337,0.07127937093701864,0.02506924503486841,0.01860041714293159,0.006897121875347862
0.8250400705339295,0.09910087616203411,0.046733182927986595,0.01631757412242782,0.012808296253622115
0.9582674274179792,0.01954423666745584,0.01222765586863923,0.00574444579348443,0.004216234252441075
0.8976159306440176,0.05998523280601768,0.024076737173677504,0.011017109969672919,0.00730498940661433
0.8873651094823475,0.06329247351188892,0.03155605522742474,0.01158172086095582,0.006204640917383019
0.9068599460387065,0.043868733411785626,0.029034538083443674,0.013019339584358974,0.0072174428817052
0.8865377919443557,0.07618779857776704,0.019831915809907275,0.011254543804072545,0.006187949863897469
0.8787541483562319,0.08519208445607014,0.01896843131112165,0.009145417001940152,0.007939918874636437
0.8325554040332012,0.11189745209487129,0.022065182039985573,0.023022320205178325,0.01045964162676369
0.9140664646906913,0.05781179515454675,0.013219662353635026,0.009927193173276155,0.004974884627851015
0.8181175251965188,0.10047271620797711,0.04020279492245742,0.02834322526774537,0.012863738405301446
0.8770052039023202,0.10108646768299144,0.0087279852522001,0.007113571704925812,0.006066771457562773
0.8663602508042365,0.06864465066525607,0.02949261450895493,0.022154668130829468,0.013347815890723128
0.8776210323132102,0.07022282060075105,0.026238697828677805,0.017018013402811904,0.00889943585454908
0.8685977479404196,0.07212853061836516,0.03319306037850087,0.018724713075908984,0.007355947986805369
0.909988875253576,0.05271802838956924,0.014175341519657249,0.01332228495890345,0.009795469878294069
0.9364209565873837,0.039955711915696725,0.010711790967822587,0.00726200861152416,0.0056495319175728816
0.8573431286317902,0.09885887107400085,0.019245809677837008,0.01660752802278553,0.007944662593586446
0.8288869278449362,0.07953515293114183,0.044727274596899846,0.028172159120480957,0.018678485506541245
0.82140200031242,0.10407772195779777,0.03159678882934488,0.02815301472202576,0.014770474178411664
0.8491667266876443,0.11316284632016813,0.015420850500265615,0.013700961609043754,0.008548614882878454
0.8779706114604976,0.0704752612332115,0.025896718501132707,0.016355997635541897,0.009301411169616266
0.8744305519867505,0.08186314318119316,0.021644072270442807,0.013005214694162283,0.009057017867451148
0.8857946895060618,0.06122150372131305,0.03342736916202844,0.012020433538229847,0.007536004072366659
0.9550494871265075,0.02378420028600514,0.012942508699150916,0.0050146922408048486,0.0032091116475315012
0.9218877689125988,0.03997416283985476,0.021060343082531924,0.01014997566486087,0.006927749500153896
0.8613871333409903,0.07226938333344694,0.0345083200171693,0.019541897760724576,0.01229326554766867
0.8497204789182318,0.08234919859894263,0.0461090811270663,0.014552657699197934,0.007268583656561635
0.8383354172378217,0.10096645691241715,0.028296770848227792,0.022312506228903264,0.010088848772630157
0.8012122302324467,0.09936079088933328,0.06345649336282556,0.02115480298378415,0.014815682531610532
0.8291082693484944,0.08861863216705035,0.04034894935376798,0.02864866852692369,0.013275480603763722
0.8935536843155258,0.06206902675866369,0.027322258700372287,0.010752883033057712,0.006302147192380555
0.8931274676113407,0.06924819155241382,0.017222039266214826,0.014318836251637363,0.006083465318393145
0.8550058796411549,0.09297203127454619,0.022790277664730515,0.01971431535125662,0.00951749606831188
0.843990917836688,0.07246382980924554,0.039690435538810916,0.02785165085781334,0.01600316595744237
0.8584718135694667,0.09785909433917525,0.02172371317058052,0.014710274147547707,0.007235104773229809
0.7278672084891582,0.17222211915196803,0.033135886230596635,0.042078363845625334,0.02469642228265176
0.7636645339580368,0.16421491546719738,0.040594780829878135,0.0209645644888944,0.010561205255993248
0.8441775679748773,0.09146427091112283,0.038650576997174606,0.01600515444983339,0.009702429666991952
0.8528129953861945,0.11029871923050096,0.01720735932481992,0.013140249170699517,0.006540676887785374
0.6887884700001353,0.21412991649454224,0.04114862113848744,0.040240752882612585,0.015692239484222558
0.8179124640255117,0.11629712411865069,0.03413476380749542,0.017970490143741687,0.013685157904600452
0.7291917409989097,0.18507413982607726,0.03574968264003337,0.02827984190484307,0.021704594630136624
0.9306753691795187,0.04271257211982516,0.01290026945089894,0.009674103505851805,0.004037685743905242
0.9237146705828777,0.04649416505074589,0.013286091691825496,0.01044956264356463,0.006055510030986511
0.8376747335390771,0.10328571188016433,0.03037762783410187,0.018893187800558327,0.009768738946098416
0.9011157128664571,0.05968862413612623,0.02246960457477615,0.011543751054384252,0.0051823073682565265
0.9593537353837381,0.022594967172038422,0.008284332464369142,0.007109517936430973,0.002657447043423201
0.8625011806895876,0.05342931017949833,0.02911010749258635,0.022650641390690816,0.032308760247637076
0.8428777457215202,0.11153933883135718,0.01764022675413963,0.017766993157780943,0.010175695535202227
0.8418861995651896,0.0928319813955376,0.03393896394235847,0.019006001945593036,0.012336853151321537
0.9243869914768104,0.05233269541174762,0.009133349098939775,0.009171381779802111,0.004975582232700287
0.929536579966077,0.03390197985763096,0.016662617891822416,0.011945702726193141,0.007953119558276532
0.9132671911477206,0.055305674976429305,0.01665760231260562,0.008606793640637484,0.006162737922606848
0.9021637245966111,0.06397931635789918,0.013331766303292537,0.013211387999519134,0.0073138047426781466
0.8891776700370554,0.07388096962642884,0.016299420040386745,0.011417247626429983,0.009224692669699266
0.9250153310353684,0.044585813768820884,0.016194227318575196,0.008818420350610912,0.005386207526624728
0.9632792105217906,0.022929824441229985,0.005822572111322334,0.00438820813957991,0.0035801847860771245
0.9403112077290563,0.03729572004223187,0.009815445707478096,0.007755759533873092,0.004821866987361009
0.7432976616839037,0.1861190487031458,0.0310141706099434,0.022212843624302866,0.01735627537870417
0.8901069475552152,0.03391316913550956,0.016747496684976004,0.032118192683742684,0.027114193940556728
0.8881588347573244,0.047160064872730174,0.015966488546981857,0.021671716189911854,0.027042895633051876
0.8363168766168767,0.07557945357005187,0.032965125004660575,0.029405779337425338,0.025732765470985297
0.8685530232221159,0.08013492089534405,0.022243632662676316,0.017121462754016405,0.011946960465847093
0.8935389113883332,0.04956470603832491,0.03417640387843627,0.012763904407067083,0.009956074287838722
0.9265082200469953,0.045678486290842195,0.01434013854717181,0.007826978510984422,0.005646176604006074
0.9144101322714255,0.03543631572138609,0.022589331113576343,0.015847707922716944,0.011716512970895258
0.8449418791505886,0.08584466852370597,0.03301285495050332,0.020511715389000356,0.015688881986201553
0.9305537655870428,0.02628475643524714,0.018447279344381548,0.01468307072077475,0.010031127912553624
0.8757639482867318,0.0683156512829752,0.0190331741303144,0.02152936389099527,0.015357862408983375
0.8733466169354751,0.08039926264081294,0.02106353314583808,0.01415071875984842,0.011039868518025473
0.6543739710973221,0.18904763859785834,0.08937742554237943,0.04118593281770163,0.026015031944738604
0.9349293761841864,0.039509003679022464,0.011889288344140943,0.008389170633412556,0.005283161159237701
0.892721243701173,0.05837229157804844,0.02255375660802077,0.016863431720412103,0.009489276392345852
0.9403042021884275,0.03568976498618033,0.011247039889499596,0.008241743447640284,0.004517249488251902
0.9220788077339098,0.046239757980667345,0.01596840232785482,0.011265900821976003,0.004447131135591903
0.9001230635951335,0.051620197683470495,0.027136473648183754,0.011718297366619987,0.009401967706592143
0.8929481205926665,0.07646582572550707,0.0144694824951338,0.009226519800060536,0.006890051386632296
0.9568102292668571,0.025194097036336266,0.007203023411066102,0.006066205425715715,0.004726444860024854
0.8262622725203573,0.10572197187911365,0.02998455250425008,0.0255548213034277,0.012476381792851115
0.819314318798386,0.12247835511887813,0.023537402285375233,0.019686889232354614,0.014983034565006027
0.8996717284164156,0.0640394081030518,0.016869525219526702,0.012465564895843715,0.00695377336516215
0.9543207178412139,0.02175878003084215,0.010935975399899453,0.00766465463900007,0.0053198720890445216
0.8933092846533806,0.06121318348033079,0.021317134624451266,0.017368951527087693,0.006791445714749763
0.924069194744098,0.05251906481491251,0.009588987288872206,0.00964696093964846,0.0041757922124688
0.863588162642609,0.08912758083846191,0.02389495070678926,0.012129693002308857,0.011259612809830925
0.9134822176623947,0.05956156344271544,0.010788573423386804,0.010081739771897176,0.0060859056996058975
0.916229912900095,0.04999967915238459,0.015177842029841541,0.009394495215015257,0.009198070702663683
0.9077717459185943,0.06057335976820171,0.014823625989565294,0.00987109871687362,0.0069601696067652895
0.7980039086485365,0.12910278779147383,0.03426699752094878,0.02384170047328106,0.014784605565759647
0.9540789041144491,0.02492125616980024,0.009886913862534845,0.006135267178151988,0.004977658675063783
0.8446985100806913,0.09546189466512076,0.027108668153335656,0.020342788161559013,0.01238813893929331
0.8618501073505115,0.09374354068590524,0.023797096010564015,0.011130632797586146,0.009478623155433033
0.9325024808060943,0.043046933854662565,0.011686000749947037,0.00688215665928602,0.005882427930009826
0.9050765531538586,0.0661269879795086,0.012951653136148806,0.009944388308309182,0.005900417422174671
0.9330578007993325,0.03781757409223402,0.012066144942374948,0.010534089804176871,0.0065243903618817075
0.8632426197681532,0.10698433566042087,0.01338337749544593,0.008681924214272914,0.007707742861707154
0.9459622285421274,0.03330804987393831,0.010633484986508313,0.005825977846975841,0.004270258750450148
0.9175201975246624,0.04953704511556553,0.014812571157544929,0.01199010505828023,0.006140081143946914
0.8822733119637154,0.07104957334169833,0.01685594659952058,0.017178983324472444,0.012642184770593258
0.8513300725620554,0.05587308522661206,0.03199256731369632,0.031034923965858448,0.029769350931777724
0.8846788977890705,0.05832498581096511,0.01948648180638146,0.018857070534374375,0.018652564059208617
0.8134582649134567,0.07777638309148588,0.05294338779482296,0.026311866117343014,0.029510098082891314
0.8691765106221451,0.07801842736162638,0.024521209048848518,0.014582876478799285,0.0137009764885808
0.8927700483811395,0.05896437987024582,0.02128668747171869,0.014821146101996507,0.012157738174899752
0.871293761039136,0.057755127610020746,0.02188693472047632,0.022406724590999866,0.026657452039366984
0.837412835974068,0.09934785789837133,0.0291463606036597,0.015137924727229662,0.01895502079667139
0.9484470204171687,0.027434327406538613,0.010873824647430771,0.0074818875909111885,0.005762939937950851
0.8625984746014844,0.06310397419840341,0.03609949703011861,0.020847611463443157,0.01735044270655016
0.9185138445486907,0.032170612159388066,0.022028191475513634,0.017709577342397156,0.009577774474010602
0.890278541102979,0.05581938252529833,0.025233742585940452,0.015949700544898613,0.012718633240883615
0.8817238370113326,0.08001607926188951,0.013782465864690296,0.01429823578905175,0.010179382073035911
0.9604845683917684,0.018017847282653814,0.009114837639486714,0.007998065399767615,0.0043846812863231575
0.8709806511725713,0.08648085274531105,0.01570141803051215,0.017966827510317092,0.00887025054128839
0.908605079865931,0.052230269357860445,0.01961363584888391,0.010759324787022968,0.008791690140301607
0.9271467094555691,0.04111875015971098,0.01799588085724041,0.007347742662830141,0.006390916864649435
0.7795787046212919,0.15864585778153611,0.026375722980288698,0.020371565704819305,0.015028148912063869
0.8693523322505146,0.08172053786814733,0.017203811946856988,0.020110135565873637,0.011613182368607597
0.8434071248411737,0.1095288562042965,0.023065654664781846,0.015077677022528383,0.008920687267219618
0.9149219615567223,0.06354409854856008,0.010419628366965692,0.004986695655204705,0.006127615872547161
0.8293975988640111,0.12354498115590966,0.02068474882850193,0.015163346132189125,0.01120932501938813
0.9013666745124175,0.05765944943884357,0.019676049868847648,0.013757313864373262,0.007540512315517725
0.8149039741694515,0.1020605834440359,0.0317576449200365,0.03231007480025846,0.01896772266621778
0.845084082355801,0.09211251385071707,0.028749750056629792,0.01974763445703791,0.014306019279814496
0.8782158562350375,0.0678757082933554,0.020803296239879105,0.02226359118314681,0.010841548048581067
0.8878260173030806,0.061732460430170846,0.026032584560691328,0.011217548284616284,0.013191389421440668
0.86001269277708,0.09250789572253854,0.026415820659045672,0.011473026969854399,0.009590563871481331
0.9301162337785613,0.050662740193918594,0.007466059542153659,0.006898333677180699,0.004856632808185846
0.7549732489379526,0.15217985819457183,0.04338615254162175,0.024079178655441624,0.02538156167041205
0.8744566965260591,0.08395131136735952,0.017831311278579173,0.012996885042249178,0.010763795785752761
0.8314173206372656,0.07398782988375784,0.0568641033621833,0.020699860582580297,0.017030885534212906
0.9287851354073963,0.039342424174820624,0.017280439966818464,0.009313158177617457,0.005278842273346891
0.835538879136096,0.10889196191702932,0.029500453029047524,0.015038548540714488,0.011030157377112774
0.8602537471812974,0.08912082107899397,0.021533454062061523,0.01794358650456617,0.011148391173081137
0.9287948275389565,0.04107435928620993,0.016691118747196032,0.007383266957678897,0.006056427469958654
0.8509054626187887,0.08753244417989428,0.032925287294820964,0.01884519700385615,0.0097916089026397
0.9025881952565363,0.061370210279533044,0.01671028925088087,0.010897921507103041,0.008433383705946788
0.9338255808989365,0.040141359106233745,0.014011698528930687,0.005648601776382921,0.006372759689516015
0.7895785363432242,0.14096591659997473,0.0295037669357784,0.021372484292790803,0.01857929582823182
0.9163923125679384,0.056076410181618984,0.01198805869171631,0.009198398187429159,0.006344820371297393
0.8201321272331422,0.11725822692127548,0.02801578445888413,0.018427273451994006,0.016166587934704137
0.8263456025292572,0.11281841948534442,0.029969044588429854,0.018179108959831686,0.012687824437137197
0.7466546641434539,0.15259516355119457,0.052390026751107516,0.03240137170033697,0.015958773853906965
0.8901620583044155,0.06720436467904806,0.02362719526510025,0.011868508674656681,0.007137873076779337
0.8308223161176757,0.10628362546875504,0.027250108458975027,0.023197322351913796,0.012446627602680551
0.8597384667835726,0.09152131789204751,0.019394498825054708,0.02053766376541245,0.008808052733912658
0.8391594492546522,0.09170212435752248,0.029913277185154068,0.024071853656697232,0.015153295545973892
0.904334591800689,0.06876836897492333,0.008400537620409933,0.01116656007485297,0.007329941529124682
0.8682415964431782,0.0911677742948722,0.020129628901278753,0.010964304487471982,0.00949669587319899
0.8496983848494888,0.10087594519785127,0.02375446824235508,0.014563112701807629,0.011108089008497479
0.8930202683826525,0.06371551028201561,0.014743707225148886,0.015212238022667565,0.01330827608751558
0.9497382424920107,0.02250242594668537,0.011215731957077722,0.01111853103979311,0.005425068564433098
0.8914015307202559,0.06411228397339636,0.02054409593252956,0.016147669165449942,0.007794420208368355
0.9175873578159248,0.05355661596209622,0.015237004088182227,0.007271601235216608,0.006347420898580039
0.9366668833170112,0.034816004349822724,0.012130807661796613,0.008950905759464441,0.007435398911905003
0.8629050864425513,0.06779471491090103,0.025825038723239997,0.023800796126101177,0.019674363797206634
0.9314462366204239,0.044108088685245586,0.010252522720051609,0.007109973474805867,0.007083178499472977
0.8638295201128677,0.06868784020379866,0.03786608464778583,0.015045292203714707,0.014571262831833
0.9602964079829894,0.023727428661537424,0.008481880833975908,0.003580677436041246,0.003913605085455939
0.8911769753563221,0.0700874660915921,0.017388212406485082,0.014333142562857662,0.007014203582742988
0.8753353977967256,0.05670098331381289,0.03666582073872919,0.02110084243283171,0.01019695571790063
0.8944860799691717,0.07164141135992513,0.01601058319844523,0.010348618037902471,0.007513307434555349
0.9322590750415649,0.03859388321274575,0.01392107711128007,0.0075678508782149575,0.007658113756194068
0.8327247152885833,0.09338939041711934,0.02963209742567596,0.029484993791186284,0.014768803077435154
0.90822294534864,0.0589765669924357,0.016397427630158546,0.008733978088493874,0.00766908194027182
0.926349625165235,0.051965671459564135,0.008002028549488607,0.008440401889997494,0.005242272935714757
0.848637996120134,0.08581837446543131,0.024051948754965295,0.023544711393831044,0.01794696926563813
0.9378824262952079,0.03812098720396334,0.007665855591038006,0.008607421841124466,0.007723309068666024
0.9163800469122265,0.05311401041602849,0.013256871287808196,0.009023855530871658,0.008225215853065078
0.9456463652886585,0.03195643626916327,0.00889319802215521,0.008707781896150525,0.004796218523872602
0.8808812407532839,0.08545782327461005,0.01463496448250702,0.012942643351275186,0.00608332813832384
0.924084267035614,0.042359708203299457,0.015714356316001613,0.00950132703300233,0.008340341412082466
0.9209282247619539,0.04622185755082391,0.017712783689311694,0.008096397613376572,0.0070407363845338316
0.9098003593610319,0.05635699826401678,0.016843439460661896,0.011762112325754977,0.005237090588534345
0.7840427693914338,0.13860889088970724,0.04199538369068152,0.019138994026749713,0.01621396200142765
0.9611750120880527,0.018669461640285673,0.010419636320316072,0.005147709236766178,0.00458818071457941
0.881112579844326,0.08654548111289134,0.011612278138130162,0.01300513818442148,0.00772452272023098
0.9023988732790957,0.06896643954138296,0.011878308019244258,0.009965302606039127,0.006791076554238034
0.9492540356002261,0.029048122300944477,0.01123326984482246,0.006086119714401272,0.004378452539605507
0.8622722166091173,0.09219683401790552,0.016169018377982736,0.017358679490345065,0.012003251504649306
0.8674120061657843,0.091113815182333,0.01869687807125794,0.013498978323539227,0.009278322257085575
0.9191612101899544,0.053432825540354,0.013172409715004456,0.009640237489467584,0.00459331706521947
0.9025546634991438,0.07137012749531402,0.012152717602585345,0.009775415445425312,0.004147075957531501
0.8681790575773792,0.0995265475067965,0.013449831878286656,0.011266745209850193,0.007577817827687189
0.8825459010439998,0.07958939594285377,0.018438165960540858,0.013927119477858612,0.00549941757474702
0.8440854931919506,0.10670626658213839,0.02581755287642596,0.016093042341704927,0.0072976450077799244
0.8270432214272727,0.12631062718046346,0.023075842967446532,0.017768638649918008,0.005801669774899594
0.8465616455154956,0.10498529877366139,0.024221412411685347,0.017280507944711924,0.00695113535444568
0.95684384423498,0.03084602114577865,0.006105256408773606,0.0040040339831066895,0.0022008442273611013
0.8927667336731661,0.07062704496937469,0.017991863992719005,0.012458812175677975,0.0061555451890620595
0.842921854241777,0.09661632515366099,0.03884505882270166,0.015411331405492107,0.006205430376368169
0.8410251493982572,0.10462114426835882,0.0317661642303897,0.014236062635637415,0.008351479467356857
0.9299495785149987,0.04978824143947745,0.01146971097282284,0.005100562554455928,0.003691906518245032
0.8963204373270429,0.062192843918243194,0.02235789643383125,0.011733253971279662,0.0073955683496028084
0.9199817683938325,0.05490669212082171,0.013839862192858198,0.007341442182753604,0.003930235109734034
0.8453398074447469,0.08596945152997851,0.04132534522513223,0.018972147273802562,0.008393248526339799
0.7759810876688757,0.12062472822795757,0.052964060371292414,0.02933791397052836,0.021092209761345716
0.8423903314116258,0.09745985052510948,0.019283224862123534,0.021801740922452274,0.019064852278689093
0.8521213082611734,0.07803331264754466,0.03551190337793996,0.019201646284417766,0.015131829428924227
0.8948941671592175,0.026993173752625412,0.025095158982856497,0.023472974714848334,0.02954452539045221
0.9106960165410011,0.03670294710390009,0.01564361357241876,0.016774268251695902,0.02018315453098402
0.8203304266753201,0.10964148211058122,0.02088531175408428,0.02493356033651842,0.024209219123495846
0.8464816495407308,0.07985078960732123,0.029995890311528488,0.0251231828926719,0.01854848764774771
0.8621774924667679,0.09417465606598112,0.012291922492824207,0.018236133375004068,0.013119795599422668
