Delta_Power,Theta_Power,Alpha_Power,Beta_Power,Gamma_Power
0.8411312446517619,0.06490030818903494,0.04211208773135964,0.036384592851681594,0.015471766576161826
0.5412725105240103,0.18801009126518242,0.15187778879790878,0.07899438650258096,0.03984522291031764
0.8269602010497351,0.1007616634771547,0.03135377351981196,0.025819758084668885,0.015104603868629154
0.7238586021223314,0.12717799097261637,0.08087090983803023,0.047360504052131644,0.020731993014890513
0.9397067475987194,0.021639547165565414,0.014870330073316847,0.013783712216065393,0.009999662946333048
0.7331732055822358,0.14344219223322544,0.06669757852745106,0.04345150873987168,0.013235514917216243
0.8239276520372719,0.06625174623737035,0.0696499772381114,0.0289772071342442,0.01119341735300229
0.8281419734132935,0.10859585440569462,0.03028845943089938,0.025110900249010554,0.007862812501101848
0.8861742415021135,0.06083211172187524,0.02832717926686936,0.019457785826273635,0.0052086816828685375
0.8056686888531757,0.09334804629235448,0.06116198767725618,0.031616563783123885,0.008204713394089846
0.8570715505403943,0.07329852263550822,0.041776543752702094,0.019916250035822723,0.007937133035572858
0.7912915655155641,0.10573112547094786,0.0567011088907963,0.03377860925973818,0.012497590862953675
0.8827043848425199,0.04914084644184002,0.03837074490164267,0.022033126468261267,0.007750897345736226
0.9462601562577178,0.032209457765695206,0.012310428469793473,0.0067959324954951,0.002424025011298384
0.905806793411203,0.06450788890359319,0.012882264598959055,0.013423652800628577,0.003379400285616343
0.86229171814003,0.08570931774654425,0.0264524219645223,0.019437434978452663,0.0061091071704509475
0.7967349682173522,0.11684141514799043,0.04315562609377574,0.033716767428065016,0.009551223112816625
0.7354117724234545,0.16437818173831892,0.053823607424778555,0.033733261364341224,0.01265317704910686
0.9155063577614726,0.041577855070223844,0.024005258342456766,0.013945691572879304,0.00496483725296752
0.9437585611906091,0.0226339838071904,0.013420557131500975,0.015470471753763272,0.004716426116936415
0.9338459048914631,0.03724716786282527,0.01482309838833204,0.010120044364148265,0.003963784493231446
0.8307288872353078,0.07951507973777429,0.05126517545210825,0.028579188266319708,0.00991166930848991
0.8497894806471286,0.06481789236006592,0.04586827997761268,0.030723507353517525,0.008800839661675362
0.8817632961437776,0.07509161429805136,0.025055378340799073,0.012915492703891838,0.005174218513480139
0.7815867681947363,0.1210899978825445,0.04567413253622065,0.041761440498111105,0.009887660888387597
0.9398683003916871,0.03922126939113706,0.01210471891868659,0.006827655420873471,0.001978055877615563
0.897376139545464,0.06287872126427121,0.021407146862323315,0.014219308772383135,0.004118683555558327
0.8900881007498359,0.05235214239416242,0.031540337858913456,0.021304269410916784,0.004715149586171552
0.8806715934318271,0.05180601377449071,0.038790946431404245,0.022417767468923763,0.006313678893354306
0.8186794974653522,0.10481118039222091,0.04081617220425806,0.028587655268348885,0.0071054946698197955
0.8806651084454611,0.06274714363936945,0.025890727560717287,0.024235261862645824,0.006461758491806435
0.8929703018931285,0.06274463145709408,0.026589219250215672,0.012597307299097586,0.005098540100463885
0.6846904704479485,0.184009283038248,0.07332591176251542,0.0414904374937865,0.016483897257501583
0.8663788803702843,0.07029519406401727,0.03588319930204947,0.01881344779083605,0.008629278472812658
0.8239088452190898,0.0802702077366877,0.04532235925501484,0.04051089459734091,0.009987693191866572
0.8769630861298471,0.06147830864345151,0.030145460920241757,0.023642952859576485,0.007770191446883085
0.8189252006525691,0.10021656327170769,0.03861925366846629,0.03052323691655959,0.011715745490697305
0.8493152597531981,0.07730663189695093,0.042105449090430506,0.023543139382413824,0.0077295198770067
0.9180223029379431,0.04714748589018953,0.020891559443977078,0.009191072304675921,0.0047475794232145286
0.9206520474256015,0.043589274144335215,0.015626025568346722,0.014183622481236332,0.005949030380480191
0.8306106172181076,0.0765474262526188,0.05093210329399394,0.030948793753111978,0.010961059482167688
0.9192048104112591,0.03695153177664504,0.02532168334163651,0.013646084574386638,0.004875889896072713
0.7729262290876762,0.109251473726847,0.05995692741723202,0.04324093567224602,0.014624434095998728
0.7839562316531041,0.11792131287349002,0.06208814562596743,0.02642784885699522,0.009606460990443474
0.8761533455123705,0.06726749756343023,0.02631354341434747,0.02097956036534793,0.009286053144503639
0.74955876975289,0.16571112982097394,0.03492248009616234,0.03713197449951309,0.012675645830460727
0.8414787091501895,0.08671701979684023,0.04266210331143876,0.02135576312998954,0.007786404611541903
0.8959580896967431,0.05122799276616674,0.029396680688890765,0.01765567992336449,0.00576155692483482
0.8843560347264358,0.06477146419204667,0.030620201965920166,0.01587845441025171,0.004373844705346058
0.7853147353526548,0.1238954968430167,0.050615125179690634,0.029272783860425235,0.010901858764212777
0.8199018072748522,0.09308979263530179,0.04703353349276377,0.028574940221373232,0.011399926375708977
0.9002681036603595,0.04856042389789147,0.02693210211849381,0.019609077863769905,0.004630292459485441
0.8730041277357043,0.06701301896479209,0.03880507168398846,0.016168622222320378,0.005009159393194739
0.8687880413010127,0.07853571950510636,0.0294335914084056,0.018789234981550728,0.004453412803924778
0.8809557760411817,0.04375099390357527,0.0406814447608796,0.028680841071822505,0.005930944222540802
0.8047996277153363,0.13667664386678785,0.03500409557405935,0.017702200680814576,0.005817432163001886
0.757668753560999,0.1532175160799585,0.04658470371288021,0.02753373609789715,0.014995290548265167
0.7122044422901931,0.1562854637221653,0.0671608229565689,0.04526065904332095,0.019088611987751677
0.7557629169611684,0.13489262399379506,0.06216985908352484,0.03281783675646241,0.01435676320504929
0.7829983004123222,0.13463755069171865,0.03979530944295764,0.028989207371048018,0.013579632081953402
0.8315297071473409,0.09055455963969844,0.04085842164783269,0.026216841071660908,0.010840470493467043
0.8462295127538421,0.10804803920273899,0.023272392441135856,0.016238310967884338,0.0062117446343985605
0.8830869316738446,0.06184902782362132,0.02836314863296666,0.020750333483700405,0.005950558385867326
0.8488345559072438,0.09494990714020002,0.026942659808218933,0.020813065015976257,0.00845981212836106
0.8294513857667513,0.0753026566745451,0.04398283848895261,0.03359496217952208,0.017668156890229002
0.7727578164608931,0.14918554481706378,0.038662017963359926,0.028985739597977112,0.010408881160706285
0.8399938640251023,0.0863008173091892,0.030162855141005817,0.03268553225307844,0.010856931271623974
0.8909791137507768,0.04792178057720717,0.030452673040140522,0.0202470724051798,0.010399360226695728
0.8622520528700693,0.07424189942670426,0.035000803463762775,0.019505100758263935,0.009000143481199941
0.4386884974367947,0.3179396141071215,0.12618183260367877,0.0863601934729061,0.030829862379498717
0.6620152447078141,0.19307803059867618,0.07630347147158736,0.04956010880567855,0.019043144416243794
0.8110299567360355,0.08956518326428378,0.06022919847428991,0.02769482148028334,0.011480840045107361
0.8133756813109897,0.10184222121352969,0.04533899867841182,0.02875086551232112,0.01069223328474791
0.7374511793394339,0.1049398251071917,0.09815284777343285,0.046640802336660014,0.012815345443281705
0.8279776213467156,0.0996167267819014,0.03143561642904594,0.03181479772988037,0.009155237712456736
0.8318080664875981,0.07927195178132938,0.04850669890522109,0.030345552878016668,0.010067729947834742
0.8558751273726652,0.08298270327757279,0.0316804721453966,0.021809498406633494,0.0076521987977319645
0.6861638401152977,0.20116605886344746,0.051313474438440344,0.04696328585122942,0.014393340731584965
0.953071450724675,0.02837511405122425,0.00909655453461654,0.0073284126320250454,0.002128468057458967
0.899423179952255,0.05470767504845786,0.024948477571613798,0.014565570341596973,0.00635509708607634
0.8586377121467949,0.08144542760693374,0.026052429340771257,0.02630214756100724,0.007562283344492906
0.9357126049106559,0.03595354099616958,0.015669572882739145,0.009340036215014369,0.0033242449954209896
0.7962859605190009,0.10809155258783754,0.053138210692149045,0.0330553258653351,0.009428950335677515
0.8080876922028694,0.1145001946711142,0.03707803076758676,0.030202959946279667,0.010131122412150048
0.7893009971235714,0.11010230317739127,0.05651556762711793,0.03396982854114193,0.010111303530777724
0.8082762249918797,0.1209353942037473,0.03421330558241187,0.026353442147191417,0.010221633074769577
0.8782168552674265,0.062209758725320224,0.032912780820021165,0.02123860596653202,0.005421999220700218
0.8837471373200935,0.07357582256209388,0.022864497579456435,0.014773062878154426,0.0050394796602018085
0.6448935677894517,0.2248942213099603,0.07827154668123029,0.0368168324437857,0.015123831775571903
0.8395898967261939,0.10225610737333583,0.03033977381595893,0.02226908999902522,0.005545132085486334
0.9110452875299029,0.05362375168697872,0.019912678757992547,0.01158086114449991,0.003837420880625861
0.9005109561591069,0.044521362736510896,0.024783509128509965,0.022654492551488103,0.007529679424383945
0.8117337306089681,0.059772326629440646,0.06319071765229956,0.037474611312285196,0.02782861379700626
0.8670202178955099,0.06007537416705698,0.043565321138548725,0.018224869889533264,0.01111421690935126
0.9069286581919325,0.05132496791307769,0.019770745057121578,0.010731650624012894,0.0112439782138554
0.8531236017351905,0.06707070462008934,0.034481648654249804,0.02728324286363135,0.018040802126839287
0.7004247517485593,0.16799159085837662,0.06492310606905567,0.0459782326484734,0.020682318675534946
0.93770048503537,0.02799319915815778,0.0171162821413323,0.011940598965087307,0.005249434700052467
0.922157411751539,0.03988731681913445,0.022009756031318287,0.010296631524178462,0.005648883873829747
0.8990365275382625,0.0451285937992832,0.03011570577649911,0.017383235483681456,0.008335937402274188
0.8302776908302127,0.10310240812480607,0.031547062081559364,0.02431042265029849,0.01076241631312322
0.8551206865552633,0.07525551098439326,0.03161602397742675,0.021578109831270058,0.0164296686516466
0.8710477296517957,0.06371764678259968,0.02907347133317546,0.017939149703280154,0.018222002529149278
0.8826627930911076,0.0553985702168766,0.0350149357206535,0.01697336248181909,0.009950338489543359
0.8882836639556702,0.05854698178943257,0.031034865447932464,0.014847257801698814,0.007287231005265991
0.8656551376129201,0.07245658332108927,0.028178595699764605,0.02503303688845231,0.008676646477773775
0.8102747538226095,0.12636326898993228,0.0363210022703488,0.01826966019898844,0.008771314718120964
0.8729515899196711,0.0720552319376173,0.02337663584840023,0.022102855807728503,0.009513686486583066
0.8433284348065445,0.09567528051098423,0.029055008731769593,0.0210606372218034,0.01088063872889825
0.7878036082152453,0.09772302904253169,0.05937802068483881,0.0332628176671651,0.02183252439021928
0.863046206608075,0.0766220967371982,0.023374452822285147,0.021233671361181674,0.015723572471259932
0.8482926989073699,0.08014309617543705,0.03465255364101492,0.023868343100962693,0.01304330817521519
0.8500616088872229,0.0752719056902809,0.044313826102682065,0.02329955726037611,0.00705310205943783
0.8319469201787714,0.0916983210300885,0.036063661988739844,0.025378885140297337,0.014912211662102891
0.8880851071641402,0.06038347179135514,0.023880482517759236,0.018621602941392493,0.009029335585352722
0.8906938422313062,0.05714216088142489,0.02744381317200872,0.01778127877454337,0.006938904940716994
0.7677336068014499,0.11279416974590564,0.07027835944832118,0.027499684651300513,0.021694179353022588
0.916900847839405,0.047161935672745944,0.014133440572471925,0.013352862226650386,0.00845091368872667
0.8570461468042629,0.05609648735509382,0.04420916339376832,0.02607803044393839,0.016570172002936555
0.8058918718420165,0.10121344694091257,0.04481501816530735,0.03591634440923382,0.012163318642529878
0.8981210091366828,0.05809794688301166,0.024897206285876716,0.01360826563252766,0.005275572061901045
0.8269604980791196,0.10015369708619737,0.046326787352091586,0.019366907277183577,0.007192110205407905
0.8302909423556583,0.09506433719648834,0.03911610715234406,0.02695790818014386,0.008570705115365548
0.8227806810228689,0.09838046516974708,0.03532515437771813,0.024171733456792646,0.019341965972873305
0.894831538659504,0.0540465552365522,0.018685061657176812,0.019890745324879194,0.012546099121887701
0.9395113371093328,0.027768334464879273,0.012830557297607438,0.011763525136075063,0.008126245992105482
0.8872038326566424,0.06203264462387746,0.026170405147629153,0.017479345441834028,0.007113772130016993
0.9253485141436213,0.045411309906947965,0.01323665254040942,0.011737185958447227,0.00426633745057398
0.8607299902449354,0.07838356747041142,0.030882563084732424,0.02092894544905945,0.009074933750861353
0.8447935242449717,0.09353254077128673,0.0361508176229009,0.018742549538797733,0.006780567822043035
0.8716254862171146,0.05175603725426785,0.03477625532390393,0.02492659748694232,0.01691562371777127
0.7790422341161407,0.09748270945729733,0.050224809333698384,0.04521810022248514,0.028032146870378454
0.7647464358198116,0.10194176181066104,0.05527080464621356,0.04583174753868688,0.03220925018462687
0.7567900675679115,0.13860678172321195,0.05480598610116218,0.03223290231904698,0.01756426228866743
0.6779559105819877,0.19722296102300263,0.07593678258608044,0.03435676416722883,0.014527581641700501
0.6746396971277988,0.20528425825847324,0.07008714897645808,0.03618823974084713,0.013800655896422737
0.7827785536873284,0.108573137987721,0.051579677438146045,0.03534743755490534,0.02172119333189905
0.7774348147280774,0.13243024229483727,0.04969662423251234,0.02609874196926594,0.014339576775307365
0.6930580282006271,0.1563930756322447,0.09270424154181289,0.03752213218277024,0.020322522442545274
0.8304573010853973,0.06975020925767651,0.046918618897758106,0.029027504981100002,0.023846365778068115
0.8392741763748386,0.08402862339004534,0.034733507551365304,0.024425314463143565,0.01753837822060692
0.6986683480551888,0.18892530720443318,0.06135529703585957,0.03577054508684421,0.015280502617674177
0.720647941495099,0.17013641629451534,0.06252860295289071,0.03399727854079839,0.012689760716696545
0.6115225518771047,0.23165799806384574,0.09886595823081558,0.04219542124397273,0.015758070584261215
0.9142828941658739,0.051400000219578496,0.01770564636305284,0.011349797116966558,0.005261662134527987
0.9212904276460174,0.044785807231459536,0.01824421208062131,0.010390989852225429,0.0052885631896762
0.8812963496031601,0.0605769625761587,0.024072445508980238,0.018196660716909386,0.015857581594791607
0.9154766484227526,0.031668111662882234,0.02392657972007064,0.015129800667356795,0.01379885952693768
0.8138247281752526,0.10954146194147883,0.0458095973103605,0.021576000136719124,0.00924821243618883
0.9152789008729464,0.04759629201842381,0.02201390147727406,0.01173410418332545,0.0033768014480305103
0.7956930539763486,0.1116206653935504,0.056190120573320915,0.025888965692980687,0.010607194363799427
0.8730217504078608,0.05788237195213774,0.03348566690902338,0.024346889538474772,0.011263321192503114
0.8648378100218882,0.06603601175047705,0.03379519487757584,0.025270020993212787,0.010060962356846285
0.6663702226362697,0.18105044388183747,0.06940793516229614,0.04972827448062585,0.03344312383897093
0.8366764850503308,0.06144220480553874,0.04995104947424564,0.02744330430747573,0.02448695636240905
0.8206912652174109,0.09238741874452336,0.046495835278998435,0.023593312345698544,0.016832168413368712
0.8850311461063028,0.06233257969638622,0.023418649430273844,0.020548714512980012,0.008668910254056802
0.9243898560945736,0.04433263963965097,0.017804460270659052,0.009731459764039352,0.0037415842310771093
0.8537127344034141,0.0766259422505348,0.03273014390887508,0.02962241311176393,0.00730876632541221
0.9117002159853254,0.056579692367358804,0.017435533039401752,0.010089804002291067,0.004194754605623105
0.7682682204218431,0.14623898463470475,0.04912032105346917,0.0261922418607975,0.010180232029185594
0.8757984063857626,0.0657927814338347,0.0251833356092294,0.02205846249445607,0.01116701407671755
0.8235327675970414,0.08840934611000047,0.044587466923118865,0.026062162345751712,0.017408257024087485
0.8730878294260966,0.06479219028223573,0.02387959069326959,0.02081945100634958,0.01742093859204846
0.7869663811538301,0.08849606804072162,0.0669459442286439,0.04532462353033191,0.012266983046472347
0.7708832441952633,0.13558833933766729,0.048054948490680205,0.0364041826908684,0.00906928528552072
0.8117250352734316,0.09641948242804416,0.05005362925702235,0.026651169349812296,0.015150683691689537
0.7935751767054482,0.10196539114342701,0.043959435924699135,0.03441612722029965,0.02608386900612599
0.8788071066302257,0.05904469631336764,0.03160503183390086,0.020693102144153434,0.009850063078352593
0.8949310494106596,0.04847376999819908,0.03478816455647751,0.01374051376626842,0.00806650226839538
0.8673932397691868,0.060397559208349334,0.027400815525929142,0.023202018738456103,0.021606366758078515
0.9012156340166572,0.04860026471234482,0.020116327010636176,0.01802103921283916,0.01204673504752261
0.8600541975160119,0.07028717020897707,0.04169392386124473,0.021744719131313584,0.006219989282452562
0.8385890250782359,0.09138550013101623,0.04263177657665271,0.019501766695588875,0.007891931518506376
0.8558252524891393,0.0694077748534853,0.0361392964437046,0.021781379994115332,0.016846296219555464
0.811216063312655,0.08545306796200924,0.05330158713996338,0.034756744974799046,0.015272536610573362
0.8388103573923081,0.08079007876835073,0.0450303492415687,0.02405468036073022,0.011314534237042227
0.7940395944973221,0.12248387429814471,0.04914167332107608,0.02008711639107386,0.014247741492383288
0.8596559854913834,0.06041165545055364,0.03254325737807868,0.023785024110651042,0.023604077569333144
0.7614528569499992,0.11439901554755345,0.06742111525328773,0.03654103148376698,0.020185980765392724
0.6478106215486644,0.2135164029993963,0.07669408631005663,0.045924118364715695,0.01605477077716682
0.9037017923985647,0.03640192659875844,0.022415061468906834,0.021106588748761757,0.016374630785008205
0.8366994521484629,0.04065019766177407,0.02789147518407343,0.04196220205276829,0.052796672952921286
0.7869831134235226,0.10776427867884539,0.04478690114138703,0.026598052283440657,0.03386765447280435
0.8501101332088938,0.06274692287650965,0.03831364442898068,0.021761182357585708,0.027068117128030107
0.8544485452290648,0.058480441384463774,0.02866900603184939,0.021813102169464086,0.03658890518515811
0.9256927461118482,0.04107760873645272,0.010279147006290242,0.012131603501241274,0.010818894644167635
0.8511092890121718,0.07049889079441637,0.03916051128767853,0.028115432656182625,0.0111158762495508
0.8531633717678185,0.07361963255271317,0.034685679817021635,0.027304993996596107,0.011226321865850307
0.9324369739259754,0.03041888792483695,0.01908171503430789,0.011310644334078643,0.006751778780801137
0.8061053388350692,0.0847287200123717,0.048925621962919545,0.03826033859954163,0.0219799805900981
0.7102413219369165,0.13433387356680307,0.07129236065867435,0.060004925917831166,0.024127517919774785
0.8150255143930015,0.09698002029929292,0.05087585978444275,0.02806409859887276,0.009054506924389992
0.8238000543244226,0.1109368159232242,0.03725434626748017,0.021425264352721404,0.006583519132151553
0.5728748111798398,0.20910138084354893,0.1141820677043269,0.08487308743350828,0.01896865283877607
0.8253156023678578,0.09356511853852004,0.04675589000015422,0.025703161327389822,0.008660227766078232
0.8943571507898197,0.052501194933259276,0.0273999741004968,0.019060155139078407,0.006681525037345884
0.7814931810953911,0.10411004026224482,0.06907706881377877,0.032683544426437214,0.012636165402147913
0.8064799440602499,0.08673157551865544,0.06455936808314942,0.03305668317556783,0.009172429162377416
0.7939551536169797,0.10415006498310007,0.05034123596637492,0.03984908003122941,0.011704465402315956
0.8490206839165385,0.08010363023337601,0.03769699296257136,0.02611380826658029,0.007064884620933983
0.7810486501689625,0.09552627253898673,0.07860502351497972,0.03298105373861586,0.011839000038455222
0.8540769256909341,0.07165970459053556,0.046303936640830906,0.021221493262626748,0.006737939815072757
0.8507412759888041,0.08348605230258235,0.0330362518483095,0.025057249705131356,0.00767917015517248
0.8170355659633567,0.08737257104549556,0.052382951116133974,0.03323562973862877,0.009973282136385054
0.8742022715891974,0.07225416763094185,0.02359997262186611,0.023298217808273777,0.006645370349720694
0.9095034724081552,0.051661675775789805,0.020428406428642867,0.013909864968817466,0.004496580418594332
0.7719541242433186,0.11565892922162098,0.06480575499921452,0.03619751353417531,0.011383678001670509
0.8282117579831869,0.09216140560836279,0.04778374677994628,0.022913442006962426,0.008929647621541782
0.7928362196014596,0.13316420485880592,0.038118033598574665,0.02460009762393562,0.011281444317224358
0.8403494206442158,0.0879612551321988,0.04284046176128827,0.0202530202129586,0.008595842249338436
0.826998611410809,0.0795306288952958,0.05758567566157919,0.026276460175033517,0.009608623857282244
0.8398571816399636,0.08245241086509357,0.04031809374495277,0.027953189225679225,0.009419124524310884
0.8795529287198531,0.07079187755569107,0.026285144701748434,0.016505950378148986,0.006864098644558513
0.8334162958494066,0.0839998790541823,0.04468766115474828,0.026938876992560062,0.010957286949102729
0.8549990049194918,0.0787555364176155,0.0420584702342839,0.016673703992995777,0.007513284435613062
0.881679357181769,0.05541143692282,0.0352831718373747,0.020172152290990328,0.007453881767045828
0.8587118268711993,0.07783893717855471,0.030909749428390934,0.023194454637525258,0.009345031884329821
0.8912350951360827,0.0579681069961511,0.03140729858185835,0.014620040315600753,0.004769458970307265
0.819831292714114,0.08339682638737438,0.04875967359528442,0.0361086331339267,0.011903574169300275
0.8472893331930526,0.07494347750078818,0.04242052788520726,0.023536546895790326,0.011810114525162013
0.9212140665257508,0.045290534885924064,0.018692376258263737,0.010646239841365807,0.004156782488695439
0.7459672564707025,0.15243149146700544,0.05667829808853181,0.032239674105861066,0.01268327986789916
0.7596626232679897,0.11880736826918434,0.06505253797569482,0.043704954437438305,0.01277251604969258
0.8545995342988756,0.07461360628803232,0.03677539543236235,0.026950086988939925,0.007061376991789801
0.9356227734474645,0.03786542710545133,0.012045418660860766,0.01159729706199995,0.002869083724223293
0.9121456680995049,0.0538818579943366,0.014766063279257892,0.013886128549776921,0.005320282077123978
0.7780729174847383,0.1153231221279807,0.05397251510168096,0.04017349583234383,0.012457949453256064
0.8561885464640863,0.07779052149250906,0.039561454884113896,0.019340184924173047,0.007119292235117867
0.8876878344707267,0.05697412406100892,0.03280571043703291,0.0162242384840526,0.006308092547178752
0.8602507335440402,0.07951543625145777,0.0325757139558831,0.021915156700042716,0.0057429595485760185
0.9110076808543434,0.04803537302331855,0.024426157309055764,0.012421750552634489,0.004109038260647806
0.83788655759391,0.08487029612565533,0.03800180789601979,0.02563552413177729,0.01360581425263789
0.8623201492829304,0.0691982003301572,0.04100869333581586,0.019886129503947213,0.007586827547149187
0.8446945434497065,0.08367973906453605,0.049235479999010706,0.01493906369040575,0.00745117379634102
0.8829673080530084,0.06597539858362765,0.023635828415143036,0.02028075945197267,0.007140705496248215
0.713682850010578,0.13457526110733728,0.09302576054312617,0.04448359912147153,0.014232529217486805
0.8664364609726927,0.08183124189752405,0.026292100077105515,0.018103870165111967,0.007336326887565615
0.9117954545855511,0.0442761418046978,0.02136802229430178,0.014019930624052107,0.008540450691397358
0.9187308789472266,0.047139584341390255,0.016152246143160142,0.012932813989435027,0.005044476578787891
0.8790681235676879,0.07018732089155279,0.02522809597986666,0.01990580246432907,0.005610657096563587
0.7764734210289257,0.1225685161438898,0.049714771957206576,0.03927940629497076,0.011963884575007218
0.8692823900503237,0.06229652509965602,0.04124435602270512,0.021467972980307802,0.005708755847007504
0.8531792098089388,0.09724927337751658,0.024230726587638713,0.018631181488684218,0.0067096087372218735
0.864100091326651,0.07033520699002195,0.03355642799670568,0.02460671873610952,0.007401554950511851
0.8039408768035472,0.08266261870353085,0.06307530271307538,0.040072410210686187,0.010248791569160663
0.8474065764769019,0.0854414699262632,0.04065171750376891,0.01900053506249037,0.0074997010305756125
0.9033813082216885,0.040867587448771205,0.030142345101914787,0.019534208213641175,0.00607455101398437
0.8325880554102569,0.08306666444412153,0.04663088302785153,0.029215762234943547,0.008498634882826643
0.9392973514483483,0.03401736448785267,0.013968355800822767,0.010337078693201147,0.002379849569775406
0.8998214543813514,0.055523434224069995,0.02297761362925119,0.01596774320981422,0.005709754555513057
0.8522946722794131,0.0705126405291369,0.04789947232378647,0.021227263379829657,0.00806595148783375
0.8893035521485972,0.06859567811838396,0.021645485344368602,0.015719531982582996,0.004735752406067364
0.8482031379204092,0.09370957512100801,0.034810944665569304,0.016372133937131276,0.006904208355882131
0.6859246984087636,0.20587715887204833,0.06535273784840025,0.031552408669801434,0.011292996200986283
0.8628698260241183,0.08703354052566889,0.026998153360139113,0.017364168673684132,0.00573431141638963
0.7894144419489043,0.10843529803921584,0.06078538879435913,0.030817900750973654,0.010546970466547382
0.8678045174964947,0.08439510497852536,0.023424794913014985,0.018371491526887048,0.006004091085077883
0.8714794471833671,0.07631601976875561,0.027596355086760026,0.014865096905863033,0.009743081055254134
0.9318186760216816,0.030371529671708638,0.017601234260849072,0.010332255026812573,0.00987630501894809
0.8308090908841604,0.08974061227233238,0.037281420596635334,0.03313857608308418,0.009030300163787287
0.7453706212200415,0.13038933710967476,0.06819752897933572,0.04183055808361774,0.014211954607330251
0.7555699072172879,0.14224029268540966,0.041654284369183905,0.04404349384947477,0.01649202187864369
0.7209698924049717,0.15917156196015644,0.07002585509665685,0.03788033525519487,0.01195235528302004
0.7733338556832057,0.11698249088476,0.06225928689199,0.033296029121418894,0.014128337418625452
0.776217667530138,0.10601246705956566,0.0669367600943544,0.0390078000513206,0.011825305264621186
0.8513358804119522,0.0759511332088829,0.03561435505979747,0.023410613274405596,0.013688018044962034
0.9151884719133867,0.039365457357560155,0.019688619499165724,0.012429468966251049,0.01332798226363635
0.6567508262428793,0.17639502334878018,0.08303999987997907,0.05301313415771985,0.030801016370641796
0.7145501044472354,0.14532734171338454,0.08391165350390253,0.04093428939574717,0.015276610939730356
0.7960660866188933,0.10873295562108766,0.046034663036225845,0.031672667313076545,0.0174936274107166
0.8624418047141607,0.058232349220427436,0.04466863290203551,0.025609465740071422,0.009047747423304848
0.8468598989700804,0.06642391270155701,0.05033698700664662,0.02703376999874887,0.009345431322967359
0.8428305077720033,0.07704500112682545,0.04436576704459675,0.025287962676606088,0.010470761379968638
0.8976485085897888,0.0569320842050686,0.02254010269802659,0.01527315443166832,0.007606150075447718
0.8922885165846463,0.04954646785716829,0.03360577906735811,0.018098421273940072,0.006460815216887322
0.9045261596537116,0.051723868268184606,0.02444706741909667,0.013874206623233677,0.00542869803577331
0.8918282155930601,0.04809129994380893,0.032563036899289514,0.020385446944016145,0.007132000619825482
0.8863689323181151,0.05263718983704716,0.03286181272276545,0.021439327967227133,0.006692737154844995
0.8677356881745685,0.07131156093171714,0.028340726452273812,0.023155375824758715,0.009456648616681995
0.735048051113991,0.11065781354137674,0.09009980466243676,0.047776052687189055,0.01641827799500647
0.8182704984754983,0.10197488755849393,0.040930373538146374,0.027898952315004465,0.01092528811285698
0.9309231181232228,0.04026099834984422,0.01536273479141958,0.009190832133013622,0.004262316602499579
0.8604760685268856,0.08572427392522126,0.025077693247454375,0.022014413019225697,0.006707551281213253
0.8276382729087204,0.09955015721907076,0.04016693895601946,0.023254902926329726,0.009389727989859613
0.7942847072396749,0.08882231117718987,0.06946767586263936,0.03671145100986637,0.010713854710629482
0.7324888992855922,0.13560683218033268,0.07502445619152166,0.03959391501340522,0.017285897329148165
0.8751007732555327,0.05389337161980477,0.039018407052427886,0.022140511219437487,0.00984693685279732
0.8836737353394378,0.05955919518480323,0.02844263778289141,0.022406545202063928,0.005917886490803837
0.8222075522264164,0.09147423339168845,0.04126237458576968,0.03682777725778219,0.00822806253834319
0.9202338695533696,0.03689321312166749,0.02381971183237685,0.014036489472292654,0.00501671602029346
0.8839639322865052,0.051699529435062695,0.038720966990138765,0.015248703580120183,0.010366867708173088
0.8876499956338374,0.05979747669626547,0.03207278429373246,0.011850830959825281,0.008628912416339507
0.7551794135293511,0.1422858966012954,0.06022139505762363,0.029590665942761347,0.012722628868968527
0.7739564534396045,0.12630838741829672,0.06404375791946687,0.025322880059296077,0.010368521163335887
0.7573015415427103,0.09730688896598153,0.06739332901360712,0.05761804510803005,0.02038019536967081
0.8708139439247163,0.07045345112573641,0.02740695137770173,0.02154831076945497,0.009777342802390572
0.8591535424250482,0.06881077867236154,0.03671789786771661,0.023890260663798357,0.011427520371075408
0.753278055954279,0.1241377448482619,0.07431473560013442,0.03516578811815102,0.013103675479173555
0.7814699644495379,0.13126978098979003,0.0426750491693344,0.032043229367321374,0.012541976024016186
0.8661279178061136,0.059166789828694985,0.04277701038717443,0.02291468107434732,0.009013600903669592
0.8783390130866378,0.05662253456939226,0.029038244437977537,0.028029660140125402,0.007970547765867406
0.6788291917703912,0.15790576406524426,0.08073322379234171,0.05706420535361455,0.025467615018408166
0.8946959543848516,0.051239851474634175,0.03148983380699542,0.01637978082882774,0.006194579504690716
0.8881359352233096,0.06666265547533086,0.02545146523366921,0.014367004020043494,0.005382940047646713
0.9522497782230805,0.0241431770031424,0.013368811540314144,0.00803323027120792,0.0022050029622548554
0.8874846466403357,0.07727800636521963,0.02002559122352189,0.009833932959226624,0.005377822811696296
0.8446586807582052,0.08677371300320458,0.03599732229150293,0.02397794813446005,0.008592335812627158
0.8218198600729965,0.11297795955140338,0.03685820013873673,0.01939076441318822,0.008953215823675172
0.6827635454502337,0.1998281696898105,0.06822925637380073,0.0340499905242881,0.015129037961866902
0.8881151827421594,0.06395626255420732,0.02832518987492034,0.014773196640215867,0.00483016818849688
0.874426825546764,0.06508494228090408,0.03475590393464605,0.01804860207897487,0.00768372615871092
0.7979576120744865,0.0954418843748898,0.06269452815060422,0.03223810816321081,0.011667867236808705
0.8294921797559746,0.0984510157642058,0.0390625504950801,0.023735204265216706,0.009259049719522515
0.7669574918828023,0.11910082121538791,0.06242615476303751,0.036545271179721416,0.014970260959050756
0.6839983520699656,0.16747215082933692,0.07051601693508158,0.05652982888183758,0.02148365128377824
0.8144522797496919,0.1046920527806359,0.04414187024972116,0.025909679762110453,0.010804117457840557
0.7957703741317323,0.11606386407370448,0.04449670703539103,0.029238229624585742,0.01443082513458641
0.9351260738344119,0.029328955586665355,0.016952915738878884,0.011411841371342397,0.007180213468701429
0.867764233127109,0.07643545983002517,0.028629700059075,0.02053517194672477,0.006635435037065983
0.7189733933984506,0.14690451505610508,0.07525479257191546,0.04630235845555872,0.012564940517970323
0.8995169800511572,0.05701295486715418,0.022549012149662078,0.01488136962863199,0.006039683303394461
0.9264063994046983,0.041450713623936805,0.018005964375569422,0.009286028952837592,0.004850893642957678
0.8371324832573204,0.07853502805544695,0.042674325339631405,0.03128265104419993,0.010375512303401361
0.8071613015617134,0.09907549150606933,0.05030180853719296,0.03180493284720835,0.011656465547815905
0.8889109568525125,0.061593394805953355,0.025956896658393853,0.01676348236033608,0.006775269322803957
0.8733579124719214,0.07603499959961664,0.029645042763332824,0.01434069334616955,0.0066213518189596485
0.844535710519327,0.09337111103995928,0.03303021899783931,0.021630608597918387,0.0074323508449560165
0.8133676497377098,0.1046704848711757,0.049535815155478335,0.023426889983896172,0.00899916025174007
0.8179774907670962,0.09532087374258122,0.04996947171025737,0.028139422157008393,0.00859274162305661
0.8825358266825066,0.06855253526672553,0.02637054248083785,0.016669566898036718,0.005871528671893189
0.7753879955740632,0.14078745426439124,0.04389869782735763,0.030508453753318846,0.00941739858086888
0.7963020645086991,0.11329336418094262,0.04477215031871589,0.035940903861243136,0.00969151713039898
0.9132593594770193,0.053226159022556147,0.01844276249993633,0.010127949708680823,0.004943769291807595
0.8648358963948974,0.0765776033781589,0.02741368201030316,0.02250296266944434,0.008669855547195857
0.9083736062104208,0.04244395276324107,0.022973207836396267,0.019196602349872534,0.00701263084006935
0.7871516695229719,0.1121454344612625,0.05576071772254411,0.03420859241932201,0.010733585873899384
0.8689055052518847,0.07070090659901901,0.03058072587471079,0.023919437928722975,0.005893424345662613
0.8019392046884738,0.1118299013616255,0.04416041859068368,0.030336145984087404,0.011734329375129306
0.7451714725413932,0.1457848980616235,0.05890131686467398,0.038989154944204185,0.011153157588105173
0.8121675769226165,0.11412583951092976,0.0420580656947812,0.02357582669942569,0.008072691172246852
0.709514523564025,0.1523419044431468,0.08056566578696535,0.041402072517825364,0.016175833688037544
0.8682312028954822,0.07132141808761075,0.033952661559277265,0.020927894275124984,0.005566823182504842
0.75883909285669,0.14526994485095024,0.05047652347567951,0.03649534775310234,0.008919091063577972
0.8639995712924492,0.0700146690513781,0.0351385699684837,0.02429421384513687,0.006552975842552229
0.8953502227312989,0.05837110472033156,0.025625710424539164,0.015484558451752537,0.005168403672077848
0.9399099527608943,0.030051099951137476,0.01390771515431533,0.011944585430114929,0.004186646703538069
0.8270131007994572,0.08592847357400712,0.04460957113668368,0.03272461489590313,0.009724239593948554
0.8495362565122528,0.0782155213156902,0.03517820716593351,0.029243789852401336,0.007826225153722057
0.8839039084406901,0.07337637743831874,0.021793827837667427,0.014360505569648662,0.00656538071367483
0.8412468069759561,0.08193126229354696,0.04543003669105487,0.02434854802874213,0.0070433460107002235
0.8304663996920023,0.10479502468816793,0.03810611521205326,0.020639826993615894,0.00599263341416084
0.8506859213352413,0.0763552148763296,0.04179504494979491,0.021903374150135595,0.00926044468849848
0.8234424390541506,0.0978981281876446,0.037399955292502826,0.024741445749861528,0.016518031715840483
0.8402439366482749,0.0929285023936967,0.030269955062413815,0.021188508647069865,0.015369097248544619
0.8290722240600806,0.07120415013353665,0.049963988084194624,0.0325689472702381,0.017190690451950028
0.7819492421770775,0.12872216463279132,0.05289187741939853,0.02228531969179401,0.014151396078938486
0.7865634414042448,0.10751071424267968,0.047921057727562846,0.04292108234500064,0.015083704280511903
0.8565388667221704,0.08075736694864341,0.03198852748349498,0.021619226276307937,0.009096012569383425
0.7695234232354464,0.15166173778949382,0.040435836036543604,0.028942035770442517,0.009436967168073745
0.9068340268943433,0.05132174845541344,0.01744991889287425,0.01710922338376424,0.00728508237360482
0.8422526846880449,0.07607977041823984,0.04076074870580855,0.031818341931217874,0.009088454256688921
0.8185022004103087,0.10443453149162994,0.04047678502654298,0.024830806114408698,0.011755676957109608
0.886380906589828,0.05613674357815068,0.028663357753539044,0.019758617445567186,0.00906037463291482
0.8699462292600871,0.05756119723752706,0.04107884089735828,0.02202190882775289,0.009391823777274622
0.7880909904877407,0.1289753271751042,0.043494124398098764,0.026550114224591154,0.01288944371446524
0.7955622973763388,0.10456279957263191,0.05283963644677759,0.03266952787793762,0.014365738726314472
0.8551311850862797,0.09031431309571405,0.023848063362630838,0.021792891738646777,0.008913546716728612
0.8783379213710304,0.06690913759390445,0.022504447176968072,0.024493051128754818,0.007755442729342118
0.8446590847319335,0.08297401292577192,0.03901228319475532,0.023894848332066794,0.009459770815472505
0.902589151383099,0.04161575898862343,0.032184777895823496,0.018116818898615286,0.00549349283383886
0.8356930475032031,0.07963480127797831,0.0501345806650008,0.02449690241031478,0.010040668143503182
0.8477483493372207,0.09222904824037538,0.03489562196108947,0.018639728996592445,0.0064872514647219106
0.9036140031430989,0.046597264798823174,0.02801666158080569,0.01597831393171422,0.005793756545557909
0.8766171724082631,0.05978963121546694,0.031601031762381514,0.023693323716915068,0.008298840896973574
0.828503038023636,0.09273342682206803,0.04184006030899325,0.02753360123959158,0.009389873605711245
0.8844383988337373,0.05567011350832648,0.03582379135027888,0.016459963182555177,0.007607733125102076
0.8317000400899233,0.07407145215333898,0.054168428501431,0.02661368056613517,0.013446398689171472
0.8947475402943452,0.054813704055368374,0.027312534297260514,0.016721856850662385,0.006404364502363568
0.9209196228503422,0.03924026554802136,0.01869037938655547,0.017236994815571414,0.003912737399509608
0.8792514306668058,0.05861144875270649,0.032054533329023964,0.022466729436763463,0.007615857814700335
0.8793674577796852,0.06652055534765743,0.026459602383095086,0.020634815705177598,0.00701756878438494
0.8634995933943422,0.07068920834569516,0.03295832956143938,0.023108016596250433,0.009744852102272744
0.8980377613522318,0.0542084753156453,0.02205509746943305,0.01845415471175427,0.007244511150935542
0.9269685658276523,0.03743048466248553,0.018034961514881532,0.0131783639299091,0.0043876240650715164
0.7718022199249017,0.14351011541865796,0.04183441585439228,0.025122014935560853,0.017731233866487537
0.7740281270966499,0.0933973137310534,0.0718850826706036,0.038836259474403556,0.021853217027289904
0.7646010959766046,0.12008480272050884,0.06037951231708454,0.038057750025756294,0.0168768389600459
0.8656860964758285,0.07482827494245983,0.024852722042241697,0.025270811121757674,0.009362095417712261
0.8575770564829969,0.052998107609075314,0.05003203334168143,0.028519782984614116,0.010873019581632315
0.7905068104757123,0.08043921821172302,0.07628828435522066,0.03611858979008594,0.016647097167258196
0.854149954546892,0.06118090159800824,0.0443859496844998,0.025170502291977526,0.015112691878622374
0.8083750002232336,0.0922027012772013,0.04849508275152519,0.03838271537145713,0.01254450037658278
0.8821014957679421,0.06643867076361766,0.025341671968908856,0.020063293133273465,0.006054868366257894
0.9142232674213373,0.04966065243684778,0.01606972348125803,0.013166152633281442,0.006880204027275545
0.790389412258887,0.13304684878223172,0.030214134123001155,0.028196981812543362,0.01815262302333659
0.8434182205959293,0.07331311227663093,0.030403783170127777,0.025086409402271772,0.027778474555040143
