Delta_Power,Theta_Power,Alpha_Power,Beta_Power,Gamma_Power
0.9526596518532998,0.02704130439331403,0.011600026746415505,0.006729426805444559,0.001969590201526269
0.9297908573286898,0.045925932098911576,0.01167574678583713,0.008982181891138466,0.003625281895423249
0.9062082168536382,0.061613652520332796,0.014336156570839623,0.014460451747834351,0.0033815223073547455
0.8757105662736048,0.08057110329803309,0.025421932220667312,0.013657121544447036,0.004639276663247667
0.9031333473588334,0.05904192597428768,0.018434284767180845,0.014994913411712087,0.004395528487985688
0.9455354782572323,0.02356902299720826,0.010618337461745075,0.015689525251518534,0.004587636032295692
0.7311716035698411,0.0889671749814891,0.041819800742922436,0.07993008114244772,0.058111339563299905
0.9248808798906142,0.04040212238766783,0.011227664960967896,0.013413997243102277,0.010075335517647612
0.8630276367837157,0.06808497191661511,0.03180158783302441,0.026086117349025963,0.01099968611761861
0.8912109258172178,0.047169190000190014,0.034515133916597295,0.017101780146904805,0.01000297011908993
0.8167298858020196,0.09066242486441933,0.04861230627172561,0.031307605307409024,0.012687777754426593
0.9481726860345892,0.015901016796176833,0.021012158884835076,0.01068384794727987,0.004230290337119145
0.9171341726792104,0.04368804234465364,0.01733318778129429,0.01696702473943127,0.004877572455410202
0.8016327365021105,0.12861414349735706,0.0374101871940398,0.02370124863571852,0.008641684170773982
0.8918883540735746,0.05127517551736141,0.03480273172985115,0.016277379966788408,0.005756358712424235
0.9250637218000394,0.03842075935140312,0.020268257337050004,0.01184556908319258,0.004401692428314861
0.8668582793034207,0.0761045174992164,0.020699158792881353,0.02759854998815253,0.008739494416328849
0.7950340053867748,0.13017095882702964,0.04170329921153556,0.025949539998106008,0.007142196576553799
0.9049837105844907,0.05317652679117017,0.02282561020737803,0.014884247200488898,0.00412990521647212
0.835231096110887,0.08566306687848206,0.0361105430210607,0.03224757604754315,0.010747717942027188
0.9097845536391478,0.048042688787864364,0.018190221867477457,0.019153706557971713,0.0048288291475386816
0.8880619474525515,0.06337595097653785,0.02723362310605553,0.01715305201163566,0.0041754264532194085
0.9403009884156811,0.03700202121291186,0.010894994997703342,0.007979482191695057,0.00382251318200893
0.8765674071378705,0.06258668544475528,0.03367413899659182,0.021064583350749032,0.006107185070033475
0.8823355429778073,0.062544294056414,0.02701799123359548,0.020943324154368653,0.007158847577814736
0.840827835299985,0.06905025858057809,0.02989461230584899,0.03916912491097898,0.021058168902609142
0.8729497573430455,0.052011258620743066,0.03582675478457844,0.025036527796886986,0.01417570145474616
0.8095489372184737,0.07548807301444481,0.03452562426030659,0.052341609365130985,0.028095756141644
0.7961509079586458,0.11370140250280944,0.037770029167886784,0.037950373601582994,0.014427286769074973
0.93439311537999,0.03501590406117384,0.015338502819452671,0.010839044466164854,0.004413433273218886
0.8436324925564881,0.0866785309848986,0.042863056622444405,0.018563206100772865,0.008262713735396178
0.9180048246580481,0.050377964081086545,0.01461385801783666,0.012384798928734295,0.004618554314294337
0.9486347478817878,0.017742471644765355,0.01765130633166873,0.011086602945950848,0.004884871195827236
0.9203714362766005,0.0454989062455752,0.0158642306882117,0.014087532818237337,0.004177893971375608
0.8661619774522108,0.08073181027190142,0.022301564686752103,0.0240040513826586,0.006800596206477142
0.8519771113162452,0.08207949291513146,0.034468504015199096,0.023225862200013648,0.008249029553410532
0.8607419008126256,0.09302568332043054,0.02418375125415802,0.016824623346272737,0.005224041266513057
0.8925476463490104,0.061793525206932653,0.02881632261953655,0.012969377198561196,0.003873128625959302
0.9295339402723245,0.04307103521475994,0.010632476195750898,0.01184518825744013,0.004917360059724335
0.9485187914247997,0.03229797637246896,0.009474972720902494,0.007987907649385756,0.0017203518324434804
0.9372836656696802,0.04258391679369892,0.007283677160778845,0.00951062338398796,0.003338116991853584
0.9346315022128441,0.03232039702290363,0.01561467020424209,0.013653332042090282,0.0037800985179199894
0.9296743477306032,0.036996962770554184,0.016561998653466598,0.011985331133186708,0.004781359712189574
0.8922138008295256,0.06366924247651526,0.023053145957742147,0.01389323686808705,0.007170573868130053
0.8724833480346134,0.08541282643053787,0.026066397155526604,0.012466874278883341,0.003570554100438717
0.9284838802510766,0.03675292224554078,0.0175357616082468,0.013672645667021548,0.003554790228114258
0.9217988790997746,0.042429971948941936,0.021702819676692728,0.010416014946266722,0.003652314328323826
0.9347765438530173,0.0390688246231614,0.0132679896453121,0.009984337810563577,0.0029023040679454484
0.9284610866953039,0.04419002183453104,0.010898917314729367,0.012734788015847136,0.0037151861395885387
0.9427515805807918,0.0281479529572329,0.015464223007523264,0.010260488307552574,0.003375755146899593
0.9002988449951234,0.05548102711238664,0.015978627218673134,0.019771979568034507,0.008469521105782567
0.9360713979907213,0.03634791228385845,0.012861721879966079,0.011610931061251308,0.0031080367842030118
0.8534095657295981,0.07304333491925342,0.02835310586955604,0.0333513535473374,0.011842639934255038
0.8949336535052163,0.05942625988924596,0.02174561724927094,0.01853192351293381,0.00536254584333326
0.7804707136953487,0.12769913828982857,0.034839543883169885,0.04171733167607162,0.015273272455581258
0.9395965285505719,0.03264749263399313,0.00837759863119978,0.013005124759086628,0.00637325542514869
0.9467473954070126,0.0321600054121074,0.009433847228856209,0.008729925731915328,0.0029288262201082006
0.9110952393348004,0.027750650182671036,0.04400087827304185,0.012565677991780683,0.004587554217706099
0.9401398730074347,0.025042707206946298,0.02207711144343518,0.009097130501880142,0.0036431778403037953
0.901727168208913,0.05597756120503167,0.023635432067203407,0.014176211863472177,0.0044836266553798625
0.8890234715941768,0.07297746606815562,0.019973121338989295,0.01424002129958022,0.0037859196990981583
0.9208726039165612,0.03993184464355381,0.020055235218155127,0.015211225493649156,0.003929090728080742
0.8773128836972154,0.07591168568365596,0.02432998734857452,0.017664874524678804,0.004780568745875307
0.8678524535284455,0.07891133863813303,0.02817202776718841,0.018774366144526575,0.006289813921706357
0.9176050630327484,0.04550980605756133,0.020727006618386,0.0121122026322912,0.004045921659013249
0.8349382424620229,0.09949087306824166,0.029001195485958683,0.029318564120303273,0.007251124863473443
0.8611136555623837,0.10298642703215315,0.019834797752714205,0.01142020411257545,0.0046449155401734185
0.9136590105165063,0.06120053662287932,0.011234275965790914,0.010805115302459995,0.0031010615923633697
0.9394983426080924,0.025576423388736457,0.016587674660900806,0.013766794117545287,0.004570765224724986
0.9291240378345077,0.047944210592548206,0.013132993182860122,0.007499576282458114,0.0022991821076259254
0.88193326245903,0.04851240700137578,0.028454243105469623,0.031043990035154657,0.010056097398969923
0.942679305756744,0.02530527450010146,0.01278428910875424,0.014984254177650622,0.004246876456749822
0.8752363015686414,0.07532835657061102,0.01852716790157513,0.0224010335385849,0.008507140420587816
0.8875196164046208,0.0673237839576997,0.0189651903691025,0.019861351653109732,0.006330057615467131
0.884163971068479,0.0720656749157579,0.027056243872261482,0.013209669829934349,0.0035044403135675
0.8252697512493955,0.13016380198808786,0.024367556207727296,0.016319664999166032,0.003879225555623265
0.724097688322987,0.1579257608624614,0.07322874166460908,0.03541151390590012,0.009336295244042274
0.9022549524124083,0.06501089173081634,0.018358455106769454,0.01109454264824625,0.0032811581017599487
0.7924447356498571,0.13418873788949973,0.03340090397080816,0.0313145308511461,0.008651091638689008
0.8940323593218884,0.051089996751009316,0.032768057553540376,0.017562990556969763,0.0045465958165922995
0.9396119957939647,0.03416406286251917,0.013123481654628734,0.009319056512643779,0.0037814031762435493
0.9300552902089766,0.049013177991078696,0.011464378573382932,0.007474764788193694,0.0019923884383683007
0.9160960042692474,0.04079657974160648,0.019932027304628844,0.018222886969260055,0.004952501715257341
0.9207595363337487,0.04794242243367362,0.02090600861040161,0.007552729530204994,0.0028393030919709873
0.8388601262486806,0.10338920983850378,0.028261752543750237,0.023014570734726836,0.006474340634338503
0.9109585736143531,0.0602167144866976,0.013635128296210957,0.011729276782131703,0.0034603068206070313
0.9365762023944898,0.04265443980525691,0.008552204646972395,0.009312728251514328,0.00290442490176648
0.9162290681899272,0.061533299275770545,0.0094558385234902,0.009051291402836358,0.0037305026079757185
0.7416021533179517,0.16068056242319748,0.04294868898169783,0.04174179578676796,0.013026799490385028
0.9135466822267562,0.0529639356757615,0.014212370110718728,0.014556112482094503,0.0047208995046690615
0.8666642002664524,0.07887457002355759,0.024397047930358247,0.022661427428275774,0.007402754351356102
0.8698617075917128,0.07509594488001524,0.03341360985565545,0.015591596023706368,0.006037141648910056
0.9263192588877625,0.035768620334599106,0.019055011055897676,0.011869351959807156,0.006987757761933619
0.8639109088339937,0.08964322956670792,0.022554854442944423,0.0180992129469792,0.0057917942093748806
0.7945080846605725,0.13486259112178284,0.041453717045585356,0.022298190165887917,0.006877417006171316
0.9079455539044475,0.04540522440865001,0.02669501881732281,0.01575256870201186,0.004201634167567883
0.8858076928063193,0.08099841296869129,0.018196163527324703,0.011497434522020117,0.0035002961756445397
0.8931132421308069,0.06676254452748005,0.01794646330160104,0.014806145862578717,0.007371604177533366
0.8923781560534277,0.0475029836725621,0.03379776354260217,0.020024056409304384,0.006297040322103808
0.9030233917938767,0.058522308872771135,0.020213609710642226,0.012799875568390594,0.005440814054319307
0.8927316007682474,0.06184511870889504,0.015844023770431353,0.024758971835772265,0.00482028491665409
0.9017991857691511,0.04642032376389123,0.02543264237536225,0.021333319324729132,0.005014528766866099
0.8456090092473295,0.09654810567951454,0.0267738914108546,0.023895342177069196,0.0071736514852323565
0.8353967522270254,0.10927395144128697,0.023057060430570507,0.02398848776107816,0.008283748140039035
0.887447752522996,0.059838891453484894,0.030183931852225544,0.01653572472238489,0.005993699448908738
0.930460612341332,0.046067465823502955,0.013139753794041207,0.008001149768602831,0.0023310182725210667
0.8969336672988081,0.06321154133197465,0.022501372717946194,0.013344102847118847,0.00400931580415227
0.8534139379376481,0.10028701560681264,0.022450874717151244,0.018036682204991255,0.005811489533396599
0.9123212262882433,0.06310899454841772,0.010604008070043556,0.011268847522019928,0.0026969235712756175
0.8665210898262381,0.06428530843385707,0.03572018697919772,0.025256129956760475,0.008217284803946472
0.7952283492766439,0.10573742147049976,0.04517714385609121,0.04374430435847105,0.010112781038293987
0.7624731336470969,0.16891097106805886,0.027849311288794736,0.03196237285491685,0.008804211141132614
0.8234789985205098,0.11733966949814106,0.023540440758714223,0.02929218343175211,0.006348707790882904
0.8973768202103654,0.06499773190666083,0.017417215016251947,0.01646361278608366,0.0037446200806382536
0.8952802693858465,0.07493537576464786,0.017191065132580157,0.009781333514198236,0.002811956202727431
0.8209301586002645,0.13553738491841866,0.023448188895231342,0.015645682994703532,0.004438584591381472
0.8492456414165602,0.11293767572220245,0.017138218509805028,0.015712997086925428,0.004965467264506784
0.7739104365656018,0.13185077853019983,0.06179574198601489,0.022989021401057484,0.009454021517126007
0.892738506234115,0.0650580746033521,0.015194781674221376,0.021738451927073205,0.005270185561238435
0.9634764493481832,0.020610637589071973,0.006296168556517306,0.00742619038074687,0.0021905541254804315
0.9058786143315942,0.06270435168599642,0.017662691797236077,0.010917746251826423,0.0028365959333467527
0.8835116789790702,0.0523330450473496,0.03145641838354176,0.0268185408289075,0.005880316761131112
0.9241868406134515,0.038670241502927,0.015143685877147964,0.017012635686693218,0.004986596319780327
0.8345955883517144,0.10505572456623498,0.03554059696725051,0.01744756562583902,0.007360524488961349
0.8689530747618758,0.07970349748094853,0.02613310890457007,0.019867126688860762,0.005343192163745039
0.9226656880492311,0.05012143177620705,0.013455197008848363,0.010231106282329176,0.003526576883384459
0.9770186012078501,0.01214427844983516,0.005485446526735554,0.004206655085848906,0.0011450187297304955
0.9370270623976689,0.05015387515850985,0.0034586411315075077,0.0072101443930596065,0.0021502769192541897
0.8777109419678268,0.0908221891170589,0.014455720716816504,0.012240007351045351,0.004771140847252158
0.8236148688501027,0.1270295718074833,0.022687722545272862,0.020180478001558786,0.006487358795582547
0.8922016262805019,0.07504578639080325,0.015977557543541628,0.011476545575728914,0.005298484209424147
0.9421702721813225,0.02836039003980487,0.014389123705518045,0.011779901574703077,0.0033003124986515017
0.9424703772826145,0.024800143790504305,0.018940332555626,0.010387579722009214,0.003401566649245858
0.9351418472529841,0.03590078802259823,0.015491744810285016,0.009483555294359016,0.003982064619773661
0.8297858481458075,0.09422131581022375,0.05077769110888936,0.01951691241226809,0.005698232522811273
0.8027369398806308,0.14922197125647485,0.02330204114081606,0.019527172220777267,0.0052118755013010176
0.8512251213186571,0.08865842311254371,0.03697206319085195,0.017510684376937254,0.005633708001010163
0.9725435413125159,0.013113480831933151,0.007974740582921015,0.005068218634029639,0.0013000186386001819
0.8544237517181317,0.08327452071366444,0.03258559109365394,0.02311267150879392,0.00660346496575621
0.884154131822551,0.07405931987242932,0.021319696704980292,0.01544274271209356,0.005024108887945938
0.9152739823194848,0.05459792764393382,0.014407124617260968,0.013027552145082248,0.002693413274238145
0.9005747240485753,0.0602998521067973,0.023886290469521346,0.012435835609756505,0.0028032977653496076
0.8573181474445146,0.0917786738866698,0.026943991401851254,0.017522650448001536,0.006436536818962884
0.8556130817147194,0.09593525949755055,0.02609626635068934,0.017905370181857016,0.004450022255183679
0.7326145430542751,0.1577794947284898,0.06756677697390875,0.031233147196669937,0.010806038046656578
0.8432236999881261,0.10156783200401506,0.027815945130131945,0.022798803363087122,0.004593719514639767
0.882769987879195,0.08267775999631367,0.018669379017348157,0.012339070498228848,0.0035438026089143317
0.8908757883363979,0.07261221321740718,0.017671337620060696,0.014534665403489804,0.004305995422644364
0.9539365456566432,0.024814020901549383,0.012738179739890556,0.0065689833930023585,0.0019422703089144162
0.8311255503862109,0.11226726377701349,0.031281816980257185,0.01920994975369005,0.00611541910282831
0.9232252818045497,0.05091884353877453,0.016175722209217133,0.007163694858391919,0.0025164575890670223
0.9325681063972726,0.03695114763250125,0.017330665651326602,0.010227414746218666,0.0029226655726810975
0.9175613450113489,0.052245699685625376,0.014274134140914012,0.012112429832306924,0.003806391329804789
0.9168577166323524,0.04537519624454169,0.01610848365513344,0.017056244290234616,0.004602359177737699
0.910210903728027,0.05663229888999729,0.014730256079310618,0.014899991050466995,0.003526550252198141
0.9031809653027153,0.0767188569885238,0.009710773125097863,0.00773353766718773,0.0026558669164752453
0.8170028708217983,0.12077723624455845,0.03189552628269079,0.02369052897283806,0.0066338376781144475
0.8658452736483898,0.09420904349933085,0.022393536909366095,0.013948760094125549,0.003603385848787813
0.8608435681011464,0.07227890606596897,0.041395962250299845,0.02037651790212249,0.0051050456804620885
0.822581991747558,0.11080542200578784,0.029427055285661644,0.029990230126912168,0.00719530083408024
0.9016527046432633,0.05323410677145728,0.029022341699505304,0.012867021573430974,0.0032238253123434255
0.9074097476082611,0.0535537238365331,0.022793384485234627,0.013041715023347769,0.0032014290466235024
0.7905741313667822,0.135622046054731,0.03920376146779577,0.026542581880239342,0.008057479230451787
0.8550191314044245,0.08884468729732879,0.026430397772846184,0.024635848266289465,0.005069935259111156
0.9281911820373974,0.032878689413688204,0.019955723600377253,0.014987050472191737,0.0039873544763455405
0.9327673601492537,0.040415519527540994,0.01535949836106836,0.008750662908871144,0.0027069590532657066
0.8149552717564361,0.11387471401992279,0.04345703332072843,0.020619596460157496,0.0070933844427552035
0.7763480633641058,0.14638703078750845,0.03532773173067227,0.03152822112266182,0.01040895299505173
0.9383521090478071,0.04030890125258299,0.009603471218874931,0.009072904168483433,0.002662614312251515
0.9256172250691996,0.04014314783803542,0.017523927518110726,0.012722954117188073,0.0039927454574661386
0.7295335437416092,0.18689999312109531,0.04326337586836267,0.03153053381843903,0.008772553450493634
0.8722193572391825,0.070258241318894,0.028463741848365764,0.02272102670261474,0.006337632890942952
0.8425368347643512,0.10617152903615142,0.02512306352175145,0.01969618796990891,0.006472384707837055
0.9218578974119848,0.03897762612539951,0.01940828874110744,0.015025094388639896,0.0047310933328682065
0.8152934443311458,0.11896921754216842,0.031688123962249966,0.027760892760324955,0.006288321404110929
0.890426464658587,0.06753739198300714,0.022248268152973188,0.013418921639533522,0.006368953565899041
0.8375455880377191,0.11286274551613557,0.02849419769069546,0.015812780066495443,0.0052846886889544396
0.9058732555692424,0.05114158945088406,0.021993671014646495,0.01630961641424801,0.004681867550979094
0.9132225909456004,0.048795459428482645,0.012770368667683872,0.018277599948539267,0.006933981009693673
0.9272969203547302,0.04528666146880746,0.011424725536710957,0.013047684561463468,0.0029440080782878624
0.9343323371766769,0.042505363480190524,0.009657766747519796,0.010836617529963549,0.002667915065649222
0.8871059191594268,0.061949589213924613,0.03258538588561495,0.01316426308555328,0.005194842655480416
0.8978337298411337,0.05539749035556042,0.023059389260428893,0.01634264448892841,0.007366746053948597
0.8817214442095849,0.06427461563046641,0.028260884269021982,0.02122052674736141,0.004522529143565446
0.9421653295488481,0.03033123880492608,0.015280733918353682,0.0092515314539736,0.0029711662738984177
0.9259209995549442,0.03185845720051853,0.022611320903304522,0.01630852116031125,0.0033007011809213565
0.9417015749419617,0.03414131891768214,0.016377253822824036,0.005848278540059037,0.0019315737774731757
0.8915724345383155,0.059043319497721354,0.02928154516368306,0.0159163506789063,0.004186350121373799
0.8809331204087782,0.06098186973582117,0.02930754067096221,0.021827582236689968,0.006949886947748358
0.9102549260954096,0.056018029851013486,0.018101948430120227,0.01239453467071573,0.0032305609527407356
0.8634815287692463,0.0818933002663993,0.02740015186389383,0.021458149898188516,0.00576686920227189
0.8453026097267026,0.0969763106960938,0.03374136563302499,0.01926187742989834,0.0047178365142803375
0.7963210717223054,0.12405182696073876,0.04322739826180976,0.02919945974202958,0.007200243313116507
0.9137280509833197,0.05346090046304137,0.01676823409771599,0.012549085258804134,0.003493729197118767
0.9003674188929177,0.06864178886145814,0.01821199289244447,0.010448886074213022,0.0023299132789666613
0.8467310310490341,0.11984441644411756,0.01412615262170257,0.015103266899174617,0.0041951329859711865
0.9042570300818232,0.0483807231813612,0.02741148738274363,0.015007760454247825,0.00494299889982399
0.9074556297261966,0.07227602933085023,0.009192835110034107,0.008014963253464635,0.0030605425794543104
0.839782200664924,0.09473483444312528,0.03709885082853132,0.022934770125348586,0.005449343938070674
0.8457835902881334,0.0880378823525437,0.036054101504872406,0.024172467655171746,0.005951958199278682
0.9214282439915129,0.03576471621718103,0.02268519176800054,0.01530031033728642,0.004821537686019238
0.921317711371318,0.043639474899954615,0.021708791899573133,0.010251211333608443,0.0030828104955459962
0.865418733123803,0.062057151235554144,0.04394555899560292,0.020801186000675015,0.007777370644364829
0.866937442283969,0.07968736492436317,0.02749776837515677,0.02011185617892308,0.005765568237588091
0.8789125166960673,0.08340508679250085,0.01938329356617431,0.013569386033983706,0.004729716911274076
0.7945918702552164,0.12124442009029768,0.04967486406878446,0.026613030475370395,0.007875815110331256
0.9170338770490993,0.0431418283825137,0.022853137886768477,0.012525724683070068,0.0044454319985483695
0.9027909755260455,0.06796122375603632,0.014724202748136184,0.009999551440276633,0.004524046529505458
0.8719340394435993,0.07513254360612541,0.03398125528632971,0.013861625418650003,0.00509053624529549
0.8858572144879588,0.06506083321500188,0.028593801372842054,0.01662367162074854,0.0038644793034485776
0.8956843280691111,0.05780402379335056,0.023554399323384927,0.018189464682243688,0.004767784131909738
0.9558483126908861,0.018494638556384384,0.012808527713698784,0.010010016881113672,0.0028385041579170067
0.910207426062439,0.06329655465914287,0.012154142646748026,0.011123260122768297,0.0032186165089017928
0.9530923545469612,0.03287339355719689,0.007082690874287597,0.005574994452871879,0.0013765665686824558
0.9424385517178693,0.036350397911694136,0.011574703904104382,0.006933561216629181,0.0027027852497030877
0.863181953593643,0.08335742601030538,0.027773295907198414,0.020585946117525424,0.0051013783713277205
0.8080616095799759,0.0958917104816599,0.05245074951602857,0.03375774595962961,0.009838184462706106
0.8197796706111459,0.13308259620802207,0.023751501136625136,0.018010851246552214,0.005375380797654791
0.8660039345250121,0.08436760863274981,0.026861503490585786,0.01834764277622891,0.0044193105754233115
0.9400597119826468,0.03330065656374957,0.012687105062042795,0.010492600257591713,0.003459926133968888
0.8016949341582748,0.1531923584711899,0.022321993767108396,0.018120325457389515,0.004670388146037829
0.9528624047966185,0.02896864351592086,0.009634451684295857,0.006770776694620879,0.001763723308543612
0.9315501059421937,0.038281139839557395,0.017553974562749083,0.010173858620625533,0.00244092103487421
0.8588744975763449,0.09306531494868943,0.027071186405706733,0.01665761201893979,0.0043313890503189935
0.9212368253341641,0.05489339018986867,0.011891850830180347,0.008924204448673968,0.003053729197113164
0.9115806280475949,0.05187074247465516,0.019825200103236146,0.013821078310465511,0.002902351064048405
0.9020750616894411,0.057957570642575174,0.021773230328026007,0.014422462213730962,0.0037716751262266337
0.8633408290546996,0.09086051493842516,0.02329218662772559,0.017768190580927826,0.0047382787982219515
0.8941293848866882,0.05471009005949639,0.02372273150730101,0.021522007615300858,0.005915785931213347
0.7620414560094029,0.1429403229961682,0.05120744076631916,0.03342327695890422,0.010387503269205631
0.8698675723469096,0.09291451978253162,0.0194109904732285,0.013922239637430302,0.0038846777599000314
0.873684503926853,0.0940279120785381,0.015385779409919793,0.013737134123572785,0.0031646704611163383
0.8798992023785288,0.07104827528451584,0.022235538672254366,0.02160458204403374,0.005212401620667351
0.9246871756619722,0.05076560202052066,0.014733816121535317,0.007761829973093936,0.0020515762228775917
0.870475459923443,0.0946845044212414,0.016971361225146673,0.012827816037669177,0.005040858392500028
0.862172744173427,0.1057322079500929,0.015067960779257658,0.012682390913850629,0.0043446961833718545
0.9003604531564104,0.07911366406018672,0.007770882334079294,0.009748363491679225,0.0030066369576443757
0.9449427209698207,0.04357411850182472,0.005298597007461441,0.004947599213676161,0.0012369643072165867
0.9053386331881493,0.05446157450521473,0.020956118910267458,0.015107429851894838,0.004136243544473557
0.8892517353831411,0.059091237644845605,0.023848461890001758,0.022016967357707935,0.005791597724303432
0.8573564613033561,0.0726026910008765,0.03606189236045447,0.02732044771174584,0.006658507623567102
0.8569518018783164,0.0674901177463843,0.05505251469936331,0.01624472987476499,0.0042608358011707054
0.856060762796129,0.0912118023622961,0.029620971222890775,0.017352890948349187,0.0057535726703349
0.8963712724633719,0.05532007048251759,0.028044212947658183,0.015759376692359602,0.004505067414092746
0.92089204097584,0.044854887693396496,0.017869995718743203,0.013004173680956894,0.003378901931063389
0.8535709489847935,0.09844650464469797,0.022145722259998134,0.01978112248017962,0.006055701630330892
0.8427051524647949,0.09660500288933199,0.03712694274723267,0.018827390537779137,0.00473551136086127
0.843091361202986,0.10270620742316261,0.03055057974863023,0.018734139159573785,0.004917712465647325
0.9005953879628912,0.06534079405115406,0.018420183205829672,0.012327769432854617,0.0033158653472703395
0.9074876055131266,0.059825769057354344,0.018303903135854983,0.011372633636254051,0.003010088657410087
0.9480375003963807,0.02612708211370452,0.01297650515371026,0.00993013048080232,0.0029287818554023207
0.8840251885226449,0.06304575200502119,0.021154051328299853,0.021645488050896448,0.010129520093137627
0.9600848076813734,0.021163721923723018,0.01035192268632011,0.00609487358876334,0.002304674119820044
0.94236794463098,0.031648888450501095,0.011907146147308303,0.011072973076431647,0.003003047694779143
0.7409654047696413,0.16363901784598914,0.037226433252232696,0.043537067281673884,0.014632076850463104
0.9148507447434959,0.05439860061525277,0.013547103957727015,0.013745815393147875,0.0034577352903762556
0.8512120355299422,0.10083730254984664,0.029014849509214367,0.013495137702914023,0.005440674708083097
0.9348250099999367,0.03291827965289129,0.016502735573473613,0.012305328660230931,0.003448646113467391
0.8880412752783449,0.06540637308332371,0.026628393947568073,0.015122743980284693,0.0048012137104786485
0.901260307520155,0.05730271613311568,0.021524465179428968,0.01579739478741659,0.004115116379883961
0.9180333613302485,0.04197198105734943,0.023770099318722832,0.012237633748661887,0.003986924545017318
0.8294999742823116,0.13244090873767858,0.021021502460793522,0.012253135093999768,0.004784479425216498
0.9227443904124565,0.05264417659265045,0.01327261532298439,0.008818481707416776,0.0025203359644920954
0.9171992839177201,0.05658735358474025,0.011161179015428443,0.011523401774038442,0.0035287817080727445
0.8495911057161591,0.09709258359429285,0.022233532065171042,0.023753854008187077,0.007328924616190021
0.9045691971646029,0.06239386481585841,0.013315508389775145,0.014516653076697321,0.005204776553066088
0.9173717265758345,0.056007480042607104,0.011712882860738945,0.011787616916863778,0.003120293603955652
0.8447853520007957,0.11049658251750412,0.02714044495192399,0.013760200818056418,0.003817419711719495
0.9073056212541354,0.06452201660843017,0.015168287325987627,0.010189143805087031,0.0028149310063596378
0.890431579512786,0.0712856921366971,0.01864284856045675,0.015264535141316185,0.004375344648743912
0.9609745549947284,0.0153976424518827,0.013044431752491438,0.008920367650544452,0.0016630031503529147
0.9421413893866732,0.03491830245098003,0.014776203204301591,0.0062172486806389244,0.0019468562774064414
0.7682796162367971,0.16297414486636888,0.04168685713738219,0.020871429493484944,0.006187952265967002
0.8925775568259127,0.06118823397785957,0.025981510832621797,0.016396679796031505,0.0038560185675743956
0.8634381861716233,0.08275485907827099,0.0304776845193228,0.017944094517104416,0.005385175713678453
0.8946179438382302,0.07153193742765386,0.02017087387045604,0.010476484258211488,0.0032027606054484056
0.8731216987420934,0.0696200130435593,0.032290865982826315,0.019734746003729476,0.005232676227791409
0.9626256229067034,0.022362681897814388,0.007016915047998444,0.0058294759173036365,0.0021653042301802198
0.8341383988116982,0.10254987405616697,0.037509142302873735,0.020056445779508526,0.005746139049752537
0.9077951952686618,0.068673357351928,0.010798133091866025,0.009493610978694039,0.0032397033088502206
0.9661720115607078,0.015779999819019962,0.011602726964571621,0.004531023812423824,0.0019142378432767098
0.8459375981687273,0.08144769948861644,0.03966724629255859,0.02589066304601926,0.007056793004078379
0.8076419870548888,0.12857168539140695,0.03404105899850668,0.023368671362175925,0.006376597193021439
0.9002880916281992,0.048342322569867396,0.030586352283747547,0.016471865488556402,0.004311368029629272
0.8519174593551718,0.10293691323312305,0.023499196882875245,0.017111301013149286,0.004535129515680773
0.9583574605272746,0.024146956558601912,0.007038802395075521,0.008523118197344963,0.0019336623217031193
0.9555258155488154,0.026459430804021244,0.010485986003629917,0.006051069378809863,0.001477698264723641
0.866395019438884,0.0698253933347026,0.0382109939011048,0.020924139346140794,0.004644453979167833
0.755645062898869,0.13678445519941493,0.07031117039464703,0.028717938352756222,0.008541373154313045
0.8808399580707148,0.07704669354258101,0.02704926512408963,0.011995904991693609,0.0030681782709208218
0.9200912828024171,0.049553442945161355,0.01769094578107898,0.009317533075924641,0.003346795395417734
0.8392648002022575,0.0968738307047404,0.039126810449777366,0.020104485529848858,0.004630073113376166
0.9017404149963129,0.05819275701721701,0.024141248988489454,0.012278167921571163,0.003647411076409433
0.9002787470859829,0.0504200893145559,0.026512091336383665,0.019140584568453856,0.003648487694623535
0.8501341211678399,0.10111367070770332,0.01964027547760972,0.02370496097924441,0.005406971667602664
0.7826559486810757,0.1053147043156713,0.06128139910177575,0.040863554856396,0.00988439304508124
0.9572676333135349,0.017008982441812374,0.013374643308533085,0.008502320126036373,0.003846420810083229
0.9028100243628107,0.05876827811254626,0.01549344249705482,0.01693781999848402,0.005990435029104116
0.9045446133730336,0.037088401679787227,0.026957117746454904,0.024024756790035216,0.007385110410688738
0.8183256255462295,0.10092597991087984,0.04060118121698051,0.03359181609269121,0.006555397233218941
0.871531705474658,0.07792825913836747,0.024440931238729806,0.01870590880718588,0.007393195341058828
0.9441652507308349,0.0350418786694463,0.00930725041952525,0.009169670197882396,0.002315949982311072
0.9305584956812842,0.04517329413552123,0.01359329050777275,0.008012723902499278,0.0026621957729222687
0.9415264351114987,0.025566040299400447,0.016469431834978655,0.012832731318260524,0.0036053614358618393
0.897194765794143,0.05509980449367232,0.024230591381104807,0.019267600345962373,0.004207237985117723
0.9224473193851624,0.051334289933917275,0.012561263009871964,0.009368519846759262,0.0042886078242891324
0.8113017747587793,0.11970064684043241,0.02719971324807806,0.03084729764717193,0.010950567505538448
0.9368809549109158,0.03440127462068657,0.014087472770554298,0.010028315828674347,0.0046019818691688304
0.9420000808462945,0.030236380779869634,0.013652885909922564,0.011257729580631254,0.002852922883282228
0.8735368603548225,0.07046429618142462,0.03468767925470714,0.01693639844307113,0.00437476576597458
0.8100335801179207,0.11604850727234285,0.03500558399007726,0.0308990421648329,0.008013286454826437
0.9171270712879616,0.052917542852385584,0.0145018563166905,0.012301736144315406,0.0031517933986467887
0.9317334699280394,0.043515244752017845,0.012093247592825348,0.010232906545270518,0.0024251311818465635
0.8240791862987847,0.0928214485636505,0.043774945563112226,0.029350209765359066,0.009974209809093536
0.9083007727945247,0.054995597963870574,0.016879800392405882,0.015243020034558642,0.00458080881464039
0.9175425452610784,0.05191554848013488,0.0127052570234779,0.014096608085349353,0.003740041149959407
0.8208669930819712,0.12077666512240473,0.029343611939520942,0.0222818592759551,0.006730870580147749
0.8143454468113044,0.1091398093367807,0.03618232346425373,0.03045652330364832,0.009875897084012826
0.9096206314305983,0.062205712003648876,0.013752558688378312,0.01010151950360611,0.004319578373768335
0.9147356974638817,0.05672110311597582,0.015711466904871102,0.01035552584322783,0.002476206672043591
0.9437675977741299,0.03575417860430848,0.010779498733365981,0.00742900589847755,0.0022697189897180545
0.9377474380436132,0.03297045834682347,0.017344417652001794,0.009668650253920733,0.002269035703640623
0.9521379051658391,0.02691354478030548,0.01108673989072572,0.0076604617546784035,0.002201348408451183
0.8991712157089667,0.07121966533890063,0.016278780499422257,0.010016228310989106,0.00331411014172103
0.8787047874800886,0.0659155635101352,0.03163170979013561,0.018797388109929057,0.00495055110971139
0.9078995498164764,0.056938473247188454,0.016747520309585828,0.014090568815654398,0.0043238878110948556
0.9473327640563376,0.029258760455387098,0.010672491129341188,0.009382876819690664,0.0033531075392431685
0.9337913508162358,0.040805731324405015,0.013838452607441645,0.009180639069003,0.002383826182914598
0.8366746280809758,0.11040992969756823,0.0266158185741795,0.01854406979324992,0.007755553854026502
0.9135834826057556,0.04129431951085601,0.024058578161432,0.0150750829510742,0.005988536770881838
0.9350159360661587,0.02732737208713729,0.01653378425161724,0.01604893591965806,0.005073971675428559
0.9261790980192568,0.035545206006882005,0.017236186900198357,0.015887107293033186,0.005152401780629612
0.8882284371114199,0.05592041642095284,0.025965411963396873,0.0213422763017163,0.008543458202513962
0.811374739401223,0.12971219074430085,0.027713547534385197,0.02232783111917996,0.008871691200911136
0.8426719456131241,0.08346011371401828,0.03176351462122978,0.02905456804554705,0.013049858006080614
0.8931341893502248,0.05661217839291354,0.02531580792780305,0.019174734616695846,0.0057630897123627685
0.8369381137984827,0.09823429528768862,0.0337865407894174,0.02216585840580928,0.008875191718601943
0.9193676179939374,0.04483936102794759,0.01512043489809168,0.01522753017095736,0.005445055909066058
0.966521304029729,0.017148821195744273,0.00757614454707686,0.005993888226050022,0.0027598420013998154
0.8939618470936792,0.06283428763947563,0.02202578967053897,0.01514880845339132,0.006029267142914826
0.8825302191950589,0.07228417824486871,0.02298202799686064,0.016152407620298546,0.006051166942913133
0.9229625036337612,0.03922665925608169,0.020429413193524575,0.011906824987921413,0.005474598928711252
0.9360110620912974,0.045381535025203264,0.00529722471272289,0.009073965194196867,0.004236212976579667
0.8319854485534486,0.07776531277744227,0.035109970367080766,0.030780909152279344,0.02435835914974908
0.4855843300387856,0.17512215490148114,0.1385104746874666,0.104480878734572,0.0963021616376945
0.8049519754431868,0.1334995932871293,0.0316366432262522,0.019755035604847662,0.010156752438583924
0.901136242457544,0.06009736568191441,0.019009998297254808,0.013293872416977812,0.006462521146308901
0.753104177322423,0.17552856484185916,0.03229205854736789,0.02837845803464726,0.010696741253702777
0.810920753827993,0.13218748511719314,0.026584800225165697,0.02323121066983525,0.007075750159812842
0.9028914570879981,0.06124339003627678,0.018445685436611306,0.01419361886410162,0.003225848575012143
0.9401457540060217,0.04045153751913187,0.00921217384718651,0.007177568765410442,0.003012965862249172
0.8129351467402047,0.12466750141934256,0.034509094801059376,0.018735990334303003,0.0091522667050902
0.7867145934894257,0.14251447713863716,0.035876375696440234,0.026424036763118067,0.00847051691237856
0.8620271545240048,0.08656150785074888,0.024207714213811578,0.01849590983868426,0.00870771357275049
0.9451621766009816,0.029860413609087005,0.011221697219686268,0.010682759026697082,0.003072953543548156
0.8312753410315983,0.1072262389458643,0.02771622107912866,0.025435751439252224,0.00834644750415641
0.8545432581705122,0.07582407311326185,0.035627178135940164,0.02505569461748412,0.008949795962801496
0.9415658616696078,0.03755013695789614,0.010642781144969625,0.007244585362599016,0.00299663486492733
0.9491639361145362,0.032134955155707516,0.007026980066965861,0.009160897162630308,0.0025132315001602378
0.8947972593623998,0.06583573677100797,0.01618201113558168,0.01750014587602046,0.005684846854989976
0.9624633262525478,0.022897452047374523,0.008421152383228558,0.004506673618252346,0.0017113956985966843
0.890076001629398,0.058649034837137064,0.026586413694554233,0.019700624733757555,0.004987925105153159
0.8979935455075284,0.05169683773382233,0.023860759200711634,0.021035809553470793,0.005413048004466852
0.9591213067409062,0.021698458969060645,0.008401201043929237,0.008054829816837765,0.00272420342926613
0.8784955949684448,0.0765629397461464,0.023108978170140623,0.01701193464626418,0.004820552469003945
0.9256266046410431,0.0451674684516827,0.016795687124923183,0.0093913373815318,0.0030189024008191517
0.9408668070877036,0.026768114274456935,0.017500453390583388,0.011338520875127989,0.0035261043721282422
0.954197784269742,0.025900687413141416,0.011347613337728605,0.006576643807819367,0.0019772711715685815
0.8756317562531689,0.07403823920941573,0.024611001387139387,0.020040922408225637,0.005678080742050356
0.9235081462521196,0.0495203462481201,0.014033622342258875,0.00999166461845941,0.0029462205390417082
0.869740532246343,0.10335352732586295,0.011660611225528488,0.011643585790986427,0.003601743411279412
0.9247831722879967,0.04097991494975893,0.012770811042474826,0.016180674145602852,0.005285427574166592
0.9397343059441595,0.0386270335117541,0.008289070943207872,0.009745508942227482,0.003604080658650917
0.925867708235116,0.04052100151112366,0.016466818692033126,0.012583212717556254,0.004561258844170977
0.967972608295377,0.01663109295006442,0.0070593935579561645,0.005875277871017655,0.0024616273255846704
0.8965975486019636,0.037730564455375745,0.01963288956129351,0.02952401211364698,0.01651498526772018
0.8707381357354417,0.07633852998633196,0.015614481050671947,0.026822125766728475,0.0104867274608261
0.8568096716302385,0.08469955569586339,0.029089117741772145,0.022760726751785434,0.006640928180340369
0.8999066444095102,0.06214672612346196,0.020469301694162518,0.012884832327090551,0.004592495445774662
0.9179263418464958,0.04860984149986608,0.010923922621111639,0.01605159077861671,0.006488303253909916
0.8941889486342699,0.04662664433046441,0.016920262571556457,0.02405614987759626,0.0182079945861129
0.9336505286316412,0.03268936652756762,0.0163534619748639,0.01268166654920243,0.004624976316724956
0.9403285644197458,0.03574795291707187,0.010049648254000544,0.010385037332472084,0.0034887970767099757
0.9483852030128971,0.02407430997154538,0.013856500956202701,0.009556819720951721,0.004127166338403371
0.8589212077105857,0.08489778084161369,0.02975586550782159,0.01882936683741875,0.007595779102560209
0.6840936967573932,0.16188626962964833,0.0733346229490569,0.05942279322522238,0.021262617438679337
0.8978097430081285,0.043372329812976965,0.02941270505509346,0.022948485870967948,0.006456736252832987
0.9055904781837093,0.05266098415733942,0.02087213291954283,0.014817881605189022,0.006058523134219563
0.9350709163603076,0.03466475650036558,0.014786796295664775,0.011051098421692303,0.00442643242196949
0.8525567623268553,0.07300584860848044,0.04287133481004947,0.021852323790863895,0.009713730463750903
0.8600965609884237,0.08268047599841809,0.025979505339745343,0.02215812140025404,0.009085336273158995
0.9345785218356458,0.034808001987411685,0.010154101163924453,0.01580352308029171,0.004655851932726339
0.9361406223073255,0.03569291353766758,0.01150450701542844,0.011172526873318864,0.005489430266259574
0.9391549551811731,0.033196536934649586,0.012205557666663239,0.010824895264658753,0.004618054952855217
