Delta_Power,Theta_Power,Alpha_Power,Beta_Power,Gamma_Power
0.8555742263308318,0.08341737842496226,0.03072389021974379,0.01767318243054214,0.012611322593920143
0.8396910216683845,0.09467783433140008,0.030162302512538,0.020918644966893187,0.014550196520784263
0.870728491163515,0.04930965817837286,0.017862328613385877,0.02454640417843449,0.0375531178662916
0.7611265464977398,0.0941862506662973,0.055155861241088705,0.040895471808540314,0.04863586978633425
0.9155260715957956,0.03677971408465684,0.019365416829613975,0.014321177063601203,0.014007620426332223
0.9317910976005027,0.04230366146827706,0.011759972237919008,0.00792926948897633,0.006215999204324965
0.9132892736005801,0.048459828689527557,0.020941245310305792,0.00879874465478427,0.0085109077448023
0.857415852025568,0.09267927430406867,0.023074934138575736,0.015372015452186421,0.011457924079601091
0.9619855158502286,0.016483270687467362,0.01060374370794753,0.006343612161783085,0.0045838575925735954
0.8790512554568898,0.0783363216000391,0.02361637727262227,0.01151832794614813,0.007477717724300601
0.937197820211665,0.030707201555746612,0.013996033102970032,0.011159042218099682,0.006939902911518828
0.8837529305189142,0.059638032045360334,0.029457111121327147,0.01619195346794277,0.010959972846455649
0.9651000403960529,0.02010828406193579,0.007009000998592418,0.004002668728489609,0.0037800058149294632
0.942310564387991,0.030405727196047026,0.014563303944840336,0.007552016633717922,0.005168387837403817
0.8218815620469858,0.09020783946647366,0.04041605767140681,0.02618342656502071,0.021311114250112707
0.9431494967843064,0.03925839421747941,0.00823589844291038,0.005651062442275224,0.003705148113028902
0.8214051511535911,0.13104455904813342,0.023922517656780558,0.013415531883699218,0.010212240257795583
0.890851593953442,0.049828737806730285,0.025397686043843293,0.022039416054158916,0.011882566141825436
0.9615447523424875,0.020670098331264642,0.010100238603233959,0.0039849649253557275,0.003699945797658248
0.8805644531632121,0.0790068308502623,0.017998440384621894,0.009831268569302644,0.012599007032600935
0.8217892117557898,0.08908481707194615,0.0280189294317132,0.036070271799317925,0.025036769941233133
0.8314510334595998,0.09520682076403601,0.037253736417292765,0.02114325354558673,0.014945155813484563
0.906635636541351,0.040328607278022274,0.026937938878540887,0.015001458447455986,0.011096358854629588
0.9440810790069343,0.02366212703247763,0.01572321348548018,0.010091146116760208,0.006442434358347944
0.9703532714261134,0.015592851553141907,0.006729583031468967,0.005178740124308195,0.002145553864967586
0.9572764889617543,0.020657599489681485,0.01354512016224634,0.005639610362478869,0.0028811810238390883
0.9307867381435049,0.028628224178806214,0.0216143197384708,0.011293182773997656,0.007677535165220514
0.905552418436355,0.06159504269313204,0.016679854037291747,0.010802454592051492,0.005370230241169893
0.9296010742636764,0.0367492318322016,0.02128827052556935,0.008451085032698558,0.003910338345854371
0.9463822323974619,0.02854816336071564,0.011339385242013694,0.00931144941365397,0.004418769586154492
0.8375428179586955,0.10196410508777279,0.035233019190750184,0.016949916694076528,0.008310141068705021
0.883675491584762,0.07184353524543809,0.0234720061667405,0.014186640793853391,0.006822326209206253
0.9581133546971106,0.020443397797548786,0.01063919239335436,0.00774521367765373,0.003058841434332382
0.905737937727093,0.05605974218154573,0.025819705344104646,0.008246539204538269,0.004136075542718302
0.9532491933125479,0.027929862668611652,0.009297689883403409,0.006208940982081865,0.0033143131533553273
0.9615401286328354,0.026326163861134556,0.006676487531624403,0.0035517157424840113,0.0019055042319217012
0.9581219984359692,0.024454479080905166,0.009225923094712159,0.005660860106602909,0.002536739281810614
0.9443621505274867,0.033995175887552055,0.009708422020735782,0.008596234195563221,0.0033380173686623446
0.9233121598738256,0.04415275486516378,0.013959498839885745,0.013899063535544884,0.004676522885579827
0.9471680130136866,0.03028898580024487,0.009258326480215967,0.008764384876362523,0.004520289829489976
0.9590073423447903,0.019952732311062187,0.011710571906004866,0.006085385607018203,0.003243967831124471
0.9374368528067644,0.03539895573508891,0.014406785156387278,0.008846956371875127,0.003910449929884418
0.8587002952792434,0.04489880740945732,0.046451814025267636,0.031202409864856104,0.018746673421175374
0.8704020288058542,0.0666997076344888,0.03235033432171467,0.019708186376569178,0.010839742861373158
0.8167776848286847,0.11818447827911537,0.026466650390038263,0.023139352053413536,0.015431834448747959
0.8469775967247957,0.07585514047081214,0.026397052141140628,0.024108882004692064,0.026661328658559528
0.8803492644187527,0.05396559578916942,0.0231181296112775,0.019865511352807785,0.022701498827992602
0.755273797334581,0.07203961175548537,0.025004272219299416,0.04104365341790007,0.10663866527273407
0.8280708237283028,0.05854595313651184,0.03347212136589157,0.031059282811790195,0.04885181895750375
0.8362801835192677,0.07544690197015115,0.027539239937616342,0.025066332457375093,0.03566734211558979
0.9150199560142418,0.0393265541771084,0.015830625479379905,0.01365967992180666,0.01616318440746303
0.8841383483538796,0.08030171917819426,0.018045558245760544,0.01192363757648838,0.005590736645677325
0.7834084801625079,0.11734518313626216,0.0460239403227984,0.02448331385388248,0.02873908252454909
0.9158023953792555,0.03464786853377049,0.030507336947991747,0.009919120704710337,0.009123278434272072
0.7852910507905656,0.13474052709194495,0.034098088331663993,0.02797784215104277,0.017892491634782667
0.9173117301727546,0.04931503585543822,0.02237393589346729,0.006684871409053563,0.004314426669286389
0.9012310219948512,0.04458048628232337,0.031084581103737352,0.015217707491441239,0.007886203127647045
0.8999554524025118,0.05552375619704842,0.025375738913171048,0.013085065240847188,0.00605998724642157
0.909562263036081,0.058838401066940056,0.018030151885049944,0.009059097640486666,0.004510086371442064
0.9293386740247922,0.04631296103725954,0.014089368853011403,0.007193498406799888,0.003065497678137219
0.8549260455566067,0.08694002691638907,0.030167756315789437,0.020369542219851263,0.007596628991363403
0.9144568176096817,0.05185587327184887,0.018496331292351974,0.010293165921654067,0.004897811904463721
0.9041782341632161,0.06109158316517556,0.016832656548494127,0.011783818946730218,0.006113707176383596
0.9330074246382435,0.03388048191196238,0.018804868682578038,0.009182886226045987,0.005124338541170052
0.9450753568985296,0.031838005005438194,0.013440440727337088,0.006354777375073445,0.003291419993621545
0.9008277147764964,0.0559481282704527,0.01098501133156444,0.015822149683652118,0.01641699593783448
0.866634990754748,0.061685851412195326,0.02317653117276267,0.019547745134842844,0.028954881525451056
0.9641092265938429,0.020361334620383205,0.00627653647327259,0.005574626615516184,0.003678275696985032
0.9422321767796275,0.02882593025023143,0.010487093576979406,0.010547059402058493,0.007907739991103335
0.8752453021107248,0.07218104683444335,0.026553568115466372,0.015445010047148957,0.010575072892216458
0.9498859006218194,0.019196316347199583,0.018477749266049257,0.00808240041135015,0.004357633353581677
0.9548035914080276,0.026686327252453432,0.010495845181944578,0.0045848223137888,0.003429413843785508
0.8620241146532182,0.08406354819076203,0.030595811365380293,0.013167177593634546,0.010149348197004953
0.8456078643756988,0.04996241752452912,0.017284827505749376,0.022539399161176272,0.0646054914328462
0.8093731919137824,0.09067542672581617,0.04068375234367739,0.022144908313555704,0.03712272070316827
0.8779412243521839,0.06097962293233907,0.03383668211944768,0.01742952198435723,0.009812948611672338
0.9343051240043275,0.03453094294121479,0.011797587151471571,0.010947248281638228,0.008419097621347963
0.9389964256641846,0.028535320921996083,0.017693461195178214,0.009010636068416799,0.005764156150224476
0.9505793430620011,0.022529173844003696,0.011808529029088856,0.00815799089813125,0.006924963166775316
0.91446743909502,0.05554223592612165,0.018314709600371716,0.007602622278872618,0.004072993099613915
0.8518359844644411,0.07466380264172243,0.04198580359494977,0.02286627616864333,0.008648133130243367
0.9148698306082708,0.05762991295681629,0.015563018081933923,0.007814535805457174,0.004122702547521872
0.9494971070030483,0.03180380985851972,0.009617550924138697,0.006430641960792729,0.0026508902535007854
0.9224227708482068,0.05411629424967417,0.010373685718580902,0.00845370721080174,0.004633541972736434
0.9252603077227263,0.048397670934046066,0.01331301431544984,0.008244356897975598,0.00478465012980247
0.9496635726255788,0.0333384125964929,0.007549857153437983,0.0059145557034550435,0.0035336019210354137
0.9099573469505045,0.05916297575877303,0.013566096696635204,0.011913312620214344,0.005400267973873129
0.8071536442967133,0.14551895730600545,0.030034249162366675,0.011170059221884663,0.006123090013030079
0.9351301853873843,0.04678933044065634,0.008050763390672833,0.007920946120952765,0.002108774660333673
0.9202579074525163,0.045669031081372595,0.017907859988659517,0.011275465865055305,0.004889735612395988
0.9174363815749221,0.05969651159466367,0.012201569335634245,0.007655004851257171,0.003010532643523113
0.9415330631367229,0.03377287355593771,0.01402501207991873,0.007149781165247236,0.0035192700621732675
0.8969768287058052,0.08050274575432444,0.011401408853721255,0.007005632888388168,0.0041133837977610985
0.8665001829620594,0.09419871613008518,0.021092952415190915,0.01065361802360483,0.007554530469059593
0.9136483308771981,0.060304077605517405,0.009921575527955502,0.01069226486705991,0.005433751122269091
0.9001418668010229,0.05218237538821039,0.020036855101194347,0.018663442875182675,0.008975459834389465
0.9250662601902838,0.0461429443608843,0.011286698263857831,0.011635116430310875,0.0058689807546633155
0.875353443837707,0.05795031956874529,0.03906234021862752,0.01728680789042397,0.010347088484496059
0.837898766267475,0.08288109648140426,0.04431358937188536,0.022005058584911447,0.012901489294324048
0.9655387771372592,0.014203205988741528,0.009126189572361314,0.006655003087566899,0.004476824214070915
0.9277302450280503,0.04877335052617758,0.012839421122953592,0.005774081955650556,0.004882901367167871
0.74639896750239,0.19148176984714568,0.029285802444435245,0.01978365473088055,0.013049805475148474
0.9297377077788969,0.04078735881732427,0.01496451741542935,0.009853980696995503,0.004656435291353898
0.9119109009998069,0.05323220861902394,0.01551402799061849,0.013823562955941145,0.005519299434609637
0.951917899582539,0.025263900556528617,0.011362636864356498,0.007139662852428901,0.004315900144146893
0.8906543463723354,0.07322322012947596,0.01848503380491475,0.011971121362635534,0.005666278330638309
0.8797440642314335,0.0678497341918402,0.021896869179517997,0.020665145911279482,0.009844186485928745
0.9489697312418818,0.023183832027061237,0.013640498583547005,0.010169226855369537,0.004036711292140253
0.9515692396324933,0.0257107518519786,0.011439890562496387,0.007538977365451824,0.003741140587580168
0.9173677796990684,0.03850143278256828,0.02415404489791163,0.012218117497928274,0.0077586251225233915
0.8906145596325087,0.07722335002607059,0.017392129764453732,0.008027168031275877,0.006742792545691266
0.8871160588223657,0.07640915622456294,0.019906208080499335,0.010219794063708706,0.006348782808863156
0.9471793995493673,0.03698064156950624,0.006611464923350892,0.006275691456270137,0.002952802501505794
0.9114679081606144,0.05364567560590587,0.01799855771571681,0.010933530836387867,0.005954327681375007
0.8846456693257831,0.06275951426587291,0.024738544223619645,0.019600189243004235,0.008256082941719894
0.8792895857420707,0.05861250406764683,0.0360441280060224,0.016388010157312272,0.009665772026947666
0.9470914748345645,0.03173926279356557,0.009000385379127673,0.00857013274526716,0.0035987442474752817
0.9196180813850214,0.04563448520503638,0.015359513523549667,0.012660519734440791,0.006727400151951645
0.9290539516205565,0.046307510574237765,0.011394109060477898,0.008746023697639101,0.004498405047089006
0.9447068988384025,0.029226430086625524,0.015153974781980193,0.006570522634194163,0.004342173658797611
0.8955945032639265,0.06341811808316647,0.01846676510868513,0.015340205513853844,0.007180408030368062
0.9445131879550073,0.0242018099472321,0.014331823184240797,0.01047987470954182,0.006473304203978046
0.9143560312127595,0.046033180872423925,0.014439857766682891,0.0176297329765122,0.0075411971716215255
0.7884413683311312,0.16704670473943145,0.020605280994243066,0.014887446306615402,0.009019199628578596
0.9136828736173273,0.06044045809485373,0.009915632783403074,0.008928600092615197,0.007032435411800828
0.928374384204585,0.02300075034932141,0.019094365369586943,0.013935895144536612,0.015594604931970452
0.9696213340736193,0.01332158598713683,0.006493793474992119,0.00608364496261474,0.004479641501637199
0.929786973199408,0.04870236615649469,0.008469986290266969,0.00777042304666462,0.005270251307166049
0.7836131149738971,0.056859144876990036,0.026913398038367203,0.04842801535707078,0.08418632675367474
0.9296011512928924,0.02554123991174639,0.02048048077367108,0.014159620891090179,0.010217507130599811
0.9569965525801581,0.022239833833914844,0.011178067764263219,0.0056378548368327015,0.003947690984831395
0.9450086982991941,0.03187779321512426,0.0072372796843343705,0.009399541271847412,0.006476687529500066
0.9264455380197,0.039437997849381144,0.01298597778975214,0.01312146970708416,0.00800901663408253
0.9297730552132634,0.0363610096743463,0.018044470092467166,0.00908102855301587,0.0067404364669073884
0.9639886925926509,0.022139073355462814,0.006828174988067927,0.00397399755978994,0.0030700615040284806
0.8984953597274012,0.06386308963752921,0.020642360936476773,0.010306458283011024,0.006692731415581844
0.9366105379082708,0.04157982716207304,0.009769421801427917,0.007722692156838963,0.004317520971389095
0.8824953742611604,0.07619066477875688,0.02386763922122903,0.009724587893622119,0.007721733845231576
0.9243168458459387,0.0480144750212886,0.012895159091463005,0.007705470168841675,0.007068049872467891
0.7752926817454856,0.14603499129340497,0.038426632768645254,0.025513898886277815,0.014731795306186367
0.9270598149453111,0.04505907963083942,0.013942202143931302,0.007772390792440403,0.006166512487477857
0.9639768782938947,0.020819250335776668,0.0049313405898603006,0.006391703293384903,0.0038808274870831927
0.854448086007607,0.10663617857084332,0.020904456159386953,0.009753521788369008,0.00825775747379381
0.8910843937534139,0.07948119342807372,0.009445767395456642,0.012874526562361696,0.007114118860694373
0.9209151592481203,0.052874436769878325,0.014555726683927397,0.006311805923273076,0.005342871374800981
0.95870083117724,0.02377501815609617,0.00973322540762657,0.004772983019412997,0.0030179422396241955
0.9185817767780794,0.05559382480282379,0.011965599944057794,0.008943237315593669,0.004915561159445344
0.853883489204938,0.08044126376209484,0.03767724005854715,0.01785551767755306,0.010142489296866787
0.8727476883811248,0.0882180031829877,0.017220934965181494,0.01250200816826252,0.009311365302443515
0.89181933146587,0.05421367418889022,0.030377635932650995,0.017753027761986572,0.005836330650602023
0.9371607161560491,0.04080216700450883,0.010159777621456737,0.00823664702468066,0.003640692193304479
0.9690367800209426,0.013647514009233351,0.009194632293354116,0.005005782596877022,0.0031152910795928662
0.964720147637818,0.012991634779289466,0.011504081395455024,0.007311975859373533,0.003472160328064165
0.7955689916251312,0.1599068038809755,0.0162982101799107,0.02054405505492522,0.007681939259057537
0.8723171633906702,0.09052397864059013,0.0171716418269359,0.011415899279584514,0.008571316862219057
0.817835216518689,0.11993949020713777,0.03770918213320696,0.01420373420047249,0.010312376940493757
0.9478741557864694,0.023604853578788564,0.014027111996720475,0.009551100524390942,0.004942778113630866
0.8622840672016135,0.07627247989604567,0.03093644022020876,0.020393601055089656,0.010113411627042298
0.9451976350362694,0.027597045080433303,0.013715703608450655,0.0088700712282528,0.004619545046593857
0.9369796847967824,0.0444724729918837,0.006808145838256177,0.007809728997429783,0.003929967375648175
0.9577160879482678,0.021188325817448887,0.009710760909466352,0.007426241320692051,0.003958584004125009
0.9335084007174623,0.03823547218830223,0.015339413839965036,0.007276736919333504,0.005639976334936613
0.867885175187123,0.07729328874198213,0.029817957818575342,0.014139759805926341,0.010863818446393152
0.9576028123300176,0.02553938526334658,0.0099768113665698,0.004625699900893468,0.0022552911391724383
0.9367403240188656,0.04132168997780943,0.010475027937195432,0.007813042011277962,0.0036499160548516367
0.9131072114229354,0.04802340966424126,0.017050605221670203,0.015101883393925587,0.0067168902972275565
0.8757059874527908,0.08371631289423664,0.016846983373146655,0.013519576815133497,0.010211139464692306
0.9357923998579919,0.032866591202448524,0.01711356433030522,0.008375167570336508,0.005852277038917621
0.9059592859352744,0.0368205464010615,0.0364687649062396,0.01318669734259025,0.007564705414834579
0.9342716143542361,0.03007194543557292,0.019403318585096575,0.011087294400528183,0.005165827224566115
0.7939933567974261,0.15489030411133273,0.026571386732078896,0.01763963221889363,0.006905320140268628
0.8578439317876901,0.10933575211745919,0.014273418157010425,0.012621020820532418,0.005925877117308005
0.886289832333066,0.07202958480277741,0.019428805095842216,0.01444783167002319,0.007803946098291219
0.8955031339477411,0.0758320138646529,0.012173632681809338,0.011104516085222029,0.005386703420574795
0.8330316087853731,0.11567467719701019,0.018464673451398787,0.023143927267738375,0.00968511329847974
0.917395983790041,0.04812792347999038,0.014799630609606993,0.012137582289555188,0.007538879830806667
0.9050403196276073,0.052911288784455245,0.014659224485625788,0.015489460436374307,0.01189970666593753
0.92999792877998,0.03313167682263332,0.019170329551937076,0.011260734882365963,0.0064393299630836455
0.868129717632971,0.09558484217573314,0.012892538897461697,0.01550698742550069,0.007885913868333382
0.894354407236698,0.05423018587705956,0.022403645305296403,0.01769723921803203,0.011314522362913986
0.8676324865530813,0.08249884219768772,0.021918649024429464,0.017865042708749553,0.010084979516052228
0.9538426118938639,0.030507358046555272,0.006916498064419894,0.006200054947297963,0.0025334770478628883
0.8346924336711993,0.08272508408142498,0.04688741661764106,0.02357260029612505,0.012122465333609634
0.9495091625071038,0.030098805159587995,0.009450199425446013,0.006672176081311631,0.004269656826550729
0.9323707042273421,0.040091462656458576,0.012435779102830715,0.009550373383825176,0.0055516806295433695
0.9621846961175694,0.02238099959502001,0.005244760699133936,0.006677090619476806,0.0035124529687997437
0.9459390904911725,0.034948129210815575,0.007288782411242717,0.008465939791252151,0.0033580580955170675
0.8764501626892905,0.07062318833669536,0.028059141430028738,0.01619943116349223,0.008668076380492946
0.8443535696484165,0.0877385457548612,0.025647560650547106,0.027877438582628877,0.014382885363546455
0.8415498161332463,0.10048849956271898,0.030100753575659434,0.015126322114231452,0.012734608614143625
0.9206095062501414,0.050753344663315235,0.015031307695487077,0.008229330920690418,0.005376510470365916
0.8648728167262748,0.09060944951635105,0.022338845689472805,0.013818334923905893,0.008360553143995681
0.8767343491795642,0.08877048153277424,0.016955182371188596,0.009617765950038494,0.007922220966434466
0.9104527331216532,0.04968782722449593,0.022169897435315406,0.011034935448537552,0.00665460676999787
0.957826171422183,0.022672485331427968,0.008970007337301016,0.007343987721979915,0.003187348187107933
0.9312252476330445,0.03923927824618245,0.007922767157237777,0.013331307190335737,0.00828139977319949
0.8669376601175302,0.07997715949388108,0.029651479394167204,0.013090880839296857,0.010342820155124614
0.8679863646191388,0.06883795932962353,0.027607815966320542,0.01761858022488595,0.01794927986003115
0.8634597005735154,0.05619966351439265,0.014744848228593475,0.02082170639099561,0.044774081292503015
0.9059091700412054,0.05974770207320437,0.01219945793426065,0.010928539482915344,0.01121513046841431
0.9519130409213498,0.027682939195897666,0.0096871645594172,0.006751516122723122,0.003965339200612424
0.9487628358857233,0.03181958024787199,0.008838993626741133,0.007144220054196496,0.003434370185466923
0.9600191077274004,0.0195409814459581,0.011155435355236408,0.005800129565459074,0.0034843459059462098
0.9332659671931034,0.034904925310868466,0.014107730615664307,0.01119848249427464,0.006522894386089084
0.9616355547612006,0.021141288600771937,0.007063145911747018,0.00669536236290413,0.003464648363376162
0.9079051684673032,0.057131568974377676,0.01757565749385385,0.01060011738776643,0.006787487676698802
0.8941862340279018,0.05930506444995749,0.01698146019941209,0.022222462532406367,0.007304778790322483
0.9195827820624707,0.05227660575986947,0.01580330711542506,0.008337686511604275,0.003999618550630885
0.8649557024859038,0.10227649457535896,0.016019853507076135,0.010763568992737185,0.005984380438924067
0.8849468162507689,0.06960566274619252,0.01912510070367809,0.01838689890893934,0.007935521390421238
0.9084897714206459,0.04850439398280148,0.02411733602123966,0.01247069053107191,0.006417808044240723
0.862496898401106,0.09118883267658107,0.020003465817944006,0.017308113299142152,0.009002689805226685
0.8627247474770408,0.09997600000210163,0.014674878406715776,0.015706374226081576,0.006917999888060319
0.8934353374559943,0.06661583854733044,0.01948104554614506,0.011846938843278481,0.008620839607251922
0.8491036181342908,0.08663173860971252,0.03339282813134242,0.016904988049431795,0.013966827075222552
0.9483222186865891,0.029779950397068482,0.009729125946561883,0.007821519863079546,0.004347185106700971
0.9402289348357324,0.040028920779195565,0.010198130938706453,0.006105840062730032,0.0034381733836354785
0.8687235149271765,0.06813088363158339,0.03184244803833099,0.022061487410898768,0.009241665992010413
0.8768216148000954,0.07048560898565202,0.025423344743639446,0.017075137784833706,0.01019429368577955
0.8876838370904467,0.06970523389543685,0.025545823710195197,0.010558633598586479,0.006506471705334696
0.8852435455467363,0.06903766673135447,0.02476314151139898,0.01192567637255191,0.009029969837958628
0.9364135461820453,0.03775616663443556,0.010264991732664092,0.01077084212082483,0.0047944533300303795
0.9168562307391226,0.042270026466993384,0.013099887711334435,0.019875874362215083,0.007897980720334844
0.8683635253764656,0.07528730352395183,0.03216376208717381,0.016553523908351492,0.007631885104057178
0.8124267939409626,0.1446943518841811,0.022752588361117466,0.01041538272014509,0.009710883093593888
0.8907860551540302,0.07168229608736086,0.018277395280849335,0.014885519477460387,0.004368734000299219
0.962901593768927,0.021854889290407582,0.0062764372838486175,0.006018956420037572,0.0029481232367791275
0.9294876647145947,0.04933056098671301,0.0119873586970274,0.005556297721745001,0.0036381178799196746
0.8640166259983915,0.07947605801795173,0.03400687945071601,0.014215500884757393,0.008284935648183675
0.9309356761516898,0.040518752061272256,0.013397454135828223,0.00855809805603843,0.006590019595171292
0.9426012444378004,0.030366427594615095,0.013697529110674001,0.0077027560729442035,0.00563204278396641
0.8718892641889071,0.06989907400867253,0.03578365785939904,0.013679445078757598,0.00874855886426395
0.8727174475566445,0.07259250027439795,0.03235823877501123,0.01584935149227686,0.00648246190166939
0.9069539810197036,0.05691306108655064,0.015580476740375368,0.015537410914937894,0.005015070238432458
0.882508990955205,0.08278896482865511,0.014265423538563873,0.012893878111444749,0.007542742566131576
0.8961411024276342,0.07460386385028732,0.01320494855279628,0.011315656622828161,0.0047344285464540154
0.928513587070332,0.04246913856858969,0.013386897162967194,0.011339090482478928,0.004291286715631866
0.9478817906640775,0.03273080443470516,0.010517484154304308,0.0060617699888049865,0.0028081507581078687
0.7563811230326504,0.17012044441441534,0.045633755894723314,0.017962438558112796,0.009902238100098238
0.9463168951435724,0.03340617050348397,0.008219214852493354,0.008850825392471425,0.0032068941079789366
0.8667824552481438,0.07475024321387758,0.032625515664170546,0.01682296467158599,0.009018821202222372
0.9190911918913879,0.04634216043162489,0.020812446320102165,0.008819941885451404,0.004934259471433795
0.9142463501996769,0.044841396957504824,0.021589584132287662,0.012878766706308881,0.006443902004221801
0.9454486630464458,0.03234711295374799,0.011885510814990957,0.006394302852167155,0.003924410332647987
0.9299766944388198,0.04095126662961521,0.016232687216978032,0.008517213988276826,0.004322137726309966
0.9302887527490298,0.029539866726474587,0.022003974733012414,0.012231486780658567,0.005935919010824697
0.8839280908977892,0.07085164419880004,0.026092485026554958,0.01242921807049042,0.00669856180636533
0.9214181952507349,0.040614122049310475,0.015752491584317428,0.012574011575538545,0.009641179540098738
0.951362686198146,0.025858096837626156,0.011053116818956673,0.007605397093076369,0.004120703052194885
0.8953665735911827,0.052718685669038375,0.03253038379804554,0.013200047474187739,0.006184309467545527
0.955155983935677,0.024261716480207713,0.010005999205937933,0.006847343477775589,0.00372895690040153
0.9446225202393816,0.030220272671834213,0.01363746322442784,0.00767986374179585,0.0038398801225604565
0.8944689077960447,0.06352337425651448,0.024297014239819385,0.01235160908525852,0.005359094622362755
0.7571519023633422,0.17510921209849253,0.032819211524235094,0.025161214454370487,0.009758459559559599
0.7891380294007119,0.13949632337029957,0.040488388600730445,0.021606651273006965,0.009270607355251191
0.8455885334350103,0.11280014660831608,0.017082518815547836,0.016626135131038125,0.007902666010087456
0.894257567410902,0.05949082607565248,0.02167634554725286,0.016960736862149158,0.007614524104043353
0.8902753717209618,0.06829762236395287,0.017535877055044433,0.016478341568003617,0.0074127872920373445
0.9050756521035479,0.05593946637477021,0.01899566153380568,0.013293249228612606,0.006695970759263859
0.9623210958507902,0.023642233020178777,0.006973203950671863,0.00432210014952284,0.002741367028836379
0.9318999337784086,0.041980746902663985,0.014565015297948182,0.006944967357095349,0.004609336663884052
0.9374767038997546,0.04447013098617623,0.009949359734603862,0.004715345740898677,0.0033884596385665056
0.841783379160972,0.08014439524773309,0.04111400421989473,0.023451356763372688,0.013506864608027575
0.9157866410706335,0.052275939141100305,0.015054622397925179,0.011847372445414698,0.005035424944926567
0.9294655898552924,0.048686509629725754,0.007332836315178415,0.009089489488217889,0.005425574711585592
0.9000819596917343,0.07288154727072824,0.012546203699021187,0.009264835926561143,0.005225453411955091
0.947910629552661,0.02717027744429738,0.014119429745834551,0.007485184089440108,0.0033144791677668607
0.9447967746469836,0.02471484849952195,0.017055667065442863,0.009616005280520408,0.003816704507531095
0.9615614048973324,0.015460875235879938,0.013999396951578171,0.006730322899870483,0.00224800001533879
0.9671939813565199,0.019187253282746963,0.0081492215993409,0.0036514016414195103,0.0018181421199727473
0.9415518091342007,0.03195662423650422,0.0114292549127713,0.010418756308141144,0.004643555408382717
0.9432470005006962,0.03829846057649911,0.007514344127573671,0.007361719811775129,0.003578474983455959
0.8857120990602957,0.06904746200229002,0.02124115830542637,0.01408861260866875,0.009910668023319373
0.9369538858178482,0.04594168549855748,0.005182855399801789,0.00891756551496783,0.0030040077688247625
0.9472511807915802,0.035506129945796404,0.006534848827881526,0.006823274132550424,0.003884566302191294
0.9554071972564409,0.030865396056381743,0.0070449653720088806,0.004454187954895182,0.0022282533602732556
0.9291301584200121,0.04331859218945724,0.01279449662695422,0.008223350562797107,0.006533402200779294
0.9536665982355811,0.02740663330978303,0.00904045429007042,0.006336977254923797,0.0035493369096415883
0.8995681317103925,0.05876296292667069,0.019362987423871995,0.01476756734164254,0.007538350597422162
0.8681460810324787,0.09035065448614046,0.0212409412952766,0.013183111557926569,0.007079211628177629
0.9131185934920629,0.05463978503623806,0.01241370724805198,0.012350445332813178,0.007477468890833864
0.9277797521937805,0.03362629468565904,0.024454397197108298,0.010176038457071922,0.003963517466380182
0.9454912833060758,0.02919313223411949,0.016390041116258625,0.005889086244266842,0.003036457099279062
0.9008250865838622,0.06636918445345107,0.019566209396386286,0.00844686202922512,0.004792657537075531
0.9248475381325687,0.048222260420466345,0.016253208740318274,0.007025832290862427,0.003651160415784284
0.8984778700947422,0.06340307449290057,0.022199164477219053,0.010218053325580359,0.005701837609557828
0.9292101199986655,0.038333581171726236,0.016540355631699637,0.012037878659232639,0.00387806453867588
0.9265796178471161,0.03268778239736388,0.028066429168632123,0.008240925338597471,0.004425245248290431
0.8781560919802784,0.08242733318443046,0.01913625208432274,0.014224764191505949,0.0060555585594622725
0.8837068056014971,0.065342846716321,0.025284345937531667,0.016940528209809607,0.008725473534840895
0.9475997567771852,0.022149594875446883,0.018840718159427606,0.007614632950097748,0.0037952972378426588
0.8771357585338393,0.06296722539454844,0.036615079711472265,0.016166332717632192,0.007115603642508034
0.8733086991892167,0.06282976143439892,0.04089058863780017,0.0158335282633654,0.0071374224752187975
0.8651427439867766,0.09958283483347338,0.017754954870732476,0.00996314190236723,0.007556324406650307
0.7125890173939349,0.18809867415849163,0.03634054798358798,0.028618651716447216,0.03435310874753818
0.8865574010492548,0.051839274330998115,0.028796289696381882,0.020994224234761164,0.01181281068860391
0.9234537802718874,0.03876144700239848,0.01812976951152901,0.014336309181511804,0.005318694032673287
0.9616611544365699,0.025194462708383974,0.004960397921658874,0.00556832454782832,0.0026156603855592344
0.8929394363679736,0.052470676388381335,0.025122136760584595,0.01927267025188751,0.010195080231172991
0.9481887961888771,0.03788051524041656,0.006856154565251871,0.004589701979961317,0.002484832025493288
0.8169552098926007,0.1190429106915649,0.037570639840109686,0.018789334423913468,0.0076419051518111045
0.9352385665551283,0.03562612938980743,0.014967114183461106,0.008884612943197314,0.005283576928405976
0.8568569017232743,0.11203142661585794,0.0117633777930396,0.012040456216599755,0.007307837651228545
0.9090296575159431,0.06679221774923627,0.01260690339974308,0.006839199427065899,0.004732021908011454
0.8921885301446177,0.06741659179787651,0.016632997906265233,0.01647348237116544,0.0072883977800750855
0.9280050332644111,0.03131493924885337,0.017946831443622042,0.014215579378182694,0.008517616664930769
0.9625361761053488,0.01913692897932805,0.00732898791547189,0.006694549702527288,0.004303357297323869
0.8939261823255235,0.07319311722310752,0.016442338418848776,0.010021227753838124,0.006417134278682044
0.9360203385632052,0.03876762617603323,0.012610967193968762,0.007423571142998775,0.005177496923794232
0.9112216053370349,0.05130074100579878,0.01849309657675456,0.012762450534176196,0.006222106546235545
0.9126286141719498,0.05802198193380712,0.012147712046789171,0.010465252106384262,0.006736439741069651
0.9568858421354911,0.019491276406725447,0.011230324125951378,0.006868344990551821,0.0055242123412804055
0.88585874507808,0.07379667583097578,0.020728286379565097,0.013141008587054416,0.006475284124324891
0.8460863969198357,0.10159061926282376,0.025828687384149285,0.01592280932740264,0.010571487105788294
0.9117744125730589,0.04914926155741399,0.01923110532956456,0.012002936036714906,0.00784228450324754
0.8898802558086066,0.0737206364420855,0.012397996491867394,0.014832581215140453,0.009168530042300137
0.7993564943097725,0.12590498903598019,0.02511157727277249,0.03061386397514232,0.019013075406332354
0.9780212096660078,0.010419355397097705,0.005851964797174892,0.0033347184269982505,0.0023727517127210243
0.9322281435929013,0.0360101681723916,0.015075000677588657,0.01096147606269306,0.0057252114944257495
0.9281566873099767,0.03553830930862574,0.012743438201034173,0.014665480515355862,0.008896084665007508
0.8642172600052618,0.07751491303500808,0.023251461500713964,0.019690458916213228,0.01532590654280288
0.8853985343467866,0.06549240915478882,0.021523913479923513,0.015331378722060633,0.012253764296440388
0.9335218618233617,0.03826456651946068,0.011278203588757812,0.009501435869195407,0.0074339321992240946
0.8951341830642999,0.06170092998151633,0.01826113259686595,0.014508761871141218,0.010394992486176731
0.8223360608421169,0.09448764751341475,0.0416995193286072,0.022293665729923026,0.019183106585938012
0.8845352995462511,0.055304591638936536,0.032373102780584306,0.016545093382188247,0.011241912652039937
0.8903325356151365,0.060397822655521544,0.018485753074637352,0.019599206293797546,0.011184682360907042
0.8304640531751812,0.10766035970498318,0.025980727966286934,0.017312302126364577,0.018582557027183953
0.8802880214315905,0.0650870601700096,0.02363707265561595,0.01747216183982684,0.013515683902957442
0.9485313322485095,0.02502989307657535,0.012328538880744018,0.00774014126696031,0.006370094527210883
0.9213269353631796,0.0316090741667455,0.018487486648212863,0.009016020435497814,0.01956048338636429
0.7928871625039595,0.08205521323239862,0.011661181012772009,0.034778483198395556,0.07861796005247437
0.9168102008769848,0.038503651341929464,0.019240743367593894,0.01044662314190215,0.01499878127158972
0.9340275241991893,0.03169444971152672,0.01184821032149828,0.01610468414728318,0.006325131620502535
0.9195880664507443,0.04736193783255341,0.014287188414508089,0.01248490808838926,0.006277899213804965
0.9052177490420035,0.05445493274825951,0.02145308984226074,0.010578268615722131,0.008295959751754232
0.8869407711918968,0.06504698744735771,0.021640770440745468,0.016030279750783097,0.01034119116921705
0.9523670122241411,0.03098068699865506,0.006867709539491411,0.00623404995707791,0.0035505412806343564
0.909378749154055,0.05725412191216983,0.014608273902687574,0.011081906060176156,0.0076769489709115355
0.8961310870745991,0.06071508482102025,0.017387819626206898,0.017878640739006905,0.007887367739166873
0.9299954404603314,0.04542944045579339,0.010019842293577594,0.010194087951459804,0.004361188838837703
0.8811520031464437,0.08171667199253742,0.01450799547546023,0.015199011961062018,0.0074243174244965375
0.9214513931205854,0.04632850628295192,0.009421990583350671,0.012349987116315027,0.010448122896796743
0.8806943022477796,0.07769655362891893,0.014392339852497873,0.018469592955912027,0.0087472113148916
0.8782902707836538,0.08660657662248908,0.014974767323346521,0.013999302304742167,0.006129082965768421
0.9179117467883703,0.052594076356909665,0.01629512943776314,0.008481092197157848,0.004717955219798957
0.9690910828906776,0.012211697011151006,0.009069524426678894,0.005102204596769837,0.004525491074722571
0.9719996864405122,0.017345540145933657,0.005501981227091013,0.0032842834666622885,0.001868508719801322
0.9327063774241497,0.040934160835895766,0.012567121475726127,0.008294396152226647,0.005497944112001754
0.913519532203163,0.05255239095566185,0.015894240822963656,0.010979853353053497,0.007053982665157936
0.9624371134884938,0.021383813556077998,0.0072634276198655775,0.005677109338214315,0.00323853599734832
0.9448419378418749,0.03500241832444853,0.008406377140395788,0.0073048524308429565,0.004444414262437793
0.8807900557690351,0.0846613716471779,0.013978014269995485,0.013194274690799318,0.007376283622992243
0.9222222116477025,0.045873901365662564,0.014295689944572514,0.010809994611713784,0.006798202430348572
0.7263538443791477,0.1786336689982694,0.04676683994309388,0.034414394454706905,0.01383125222478219
0.8915197685460357,0.07437981288463709,0.018242489462026865,0.011311671744497985,0.004546257362802543
0.8948897226184706,0.06518392548413797,0.020844009448302666,0.012478694518405107,0.006603647930683709
0.8729342049551693,0.08677944999738813,0.02391556144547526,0.011859298983493837,0.004511484618473748
0.8705963153537907,0.08082161178746256,0.019251754249219714,0.017086820859211673,0.01224349775031575
0.8731080341904927,0.05611110975434166,0.03974991748638456,0.018650637108493445,0.0123803014602876
0.8974734953228949,0.06560899286195997,0.01960019432770119,0.010596436123257356,0.006720881364186567
0.854559571435194,0.10104234190576986,0.014220376039786367,0.01914014605147717,0.011037564567772658
0.9085225716152898,0.04017633989335688,0.014838717205963282,0.015139446897198776,0.02132292438819129
0.8872238341272543,0.055524161266416586,0.020377235401927644,0.017086790075107154,0.019787979129294406
0.9460316680845712,0.02551387741922947,0.01433734549218868,0.005893194767245066,0.00822391423676573
0.8645034961970834,0.039777586723017615,0.03977596197142625,0.027428786677985924,0.028514168430486826
0.8473180760960268,0.08167372206385995,0.031056400453743235,0.024507120597141045,0.015444680789228924
0.9388300235117023,0.03358743953025428,0.010045063479303019,0.010261392929908216,0.007276080548832206
0.8648751775072022,0.07461028573788954,0.018441332181062815,0.022010987114589146,0.020062217459256182
0.9218999771598158,0.035393008239161604,0.01546101879325142,0.014220332751186974,0.013025663056584499
0.9269117929914152,0.029302705755122286,0.016037530979080054,0.015749984513756705,0.011997985760626054
0.8887356527772146,0.05129538929784937,0.02465465515148333,0.016442707534109705,0.01887159523934325
0.9327604564765007,0.032355114993808755,0.015690574639864226,0.009164068834092216,0.010029785055734233
0.917738105139886,0.05433485624619411,0.008541054046728738,0.010076662949365243,0.009309321617825892
0.8557780787197747,0.09438624859264695,0.01692385008692443,0.014118772556746782,0.018793050043907217
0.8806607276673422,0.060886078962441435,0.02819608743488369,0.014200108734175598,0.016056997201157212
0.9036202883953138,0.05736805111033664,0.01788301511032568,0.010558268421958077,0.010570376962065732
0.8974537909738113,0.05549016820885955,0.015948947754413592,0.01587122186582792,0.015235871197087917
0.8943523147697867,0.062316947722450174,0.014746402968907078,0.014006836335816042,0.014577498203040244
0.8864807126954014,0.06453402406532888,0.01402883458523783,0.019247177223426545,0.01570925143060544
0.911590870612383,0.035672611792065934,0.02294653364404415,0.012272231941522214,0.017517752009984816
0.8418150506976,0.09357121458693965,0.02490816645250532,0.017816314828586137,0.0218892534343692
0.9432437510105373,0.03059738159574323,0.00816317599147748,0.009956285203596633,0.008039406198645578
0.8865614991326136,0.05573709865782477,0.022849068161265303,0.017872955327820978,0.016979378720475568
0.8993864696786005,0.06808883916402084,0.017080016512515846,0.008966569942128537,0.006478104702734665
0.7737520932698047,0.13595541056099233,0.04060170417515067,0.028164079112965146,0.021526712881086967
0.9119044170654179,0.05030797892210541,0.01843676723002628,0.011259606255029432,0.00809123052742101
0.9582679482417743,0.016194388685199797,0.01345402170078881,0.006050394208142793,0.006033247164094121
0.945966517511393,0.028474040930718675,0.012528333022008153,0.0068835762959227305,0.006147532239957518
0.864120680817808,0.07873220842860935,0.027846402534807874,0.014761138707415402,0.014539569511359391
0.9149985124790027,0.05737201769801003,0.01013313404232965,0.008703059726929299,0.008793276053728389
0.8541765785912958,0.07810771390195614,0.0356127215882253,0.01805585093408145,0.014047134984441245
0.9616689811558975,0.019960759557451715,0.006560683881585071,0.00627190064838121,0.005537674756684507
