Delta_Power,Theta_Power,Alpha_Power,Beta_Power,Gamma_Power
0.9178490637071856,0.04794473223323438,0.013241971621737252,0.011782918821319035,0.009181313616523664
0.932727595320106,0.037019121108715705,0.014098351958587763,0.009033663732682808,0.00712126787990792
0.8924396277318437,0.06045999198235442,0.021687899930785244,0.015536488667400056,0.009875991687616338
0.8352134504440374,0.0938600850307239,0.033712992716028664,0.021773535453013408,0.015439936356196587
0.9394606796668481,0.02901048612527099,0.01753791405387675,0.008340676275765636,0.005650243878238785
0.9209424423318869,0.044875797172729416,0.014974321349943273,0.012171403295707045,0.007036035849733298
0.9193164337022794,0.04129197413735167,0.014830303732238957,0.01582558063328782,0.008735707794842113
0.8280593395041297,0.11223961735978166,0.02560498417513881,0.018308631097717538,0.015787427863232475
0.8996854073051214,0.06389654038776661,0.016732849488943564,0.012873726527015551,0.0068114762911526934
0.814675506021221,0.10075851881094756,0.03342773465659074,0.03283094824692308,0.0183072922643176
0.955540922603518,0.021449184264365023,0.009757454731032107,0.0064121882501678735,0.0068402501509170505
0.911997166162852,0.04939738171273678,0.017552188398223565,0.014391978242253021,0.006661285483934636
0.8234881701568589,0.11623653762052658,0.03128034948472646,0.01809272768472918,0.01090221505315864
0.9128426363011565,0.053360097291515036,0.01667404512319712,0.010174524274029192,0.006948697010102163
0.8903860174223914,0.06812165367828009,0.0208205005413199,0.013036908624124531,0.007634919733884028
0.8823366190137656,0.0851656616547819,0.013377927424309424,0.011874318347344062,0.007245473559798739
0.9240815184799521,0.04263297030340971,0.01834326238825157,0.009327773959370527,0.0056144748690160175
0.8970397612586343,0.05294172278973189,0.02331212221494044,0.016631267149384864,0.010075126587308652
0.8946949508187305,0.06893558423153624,0.015791184717071322,0.011092945185197475,0.009485335047464509
0.8647439222558232,0.09199618298184795,0.02023606671075312,0.013798134905349379,0.009225693146226725
0.8961872329194037,0.07125491210545003,0.013568612665981075,0.010612963440241086,0.008376278868924189
0.9218947887268117,0.03703828872735937,0.0196486041052398,0.013174719807990733,0.008243598632598336
0.9417817226465344,0.038308728540021306,0.00949333981346409,0.006438081636646594,0.003978127363333721
0.9618422048738928,0.02035612179622162,0.006211893294790916,0.0071950196306011975,0.00439476040449353
0.897686695633239,0.067193740387571,0.01390178813274991,0.012498574609127585,0.00871920123731236
0.9272967243046308,0.04480286019828418,0.011176580945982088,0.009805675840592996,0.006918158710510173
0.8848536793167205,0.05812333628396225,0.026451325952036496,0.019872559538680737,0.010699098908599628
0.8786711016466188,0.0743184715470623,0.019559513869056785,0.01712149879044133,0.010329414146820553
0.9186046645417376,0.04447882437315425,0.01967738450256289,0.00998534741933491,0.007253779163210133
0.9322163597706522,0.03496884077808751,0.015104079550073443,0.011194074056321038,0.006516645844865818
0.8819813465611407,0.08032190503600707,0.01542347165192674,0.012762721520795163,0.009510555230130242
0.9189455616409808,0.03912186806423176,0.020186063997003192,0.011821263518663836,0.009925242779120429
0.9189414787005923,0.04077679485201311,0.01966525257947128,0.011672271157619572,0.008944202710303554
0.8358462048913163,0.11537466069646483,0.017946590990276023,0.019955790926283308,0.010876752495659753
0.9249953444805551,0.04202352191367783,0.017659398378869016,0.008963929450502226,0.006357805776396024
0.8569530573997889,0.08438913302764191,0.023231836221579535,0.018044628349534585,0.017381345001455197
0.9130538731431159,0.05315962101692293,0.014859742884383034,0.011044307195176704,0.007882455760401223
0.8299448875294491,0.1062295150028617,0.025474989290491364,0.024207756951765854,0.014142851225431777
0.9347281365018452,0.0403162843523121,0.012349477291995791,0.006633182067441361,0.005972919786405479
0.7858371202832465,0.1233827053891144,0.03928451501051933,0.034239936724725195,0.017255722592394447
0.8477798844491785,0.10231251770221889,0.014213503273417203,0.019271826132776664,0.01642226844240914
0.8552777762759582,0.0877194260185148,0.02066069269471663,0.017207843739017716,0.01913426127179243
0.8384619601959397,0.10105788276392692,0.02641070002936663,0.01800604389452462,0.016063413116242077
0.7797326834778507,0.11652957725305356,0.03941790634401408,0.03581894992459772,0.02850088300048359
0.8247924877395051,0.12282385875402034,0.019604867068082833,0.019006106899115215,0.01377267953927635
0.9073555628002743,0.05382187286703882,0.015858443194945834,0.011128452456115809,0.011835668681625196
0.8997327469360096,0.05097070752062314,0.015299767204347748,0.020107485804119665,0.013889292534899633
0.8588772695426464,0.09269192478061612,0.02381417668618528,0.013453324775530724,0.011163304215021435
0.9310027388527579,0.03354902757302807,0.016968040240114328,0.010503542635740952,0.00797665069835873
0.8283444523913097,0.0973979794918866,0.0399670848173074,0.019084822252045396,0.015205661047450861
0.8668104671580481,0.06870052748685196,0.026737950810052688,0.022950724104650162,0.014800330440396924
0.8480252924641961,0.09209215549390806,0.026982186044858646,0.01833221621163011,0.014568149785407047
0.8607776270864197,0.07855289838288451,0.023380115186133737,0.018270765057564267,0.019018594286997925
0.7616340882664451,0.14077408518949086,0.0355343613189918,0.032846530135937975,0.02921093508913417
0.9103765079526767,0.04559342083925807,0.019953656175225883,0.01295101285278685,0.011125402180052585
0.8587677105595184,0.08301933129096162,0.01887146850442404,0.023719725532938843,0.015621764112157198
0.9164054988238926,0.03644161921636194,0.021976986003343843,0.015587826697392011,0.009588069259009858
0.9249066537866639,0.046538553619095244,0.01034643518988538,0.010602688645359256,0.007605668758996162
0.7718715069330181,0.16011644096012534,0.032718816830062995,0.017342733822054188,0.017950501454739393
0.8535435989564725,0.09830868837168033,0.026398956639858945,0.013280646573988586,0.008468109457999758
0.9133400395739809,0.0431331562820826,0.0273732798483492,0.008653233921399796,0.0075002903741874915
0.8458939096335163,0.08784636613411008,0.028102999069851815,0.0236922324716601,0.014464492690861626
0.9241709631348772,0.04420590439175029,0.016069538613986526,0.009691053124663352,0.005862540734722899
0.8625218425420127,0.09994820855131004,0.018043864242856596,0.010549695698515256,0.008936388965305247
0.8851457792527594,0.07662506128264797,0.017238140474491223,0.009835573243309262,0.011155445746791885
0.8258688360925502,0.11523764261346167,0.03311630690731104,0.01556343350859999,0.010213780878077046
0.8888768904925622,0.052487485478012574,0.030504278633015736,0.016254301528906338,0.011877043867503007
0.9286137454365205,0.038320831528601794,0.011126080520305314,0.010829547667113764,0.011109794847458448
0.9219200221454535,0.034290122652647324,0.020992384573657312,0.011495264634783823,0.011302205993457935
0.8838734774147168,0.06385357707311923,0.01851919264091056,0.016632337029149638,0.017121415842103912
0.8672255983699012,0.05424414096440277,0.024590702528783353,0.022824461411813605,0.03111509672509924
0.9015976634154315,0.04698312817004209,0.02756798254833699,0.011825707693393079,0.01202551817279645
0.7466487889306942,0.13352874664135067,0.06067238042414073,0.035391913298305405,0.02375817070550887
0.8191049378207986,0.09336291986355198,0.05370696923663909,0.01973595311552882,0.014089219963481591
0.8510026917982846,0.08897328902221137,0.028481368662984115,0.01738332243842286,0.014159328078096986
0.845735242290227,0.06795549659856821,0.05503960020842614,0.01944913197382194,0.01182052892895683
0.9149125466878381,0.03893134149504564,0.017099127745882417,0.017566947309388747,0.011490036761845132
0.893798042733388,0.04798195823263022,0.03206536207722453,0.012535122737146083,0.013619514219610914
0.8705626709317837,0.07328626812687523,0.025403843906752,0.016655393132847474,0.014091823901741548
0.7950222500633198,0.10502022224641269,0.04163812443539813,0.029339172682964154,0.028980230571905154
0.8151007900659537,0.1073630443858947,0.03284897599241675,0.022773172809965297,0.021914016745769423
0.9484610583035844,0.035825202974691286,0.005484233324716477,0.006387649534350411,0.0038418558626574168
0.9132365678796885,0.04607255251419015,0.019859062686365163,0.012264509377949383,0.008567307541806683
0.9223072426894385,0.03863211154013496,0.01488806873195417,0.014060911285396242,0.010111665753076149
0.927178402851064,0.03361271832185604,0.01764029301508474,0.012346124748177633,0.009222461063817777
0.8909997785517217,0.05945210422863907,0.03039934725043241,0.00937781223902459,0.009770957730182135
0.8250408541127481,0.09743067141899214,0.04104172127948384,0.018450893529471768,0.018035859659304213
0.9429109613409603,0.026019190253556795,0.015503281717587412,0.009408663224583216,0.006157903463312533
0.879960628682439,0.06030634969507307,0.023968101155325886,0.02367821991936604,0.012086700547796092
0.8736121700042511,0.059163036000496896,0.026554151384283593,0.02518074844403292,0.015489894166935565
0.835081782570775,0.10546860880595854,0.026169860009663082,0.017053425197334184,0.016226323416269072
0.8475056622010202,0.09681663785905202,0.019492441170370203,0.02216979401952053,0.014015464750036767
0.8440030314889471,0.08732596699540386,0.02968654779973151,0.02024402701810641,0.018740426697811365
0.8327698451043817,0.09542867033289675,0.031481352830989566,0.023591712283331144,0.01672841944840094
0.9194100553365643,0.03577952807175988,0.0198915773142964,0.014467320604499434,0.010451518672880163
0.8960618069122442,0.06626780815625562,0.013748182533063468,0.014869856340545905,0.009052346057890761
0.8873571094134367,0.062440489505316055,0.020799967361312944,0.01979750677253145,0.009604926947402725
0.8987852426018997,0.07486534074483428,0.010913314364452326,0.009011786911261338,0.0064243153775522715
0.8424051569691384,0.08784571661489259,0.024451363214503308,0.022768893801579315,0.022528869399886166
0.8445052379246577,0.0719678564130868,0.01988572612648924,0.0279412101540469,0.035699969381719106
0.9373171093928628,0.036147260522697615,0.01226838468520111,0.009110329735713922,0.005156915663524525
0.8907709180616502,0.06542037753928716,0.022277486920919187,0.014073251909640202,0.007457965568503224
0.8190863872285195,0.1182499000120573,0.03327558007396326,0.018477455063938233,0.010910677621521732
0.9052381296944146,0.056354210436527906,0.021685576398399256,0.010921136992400243,0.0058009464782578435
0.7436458156473473,0.15807131452349366,0.052165295681036096,0.033080038961674225,0.01303753518644866
0.7925468159694566,0.12508084448743115,0.03868418025232226,0.029682970369572417,0.014005188921217642
0.867657534130718,0.09855221939067109,0.01657396434162215,0.011468822595712448,0.005747459541276283
0.8797477697966342,0.06812838996273543,0.024826958911047612,0.01694791017804133,0.01034897115154128
0.7729991686857892,0.15497980868905628,0.030704480045637954,0.02901750765024246,0.012299034929273835
0.8769309686058467,0.0670976264374842,0.02967002569759451,0.017878264701820877,0.008423114557253796
0.8242664519552251,0.10713283435252809,0.032028530622689136,0.02358705338535181,0.012985129684205768
0.916273672555181,0.04685857541984349,0.01868532466194119,0.010427796797696601,0.007754630565337635
0.7894101440959005,0.1268621468158983,0.047444445953766574,0.022089069117764603,0.014194194016670129
0.8571532650608955,0.09277961026692369,0.025578277984492408,0.01767115701743686,0.0068176896702515505
0.875338406976704,0.06947613665302346,0.02344517435392967,0.017473216513527606,0.014267065502815417
0.8839893980372797,0.0719287287612726,0.012391978780883769,0.012625341419080817,0.019064553001483225
0.911130508645929,0.04520658593682715,0.018123959727174246,0.015634074374035162,0.00990487131603458
0.9034172831412609,0.0536272318114678,0.02536923779226675,0.010649884412982551,0.006936362842021904
0.8966913265496493,0.055508189370025884,0.024748333939829465,0.015878311487448154,0.007173838653047251
0.9307212288386922,0.04039240005088178,0.013249705499582081,0.011408774658761337,0.004227890952082494
0.8423854789062923,0.09976420455526183,0.025714041907446937,0.022366920918728384,0.009769353712270633
0.9071956550050367,0.05476813827551006,0.019740839676125388,0.012625285012510002,0.005670082030817688
0.9185388184443335,0.054214812342623146,0.016141884117395124,0.00702242844472123,0.004082056650927268
0.8231080373063544,0.12240866566624821,0.02817208754828083,0.018430313409288142,0.007880896069828133
0.9720424934835175,0.014000394366648935,0.006597858853270305,0.003923360343684227,0.0034358929528793426
0.9228008948217256,0.045361314327696294,0.009644159790622218,0.016014871632066063,0.006178759427889775
0.8933868304489702,0.05884239066006106,0.02152276116391536,0.020746292556116513,0.005501725170937045
0.8446684226099184,0.09985211637444742,0.034225642086842,0.013045534366806584,0.008208284561985581
0.8854946824941298,0.05911705564011813,0.03274034729129079,0.014910147528643242,0.007737767045817962
0.927458410595151,0.033074527074911195,0.020789190911232804,0.011615739016521355,0.007062132402183729
0.9044023378011895,0.060407894477366234,0.013618718511339402,0.014207670099921481,0.007363379110183312
0.8196703019992463,0.11354743251269409,0.03343782943981635,0.02074778706512317,0.01259664898311997
0.9542070066402589,0.023294652806063614,0.0106231720248166,0.007956346171312646,0.00391882235754826
0.9300554074450474,0.033468312364299514,0.018981052658880775,0.010989378031206835,0.006505849500565247
0.8727428628286769,0.09127715325507114,0.01729951475818245,0.012506990672521947,0.006173478485547752
0.9083480275957714,0.06173136115527653,0.01547830709511195,0.009494302102663624,0.00494800205117663
0.8998487879533584,0.059157712048252674,0.021061448286908355,0.013756406278080651,0.006175645433399756
0.9297831095689284,0.03924441041105117,0.01057974560955843,0.015503039017358467,0.004889695393103532
0.8526096781240409,0.09097224552609459,0.029053568167193025,0.02029006998823598,0.007074438194435607
0.8537472162050989,0.07666162986380036,0.0442752403642377,0.015755358830977576,0.009560554735885445
0.9164767953372837,0.05447590114088197,0.01167624323654266,0.010913464802548343,0.006457595482743291
0.9053297804910972,0.05000699156566875,0.03173745544082701,0.008394880984555576,0.0045308915178515425
0.9244205573644002,0.047171773561144874,0.015370042497715598,0.008337204706296718,0.004700421870442708
0.9233885044246649,0.046274096249472436,0.012438056402094715,0.008825049494997135,0.009074293428771096
0.8619657406866482,0.0717872118921772,0.026676813241442686,0.0173422556579634,0.022227978521768405
0.8494492395839497,0.09795691684524989,0.023469092318021002,0.013509784655271211,0.015614966597508105
0.8639045197189591,0.08690874257258906,0.020777377756920238,0.020881320362762905,0.007528039588768695
0.8695906428216403,0.08451296351624074,0.025312312719805156,0.013550059340338884,0.007034021601974884
0.8540338176876062,0.08705230446027011,0.02526287578676779,0.02495241886697649,0.008698583198379458
0.864755533769616,0.07724527823670065,0.03503645317703783,0.015250612775914104,0.007712122040731434
0.7523272297674521,0.17473767734605858,0.03424609037721331,0.026267362884599157,0.012421639624676553
0.8836512628550218,0.06703575975787597,0.02770282592095322,0.015062235428294843,0.006547916037854237
0.8543242127191325,0.09196006237266614,0.026438523546674014,0.01774645473810435,0.00953074662342283
0.871427340457234,0.07866667364513119,0.029483711311960037,0.01390958122594603,0.006512693359728681
0.9374915823687237,0.03534253107080508,0.015983606236235733,0.007550313351470304,0.003631966972765076
0.696066752815731,0.19916619472443803,0.05355285717038587,0.03462896876818451,0.01658522652126056
0.8103971837564401,0.10960041432214489,0.04840075464348073,0.01658999719583345,0.015011650082100817
0.8658110282094088,0.07738393593680075,0.024415268462780252,0.023674498207944577,0.008715269183065533
0.8808318333999782,0.06758898356644943,0.023832408478170742,0.01665466402982202,0.011092110525579721
0.7620522220959204,0.12366268862344401,0.0671609944128375,0.029688392354422753,0.0174357025133751
0.8681504444689248,0.07268866358552184,0.028397729827246584,0.023255985350554186,0.007507176767752738
0.9187782400757031,0.04388576194772548,0.018755081939574345,0.011975486671655594,0.006605429365341631
0.8978260509386552,0.06304948803531803,0.018257507232596292,0.014036849487284817,0.00683010430614557
0.9057949958150332,0.05947224254892162,0.019252325854196367,0.009283020416417626,0.006197415365431317
0.8869887834525596,0.07075565967034464,0.01300564993516511,0.01680459470724366,0.01244531223468675
0.9583751119310389,0.018654890509324028,0.009745420080991022,0.008502557026258187,0.00472202045238814
0.8417088862881432,0.09316692290463172,0.039909345187589734,0.01760565153720482,0.007609194082430399
0.8972404301668223,0.057194174748483484,0.022346896724731943,0.017492939144254656,0.005725559215707415
0.8723374713187216,0.08729812848384466,0.02217789300007514,0.011837398683691306,0.006349108513667127
0.9144935446358277,0.05639789597004324,0.014558210812107644,0.009497656000481318,0.005052692581540226
0.8765596327164681,0.06825950849633597,0.024645469215273774,0.022932126009748106,0.007603263562173864
0.8321115148520372,0.09143484617869323,0.03874243523863252,0.026920206224529727,0.010790997506107387
0.8395376244272336,0.11488520870925541,0.01857782486658537,0.01724861206074781,0.009750729936177868
0.9058489144535671,0.05709957940800308,0.0164785623490949,0.012704887659332292,0.007868056130002814
0.8071369060760425,0.12521834480140154,0.026893223950626443,0.024173559918392384,0.016577965253537212
0.952544888681967,0.02106737792382256,0.01353322774391124,0.0072177134200297,0.0056367922302695845
0.8750224986745896,0.04942568433772625,0.040518336855033886,0.01886025405373725,0.016173226078913295
0.9205680114451595,0.03899310892607053,0.01757087675964573,0.013491569007304343,0.00937643386181975
0.8617451024202832,0.0703347853270434,0.029932510529180126,0.021251811132423897,0.016735790591069343
0.8424482108756891,0.10952563693277845,0.02349436425903535,0.015894245528829495,0.00863754240366765
0.8290526039564372,0.11765098894424919,0.03036050276232115,0.013197685790865981,0.009738218546126219
0.9021793633238876,0.059647822062821564,0.020323891699001246,0.011270811327216818,0.006578111587072935
0.8760791070553643,0.08656377161135767,0.01670026668110693,0.013528238729296555,0.007128615922874547
0.9070166127890259,0.04372469009926844,0.028303020286274516,0.012187903226222117,0.00876777359920923
0.905734542192087,0.05455354707518472,0.013390555027949476,0.01541073188749963,0.010910623817279173
0.8947731960958042,0.06019896111584841,0.01709416940437143,0.01668282467462102,0.011250848709354945
0.9039266246266703,0.061640392121927165,0.012433688574527042,0.013401211816315968,0.008598082860559476
0.802176827259872,0.08293905540283848,0.047856175687987765,0.03357682275591499,0.03345111889338673
0.9185566495871419,0.05023297105239252,0.015620044218842954,0.008275356706202578,0.007314978435419915
0.9344636913306746,0.0416181259590551,0.012281830726435973,0.00784648367525423,0.0037898683085802955
0.916269747699706,0.06097608141832483,0.010330931108963961,0.007445429466501649,0.004977810306503507
0.848830257545303,0.09114108385393868,0.029582808710925244,0.01948078354650919,0.010965066343324002
0.8917257776052953,0.05363065100998974,0.02757267112618034,0.016675429542036904,0.01039547071649761
0.8430543476165727,0.08882949499542148,0.03924160834531561,0.020388515076090998,0.00848603396659902
0.9524642222109739,0.03000071813015792,0.008351720635015806,0.005751293192665223,0.003432045831186973
0.9617147373922317,0.022954423223213255,0.008290379373005924,0.004428193743872267,0.0026122662676765617
0.9313549982779581,0.037428848881169895,0.013961640656230076,0.010878863249404831,0.006375648935237286
0.9061805255302173,0.04764552919791334,0.026572786924965033,0.013732468045950037,0.00586869030095431
0.9302808229660772,0.031663136956141896,0.02289514398143322,0.010564198143788518,0.004596697952559183
0.8855717822538796,0.05751903848588048,0.03463544493854421,0.013337794222324709,0.008935940099371077
0.8784307172507377,0.05764395458727936,0.0281412107777252,0.02099601889560161,0.014788098488656283
0.8311628464780678,0.10176620803945903,0.02879902764627682,0.02186862251871643,0.016403295317479836
0.8384671039483776,0.09884010032205083,0.02733626381190972,0.021350872025262143,0.01400565989239965
0.9324954401408674,0.041571722809420425,0.012134941023844025,0.008387744956274082,0.005410151069594199
0.9038136363134573,0.04612107351477495,0.022555823607839164,0.016153851493186464,0.011355615070742167
0.9179447609119434,0.044537508463042885,0.015710316095993125,0.014096632717745054,0.007710781811275475
0.8876944968844838,0.07199315012202111,0.014248617549040853,0.016446126139957665,0.009617609304496849
0.8786406004761936,0.08334673756638954,0.018380690109930334,0.011079110799475662,0.008552861048010934
0.9201983210337689,0.0489132305086513,0.016432195504346173,0.009086608479548897,0.005369644473684628
0.8180403730162548,0.10709781685054685,0.033461785369437114,0.0282874430250892,0.013112581738671874
0.9082649974593512,0.044763813519350555,0.022219414696081404,0.016884037702242324,0.00786773662297467
0.7954432069349504,0.13531125022015825,0.03797939139369088,0.019538131487831695,0.01172801996336868
0.8480825287803112,0.09135956373708315,0.029203460917707744,0.015421297420581888,0.015933149144315914
0.8998065649645912,0.061831365854144504,0.01991553928204109,0.011562710798388531,0.006883819100834582
0.8562391310236622,0.0743179080523099,0.029913495839213555,0.025726660453233272,0.01380280463158091
0.9488940011768128,0.025075889236638376,0.011383006708294006,0.008189219726859124,0.006457883151395882
0.8921497259322958,0.0596297283943461,0.02570370452623696,0.012811604105079854,0.009705237042041027
0.8566498133597377,0.0824257289784097,0.021246681195349955,0.028170859814771288,0.011506916651731317
0.9048836558693782,0.062388345763188136,0.015053212425722459,0.011317632458017422,0.006357153483693708
0.8666051381592215,0.055506717022018225,0.03156952660144212,0.023130764076897747,0.023187854140420336
0.8789459646480818,0.07432200958843255,0.02313312326891816,0.01530524024896232,0.008293662245605142
0.8599185596169779,0.09188828565298994,0.022638658513027238,0.015894174112347278,0.009660322104657473
0.9246475615071166,0.0442805795141694,0.015609648615875807,0.01049318127731242,0.004969029085525677
0.8256614724691332,0.11996458822875275,0.02550157323316882,0.01711799568963272,0.011754370379312444
0.8899798180626072,0.0671908042305306,0.02311670981032681,0.012321831742070384,0.007390836154465038
0.8701924900466098,0.07492757301595848,0.0325670984983973,0.012250087958678584,0.010062750480355842
0.8949358474842822,0.059162278857064814,0.026504774833170028,0.012192916812438127,0.007204182013044768
0.8320104322083424,0.12050265133706309,0.0186338482715846,0.01759154567214594,0.011261522510863953
0.9164978074021516,0.0416924889808797,0.02340168726374189,0.011993789735132482,0.006414226618094419
0.9464898191120675,0.02297165866135094,0.018187823437962016,0.007577142735632133,0.0047735560529875215
0.9196065277877024,0.044836021061313715,0.01585767142713692,0.012128167482968513,0.007571612240878591
0.8826312155116236,0.06924670341606431,0.023505426537125406,0.01657899786813741,0.00803765666704891
0.8680191790126792,0.07731861026393737,0.019322097330203743,0.02422295988914023,0.011117153504039518
0.8324507604175119,0.09570062109814387,0.04329616614959277,0.01943746449620247,0.009114987838549152
0.8990097089972662,0.06389408575824355,0.02156629376071918,0.010561502102309661,0.004968409381461349
0.8714845704543782,0.07819342695518791,0.026532278387645162,0.01739664339394629,0.0063930808088425925
0.9246072777148867,0.03690296335999759,0.022600604588075068,0.008780801145385245,0.007108353191655307
0.8684601265286299,0.08143857476552181,0.0233523095118707,0.016597102013707867,0.010151887180269659
0.9280084328992153,0.03748991113610788,0.011751961922754694,0.011794547934772255,0.010955146107149916
0.8889252970243875,0.049254133096297587,0.024793822432585776,0.02061707010052571,0.01640967734620342
0.888571924231547,0.05997414859021827,0.021492815512819445,0.016402240273023908,0.01355887139239139
0.9065118793058542,0.05696413738063354,0.020089965936188833,0.01001973727754856,0.006414280099774822
0.914280712850259,0.04468348815498233,0.02096327756218314,0.013996348260845554,0.00607617317172992
0.8672595559227704,0.07609394269207491,0.02555035239699488,0.01946243737058147,0.011633711617577966
0.9588460539046231,0.02145648529041407,0.009900616202752217,0.005537746460517878,0.004259098141692672
0.849176660272108,0.08072117798947304,0.027885385564502853,0.025876611532899288,0.01634016464101691
0.7903818417318448,0.1250723019426021,0.029741727064468104,0.030627873684961178,0.024176255576123806
0.8652331164247894,0.07101565873843842,0.030756856869491436,0.020642281840634893,0.012352086126645831
0.830921794946919,0.07065420818963422,0.04056173755843696,0.037335542594733734,0.020526716710276355
0.8085524440900479,0.08379996931998959,0.04850715488936142,0.03839130663333369,0.020749125067267463
0.9075178630728795,0.06216701314026472,0.0095947983129418,0.012611957969269085,0.008108367504644963
0.9082588871970726,0.05222054440749267,0.018311463152763743,0.014701302968843899,0.006507802273827204
0.87476467524215,0.07637423388517008,0.019344272216860026,0.015822549321203135,0.013694269334616621
0.9160074517155794,0.05218521992393077,0.014456177612410933,0.009726229500795398,0.00762492124728368
0.8903625839352833,0.06616303391136981,0.022407443405586994,0.01288422938971809,0.008182709358041548
0.8024901494306086,0.10549285759581165,0.048058651176910626,0.02895192031988733,0.015006421476781811
0.9350617368574454,0.03366518587486988,0.018665179158659867,0.0077336505179511445,0.004874247591073603
0.8311540370837371,0.1034961901942915,0.03439082063040706,0.017688385642637923,0.013270566448926333
0.7788031479086059,0.13505599209310612,0.03020664252987614,0.033579302935621176,0.022354914532790593
0.7927162032346958,0.09380164952611207,0.07340694991669469,0.025493468576518154,0.014581728745979338
0.9394078242940935,0.028124639154057295,0.009521331322170229,0.011254794370960861,0.011691410858718127
0.7453595241307467,0.14374071207774766,0.029275151634373293,0.033896604254297684,0.047728007902834865
0.820546274939477,0.1309324848939284,0.020616007464008875,0.013549066121951009,0.01435616658063462
0.9583974701225313,0.023599115453910177,0.008477322033649485,0.005311030772496111,0.00421506161741279
0.8925760894943411,0.05158728075579439,0.02214777149495561,0.02315700301425397,0.010531855240654782
0.9356928934056931,0.0326817000045925,0.01667866190405457,0.009187148659942218,0.005759596025717482
0.9403398274510876,0.035376892173716736,0.01106020036201299,0.007999989761101521,0.005223090252081236
0.9223725336972078,0.03747427548520178,0.019761870138681862,0.01295772528474379,0.007433595394164539
0.9404880405365185,0.032891918715795145,0.014088056620296472,0.007645309303252749,0.004886674824136978
0.9289019642292299,0.04077388462598979,0.016987238153734773,0.008086932684894561,0.005249980306151095
0.9395498469078575,0.03354367969611223,0.01145825113112035,0.00987295248006601,0.005575269784843731
0.8993942527589045,0.05588347772005399,0.01737682285621587,0.017422301246840764,0.009923145417984794
0.9061579900793627,0.06061323442087873,0.01639748469826166,0.009567605613087901,0.007263685188409115
0.8580666341353019,0.06787074802175815,0.035175380152521384,0.023967371650675307,0.014919866039743275
0.7971485047343195,0.141900299268422,0.029558873960352595,0.016946732773267786,0.014445589263638252
0.9259285162555827,0.04148631730178679,0.015510252057168194,0.011966516431856032,0.005108397953606316
0.9636469524949968,0.017375277300789065,0.008378241529388748,0.006185790004901628,0.0044137386699238884
0.8925568228288153,0.06466990114075322,0.01797761773923373,0.01563153620232346,0.009164122088874106
0.8636937313344933,0.07328590171597289,0.02195601191574803,0.028081364626818078,0.012982990406967633
0.9129555954998391,0.047201061949795516,0.021382479115444112,0.01244164365177073,0.006019219783150411
0.9084634271137108,0.0491206869429148,0.020409151481326784,0.012523910306481279,0.009482824155566094
0.8920914524717549,0.06647724777145361,0.014731670755903281,0.01498860144185704,0.0117110275590312
0.9144119275021843,0.0523858268952374,0.01632494101910555,0.010238810792783137,0.0066384937906894745
0.828369643553679,0.12495897229683268,0.016272289442815422,0.019969339558010647,0.010429755148662156
0.923814972007459,0.046475676839575784,0.014443521687028496,0.009565788705479158,0.005700040760457539
0.828935142935154,0.09844759626460292,0.04216454810647298,0.01907658607024308,0.011376126623527022
0.8312657188883428,0.08887225563205796,0.034104296353990364,0.02548383358793393,0.020273895537675016
0.9486918453647097,0.02452514798664065,0.011346372653967455,0.007412016556909991,0.008024617437771959
0.9185432686788193,0.03607900027359956,0.02158602511923107,0.014019036930447622,0.009772668997902283
0.8604434953244862,0.07029691727779623,0.02419674972745308,0.024712784489174838,0.020350053181089574
0.910220787770324,0.04788706816026906,0.01756614456312128,0.00884228520627964,0.015483714300006267
0.8547346642220063,0.085796890596322,0.02360352977134761,0.016586128858863815,0.019278786551460248
0.7758999920175588,0.13660748241890697,0.05090109662799434,0.021402874698342227,0.015188554237197872
0.8019930811938856,0.10824510087934798,0.04696412459649258,0.02735325521055617,0.015444438119717668
0.8048274524591958,0.10893859989914056,0.04580770721516001,0.02455368059391836,0.015872559832585398
0.7914448541385292,0.1425002825253833,0.023742193180722466,0.025923522687755628,0.016389147467609576
0.8613737500626757,0.06759538156313126,0.03625265066410256,0.020662141643330866,0.014116076066759546
0.8688285834028585,0.06587075993086984,0.02824210430799131,0.015547194669222535,0.021511357689057868
0.9210727094648545,0.03765665272245774,0.013761601483919845,0.013243060394106363,0.014265975934661597
0.9142422227095959,0.039229030690493424,0.01654656176650729,0.0142145988124504,0.015767586020953267
0.6520890237583835,0.13031113034055758,0.054343837911931245,0.06086659047211906,0.1023894175170086
0.9199365981942571,0.03848134606118043,0.01610020568595527,0.013437731693353204,0.012044118365253957
0.8636280700053629,0.08916623657538073,0.014696727444680759,0.018044896588848138,0.014464069385727299
0.904501164904794,0.06041590169597094,0.013128856011920723,0.012140525729664,0.009813551657650407
0.8670659926023818,0.07190913146938507,0.020964048396906826,0.024244293255340086,0.01581653427598641
0.9074870769301889,0.05278871368507907,0.015104662686293048,0.013964798561506338,0.010654748136932842
0.7893802883234843,0.1449633862048119,0.0246824789408228,0.02387332669785203,0.01710051983302888
0.827215738762429,0.08546356592742296,0.03665279697213141,0.028527717085686286,0.02214018125233021
0.8923897528242637,0.051190179801923676,0.03084689921691476,0.013364251557892379,0.012208916599005443
0.8577000809860401,0.06494520380734599,0.042884167983636784,0.018625345983266532,0.015845201239710484
0.8015119887267662,0.12645193649682784,0.04052023769818748,0.01919965680205915,0.012316180276159206
0.9518016462547808,0.026293987345463905,0.010731564188881586,0.006414671227388019,0.004758130983485906
0.835107531155684,0.09158332612365809,0.03705553614305288,0.02084949343424914,0.01540411314335594
0.7850059307447158,0.09366386250439764,0.08129055332305679,0.02039964081199358,0.019640012615836294
0.757472989568097,0.11504076055467165,0.07405785447093706,0.030319155837226927,0.023109239569067203
0.864388177886165,0.09049836623904378,0.018583774514172927,0.01649446222491273,0.010035219135705636
0.8260763926809119,0.10093105705129643,0.03374272620684284,0.025766446583623894,0.013483377477325009
0.8043541644539495,0.14252761935392144,0.021183624168379107,0.0169237510068257,0.01501084101692419
0.8116821365532867,0.10066664876386457,0.031121522244612013,0.035342824648964495,0.02118686778927232
0.8670298051401737,0.08077360899888293,0.021977430938219394,0.019519077210640275,0.0107000777120838
0.9238011911185149,0.04595762875412108,0.01386177518471735,0.010403831493078119,0.0059755734495686025
0.9274712994046934,0.048107241074609106,0.010581386410633761,0.008733010650078641,0.005107062459984837
0.8276378857805478,0.11008017321497593,0.026438781587435116,0.02020443985957863,0.01563871955746245
0.9076644070233005,0.05027125148180082,0.01910230575432978,0.010978645176872396,0.011983390563696735
0.8625627232647298,0.081319359888651,0.02388299249138034,0.019367464460427242,0.012867459894811762
0.8289809122479289,0.07539046666445498,0.041650578933995944,0.030685775821994533,0.023292266331625924
0.8664968533407593,0.07923206716219035,0.024681654216634496,0.01569971542825363,0.013889709852162268
0.7997445354649484,0.08904881250979038,0.022915235545126755,0.03911317073110624,0.0491782457490284
0.9120833096076968,0.05020888457235236,0.018477175818506972,0.01172074092973953,0.007509889071704435
0.9023428376462418,0.05829302004266385,0.011366720335503714,0.018984853961092788,0.009012568014497662
0.8981026247443364,0.06143860652943272,0.019854475887703057,0.013050584871672809,0.007553707966854918
0.9196287970381438,0.05684663368602012,0.009516292380192928,0.008929343586464945,0.005078933309178174
0.7080507024169235,0.1723590018524506,0.06792192004446314,0.030468031828125696,0.021200343858036864
0.9372040816639768,0.03701363377687179,0.012638135898918969,0.008923783503293179,0.004220365156939094
0.9462305185195892,0.03347695941483008,0.010386021518257375,0.006448057313544082,0.0034584432337794154
0.8984874005183514,0.054184656141723346,0.02549532496846854,0.013013156253456466,0.008819462118000183
0.8951573845020206,0.05650788014574019,0.028109058029893975,0.01224825664778059,0.007977420674564539
0.8338360612597121,0.08955570600412666,0.04361267660053284,0.02159276922820783,0.011402786907420437
0.7768494522903028,0.15331152746459048,0.038050840748957315,0.020976830413464806,0.010811349082684664
0.9043505990658115,0.05691523506220516,0.01642895878213844,0.015513749308750335,0.006791457781094522
0.906297272318462,0.05762819229167713,0.020352612182874256,0.008846581579566479,0.006875341627420186
0.9067735320455328,0.053379530550387334,0.023655020001100306,0.010139750740182871,0.006052166662797023
0.8632846805387328,0.07239492423587288,0.0386781992874714,0.015934649138467073,0.009707546799456108
0.8318826151716907,0.09218042526612427,0.03799366264294961,0.020193964994747658,0.01774933192448778
0.9062387398230467,0.04976737486493493,0.024206147648501493,0.011775866408476767,0.008011871255040087
0.8488087196363785,0.08257455043980669,0.04069331230134602,0.017176770112207997,0.010746647510260844
0.877381085831466,0.08431637547971821,0.019308310704825412,0.011133509644894072,0.007860718339096372
0.7911905452881086,0.10574919426435826,0.04423875582791539,0.04025815107447777,0.018563353545140188
0.8155906102338086,0.11076266707153012,0.038712013413876506,0.021285763500281395,0.013648945780503626
0.9416742435777039,0.03461066920249891,0.0103978233984878,0.0074528275004968276,0.00586443632081247
0.8637768205543099,0.06544836803453769,0.03652228905669483,0.022276841562015433,0.01197568079244228
0.9229375564764319,0.038912615318725995,0.015622544785744813,0.013017036862575557,0.00951024655652174
0.8345265479712484,0.09604031792571785,0.02835302554482407,0.023039175664018415,0.01804093289419113
0.8354157937487798,0.08784802846146689,0.03890003050755549,0.020961940338237145,0.01687420694396081
0.7957296973171822,0.12246389962812256,0.033268816809220274,0.033854386247694365,0.014683199997780467
0.8935224917827467,0.049350048475622896,0.021616958516494447,0.02239123475228501,0.013119266472851112
0.6737835242160608,0.22896578945530455,0.04701528306941831,0.03420402968923905,0.016031373569977147
0.9166551215755232,0.04478418805855209,0.022922549269111518,0.009951113298565092,0.005687027798247987
0.9048363003562215,0.05733640876555611,0.021145911884292615,0.010659975144186866,0.006021403849742897
0.7585513841367847,0.13278997794459976,0.05202610509330717,0.03390240478193786,0.02273012804337055
0.7824857737080706,0.11569883844577643,0.042599750612192934,0.03262421521609044,0.02659142201786958
0.8746518299323478,0.06945924167932553,0.026043516889447827,0.015226708454831659,0.014618703044047313
0.8704586209431351,0.05268298850599293,0.02678975918574142,0.02803851703510228,0.02203011433002808
0.9013185323201964,0.0473446261212368,0.02801461521840469,0.014816559560548788,0.00850566677961334
0.8855712053187551,0.07613121753385257,0.019373195760995048,0.011138561671364082,0.007785819715033143
0.9011251510560402,0.06257936273776367,0.01946659285043573,0.01059003349541217,0.006238859860348268
0.8937200397211398,0.0702466985271233,0.017036886929837094,0.0116455512859654,0.007350823535934521
0.8903660494992679,0.0707467053739894,0.018516890749920776,0.012008472998039381,0.00836188137878262
0.9465153702007834,0.026404138618227296,0.012411877694514795,0.0087269934165753,0.0059416200698992
