Delta_Power,Theta_Power,Alpha_Power,Beta_Power,Gamma_Power
0.9093282322814644,0.048035284128726034,0.017292282567713042,0.017200832845143215,0.008143368176953495
0.942396954592775,0.02735917941791063,0.014065660939173863,0.010918698521671693,0.005259506528468984
0.9632318809786987,0.016609178283661,0.005070751672162729,0.010975014427485556,0.004113174637991918
0.9431917915705661,0.027224421792234506,0.007986949047435112,0.014796179814530904,0.006800657775233198
0.9059624063942373,0.04073013178168932,0.018700392380131423,0.02417253887284723,0.010434530571094629
0.9164714673585167,0.05153082240190146,0.011227049411526191,0.013541341275960914,0.007229319552094887
0.9296456167518146,0.04061954479337049,0.006504612094823724,0.016103485384222287,0.0071267409757687725
0.8697080046820944,0.09015511654837838,0.01224241277221536,0.020750957541149376,0.007143508456162726
0.8852936428589946,0.07369894104272318,0.013544902549234933,0.01844558307293747,0.009016930476109856
0.8753136535916731,0.06206470761778103,0.01903574862886065,0.03259155460478781,0.010994335556897255
0.9536043296218357,0.026781225862818094,0.006848586267785918,0.008255713348484541,0.004510144899075895
0.8569744937400947,0.04320232354657403,0.02300827546719534,0.05155826228362856,0.0252566449625074
0.8557902980289013,0.06833250091113578,0.02267176425976421,0.03609629787833401,0.01710913892186459
0.7362863727000444,0.1460437477161455,0.04167868695666986,0.049746965195859943,0.026244227431280086
0.8966725988171746,0.03606865214521228,0.030389685419270517,0.025746914037902618,0.011122149580439762
0.6925991886736172,0.19377436438587078,0.0408997495019586,0.04998950848521289,0.022737188953340568
0.8666070100028325,0.06684942534255263,0.01724200691721167,0.033044290524528515,0.016257267212874873
0.8570158491465509,0.09528122396693134,0.014499942581149717,0.02213795845871718,0.011065025846650945
0.8666853976480732,0.06784917005248413,0.026505653128742517,0.0251810201384977,0.013778759032202657
0.8904601238691722,0.06265992735595044,0.017163465394517248,0.021825779509089094,0.00789070387127095
0.8672711730150728,0.06043844459865544,0.02861476226015465,0.030148306373864224,0.013527313752252844
0.9703299657034326,0.011895367366133504,0.006299949859478168,0.007568770881404392,0.003905946189551512
0.9127305877674824,0.05231133616899169,0.011194044226578907,0.015137968816810876,0.008626063020136325
0.9162136365376766,0.03596426545716104,0.015392759584067722,0.023726051287058833,0.008703287134035764
0.8882232063799476,0.0707003576230283,0.013485452683535713,0.017979520937693904,0.009611462375794341
0.8791680733719087,0.06069414655904744,0.018707063802963057,0.028447884574316795,0.01298283169176398
0.873523803761705,0.06466967422231837,0.025486820877660885,0.025506257798392513,0.010813443339923276
0.8419385008558659,0.06031019362843165,0.02356612859542166,0.050907947336515665,0.023277229583765158
0.8602717750519596,0.053919693146454284,0.03018235572902314,0.038152469166310654,0.01747370690625227
0.7952106818946129,0.10846188455863064,0.027191140229310913,0.04988188445645447,0.019254408860991282
0.810846689321374,0.10835207090068306,0.030261042128237665,0.03347752426421634,0.017062673385488898
0.9201301893872464,0.03795838709383771,0.013476659423595477,0.02026745740692148,0.00816730668839915
0.820368106910027,0.09902304520059317,0.0245020009767641,0.039463991533238256,0.01664285537937767
0.788927491519774,0.09337389915637741,0.029596074136443138,0.05714721516987071,0.030955320017534534
0.7782732076432205,0.12618745663388664,0.03827184682885992,0.03881041422241314,0.018457074671619663
0.8290458817384061,0.07649919438812645,0.030640118050635507,0.04217888263851552,0.02163592318431634
0.895845511155,0.04399765856262962,0.017516321213096393,0.02858087812442218,0.014059630944851681
0.6860793262053169,0.22233006889573553,0.03307925818466358,0.039014591936925885,0.019496754777358176
0.7542641434361356,0.11407033530665114,0.0319603392104748,0.0725134681071136,0.027191713939625002
0.9100412612771034,0.048065181582317575,0.011860969247710119,0.01871293272261812,0.011319655170251219
0.8443096695956668,0.08663800379111958,0.02414432746484469,0.03041745257274253,0.014490546575626428
0.9001167322156443,0.04224821645807602,0.018000585859618196,0.02721433139990442,0.012420134066757255
0.9722759589941998,0.00999156430860037,0.0057565551669248715,0.006890368218122896,0.0050855533121519116
0.9500287674871747,0.026064853922698247,0.010235955090691315,0.009582962107196558,0.0040874613922391835
0.8684235804300818,0.06669661482384728,0.028373040371143705,0.025387530783661245,0.011119233591265978
0.85665241015031,0.0976779525144425,0.021145996023389606,0.016610576212168535,0.007913065099689245
0.8851636904654347,0.07397378545273373,0.016559473957715162,0.017101440798335366,0.007201609325780807
0.9548096103933535,0.026740865306844105,0.005997425750692729,0.008968851036115567,0.003483247512994309
0.9234399460601601,0.046231869043441724,0.010922795513498815,0.01297838780179983,0.006427001581099477
0.9464617651249327,0.02910427326816875,0.007484990609993099,0.012108011689042868,0.0048409593078622155
0.9086569447601143,0.056142642888728896,0.014711576754424678,0.01367320611194194,0.006815629484790264
0.8764289475783464,0.08830957360092007,0.01168033505014069,0.016391657583361516,0.007189486187231411
0.9574983301252853,0.02856295860371029,0.004751740078815857,0.006365027250782676,0.002821943941405908
0.7847785777511214,0.1155798102486279,0.04327841612931392,0.03831193051216714,0.01805126535876973
0.9402596320451864,0.03616671988780083,0.00991972897701925,0.008878311888649057,0.0047756072013444865
0.8552582232190988,0.08386225300814962,0.02233880960726919,0.026808473322213023,0.01173224084326919
0.930052273790406,0.037079813636200123,0.01502694297749436,0.012096435424294628,0.0057445341716048535
0.9271015018946263,0.04077063078385147,0.015972975596414352,0.011113375099750475,0.005041516625357569
0.8732690936000619,0.0805928855997924,0.017065406571486474,0.019964327977114806,0.009108286251544378
0.9444416890708193,0.032157908376442335,0.009552092315398763,0.009582676117680322,0.004265634119659418
0.8898436393157034,0.05192378638941513,0.02311078404042021,0.021067610944163002,0.014054179310298313
0.9200872772349172,0.0529183176983932,0.009722025574806526,0.011204810437043909,0.006067569054838956
0.902056211775961,0.043755356531724715,0.018079232854832247,0.02654131261939054,0.00956788621809165
0.9230357227422166,0.043594601727058716,0.014507176834276828,0.013118142530273965,0.005744356166174227
0.9152737301190313,0.03645043373140954,0.01874551660794605,0.019483261291399198,0.010047058250213847
0.8440243622945329,0.07713097683122326,0.04494871481975979,0.021509725482273305,0.012386220572210824
0.8828923583603747,0.06377173736731288,0.02463158599649913,0.017855207227933757,0.010849111047879502
0.898929048055254,0.057717751115243035,0.013034914680256878,0.021762638570133795,0.008555647579112481
0.9167032073593726,0.03858648941528962,0.01232209172350172,0.023552035987008373,0.008836175514827791
0.9373931731943614,0.04427457557337337,0.006325236691293025,0.00845200330283836,0.0035550112381340275
0.9363370479470852,0.03644669161653842,0.012060748793854234,0.010810665207921032,0.004344846434601358
0.9295455805139387,0.04078473840013023,0.010946689548434387,0.0138225555110143,0.004900436026482475
0.8399117827849807,0.09556995193001569,0.019245512406334316,0.030504046939551374,0.014768705939118143
0.8628049423256376,0.08751277583361675,0.014703854022007011,0.024943054039230677,0.010035373779507823
0.8166476697491528,0.11648773185670055,0.0150419937546667,0.0358400172321057,0.0159825874073745
0.7937029721761658,0.11093237984965754,0.03644281649995847,0.0405073044537302,0.018414527020487795
0.857734137787677,0.0797413403440037,0.02419495791264031,0.02729411905568313,0.01103544489999577
0.9129515705217133,0.04385534079497775,0.017209181134555794,0.018849730259874756,0.007134177288878388
0.9184795823319377,0.04880922886040985,0.01203919828210077,0.014561559653795679,0.0061104308717561204
0.9521971072008429,0.031945553630858686,0.0062900760882779825,0.006622013099977384,0.002945249980043062
0.9114530968432388,0.04884571066980896,0.018836754699533477,0.014992942872948755,0.005871494914469907
0.9257989840172259,0.04354748093730352,0.010764656416411333,0.013594251578161989,0.006294627050897327
0.9384192699923929,0.03731678372173067,0.006474475111778293,0.011763082137538693,0.006026389036559347
0.9360650031594543,0.03334220614362483,0.009286333588021728,0.015237695019132622,0.00606876208976655
0.9462147999908739,0.032486037990350845,0.008483156139214043,0.008370824665685941,0.0044451812138753795
0.8530856635316443,0.08169967096562446,0.0189942640897608,0.031373441344630784,0.01484696006833971
0.8743268869129432,0.08455969993620838,0.01690285476576774,0.015026053789293536,0.009184504595787195
0.9058261654636506,0.05010866000754842,0.01527550135860969,0.019200286986813683,0.009589386183377312
0.9342028234388371,0.03277539804969638,0.01192838798435606,0.01466459304232817,0.006428797484782417
0.9438350599652743,0.02486789096052401,0.009951459769041526,0.014794855027573904,0.006550734277586304
0.8632515114110023,0.07383629165511967,0.01990528494836488,0.029135099392773922,0.013871812592739414
0.9451770110898681,0.026989161482970616,0.00842136275935135,0.013203891735534521,0.006208572932275556
0.8889211690711383,0.053812077770284204,0.01948434987642417,0.024355940368474233,0.013426462913679008
0.9168674225519635,0.04596265292417735,0.011665247083830136,0.017503921950259706,0.008000755489769336
0.9491493761974061,0.02287051557916411,0.009871561105896678,0.013320180760355078,0.004788366357177927
0.9245932981136938,0.03576498970518834,0.014907969422498338,0.015925695347602693,0.008808047411016923
0.8473548645498368,0.08978497989720642,0.02566945409479917,0.024824435803556873,0.012366265654600568
0.8865207685316653,0.05366544387299562,0.028484370942170434,0.020012056574921874,0.011317360078246987
0.9396557507912423,0.029211709369634877,0.012237933970090872,0.013193660125370741,0.005700945743661207
0.9099807589561959,0.05378695431761328,0.014971050728999966,0.014269718124856268,0.006991517872334616
0.9108869429585315,0.055917373476235856,0.010154838853773248,0.01541440867108635,0.007626436040372972
0.9306314556047096,0.03451136514454178,0.011067813917381463,0.01493241819118315,0.00885694714218411
0.9407662834572847,0.03451189227562631,0.009964353785041572,0.009434794128101205,0.005322676353945759
0.941642259537848,0.023776539751973507,0.012170952507947091,0.01441311537936026,0.007997132822871116
0.9231121288441609,0.04843944700332333,0.010840109388338137,0.011692981039836932,0.005915333724340508
0.9471824452918577,0.020728627244343562,0.012226015173005192,0.01351603125064919,0.006346881040144195
0.931477138994834,0.03789129778224848,0.010998852598901598,0.014076592901475136,0.005556117722540751
0.8943072075329279,0.06819109993963526,0.012223274644917083,0.016587657902220696,0.008690759980298942
0.7695841989873948,0.13711373526581866,0.03403595904775627,0.04168925433395042,0.017576852365079915
0.9106428030355818,0.049504810860444184,0.01463158842000329,0.017313362295743873,0.007907435388226618
0.9276233232246204,0.031489581668858596,0.014269309777384285,0.018715329658009986,0.00790245567112681
0.9139854655114387,0.042613263783775925,0.013219722759608738,0.01877810677002302,0.011403441175153616
0.952883429883273,0.02558976000767555,0.004934698259477879,0.012338036107217235,0.004254075742356266
0.9057689340177613,0.04287721108518612,0.016168843532938165,0.024935006401206314,0.010250004962908137
0.9329977774189535,0.028141420820294697,0.013165363577564959,0.01600227057820335,0.009693167604983573
0.949862076250866,0.026925359098840182,0.008734791731738021,0.009873107487336762,0.004604665431219045
0.8304254647585909,0.07440181436997541,0.03378186775032565,0.04147659812280343,0.019914254998304706
0.9244577416784138,0.03454915602954312,0.010649547901642985,0.020984977142823186,0.009358577247576884
0.7537150684348861,0.11552060067874291,0.03826955634930679,0.052445166587718965,0.04004960794934512
0.7455861269297356,0.11602640396917158,0.04560405287593799,0.06312765145731326,0.02965576476784156
0.8724412747489112,0.07047563659661155,0.017337823209100683,0.026496920605845985,0.013248344839530664
0.9066312687727397,0.04606789843161539,0.0149644743355396,0.021266148681717858,0.011070209778387324
0.9128681470711474,0.04445604652188457,0.013362243421355778,0.019734067643346294,0.009579495342266072
0.8012937477620621,0.11735332585824781,0.03119944264756043,0.03194657676345165,0.018206906968677834
0.8961651614843703,0.05639549556875287,0.014883253322721566,0.021046472095405368,0.011509617528749795
0.9374955998943311,0.03680512002996797,0.006943713113053381,0.011481335200513839,0.007274231762133822
0.9037516343810392,0.054951899753932436,0.01618029238791468,0.01694680851903396,0.008169364958079524
0.8714389877256821,0.08118303801228294,0.014097751219044772,0.021572834736407278,0.011707388306582682
0.9413139513502945,0.03311867795379848,0.008996511747851656,0.010291264188913418,0.006279594759142079
0.6860048859089249,0.15774994294827407,0.046297301891658246,0.07334287223408753,0.03660499701705507
0.8133710031089559,0.08133416814372214,0.04669275056256554,0.03979437041523084,0.018807707769525336
0.9134592156061896,0.043932787834166695,0.012395954685891698,0.020946195804241417,0.009265846069510392
0.896362758582341,0.04969614104267244,0.023237092704070008,0.020683998233764836,0.010020009437151558
0.8657348285656771,0.05770938179932198,0.02302721599234108,0.03962957626725661,0.013898997375403288
0.8698491264168826,0.06597146165066317,0.02143725270875215,0.030002392167747756,0.012739767055954048
0.8283440928513451,0.08209423416525735,0.03288118418932273,0.038238546643910826,0.018441942150163974
0.8047845395333152,0.10896746655444084,0.02553801198172868,0.04246823549969837,0.018241746430816934
0.9599198376425667,0.023710217464618873,0.005123131338836363,0.007631989827206289,0.003614823726772024
0.9053969618442964,0.060220156469923125,0.016909109505715083,0.011200440621733032,0.006273331558332311
0.7363637624087662,0.11549012283187134,0.04006332088506244,0.0751633269794086,0.03291946689489125
0.8873757139637836,0.052340851213742386,0.018556826957908983,0.029657512254020996,0.012069095610543954
0.8919312635474674,0.06319358343004552,0.01455159187184814,0.019459623294388564,0.010863937856250403
0.9493038904079077,0.030812296189065787,0.005349645727658552,0.009998838090795867,0.004535329584571996
0.901167980694069,0.0377876530970369,0.02024885078594133,0.0276203004961854,0.013175214926767521
0.8829079870009785,0.05851180980444454,0.016987241256406806,0.02743071631764483,0.014162245620525307
0.8852758164987063,0.04855391798007258,0.018049685952633985,0.03145730102675364,0.016663278541833363
0.8823322438922514,0.05998959258149771,0.01738232194268816,0.02739235803337615,0.012903483550186704
0.9086994357394099,0.053344753347154196,0.012991784031428706,0.016353317597357118,0.008610709284650103
0.8262541671195245,0.09791041826492138,0.023160268004186788,0.03813713195968744,0.014538014651679957
0.85715049870644,0.06546210576809541,0.024145080400320217,0.03725167497990156,0.01599064014524252
0.9118437388165539,0.04462959238970132,0.015095224142211488,0.019599547313884746,0.008831897337648473
0.93537056576657,0.02817472099938461,0.011988621401407187,0.01555362174820144,0.008912470084436705
0.8666941068890501,0.06420022648789922,0.018877156527015212,0.033911640070625554,0.016316870025409932
0.9426250665432833,0.02082627112595613,0.013569911591558646,0.01513127111602779,0.007847479623174227
0.8666887794916409,0.07528845073376801,0.017201457970486164,0.027373420844033318,0.013447890960071849
0.8478475296481137,0.08347807758756423,0.018693804437049797,0.03410287196393905,0.015877716363333145
0.9141272004520469,0.04653656455935654,0.012243367864049552,0.01838244322742752,0.008710423897119577
0.8888882286292167,0.06074852272041443,0.01991606226766204,0.0213438824217621,0.00910330396094443
0.9270800409859961,0.033465072851890806,0.01627248782852183,0.01657254410696491,0.00660985422662622
0.8650528433303399,0.06740647981984398,0.01708628636508903,0.030116749495449978,0.020337640989277064
0.7404728575763275,0.14926850452876095,0.04777313883143942,0.04121904249606009,0.021266456567412093
0.9140151602663957,0.036284854906470494,0.018648257420670708,0.02215582603296975,0.008895901373493154
0.9154377872844895,0.04308184155276766,0.012216669904033129,0.02014276896475361,0.009120932293956097
0.9216641576354476,0.03820307170994512,0.014635848970934177,0.015370896910049099,0.01012602477362374
0.9216925877404547,0.040546328763493844,0.01659012565794381,0.01281832541730604,0.008352632420801698
0.8568118036693938,0.053741452090876,0.041463241361600706,0.02965075497097713,0.018332747907152364
0.9194672483989965,0.037363856544480434,0.017265814748912815,0.01870123212541549,0.007201848182194694
0.8646981494879354,0.07573210284471979,0.022749909190902667,0.024194195956556322,0.012625642519885901
0.9137481659543251,0.04958789689374901,0.011150981900216293,0.01743132634647666,0.008081628905232813
0.8502238602385406,0.06986409836151139,0.027833600173382458,0.03419239802852842,0.01788604319803729
0.8269976848687618,0.09136586943263439,0.03478997014431977,0.02928287376085449,0.01756360179342938
0.7493839046739939,0.16431176359278665,0.025950337583961727,0.04220828203294215,0.01814571211631575
0.8552353794844022,0.07167825562934066,0.025882422666864833,0.03282026999435524,0.014383672225037046
0.8646225465923716,0.08831673456570803,0.016298596902902935,0.02016257868570481,0.010599543253312584
0.9357745057748855,0.03181859226485926,0.012059145885445877,0.013472172419094139,0.006875583655715111
0.8868511335049459,0.06850878880476957,0.020340749488977315,0.016103414454883763,0.008195913746423355
0.9191998893199798,0.04150398427112769,0.015008771124694254,0.01684218796317819,0.007445167321020184
0.8826164515918767,0.07572004316184769,0.0193427617044452,0.01557034055370442,0.0067504029881260315
0.9177237093492175,0.04260994952056494,0.013362102810534399,0.01948540594000485,0.0068188323796782874
0.8910728238306944,0.05356174680177713,0.019784135508924963,0.0253685710044395,0.010212722854164141
0.9155207165819016,0.040578429169045964,0.014283342037280032,0.018738804436648764,0.010878707775123673
0.8846299458727631,0.05079990328556774,0.027222958789570758,0.024355201292431815,0.012991990759666677
0.5612380061673872,0.10561039267354348,0.05341078987878949,0.14044953935902024,0.1392912719212594
0.9175207306660246,0.033210286462037567,0.010611397828912725,0.019787900768558093,0.018869684274466832
0.7573011428295842,0.10479637905190946,0.036497512784856925,0.06025903085503774,0.041145934478611805
0.6723733541325271,0.07050935970023349,0.047743442319782586,0.1285986354316056,0.08077520841585141
0.7308021820946772,0.06109846872195149,0.037176831647755836,0.10387245269791452,0.06705006483770103
0.6246780068529086,0.08458705227158436,0.04966348306142052,0.12687966706622794,0.11419179074785836
0.7603068924124022,0.08846118229423688,0.03481114487436968,0.06497275230896432,0.05144802811002682
0.39223865599386176,0.13442512980157856,0.09255472515524188,0.21575390345098205,0.16502758559833583
0.8080272119834864,0.07662183188383832,0.02703711203906232,0.053409463406979114,0.03490438068663388
0.8935260007491089,0.07368558374353185,0.011245944248761765,0.012753688989838918,0.008788782268758616
0.9401440069635602,0.04052216957366521,0.008608183261651957,0.006271958197631735,0.004453682003490766
0.8605768279713536,0.07933387032499452,0.028328155821892322,0.020851960009886237,0.010909185871873332
0.8611671129978665,0.07418037505480593,0.019166958200654255,0.028692706898818754,0.016792846847854394
0.9488558880882602,0.022801055921989957,0.011750248602093448,0.011824891332975524,0.004767916054680781
0.8047673287179689,0.12039909466834806,0.02928334790019142,0.03168372795260643,0.013866500760885397
0.9178447405443074,0.04556649462970584,0.013598390483695101,0.014370965097016686,0.008619409245274995
0.9192917311267722,0.04543672068914885,0.017093743616120493,0.011284740565561918,0.006893064002396827
0.8926283142654705,0.05543608095249096,0.026339152871383047,0.01641099230802568,0.009185459602629743
0.9365306142816415,0.038416567455523486,0.008633955117117915,0.010324827003989085,0.006094036141727983
0.953229874910551,0.028163395902072078,0.004327726829482799,0.009530425869764284,0.004748576488129782
0.9701904703292783,0.016572486200187492,0.006273355172891464,0.004082540609128813,0.0028811476885138377
0.9405045430215616,0.03322703643882404,0.012014319730760373,0.008590312547144402,0.005663788261709751
0.9504989999086515,0.01749362134604791,0.01432724890661839,0.011735816019021865,0.005944313819660216
0.9248116543625802,0.03870527345426115,0.013074344948745553,0.016350108492760498,0.0070586187416527765
0.9298247960843319,0.04088358343553268,0.01339582606160561,0.009474054512004896,0.006421739906525027
0.8916634640820706,0.06666729482493514,0.016132679856832602,0.015023779668113196,0.010512781568048175
0.8931474990340457,0.05828944037073086,0.018887249891284534,0.019124950747183456,0.01055085995675557
0.852275935730842,0.08802036302176539,0.02228615734205812,0.024888225741707327,0.012529318163627148
0.880763706403379,0.0632492696091695,0.021586185142871916,0.023931277233027345,0.010469561611552174
0.8517491266599396,0.08941808966509865,0.02160356081291637,0.024834223043725796,0.012394999818319773
0.6740338835883088,0.18028106275594918,0.05615942214581882,0.05919052932919841,0.03033510218072474
0.8835734230253897,0.05848067907881261,0.030054969052210025,0.018024979772677304,0.009865949070910386
0.8656671930912022,0.08005276473819027,0.018182506187373722,0.025236101274414946,0.010861434708818724
0.8662811842476034,0.08430601417075954,0.01132981163422134,0.027032664423277727,0.01105032552413786
0.9404864043781855,0.030350842091874646,0.010771104160586197,0.010780804846891883,0.007610844522461512
0.9417376729119177,0.02655199912967177,0.012021572757851384,0.014481033396556788,0.005207721804002541
0.9328632241744649,0.037028891790371304,0.010104889653829772,0.014962077655448922,0.005040916725885231
0.8907833406407176,0.05652717983735715,0.01755498583308442,0.02335177586740747,0.011782717821433189
0.8803571643173346,0.0663820610088947,0.016709333061392145,0.023413956533409566,0.013137485078969047
0.7961697926862321,0.13947016823178562,0.02342838518236444,0.026094621087831192,0.014837032811786655
0.9266925492592004,0.039581077940252535,0.012283050753210935,0.012560437019029142,0.008882885028306824
0.9455879837648088,0.02768993499977653,0.009544008195790914,0.010497821512621328,0.006680251527002429
0.904402805377627,0.06592155260833474,0.011777928801073612,0.01197487082183717,0.00592284239112734
0.876608281696662,0.06831592278278358,0.024549234825386453,0.020580020151056616,0.009946540544111319
0.9158762262089781,0.04909101812054397,0.013166824312026213,0.014138674300372758,0.007727257058078606
0.9550040122141763,0.02283506425776113,0.008409441676964835,0.00837573706196247,0.00537574478913522
0.8730765626528006,0.07689842246373169,0.015917129636506072,0.02028008724195184,0.01382779800500971
0.9068868645302489,0.053605676906356675,0.019187772628980505,0.012320746415027525,0.007998939519386458
0.8447965115338945,0.07916564860937043,0.03626578956003569,0.024072939453728057,0.015699110842971153
0.9099055322926405,0.050448088051165,0.01666908158373668,0.0148991310468789,0.008078167025578972
0.927629881707729,0.04133761971146488,0.011847262414594608,0.01193591720949694,0.0072493189567146305
0.8206729089187585,0.09141734258637496,0.03725809519618057,0.03174224213991606,0.018909411158769915
0.742146415053331,0.16591281450576972,0.03789935177888718,0.03332832415740214,0.020713094504609852
0.8163316859916054,0.11455522346814473,0.02907489948178841,0.02425129405103007,0.01578689700743105
0.91568504527237,0.036229180473093876,0.020185545559054517,0.01702830087546841,0.010871927820012905
0.9167174003881478,0.04978229072730741,0.013460792393654697,0.012706094047513524,0.007333422443376489
0.9639918216826826,0.02255580664902149,0.004090121651447097,0.005807586381866555,0.0035546636349823558
0.9064106483047466,0.05930770431266525,0.00923750753234388,0.01646558691652112,0.008578552933723302
0.8543039261285597,0.06973853688969912,0.024721465262858164,0.03514392368970901,0.01609214802917388
0.7300069460025704,0.13515600297962813,0.040448571020078074,0.05777507158853574,0.036613408409187385
0.87003363971744,0.06226328851298263,0.020195130552078697,0.030225392283319552,0.017282548934179163
0.8484520491022252,0.07927037574799765,0.021565447621644106,0.03235404335810724,0.01835808417002575
0.8997026069289985,0.04256762040076545,0.0184627376551566,0.026415962513081565,0.012851072501998007
0.8714654014193081,0.06828930070008923,0.024821110817845857,0.024566533899232412,0.010857653163524546
0.9015115249684575,0.04417894496119296,0.023058853136383978,0.02204193123367489,0.009208745700290745
0.8977564756031448,0.045429668580824596,0.02385091445682728,0.021419838785019983,0.011543102574183454
0.8676387407666274,0.07749337716308512,0.02179492058580021,0.02123054183187992,0.011842419652607225
0.8648895303618515,0.07832624168582646,0.026135330012628147,0.019487530316291836,0.011161367623401945
0.8971766369725803,0.04351634698267867,0.02228242808680705,0.02490665730126661,0.012117930656667499
0.9285546670862318,0.021883561932907324,0.022676394024760585,0.015506804881663543,0.011378572074436747
0.8691809241026265,0.041852326316010546,0.046704408771805525,0.027014192872410237,0.015248147937147287
0.8554188745250851,0.03987470719160591,0.013788110119801737,0.04681074790505835,0.044107560258449044
0.6345190147559626,0.10161865708467471,0.04632143120031485,0.11041801831843588,0.10712287864061196
0.9220778773876352,0.035253936572536816,0.011223508305058943,0.022481660770909496,0.008963016963859509
0.8719299187139324,0.0781403131854136,0.02080126789257815,0.018384423355741013,0.010744076852335001
0.9261385380548928,0.03432299921084927,0.013550001860917834,0.015599081278581698,0.0103893795947582
0.9311446309824731,0.03952993067587107,0.008930077668647776,0.013202583937131848,0.007192776735876365
0.8737284104529902,0.07444210248300226,0.01903088222364737,0.022874406167212324,0.009924198673147814
0.941210544125824,0.030218273602177947,0.011136964540183248,0.011916509349614399,0.005517708382200661
0.922198246851872,0.045733374552060536,0.008567163656878153,0.016027231985472696,0.007473982953716568
0.8681846678675027,0.06952294143421829,0.020038020206285707,0.02688216736101523,0.015372203130978325
0.8221187023529888,0.08757479776118045,0.03452971264425025,0.03789969214147634,0.017877095100104025
0.7797127268578683,0.1381441498672276,0.03425526680894968,0.034715008540466136,0.013172847925488505
0.9302944517029654,0.037461825409068616,0.00808336470986245,0.015562855078567103,0.00859750309953627
0.8319006763220017,0.1015925864390376,0.023487026182944626,0.030127308708563973,0.012892402347451846
0.8577693333177613,0.06390429757524715,0.026991866850090206,0.03425709610574396,0.017077406151157545
0.8919985978612011,0.051079582195883044,0.01738837758460444,0.026468028328437754,0.013065414029873677
0.9501181262638602,0.021127025880803278,0.009472219530530339,0.011212744951146207,0.00806988337365967
0.8814940974277123,0.05624110411312384,0.02583209972709294,0.02233897258935704,0.014093726142713644
0.9312149479959424,0.0328864050844941,0.014145196572725222,0.014127270723288874,0.007626179623549261
0.9397702088082339,0.031044497772732254,0.01161078651140063,0.011870087334244958,0.005704419573388294
0.9215742914237047,0.033538345089510535,0.012328029724565894,0.020635084580233682,0.011924249181984954
0.8541194934328327,0.06385959666835252,0.023747962503072456,0.03564493724096127,0.02262801015478086
0.9449186373104765,0.01792737751409436,0.010107551056276955,0.01783917871424594,0.009207255404906085
0.8954027706421094,0.051157132710272585,0.017178824400764618,0.023536715750735338,0.01272455649611812
0.928674645466386,0.03761237241236718,0.01128986430318674,0.015984257605233372,0.0064388602128265
0.9482593831772899,0.02733487154156817,0.0049865214797277695,0.008907908144296761,0.010511315657117375
0.9456055745106883,0.02184060183654697,0.008537694606926969,0.01328914534961372,0.010726983696224055
0.8961650150637979,0.030873749918752094,0.0196117754753724,0.031382933869207055,0.0219665256728705
0.7082156787506367,0.1202814866625545,0.027841419916091435,0.06527383901815875,0.07838757565255865
0.6746206917648638,0.08396995830185802,0.02428288165635556,0.09178150814458004,0.12534496013234236
0.6115739383558748,0.05770005400447994,0.029060520692637294,0.1059212207116703,0.19574426623533736
0.7497327973538382,0.09434931350120358,0.028059902990155948,0.07768599785091541,0.0501719883038869
0.7304458593086954,0.08520886224233516,0.03277844045035059,0.07512117889767654,0.0764456591009421
0.5280305640183933,0.15643897656635328,0.059586020081677016,0.16136820910094932,0.09457623023262696
0.8858118857010515,0.0517263603247659,0.015988255294353156,0.029431088022533032,0.01704241065729674
0.9172110116743389,0.03982288611829001,0.017718951793135467,0.017759872423558996,0.007487277990676559
0.9142732795644145,0.03198179385705951,0.022637740703803935,0.019565413922988002,0.011541771951733991
0.8618263435564539,0.06533857759843566,0.017355809535129947,0.03189070402516008,0.023588565284820794
0.7772668262602805,0.13271215183316082,0.02993881175324673,0.035266717916347286,0.02481549223696468
0.9184176011479906,0.049186148161482646,0.013805845575080399,0.013888541996616715,0.004701863118829486
0.8538652446145324,0.07351302087175553,0.019921605350503465,0.04153868433779485,0.011161444825413633
0.8822639484489431,0.07154562766921298,0.016228772917627504,0.02201535120355386,0.0079462997606625
0.9194192989904331,0.04338737761427574,0.013727462508314548,0.01646611919688571,0.00699974169009109
0.9380277557514178,0.0351852981840576,0.00956935684629568,0.012581698639090474,0.0046358905791384075
0.8864319215892242,0.07866822723389627,0.013834806434121567,0.015474902716666539,0.005590142026091287
0.8019789969551511,0.11351827077004137,0.03663099671265683,0.03515072755327245,0.012721008008878197
0.8364247996697194,0.08466278038159765,0.04007981796333142,0.02692679609987581,0.011905805885475837
0.8064319280712636,0.09763557974541541,0.04620764428793943,0.03642882629540677,0.013296021599974658
0.8659391898806985,0.06454739896192938,0.029692210376490048,0.02761375806216871,0.012207442718713381
0.914679330288114,0.04476555953330779,0.015343188168410285,0.016149357352625758,0.009062564657542212
0.8970376620919608,0.045161310857588156,0.022886490853800158,0.022161076610992467,0.01275345958565836
0.9370848531065366,0.03795378319042005,0.008630647711174607,0.009182146959598495,0.0071485690322701115
0.8976162254317409,0.0628230262245138,0.01406489277512482,0.017052132872998466,0.008443722695622087
0.8735195640909647,0.06901023358231344,0.024053133546628434,0.02059420782805668,0.012822860952036871
0.916481920426467,0.04112110736030244,0.01409972630642209,0.017125913130297408,0.011171332776510997
0.8579178546367217,0.08708426141066093,0.019870982175408294,0.022040499058896355,0.01308640271831286
0.8922354033148457,0.04176297797571199,0.028126035331211153,0.02462923521161253,0.013246348166618679
0.9501176503139827,0.017835148982005104,0.010530488716252142,0.01479688888174066,0.006719823106019309
0.8814169282430192,0.06740555254748362,0.008560753484137257,0.028716399334554873,0.0139003663908051
0.8352020876401968,0.07891637752516945,0.025266843346641647,0.03391191241420911,0.026702779073783305
0.7908474795126191,0.08467111290882494,0.04731423413196754,0.05079183987118751,0.026375333575400773
0.8889476249614939,0.06560713306774318,0.017457103620214947,0.020289828597111082,0.007698309753436861
0.7703392443712385,0.1434198828797664,0.029134817851646205,0.04039022219948383,0.016715832697865227
0.9387361483708013,0.029933603480222087,0.010552461896463323,0.01283071880051675,0.007947067451996631
0.8161052896945895,0.10830809081660474,0.02845618137177603,0.029018040003310458,0.018112398113719
0.9030154301084485,0.04831468107856275,0.016781624722562647,0.017387647924672966,0.014500616165753096
0.877157231133448,0.060367839352330165,0.017389746466065618,0.031595885968005964,0.013489297080150082
0.8794383260452487,0.09506748292532544,0.01095413082897592,0.009513969201645473,0.005026090998804392
0.9298868034279597,0.046612606772355014,0.00816346198613567,0.011434831616345674,0.003902296197203969
0.8287798949098225,0.09516102983259257,0.02940393562624055,0.03150117808301738,0.01515396154832702
0.9015654130790444,0.04086997415240746,0.023561856527610225,0.02248732677971128,0.011515429461226676
0.9609281969330925,0.019837863881331776,0.006756408685482659,0.0073235261179916775,0.0051540043821012614
0.9486286263283954,0.023529231677140158,0.00823473434699419,0.012725857761747004,0.006881549885723255
0.968664819298635,0.014860268859908104,0.004460113844286564,0.007276050773512648,0.004738747223657803
0.8513351107601091,0.08372667899801305,0.025039299582055415,0.02576625323197347,0.014132657427849148
0.750631214432085,0.1603372042501038,0.02964529106115781,0.03538087563458967,0.024005414622063653
0.880831579083533,0.06663252573279212,0.016630430862940002,0.021650487674820473,0.014254976645914347
0.9083032055378727,0.037014365098923495,0.019741437373327952,0.022925340993569368,0.012015650996306509
0.8276938891347775,0.08831570976325112,0.03345270346234613,0.03362177171140924,0.01691592592821568
0.8973631479343048,0.05125492674124103,0.011415773702817145,0.026566150748966802,0.013400000872670525
0.9559237756411754,0.021213146722391843,0.0076685625233828105,0.009297819271244252,0.005896695841805835
0.9554060251877194,0.01805861115900358,0.010928817675274084,0.009611054355468777,0.005995491622534268
0.9266317015879704,0.03828298081664534,0.012281521242026933,0.014653560423100518,0.008150235930256829
0.8100541039083688,0.1041533132447807,0.02845246066571781,0.038476407818076354,0.01886371436305622
0.9228916660119,0.04493939292684284,0.011837931190919174,0.012296000502852402,0.008035009367485533
0.8811589552552573,0.07836065765405792,0.012247808050261565,0.01842617751085161,0.009806401529571773
0.8687600414865998,0.07010652968908454,0.02189564486273967,0.024168442172903676,0.015069341788672272
0.9087106010271526,0.054340215221028394,0.012056431434154889,0.01714460020395419,0.007748152113709957
0.8009374184888092,0.11394612757490996,0.036188175470493265,0.029590949046904173,0.01933732941888325
0.8750503626838051,0.06503665775533317,0.02610539397545039,0.02221435674896605,0.011593228836445247
0.8802617774616605,0.06576882082679861,0.020508952393550852,0.019685736598659177,0.013774712719330725
0.8564476713261127,0.07696415229104527,0.02005827950768276,0.02950656411372868,0.01702333276143071
0.9312972098735234,0.030048943986192206,0.011095956706732158,0.015586767124204653,0.011971122309347684
0.8650198505576171,0.084227139544947,0.018208519900659467,0.019232341131400557,0.013312148865375828
0.7524457269953686,0.13039378137408625,0.0461946246835547,0.045475800571807515,0.025490066375182873
0.8445930705019115,0.093154496603999,0.022042430450410856,0.02691805248774571,0.013291949955933116
0.8792715131215371,0.07525891450516496,0.01516316383875079,0.019224569745773395,0.011081838788773498
0.8223382924163256,0.09229013660779888,0.032222654275313234,0.03390721252648029,0.019241704174081834
0.9123268626900717,0.050430251100069975,0.010459711456475573,0.016722204823694194,0.010060969929688596
0.8965156832235006,0.04419026823335752,0.020434230886174114,0.026859229147460296,0.012000588509507285
0.8545639964239325,0.08036137800527797,0.02288613644413443,0.026901383064286206,0.015287106062368737
0.9043724715335755,0.056191740989555594,0.013176596888937032,0.018015803208965973,0.008243387378965782
0.8969299460302889,0.05629000317507649,0.019537117643946156,0.018025652254389693,0.009217280896298821
0.8371738354787603,0.0865287003787345,0.026515737863596796,0.030433922560847523,0.019347803718060934
0.9007763628330105,0.06415099305941582,0.013408442314845809,0.014300585936971654,0.007363615855756189
0.8559090966247328,0.0754542680996873,0.023863872132579168,0.02954436379167957,0.01522839935132114
0.9028170189050944,0.04732686252028514,0.016704116820987068,0.023250847825202748,0.00990115392843078
0.8473090905424931,0.09841927027237891,0.011667635362718472,0.02726366530828558,0.015340338514123907
0.9357311439774705,0.03710092349499368,0.0073506931504086674,0.011949519909399173,0.007867719467728098
0.8896869274207045,0.05599861751780358,0.02128432209611597,0.02145136945376032,0.01157876351161578
0.7611555894882608,0.11426504795106708,0.03163618350603514,0.06473965618653156,0.028203522868105624
0.8723746727041403,0.039426101851332294,0.033668419463060054,0.035082673129387495,0.019448132852079865
0.8016231215632555,0.09640534101009333,0.020108042402640015,0.0419926810267089,0.03987081399730204
0.9520228173002483,0.02954326291358214,0.006594857795148304,0.007609314268088441,0.004229747722932871
0.9037302004584601,0.04548793971513878,0.011824697618695293,0.022237461110702093,0.016719701097003478
0.797411212353156,0.14045259487569586,0.01617190425400535,0.028215003725340533,0.017749284791802374
0.9415208176912864,0.03220253282602618,0.006116474466312785,0.014194835305601654,0.005965339710773211
0.8576259753111584,0.050166548027161195,0.02084478653119246,0.0416394247280985,0.02972326540238963
0.8337928672386701,0.08412587500801039,0.020063357317273135,0.03601082136991531,0.02600707906613142
0.9149315735377573,0.04413695313757697,0.013178010579450629,0.014698391137052201,0.013055071608162922
0.8357896967244575,0.09079771409113399,0.02327587251475595,0.03063366352197621,0.01950305314767642
0.9142758027380147,0.039380160178658884,0.015700371905250195,0.021326310314015,0.009317354864061012
0.9144246901947943,0.04114610979277134,0.016311882931201727,0.01688215925811761,0.011235157823114997
0.827528705774856,0.1077418201775402,0.01822926371233539,0.030159573683231137,0.01634063665203719
0.9244488585955527,0.03491902846609593,0.014557906806484286,0.018118351827219655,0.007955854304647379
0.8744683531277619,0.06926367380672598,0.015625751163755145,0.026051978195570626,0.01459024370618648
0.7257685530269578,0.130390987321688,0.03978085314802137,0.0597418046109501,0.04431780189238276
0.8442507508341575,0.0770775722036132,0.023253089796832577,0.03458996107067047,0.02082862609472643
0.8848197236348733,0.055116524055545346,0.01908179637289877,0.027297607557987116,0.01368434837869539
0.8876577554266301,0.0504825841549709,0.020952272329488257,0.027842991386370763,0.013064396702540119
0.8435165186991951,0.09330339243023932,0.018836684313590257,0.024906370015292566,0.019437034541682763
0.8522896398709278,0.084084385006235,0.02008544851833411,0.027691556673916023,0.015848969930587233
0.8649142698026939,0.08867485157669817,0.012479388632582513,0.020726104300708915,0.013205385687316551
0.8850276252493369,0.05682050000575896,0.024157177674068105,0.020363457090884916,0.013631239979951165
0.8752337673094106,0.05791125544765491,0.02037466615173253,0.03129113030809066,0.015189180783111359
0.8874636450756258,0.06986542160270491,0.01655574066675822,0.01641487516101126,0.009700317493899673
0.9207544313776818,0.03982119448431193,0.012799796800503218,0.016923460785119623,0.009701116552383699
0.884529741917471,0.060873634491193325,0.014858806070093012,0.02669374346549405,0.013044074055748426
0.8089011500828351,0.07784182857061184,0.04625706988959736,0.042486622336650605,0.02451332912030502
0.8114825944328669,0.11489293987477145,0.02635780799495891,0.029316728309257745,0.017949929388145228
0.9300679329677073,0.03415042437538537,0.00865957602328803,0.016420890265318747,0.010701176368300555
0.6330038499763624,0.13958530234025018,0.048547920652694046,0.08548810649799682,0.09337482053269659
