Delta_Power,Theta_Power,Alpha_Power,Beta_Power,Gamma_Power
0.7967651759922778,0.07973274208872864,0.019870067331533424,0.05470214527535777,0.04892986931210259
0.8603064856769918,0.053346959793028365,0.015593310118607378,0.03230981097799754,0.03844343343337518
0.9652003563173499,0.013929395576858072,0.00500554794971787,0.007502851911008679,0.008361848245065607
0.8188290548182101,0.09169947411462269,0.020636715756041476,0.03369205853604886,0.03514269677507694
0.8142213439269083,0.07648869565191795,0.023239870019939064,0.04057986127738387,0.045470229123850917
0.8735432998876013,0.06492823113350814,0.02044495399211092,0.02206360780678508,0.019019907179994532
0.8604031991944804,0.06243006955639473,0.013790135390339266,0.026888401266852095,0.03648819459193361
0.6238989157934165,0.21861882670639277,0.041908881781697216,0.05046154219956658,0.06511183351892699
0.7429474020681925,0.13138600896654612,0.035779942022558645,0.0493326812463794,0.04055396569632319
0.7332963175876872,0.11371700838539017,0.044309813802671724,0.05516346050393322,0.053513399720317635
0.8246861804747628,0.10487911433836311,0.013580291811170497,0.033625085082344665,0.023229328293358983
0.8508023027326898,0.08133066471890818,0.01375198235684922,0.029585955293699038,0.024529094897853796
0.8100444784569031,0.11760908511133913,0.01566544945394728,0.030100226512781623,0.02658076046502869
0.8515282712678292,0.08733513452064276,0.015756958534233534,0.025611518398410055,0.019768117278884348
0.8341948824225422,0.10019703497436183,0.0251328311735995,0.023862248019136733,0.0166130034103598
0.7917538678300191,0.14215271612736138,0.016884046711283403,0.02512861980704312,0.02408074952429321
0.8644183348439318,0.075428142287213,0.015124823382335503,0.023987193366527007,0.021041506119992667
0.9303982134535455,0.028972482161904397,0.011604249639513219,0.017698961758953743,0.011326092986082916
0.9098392378034068,0.028386058154631102,0.016206585504582222,0.022857071855285165,0.02271104668209475
0.775404957119623,0.11747615508668134,0.027355771633016095,0.0348957268374282,0.04486738932325134
0.817262140265182,0.08421665335900594,0.021290750826978615,0.035324250093947664,0.041906205454886006
0.7559487378440054,0.12494153404506061,0.022447235149839043,0.048934460842337435,0.04772803211875763
0.7990536541713912,0.10216853619008712,0.024967348622691257,0.036724293237219804,0.03708616777861073
0.8472563172160728,0.07599671805697396,0.013208215008067755,0.03638629039887226,0.027152459320013336
0.864898420042375,0.06979571920078435,0.01180258637081556,0.027772183925971576,0.02573109046005343
0.813272566084421,0.09057425979017837,0.01620069501373457,0.03973175242121969,0.04022072669044635
0.8666362111352549,0.06518314617454335,0.011154159650956015,0.02855848657734848,0.028467996461897033
0.781197713366974,0.1170578488227802,0.016876125807486177,0.04622163044964363,0.03864668155311596
0.7800555217929493,0.09707144368015257,0.03523979706266547,0.04816751981891302,0.03946571764531948
0.8644581207493266,0.07537564577055532,0.01794415279904729,0.024402217977851286,0.017819862703219603
0.8985444004047509,0.051235222398955844,0.015314418388131142,0.02035074076967204,0.01455521803848991
0.7438352341547441,0.13326995370028857,0.03345528867270998,0.04871220238337454,0.04072732108888272
0.812100562386268,0.11098756200467144,0.018713374284645392,0.03427075213308208,0.023927749191333322
0.8352393220663277,0.058849155312280424,0.026927994458618335,0.044972103010415425,0.03401142515235824
0.8907092611111225,0.04813996539687059,0.014301371519131783,0.0284112022259672,0.01843819974690785
0.819636743938169,0.0836242643129424,0.023916485043442647,0.03176375868876218,0.04105874801668375
0.9224515912260375,0.03639610199434131,0.007893299062227022,0.01798145233197487,0.01527755538541924
0.9203944255660975,0.04101600152668359,0.011227055886599049,0.01392505039806161,0.013437466622557997
0.8780093825214256,0.05333630519386832,0.023479367655881662,0.02169593149132739,0.023479013137497024
0.8389034526548944,0.06244769628739081,0.01967370648354009,0.043922641874839095,0.035052502699335394
0.7968831822578867,0.1054538869604777,0.02288486631742564,0.04180902765014047,0.032969036814069506
0.7523030576023474,0.14095299065855674,0.027123354876348562,0.04724716427261768,0.03237343259012967
0.8475402490729144,0.08905028797842995,0.015565560355905075,0.026026983737943248,0.02181691885480735
0.6631306104247013,0.11021532415358087,0.11330151353847483,0.08021608130631075,0.03313647057693202
0.6419188992644007,0.101897892034453,0.13569145441207164,0.08069521754108398,0.039796536747990746
0.8970109459038479,0.049427978295633675,0.01093076526535927,0.024652491469301943,0.01797781906585715
0.8019186700746589,0.10824789127592221,0.022113484035877633,0.033768739317209966,0.03395121529633125
0.5947768370713391,0.22279638878719424,0.06832517266041498,0.0499523369264925,0.06414926455455895
0.7252384885862518,0.09939123488148628,0.06274068556906431,0.06782731207075678,0.044802278892440955
0.7663390190992334,0.1447754544751323,0.02153326349038083,0.04538192211046839,0.02197034082478502
0.6543184858304448,0.21353852124740821,0.05642093405104065,0.05283020627874361,0.02289185259236265
0.845363423562659,0.09453812797565334,0.013604846632493376,0.02332385754676561,0.023169744282428847
0.7421801169547714,0.13713601146512283,0.041448347811670685,0.040941692871506036,0.0382938308969289
0.5342771270633053,0.14472725675969447,0.06725977290091585,0.14559198964304176,0.10814385363304264
0.7086432967747492,0.10642075013267256,0.052462971321081776,0.06100479516326241,0.07146818660823402
0.617143199143102,0.23229344997623613,0.03544617369535974,0.06467193972040679,0.050445237464895244
0.874543047249032,0.07766161425040032,0.011502077213306174,0.019536307646416493,0.016756953640845354
0.8735177337817648,0.05331647468009484,0.022684250819418723,0.023088665832749197,0.02739287488597256
0.8271584205099397,0.06528333843816735,0.024389478995696472,0.043535353113194904,0.03963340894300147
0.8573631639076046,0.05163178228346274,0.020882045000712716,0.03330883204495535,0.03681417676326463
0.7196657554015663,0.17801789078770208,0.023064483019589643,0.04224546707795597,0.03700640371318629
0.8749430090940333,0.054451760734405205,0.02073876947138225,0.027914023076165896,0.02195243762401361
0.7823359082566267,0.10314991590146426,0.02995536772701826,0.047433705590832105,0.03712510252405863
0.8506422490128086,0.058408522719769304,0.024939443425733884,0.03673307176446181,0.02927671307722638
0.8495111858910218,0.06712705079928563,0.02213163761342236,0.031631985842949614,0.029598139853320753
0.8494484872710728,0.09346316879771013,0.013394663666515903,0.026394824362834423,0.017298855901866694
0.9185602027171391,0.04454661734890194,0.008592899985815422,0.014863834206860922,0.013436445741282733
0.9002554631739006,0.05574133205078411,0.007012387293058212,0.018268730268040493,0.018722087214216688
0.9107192087864021,0.052558783571858,0.007606985052385595,0.014564770105471674,0.014550252483882592
0.8574797357449947,0.0770183921038306,0.01512992187878042,0.026327845812464917,0.02404410445992953
0.7991055433000239,0.0995836686988038,0.023648749845436027,0.04657583737461575,0.031086200781120555
0.8656277180672244,0.059466985508813644,0.01725728542158779,0.028514917334130252,0.029133093668243806
0.7759629672786588,0.10248399090359468,0.023333396191903437,0.05171856736475299,0.04650107826109019
0.7861272983108177,0.10658975386954743,0.02881072253285579,0.043973986555124286,0.0344982387316548
0.8724438894996744,0.05719790027056152,0.015685211875801543,0.03096365234290468,0.023709346011057657
0.8063019040790097,0.09051226568210287,0.015026475697627911,0.047411227827644044,0.0407481267136157
0.8295660635094197,0.0921146685901849,0.01465250207707495,0.03344665616456864,0.030220109658751843
0.9208425622349612,0.034898763599307256,0.00958852569521248,0.019246411344854785,0.015423737125664213
0.7838668119117853,0.0957849620141978,0.018102134152981956,0.05317325094410005,0.049072840976934616
0.8945389134329631,0.03767022934447666,0.015425741600064963,0.026014603732100468,0.026350511890395147
0.874904241986384,0.05409146398214346,0.009854599322774204,0.032532558939289455,0.02861713576940903
0.64419296633315,0.1494546056076814,0.039655877063261874,0.08812119519151751,0.07857535580438926
0.8433484342615553,0.07094218305685543,0.016621463782941645,0.03792493579167784,0.03116298310696997
0.8436076635071549,0.06818570204662636,0.0205230894137141,0.04028577286091811,0.0273977721715864
0.8141190920710634,0.10885112429162176,0.014982578946132403,0.034288412693987864,0.027758791997194436
0.6574501152142149,0.1845933223389738,0.04317708680164783,0.06907442823598288,0.045705047409180494
0.7325405056837079,0.1292693405591477,0.03190969062598001,0.05691154249991552,0.04936892063124916
0.8747248423252827,0.06368030722211765,0.018176397081039967,0.02439978791572654,0.019018665455833146
0.801479339563818,0.11612581950215196,0.022637309760556973,0.036647662157999535,0.023109869015473516
0.8831023260670979,0.05376652560281408,0.018532044638155748,0.026246801047713993,0.018352302644218103
0.7196762961838797,0.20929529631780275,0.023951500651243483,0.02648058101486936,0.02059632583220454
0.8237701065695672,0.09020397907031585,0.028273721057901963,0.03128302342278239,0.02646916987943267
0.8479601689026771,0.09685596344250545,0.016265511471669793,0.022280468259720243,0.01663788792342767
0.7102425679689923,0.1712154966014458,0.034803971531456965,0.049617663742426175,0.034120300155678934
0.7468968893860646,0.13487619462345485,0.030779082727794303,0.050631146665894085,0.03681668659679217
0.8222220914834873,0.11211001633828271,0.015287000906180489,0.02877660120991467,0.021604290062134577
0.890566378993456,0.06422638993679303,0.011144322262348492,0.01750996055813147,0.016552948249271015
0.7743162160085645,0.11905431116373673,0.027696345201694342,0.04739478409459796,0.03153834353140664
0.740753817640868,0.16637829330621112,0.02449541049459967,0.044497463726039244,0.023875014832281754
0.7966730765769652,0.10788246751591292,0.02999552587731012,0.037373131172977365,0.02807579885683435
0.9097471722808901,0.040111878425358724,0.011923944401481089,0.022014409098220288,0.016202595794049708
0.8847146467305345,0.053731537736736654,0.017221520426067245,0.030012874105517347,0.014319421001144568
0.8386208899261672,0.1120760110976688,0.011769778570621049,0.02415135713732266,0.013381963268220286
0.8103246956955089,0.08962701431613625,0.023478927240254525,0.05180100145323645,0.024768361294863796
0.8790416612738505,0.06725268254749107,0.016851902838545933,0.021683739222795123,0.015170014117317403
0.699833119052336,0.1446777874148136,0.05779151654608724,0.0608597591432324,0.03683781784353046
0.7954484345214826,0.13416638809255563,0.017899914024764433,0.031234672483521974,0.021250590877675363
0.783000090348471,0.12737274360623987,0.021397640864561095,0.045559277518621516,0.022670247662106582
0.8911674401151946,0.06193456284238313,0.014426694625669628,0.017512398669668947,0.0149589037470837
0.6753376587250784,0.21330084949127628,0.027600571816186092,0.04996572488474339,0.03379519508271572
0.7892648868058708,0.108144742931985,0.021991058573421093,0.045797661296044456,0.034801650392678796
0.8412536704673151,0.10130297075946039,0.013015381565331321,0.025050208407922665,0.019377768799970423
0.8044410277883178,0.13290683418781352,0.01778025873640822,0.022794924770418216,0.022076954517042172
0.8036249330732754,0.10749713930059565,0.02969400480658026,0.03382422799414386,0.0253596948254047
0.817894092065671,0.0828659210065548,0.035253200362376134,0.034866570871867245,0.029120215693530755
0.7763963940587353,0.1244793331892495,0.02306105950273736,0.0443689428427182,0.031694270406559616
0.7406699574923986,0.1773468870265546,0.021969453443940565,0.0375031984986832,0.022510503538423068
0.8313679792334304,0.1083968037954948,0.01480392688389474,0.02633832032868667,0.01909296975849329
0.738037486180878,0.12693691058207693,0.036837583334361386,0.0466715335020526,0.05151648640063078
0.777337264475517,0.08818358926502894,0.03382333659935195,0.06027433649510477,0.040381473164997246
0.7520026844667942,0.12886287089996604,0.026509431318196223,0.05467132188916286,0.03795369142588048
0.912021618553493,0.039458368180111045,0.010543133794211079,0.019856918208115873,0.01811996126406896
0.8707253718870094,0.0710548015258413,0.018586349320433692,0.024788204124789298,0.014845273141926461
0.8275157246018422,0.09050201044178455,0.02023774338864419,0.037060137264045556,0.024684384303683592
0.7981060145408202,0.12777146559605798,0.024895847187846803,0.029300766487715665,0.019925906187559718
0.8665213888450117,0.08051145320433424,0.01379914240634363,0.02309982901339922,0.016068186530911126
0.9145102520345585,0.047679489912743594,0.010585676764887806,0.016516381258742024,0.010708200029068101
0.7698862808524672,0.12969071909579627,0.022006935040733,0.04289566344201565,0.03552040156898783
0.8279161017028265,0.10445956477226111,0.015581285602477908,0.028111476307490637,0.023931571614943817
0.8449216774656422,0.08521218507785566,0.017255457513156814,0.03182293729295629,0.020787742650389303
0.8182410126986697,0.11199407094190084,0.015264140252760884,0.03356917722075226,0.02093159888591631
0.8761084488708004,0.07782056038948874,0.013911309713256605,0.018355351496157416,0.013804329530297088
0.5425237283902498,0.2760067631601925,0.04160947438525453,0.0739499024082858,0.06591013165601727
0.7754640404383684,0.10868387555783342,0.029368106707070935,0.051709273189581344,0.03477470410714594
0.7989132086725866,0.1277002479325323,0.020501115118975594,0.025065611480728254,0.027819816795177265
0.8903654450441015,0.06282485803870896,0.01357286653563218,0.015334812320783356,0.017902018060773975
0.8817378461009414,0.049082773045093654,0.02190140225729069,0.02821554905707973,0.019062429539594344
0.8990508801953231,0.048982114407570096,0.011851178086625254,0.02090173684900745,0.019214090461473984
0.7499698611006056,0.1645849615270179,0.021424321808388245,0.03591541621794576,0.028105439346042326
0.8013181105202059,0.1169399177068101,0.018525760999986644,0.03807387215482862,0.025142338618168777
0.7662936729295415,0.12307644900284385,0.028916989607184466,0.04857715244238779,0.03313573601804264
0.8664637493799426,0.08531272109121858,0.008310649705130282,0.022352728630931528,0.017560151192777002
0.9156614771971536,0.04602564602152928,0.007553757074601136,0.017758346338811435,0.013000773367904457
0.7162532658765945,0.18578685210899634,0.02782605250241488,0.03807666875155179,0.032057160760442405
0.8514580836385625,0.08124952118976424,0.015194613678327083,0.026235415117830944,0.02586236637551544
0.8939372597229105,0.04413719056496171,0.015578725971906291,0.023244998470102148,0.023101825270119322
0.7986599163751036,0.11854153673049744,0.01913708201577483,0.03231030454896737,0.03135116032965671
0.8820141519368846,0.05295311867714569,0.016243396402848168,0.026452532606860236,0.022336800376261255
0.8863062342892762,0.05395926615940826,0.014648640543466063,0.028859795711764367,0.016226063296085454
0.8774983678000345,0.06416766956112456,0.01599269726453113,0.023370812964282214,0.01897045241002746
0.7852375944277444,0.1406088998130164,0.017737407004432923,0.034929591366223554,0.021486507388582626
0.8483199735298075,0.08329446923098412,0.01687681732935224,0.035855140989545446,0.015653598920310725
0.9050047443907283,0.05061460642041762,0.015039504447265628,0.01637507361191034,0.012966071129677988
0.8230315829430753,0.1117811382562592,0.02101528036326841,0.028522090595434924,0.01564990784196194
0.8781479290290328,0.05863797064151378,0.013474259954989168,0.029598583340566132,0.020141257033898238
0.7450018629645464,0.15567239106439096,0.03171740981622421,0.03788735450726221,0.029720981647576236
0.6530476916117856,0.20741318790829974,0.0421146842358888,0.055541718318444976,0.04188271792558118
0.87263007778679,0.07259050816670319,0.012485116951594457,0.023982409327994017,0.018311887766918354
0.7626535070435242,0.11746216102646857,0.02838049110596971,0.053790454764816614,0.03771338605922099
0.639759730855759,0.15665203489351637,0.04394161985867158,0.08680678665707871,0.07283982773497438
0.7896472840736088,0.10389242338998161,0.02315812924570278,0.04901636451659264,0.03428579877411397
0.8314845980349649,0.08623959397172086,0.018264970786188706,0.03699231847356635,0.0270185187335592
0.7782014786100587,0.09450043287695849,0.035487944355043634,0.05746776996768049,0.03434237419025844
0.7352635769522938,0.14536350368328377,0.04125157372450454,0.05046656256587871,0.027654783074039176
0.8856733414533253,0.07166592409161864,0.014094874896973156,0.01728818901503943,0.011277670543043428
0.9057052135253114,0.04633427482698977,0.017216239358171577,0.01767627746998902,0.013067994819538055
0.8276323768358298,0.10195203167009985,0.01779514807236892,0.0336533355479466,0.01896710787375492
0.865811082762747,0.07972412796488061,0.015062176447799603,0.02249763441928522,0.016904978405287725
0.8700531616247205,0.09058162949062132,0.008400501190635085,0.01813870467767968,0.012826003016343393
0.8161349546265835,0.08340101138668937,0.01835985839743843,0.04158642638913176,0.040517749200157174
0.5566716040334782,0.25386024409536195,0.03830922852683687,0.09403878126052043,0.05712014208380279
0.7506748075561254,0.1495358072409427,0.029981182158419606,0.04521916020856329,0.024589042835948868
0.7355020329840427,0.14722519608160523,0.03625334369374701,0.04570008911065092,0.035319338129954296
0.7651261975044084,0.10905160514506593,0.03056250173707499,0.05531324882210133,0.039946446791349496
0.9365283159285096,0.032103284247548776,0.0062732571238746605,0.01480830372871415,0.010286838971352736
0.9304551588699902,0.029561536030404352,0.010688349116399966,0.017760846655017277,0.011534109328188005
0.9235396131640573,0.0396704438872431,0.010456210531555748,0.017893963628987937,0.00843976878815608
0.6277298159939533,0.23686525630292043,0.03452079631283955,0.06083677148867763,0.04004735990160924
0.8881830837592753,0.0698175007738343,0.00860259867538929,0.016815653443880783,0.01658116334762017
0.8458357388311696,0.09815759104621541,0.015529070157492164,0.02330381491807797,0.01717378504704471
0.7588148080754287,0.14575631244122725,0.02980007833285635,0.03845994404704347,0.027168857103444157
0.7817890390559169,0.13880719720003265,0.028271184262429767,0.028558872340193078,0.022573707141427635
0.8261491767282163,0.10434035401006322,0.020795216206541532,0.028234710662967333,0.02048054239221152
0.810420464520373,0.10617177066874896,0.018759752625567564,0.041923493281474204,0.022724518903836175
0.7001848566689107,0.18035876623597688,0.04651675929948063,0.046655000887351805,0.02628461690827976
0.6850604560102406,0.14564217621217074,0.06798147893214897,0.0752441220060789,0.026071766839360626
0.718696765204709,0.14950775367267452,0.05350300446464557,0.056168771471318164,0.022123705186652635
0.8482798971096539,0.07255684868283384,0.02218489591791549,0.03764000688243173,0.019338351407164982
0.7170386088269444,0.1923406426073227,0.026099414776315992,0.04453750398351931,0.019983829805897597
0.8239332182257847,0.08293262464715437,0.0273392930030227,0.04495122254292236,0.02084364158111607
0.7851150892454761,0.14026209050238944,0.028352613545185968,0.03109900692086272,0.015171199786085896
0.9140835483132763,0.050429082458946915,0.014541402605040783,0.014547555791846727,0.006398410830889442
0.7289177950982342,0.1630159126910841,0.03986574830893472,0.04755573971140024,0.020644804190346613
0.8165080030980454,0.11642525329140511,0.027973594858314365,0.026738849284171216,0.012354299468063823
0.8896606577270934,0.0848305522078532,0.01074139343122541,0.009761669240846847,0.0050057273929812575
0.88122717364246,0.07048265703875396,0.02333289670675453,0.01637222138582361,0.008585051226207887
0.8827919032162949,0.07484233202744837,0.01632408849103283,0.017632892561446838,0.00840878370377739
0.8262326477293231,0.11835642602596178,0.025108296323131173,0.021233570919685082,0.00906905900189882
0.8599098517944552,0.09059381100441694,0.02244110068361889,0.017577919817046418,0.009477316700462753
0.9382449145822152,0.03049440351094241,0.011636814134155625,0.013780828164868334,0.005843039607818351
0.8298487989172243,0.10115521866647385,0.030667516944436143,0.023739762564555313,0.014588702907310463
0.7690690025894031,0.1856497475228444,0.01723643596144379,0.01836442858229015,0.00968038534401842
0.820890920171329,0.1415427181554131,0.01581524142097394,0.014568665842547193,0.007182454409736866
0.8739790567063005,0.08602865828037633,0.016211196675027267,0.01586740465478258,0.007913683683513363
0.9402534997736197,0.03721518853947914,0.00994927380405453,0.009245771293397737,0.0033362665894490604
0.8116030378270024,0.12127681777527866,0.02664634554767426,0.028012747923164816,0.012461050926879977
0.8106570397221261,0.10580922923109543,0.043223359606746954,0.024642603950174508,0.015667767489856956
0.9024572824587141,0.06065201406563688,0.011637240332663425,0.016461793353127613,0.008791669789858098
0.825454489502328,0.12519028516474093,0.018823643310505598,0.020574512769096463,0.009957069253328928
0.8799675078341052,0.07840401104349405,0.018375250866309353,0.01547576418903761,0.0077774660670536944
0.8418813913189891,0.102484902602113,0.019487273096162806,0.023518027131967534,0.012628405850767483
0.8721500470714953,0.08478607631633224,0.014943653202112262,0.017563111204104403,0.010557112205955859
0.8014856938755945,0.08570117768410714,0.02649516743434669,0.04589388554387271,0.04042407546207908
0.8776243981223332,0.056868851896046575,0.017863084939440717,0.03000506361791974,0.017638601424259777
0.7898428231827814,0.1361291981201519,0.03020605321742327,0.02792987900061888,0.01589204647902475
0.706732917917974,0.22490985900465696,0.03006782332733939,0.0242612588256782,0.014028140924351215
0.8563924543282208,0.08763138380403858,0.028112491388126677,0.017705194742208382,0.010158475737405633
0.8509153406007901,0.098568737673802,0.019155338012569512,0.01865204007100631,0.012708543641832062
0.7991523453836176,0.13802201128484007,0.020625631220493372,0.027172874798000218,0.01502713731304903
0.853114289477737,0.10189516484680936,0.017253905346238285,0.01738507474620855,0.01035156558300687
0.8524825383755154,0.07970188416744145,0.026095201860348912,0.029763389955177827,0.01195698564151626
0.8393412870662991,0.09593376269557312,0.028293722527772153,0.021884244480555537,0.01454698322979991
0.8195847308154693,0.11128578979317706,0.03171885864528777,0.02392797044639336,0.013482650299672697
0.7279522043592197,0.18458451449873292,0.028352339748326294,0.03626313122345899,0.02284781017026199
0.8797455389851963,0.08001208062242812,0.0145048857549571,0.01630140769380611,0.00943608694361233
0.9217402498904521,0.04746042650888096,0.009670621680048638,0.013416896636862439,0.00771180528375573
0.9247427441148912,0.04470419558010202,0.012319300866501166,0.010440779835186431,0.0077929796033192385
0.9319971232706385,0.045443652541423886,0.006781478611583321,0.0107260804227032,0.005051665153651006
0.8502528093069871,0.09094958642832397,0.021179064778372725,0.026847657460859247,0.010770882025456927
0.8403883992390591,0.11470831651497755,0.01661025781375186,0.01997993952566314,0.008313086906548169
0.8280403128445961,0.1107456852558254,0.02308740028467813,0.026264132782686717,0.011862468832213624
0.9209725493356283,0.0527564553512354,0.009955267535211832,0.010589482812064354,0.00572624496585994
0.904668762571123,0.06015116714428939,0.013429744290448397,0.014734217453318325,0.007016108540820794
0.7383204423745615,0.17424744828307587,0.03454289684093553,0.03408905085280568,0.01880016164862132
0.854164518079254,0.09176240454705005,0.023320851783248445,0.019673730206246357,0.011078495384201236
0.8248983274421302,0.12786212335958339,0.017032885371892254,0.0191575217523025,0.011049142074091453
0.8752458162751732,0.09217254236713912,0.010599674604062179,0.01361955211591376,0.008362414637712062
0.8668642449628322,0.08627009661421015,0.013747720960507536,0.019610151533297163,0.013507785929152916
0.8327594759824407,0.10587158980237697,0.02170542131125755,0.025644803656341638,0.014018709247583092
0.8637091041365678,0.07803119170495153,0.02568573070904288,0.02116468939107043,0.011409284058367266
0.9285756979398341,0.044799647648493895,0.012283843698222725,0.009347211185773075,0.0049935995276762235
0.8113879171559281,0.1355335945458842,0.01998308118038653,0.022290766053306214,0.010804641064495161
0.7343265852136487,0.21726474297318002,0.018496943985528078,0.02123731999292341,0.008674407834720007
0.8577963064452305,0.10354971831225658,0.01899166979327349,0.013200970709898886,0.006461334739340565
0.8919804151822659,0.07345943036987614,0.012658937716582054,0.013098819652002805,0.00880239707927291
0.8630493055645682,0.09438282782862766,0.012508746905149028,0.019707078225956264,0.010352041475698733
0.8324224382914027,0.1159648848184687,0.019820416871544805,0.0205039599020758,0.01128830011650807
0.8670392739426419,0.09855052294235829,0.010294427408773814,0.014988207259020643,0.009127568447205322
0.890294691267533,0.08159566323640953,0.008786567416642068,0.011529097684550736,0.007793980394864558
0.8944517854332313,0.07754530676804097,0.011991745658008092,0.0105092805000969,0.005501881640622535
0.9130848070556796,0.05485068131893131,0.014251780945401193,0.011361516950978928,0.006451213729008984
0.8892873635945358,0.08305258183751796,0.012778244812540444,0.01065487876122417,0.004226930994181688
0.876586267192533,0.0974379152410462,0.007900214614790207,0.01232996316394476,0.005745639787685882
0.8169319893560278,0.13949946381470613,0.014507695223935536,0.01864332619112798,0.010417525414202307
0.8691937980198873,0.10596936732568327,0.009106154352764045,0.009491814466958036,0.006238865834707232
0.8882332705546855,0.07557498502535678,0.012407504315830585,0.014370337976476473,0.009413902127650557
0.8370215766428403,0.11452824797079073,0.014303154149158847,0.02103857668076894,0.013108444556441088
0.767315058497953,0.16599254457130294,0.02464285198303089,0.030365116081366026,0.01168442886634719
0.7357850013239969,0.20209192306318396,0.02455566070593209,0.02474039970310738,0.012827015203779527
0.831140880748791,0.09507253227979864,0.035613325772788106,0.02295464821063935,0.015218612987982822
0.7008518723638235,0.21062963932205025,0.0324638212824299,0.0393828013342866,0.016671865697409624
0.8762514851894208,0.08868845301402667,0.014112333742631518,0.01442334423562802,0.006524383818292855
0.9298151773356346,0.04073399858653751,0.01218386134146176,0.011861462503349107,0.005405500233017205
0.9097641294829503,0.05284942001242046,0.01247129274523588,0.016543482025646986,0.008371675733746553
0.8234949391169457,0.13162859240291305,0.019772602301889382,0.01676707208958106,0.008336794088670893
0.9037388954995531,0.055329821735017146,0.015727329676922582,0.01639563458263024,0.008808318505876978
0.8956925814308222,0.07131184030979691,0.011690019983747895,0.014331514685951318,0.006974043589681641
0.841975817009788,0.10484454436453626,0.027542655927396235,0.017214757570180546,0.008422225128098905
0.8837048272414149,0.08377377539388021,0.012227164681232952,0.014238158203000622,0.006056074480471486
0.8865128816146801,0.086739302153999,0.012019334615511284,0.010098463173200355,0.004630018442609025
0.795207258667062,0.1494494296261431,0.01920515509200136,0.0258626881489617,0.010275468465831931
0.7942236465475118,0.1493827909371747,0.027787267372341794,0.01969932486754067,0.008906970275431211
0.8635286432040729,0.10279312186931028,0.01616564979517247,0.013089784689991956,0.004422800441452236
0.8564534607411799,0.10701307313840241,0.015346385745189532,0.016133354083548972,0.005053726291679009
0.815384923361517,0.13193685861289478,0.02334231935234528,0.021965499534759292,0.007370399138483749
0.8454944789887721,0.09870119932998128,0.022957553119538312,0.025018055048763078,0.007828713512945366
0.8831883244829921,0.08119669010563078,0.014599953247963255,0.01505897557980139,0.005956056583612611
0.8596387104701034,0.10201731744043366,0.013889029201249,0.01795830615322396,0.006496636734989896
0.8439027600717993,0.11623812399147034,0.014723090869729519,0.016845362240294138,0.008290662826706947
0.8992577873759998,0.06733950606357919,0.013503294520642008,0.013557915091889567,0.006341496947889532
0.8323714838964039,0.12156393895203947,0.019084003000205678,0.017569161741997453,0.009411412409353382
0.8861406952918441,0.0772779918503143,0.010673882052228079,0.019408206072029713,0.006499224733583728
0.8616732030815178,0.10267572614201362,0.013245925523738506,0.016185110047361145,0.006220035205368802
0.8812458479481764,0.08902121280301414,0.01237608031043399,0.012632439993656371,0.004724418944718981
0.8353267606758804,0.12757909868409853,0.013580907016299866,0.016814926677506937,0.006698306946214279
0.849068602817742,0.10718865918482985,0.01653751797473026,0.017978885132707925,0.009226334889989972
0.7818790007077708,0.1619572477092583,0.0187978236519348,0.026908187245038424,0.010457740685997455
0.9037897314388044,0.07093954576052693,0.0057301728595244746,0.013620315401348946,0.005920234539795732
0.9006246667638654,0.06742947769641816,0.011187879491503116,0.016125300477279385,0.004632675570933851
0.9227200038146575,0.05298260377305573,0.013671241840309666,0.007460249421184015,0.003165901150793088
0.9188437424775933,0.06371682124409864,0.009181694167383797,0.006223654342629694,0.0020340877682947147
0.9234983172760821,0.055820331599081924,0.009623736348539648,0.00821396310432512,0.0028436516719713657
0.8191207774254526,0.14469468682822598,0.01622208898817822,0.01592363660942631,0.004038810148716921
0.833972573065227,0.1328570598908956,0.01947095988681721,0.011230978656879,0.002468428500181179
0.9101920471457169,0.06037755246138675,0.017347234973132914,0.009786959303099198,0.0022962061166643976
0.8652055941029271,0.09633473893172108,0.020818057681893314,0.014804099964858406,0.002837509318600235
0.8802308074935143,0.08794113552975541,0.01919981902287735,0.01007217922870261,0.002556058725150266
0.8525242510115406,0.11525642609111002,0.018646504277102495,0.010989328693459685,0.0025834899267869757
0.8591260773394288,0.09642673460135588,0.02269811642026184,0.0176830567284075,0.004066014910545719
0.7755408367425575,0.17116651881506062,0.0321492213403619,0.016827457638889216,0.0043159654631310385
0.8103038720492097,0.137589689122953,0.027774873801595767,0.019291314507705125,0.005040250518536154
0.7212604936162021,0.2265165537766076,0.03741340871246418,0.012350067112211652,0.0024594767825144785
0.8786243634664718,0.08348589115585248,0.021361865654327097,0.013771455204211707,0.002756424519136753
0.8798331655562108,0.0665546415439493,0.030380444988137884,0.020804610623883307,0.0024271372878187
0.8802315366189826,0.0790497711233297,0.027007685084693783,0.011464680813652286,0.0022463263593416657
0.8466810626098445,0.1039977707096057,0.029778957612217563,0.01653838387542196,0.003003825192910595
0.8088037929230666,0.1310411053468873,0.03663092628723918,0.019473690648476573,0.004050484794330172
0.8814107781036488,0.0820446730582595,0.021234875303308864,0.013261284330274294,0.0020483892045084877
0.9489449802230104,0.03622388621803843,0.009398304321867149,0.004350175779942856,0.001082653457140972
0.8592728749178136,0.10064398118744616,0.025287492567895593,0.012447154755422352,0.002348496571422436
0.9054778087917578,0.07144036407940418,0.013056264942263165,0.008796908181010083,0.0012286540055647568
0.8053624695798991,0.1459326651145476,0.027335074429882894,0.018163327082272876,0.003206463793397275
0.841883354994803,0.11587956965781064,0.02439658177691242,0.015399502904446832,0.002440990666026985
0.8045284147017829,0.13774525772231366,0.03621159933094666,0.018922690644505854,0.0025920376004508346
0.6942745934446847,0.2133572520120904,0.059648794325534264,0.02657265579396081,0.00614670442372993
0.8948226367122325,0.0736207211187282,0.02040358447835834,0.008666934744302884,0.002486122946378092
0.8209868115616972,0.12912792259061576,0.033404864613823484,0.013429503448477893,0.0030508977853856336
0.8195705991275822,0.11719527256652953,0.031092494088983763,0.027024899812204684,0.005116734404699683
0.8751237789701058,0.08107131480151279,0.02095440022644246,0.019408481887147437,0.0034420241147915492
0.9027564227303082,0.06307742063663306,0.015928474734885782,0.014998710227412618,0.0032389716707605137
0.9166719090063513,0.05563846839067013,0.010872057635257908,0.012488725650776729,0.004328839316943777
0.8982235399240996,0.07331852159412275,0.01196350709861152,0.011648462752095239,0.0048459686310708
0.8819242489390473,0.07019363669112076,0.019813306271522575,0.021361436840762162,0.006707371257547129
0.8885096997943175,0.0699109970054564,0.020918400256904515,0.012704934275652785,0.007955968667669205
0.9397323848623119,0.042689820750652155,0.009053005221376986,0.0058200307014292865,0.002704758464229809
0.8502227290449348,0.09274071884269351,0.03029964842551152,0.01710983986134548,0.009627063825514865
0.8113765374741713,0.1475749540867471,0.019786713249591973,0.01431211438159959,0.006949680807890212
0.8253316894788717,0.1367984242652786,0.016098705772836695,0.015484974132697156,0.0062862063503158665
0.8199671109176805,0.14772688408749635,0.012574447306681476,0.013192773537208465,0.0065387841509332535
0.8408247422205285,0.11905998290751763,0.017097307421220148,0.01678440887888572,0.006233558571847829
0.8656925252120939,0.09584080139034992,0.0202220142077442,0.012589173238202217,0.00565548595160982
0.8875488059896802,0.09615812926288561,0.007028690008289422,0.006213517373680262,0.003050857365464779
0.8742955626197341,0.09558118158992417,0.014869363788529445,0.010173747000378196,0.005080145001434035
0.9062136314912127,0.06631267424127117,0.010785653396520881,0.011304314873776112,0.005383725997218902
0.8092878858459163,0.13834196197306323,0.023907638147270253,0.018251649891445638,0.010210864142304652
0.8100714626909098,0.15619601350813003,0.01654885505831192,0.011130318891166531,0.006053349851481782
0.8313190197575963,0.13861061693540727,0.01385299006847712,0.011082175544743758,0.005135197693776062
0.8248218948992416,0.12819763412989826,0.01923131603068838,0.017992592090378286,0.009756562849793336
0.8832704838546219,0.07370213936283468,0.015001849532441883,0.019463087800760344,0.008562439449341127
0.7916113190253572,0.14048704903401102,0.027747049875011805,0.02720974719417395,0.012944834871445791
0.8305321801733704,0.1380025098122396,0.009892274857208705,0.013996673146946838,0.0075763620102341864
0.8960326182055944,0.07790730337779286,0.010978436741422338,0.009352944822255243,0.005728696852934848
0.8803694138366376,0.09064378143436483,0.014902873114823599,0.009116128182173467,0.00496780343200035
0.8501756413651999,0.10994264392752721,0.015586140210238405,0.015049329568248957,0.009246244928785568
0.8620062071359621,0.08779550945290737,0.02105359954684515,0.01935931226766609,0.009785371596619234
0.8400801573602262,0.1052877232050545,0.025193885703661757,0.019458273086480682,0.009979960644576819
0.8704012452958118,0.09538536191669875,0.01469121707647002,0.014084069494761715,0.0054381062162574744
0.7966089833599489,0.1475973496806284,0.019634385131321562,0.02623392268042785,0.009925359147673103
0.8807086440170022,0.08740568934490629,0.012519077481840455,0.013796360496240962,0.005570228660009948
0.6702710192266464,0.19090471525437877,0.06682575785552629,0.05041606798560462,0.021582439677843887
0.8522046966975143,0.09865208398334241,0.020958780932000175,0.018273890630326278,0.009910547756816766
0.7899317404390348,0.15727802036177777,0.017811089901897368,0.02664957237621156,0.00832957692107861
0.9336183677404356,0.0468166468350142,0.007983441082671098,0.008465392186411966,0.00311615215546714
0.8139516301569527,0.13341936739514187,0.027366608820438093,0.017924598070504102,0.007337795556963498
0.8305869200464624,0.13923152512881068,0.013759335646187334,0.012517798374943063,0.0039044208035965717
0.7162160339647127,0.21957559318053066,0.03164237545479764,0.023457540236056947,0.009108457163901875
0.7871488369753551,0.1759108778836116,0.012864570267318777,0.01638247688745611,0.007693237986258396
0.8795336098370916,0.08158196396290078,0.020868747729148287,0.012363513213751587,0.005652165257107719
0.883737597562207,0.08055073592691774,0.017621579025754036,0.012547913904624588,0.005542173580496693
0.8599844670459286,0.09679837006077828,0.019057865293033518,0.01865854703821568,0.005500750562044024
0.7795326288532209,0.17824096986983243,0.017086618150550292,0.017792766473260543,0.007347016653135679
0.8361060785820068,0.11499039961391341,0.021423418252007255,0.021297891184740927,0.006182212367331693
0.8237739778265571,0.13154847675731995,0.02149477683395503,0.01594217131214045,0.0072405972700274315
0.890697065888999,0.08244770088756344,0.011309515865997667,0.011803016632253008,0.003742700725186838
0.8766927336561847,0.06400408705110976,0.03057173898544984,0.02209386260796774,0.006637577699288014
0.8232417036899448,0.12280050565864611,0.01919001708453008,0.025251944285310374,0.009515829281568668
0.8678286957491381,0.09095539829743769,0.01856075390687612,0.016833590084409124,0.005821561962139133
0.9086862235076881,0.06645996325619113,0.011135849224961606,0.01113509201658498,0.002582871994574261
0.8977903090173607,0.061149346576082904,0.017890209100737197,0.018167764323420762,0.005002370982398406
0.8239528419230451,0.12015692052606865,0.02890555482935773,0.022201906532665606,0.004782776188862803
0.8249524964284063,0.10859400216937552,0.029232365294136513,0.030424957566542708,0.00679617854153886
0.7766316978033897,0.11804158172454224,0.04790307005251067,0.04386885820290044,0.013554792216656949
0.8876390945568289,0.0711273005733794,0.016370062630691667,0.018592160297397346,0.0062713819417025305
0.8058660076556307,0.10407194218423721,0.04285544954309856,0.034527708129123334,0.012678892487910284
0.9089119464416524,0.0520630732944034,0.01744977693309871,0.016095817809245266,0.005479385521600307
0.8917952866283517,0.07847941055744628,0.013837991104950544,0.011233611318093783,0.004653700391157537
0.8991021229281186,0.07689845250366369,0.009882092596413867,0.010601094759300302,0.0035162372125035674
0.9092529138534411,0.07145906517579298,0.0054540157124911915,0.011239792672212584,0.002594212586062274
0.8789449157818061,0.07712887517902073,0.02271925779118913,0.015927895653360388,0.0052790555946233475
0.8267492107491237,0.13090136671626898,0.015843012640313774,0.020073752002942792,0.006432657891350779
0.847355443334178,0.11792607854564278,0.0127485394380091,0.015811319874584714,0.006158618807585323
0.862061799605926,0.10358660331251428,0.011202292082542725,0.01672437352139155,0.006424931477625381
0.8333199774511095,0.11506822305682664,0.02513791332264853,0.02026361751615432,0.006210268653260873
0.7636102142178821,0.18007812757453087,0.025253681733655234,0.02103246302026371,0.010025513453667917
0.8503896562843242,0.10827005287263121,0.016430685289908886,0.018468399790074953,0.006441205763060765
0.8675769024241592,0.09207474002772767,0.017165557258864164,0.016741324047853025,0.006441476241396085
0.8925041339182002,0.07423495574420043,0.017336265840169052,0.011304616607367278,0.004620027890063173
0.9134828080559352,0.07137586712011511,0.006432519379187519,0.006617150919303104,0.0020916545254590878
0.9235247780193258,0.045380516943259404,0.013895268274419989,0.012919413766999507,0.00428002299599533
0.8621746063739959,0.10403695716122087,0.01089846717990413,0.01734076770780386,0.005549201577075235
0.8964380943538516,0.07860670931046337,0.010818514446428777,0.010252140317917581,0.00388454157133863
0.8785472299759979,0.07799177697350065,0.01789670177269157,0.01962026708621373,0.005944024191596096
0.823775359998393,0.11351094991363045,0.032306279676943245,0.024236350085649304,0.00617106032538409
0.8931555511710445,0.07027842268438075,0.02228090301146345,0.01153099835208154,0.0027541247810295008
0.9082715821405765,0.06373292689662878,0.017250057618871887,0.008730668810903173,0.0020147645330197703
0.9510893180358182,0.033420711493323194,0.008999401259887246,0.005126400269730576,0.0013641689412407516
