Delta_Power,Theta_Power,Alpha_Power,Beta_Power,Gamma_Power
0.8371161927912691,0.07396621670466115,0.03518884602691109,0.03338938046202963,0.020339364015128796
0.9660423883550223,0.010602402102533218,0.0075230246738001655,0.010437886622952855,0.0053942982456912595
0.9190890389660966,0.040111799424780215,0.011095810679033319,0.019391330014784876,0.010312020915305054
0.6045253836576789,0.2353102358684003,0.07114169127493347,0.05991968721040582,0.029103001988581373
0.8742174660475956,0.046916959124634276,0.03633005602203599,0.02765927881815506,0.01487623998757904
0.9144527547579544,0.04807905049734491,0.013637108501322834,0.01601785597023997,0.00781323027313807
0.9485871016266535,0.02001550576748536,0.014201788922680753,0.010807491609913948,0.0063881120732663475
0.910518434656171,0.03191562171463471,0.035843711751892875,0.014991298466115263,0.006730933411185987
0.8771573945327358,0.04622351388977009,0.051570567908776496,0.017018157527309192,0.008030366141408434
0.8667158532807098,0.08373301770600389,0.019563569313723782,0.019898431750709444,0.010089127948853227
0.8904137804354066,0.03838056771496204,0.02962456424102529,0.025388981434470652,0.01619210617413526
0.914552458203012,0.03875220707284987,0.01856522561695887,0.018139343696235505,0.009990765410943854
0.9270771176981978,0.027571990057102227,0.02299368742051912,0.015729673496218295,0.0066275313279626534
0.8927528171258559,0.05845790963962235,0.016590750587332743,0.01997585807639119,0.01222266457079792
0.8498000426487646,0.08541681625361378,0.021992488876949285,0.02652395518587185,0.016266697034800433
0.9331681545949293,0.03617180541573227,0.012843565050673545,0.013195051386365684,0.004621423552299386
0.9555812547790202,0.022529230681388318,0.009549206303446852,0.009301974279151871,0.0030383339569927297
0.9384506709549271,0.030017215860381405,0.016818235418844932,0.011342752026983425,0.003371125738863229
0.9239181019339331,0.03834144561366976,0.02304290495289872,0.012224389051195614,0.002473158448302912
0.9498972637767765,0.03917026241178756,0.0045563738578484544,0.004821374745928083,0.0015547252076593533
0.8418765925756784,0.10807394015776996,0.023887948634556847,0.020357780777809156,0.005803737854185491
0.9104054686421381,0.04154716487434763,0.022785965482481536,0.019503391295902856,0.005758009705129869
0.8927391214675479,0.03918671892917354,0.04188593485060515,0.0219362537406684,0.004251971012004807
0.8494878656176686,0.0870562810534293,0.03821391279904775,0.020490728559462327,0.004751211970392125
0.8520711783917997,0.07848802845716374,0.038741629427608476,0.025591320661352026,0.0051078430620761315
0.8944083912650544,0.06580050501612875,0.024175764198133894,0.011877547218795737,0.00373779230188715
0.8538704612748778,0.0730443664440898,0.039523474308860045,0.026243583332441166,0.0073181146397313475
0.9136161909063923,0.0513951428886638,0.019381381946079912,0.012187436020589564,0.003419848238274278
0.9355883972688225,0.0434646886354199,0.009425966451107872,0.008886319693761783,0.0026346279508878954
0.8853519467537028,0.06041741679721143,0.03225752237259393,0.01779423779286159,0.004178876283630299
0.7608445873604304,0.1560684979172293,0.05050130323054391,0.025084049335333494,0.007501562156463155
0.8082692686277955,0.09506613246294712,0.05887941425172753,0.02913909770161088,0.00864608695591891
0.9080385328248665,0.03481710035309981,0.036572489615325415,0.01655912507441804,0.004012752132290566
0.9335729330289672,0.03263399616221712,0.02167720503905838,0.009667802257466787,0.0024480635122906386
0.9244229962149417,0.048083176980137095,0.014598454074329604,0.009658325499606508,0.0032370472309851427
0.9153914372920807,0.031405038217401655,0.020080532824110948,0.0284198939713508,0.004703097695055946
0.89809237011521,0.0466901908389599,0.013185823329864076,0.0335538661586692,0.00847774955729709
0.9500038105982648,0.02043302140484017,0.010197451027617911,0.014857708073380126,0.004508008895897095
0.911037293760065,0.05936224268646933,0.015414227077200724,0.01078761117521609,0.003398625301048989
0.9270860838976692,0.04491670492491091,0.01130140101232987,0.011186973212431424,0.005508836952658495
0.881049503194777,0.03227839787170905,0.013089756909752377,0.04043193635777385,0.033150405665987745
0.937147545809255,0.030729422793204963,0.010533995099167482,0.012824307952747976,0.008764728345624794
0.9573781735045157,0.023697758407657796,0.004356341805620685,0.008502566645633442,0.006065159636572502
0.9469960770695993,0.028001289597878815,0.007134525758325482,0.010865866310408458,0.00700224126378797
0.8321581419244166,0.08145050936569635,0.030433226707787413,0.033227001295080834,0.022731120707018743
0.9471672901693485,0.023793211175075813,0.00929879620990465,0.01212899315484073,0.0076117092908305
0.8526437528258691,0.05961373529360538,0.05426909744273448,0.022234417176377867,0.011238997261413275
0.766742154671051,0.12872535528357776,0.0455649655402795,0.04153390379074089,0.017433620714350756
0.8006052372888468,0.11926299187225141,0.04036437527361261,0.024290458618536293,0.015476936946752663
0.6814255143113791,0.20691922091720483,0.04217974617377492,0.045257529046216625,0.024217989551424575
0.8619114897333303,0.06062413071549595,0.03669243264607156,0.026623732658474487,0.014148214246627704
0.8873068855061249,0.062026193561164907,0.019616053967775434,0.021206889882516827,0.009843977082417995
0.884197892093058,0.053869023036254404,0.026865118915021247,0.02369716425035121,0.011370801705315096
0.8023423290483624,0.12346287907990948,0.030853972764854964,0.02835448408590862,0.014986335020964369
0.8571154930980657,0.08414331822591288,0.020370306855879355,0.02693456637480049,0.011436315445341587
0.9220451583565192,0.047009546101482974,0.014969716116554295,0.00884285590495857,0.007132723520484896
0.9525164592333143,0.020787657535240173,0.013780999463788166,0.008595991696631047,0.0043188920710264195
0.9610290590544218,0.016361440329574324,0.010483019177525739,0.00833934854712018,0.0037871328913579826
0.9122099593118177,0.04489798935471684,0.018270298675314257,0.016706584800489293,0.007915167857662029
0.9576730973660998,0.016374186297605023,0.013011519841397317,0.008705431330600621,0.004235765164297305
0.9426437932048631,0.02115497993076193,0.01622101247309628,0.01335445777391501,0.006625756617363823
0.94480581107742,0.02917683955047911,0.011207000165863724,0.01051289020036824,0.004297459005868958
0.9353346563789228,0.023935652822502748,0.013916530335700259,0.018690305048599563,0.008122855414274637
0.7396910026844887,0.14608120153142268,0.057772141838266886,0.036186857183075544,0.02026879676274634
0.8260858201510504,0.09594989269365982,0.03571347650119741,0.029318172478362003,0.012932638175730298
0.8708488229715594,0.0668331611692543,0.025565955653089327,0.02639183629232106,0.010360223913776084
0.890372727355497,0.05457398652174042,0.022905560012019866,0.021265201661732472,0.010882524449010245
0.9190511574671754,0.027471484382471534,0.01903112644369181,0.023867266788893667,0.010578964917767662
0.881406910697132,0.07216871701499378,0.025554846829610286,0.0141892468031566,0.00668027865510739
0.9249341353085655,0.024618143464809762,0.02309828706556494,0.016965800275831833,0.01038363388522793
0.761465499868556,0.1017467546976188,0.0724373837982932,0.03987871683218428,0.02447164480334776
0.9233424196589834,0.028321701018502593,0.021554770383530462,0.019705694938973742,0.00707541400000985
0.7990565070738044,0.09302388777248698,0.043897872007637076,0.044576146970036486,0.019445586176035024
0.8763943981116061,0.06291405567623258,0.021056743264469033,0.027140244147706494,0.012494558799985895
0.918789349230496,0.04309424997534,0.01156820890811684,0.018711775768392606,0.007836416117654616
0.8535438079237958,0.06285734616314753,0.03263298206403572,0.034463755338793194,0.0165021085102279
0.8614768946172344,0.07960564669882618,0.019239015224197752,0.028448577875634953,0.011229865584106677
0.8486742319218865,0.07979735022841629,0.029511074219213184,0.0299281179141679,0.012089225716315832
0.8695933590188508,0.06379095903135289,0.022970340219979297,0.028945622050989255,0.014699719678827739
0.7988063004452912,0.1381448562623243,0.021550227042433923,0.028983381284001998,0.012515234965948542
0.8769989060249451,0.06081162740233529,0.02168634851569949,0.02801515070681789,0.012487967350202108
0.7819609837065087,0.11581789030767316,0.039131601302915195,0.041629074083345506,0.021460450599557472
0.9238587645982513,0.04294059593696372,0.00977510873749978,0.014867379144799783,0.008558151582485414
0.759493801295558,0.1351674163602506,0.049815825172877,0.03559474189701821,0.0199282152742964
0.8987303234817615,0.04935672630541823,0.028210791823810203,0.015431293070000176,0.008270865319009658
0.830870674549942,0.08689221051971903,0.02961171937436789,0.03852903530237016,0.014096360253601038
0.908653642726889,0.04572246740639556,0.02100398545443815,0.016490588539016846,0.008129315873260266
0.7888932830408482,0.1208370331303932,0.040234211127404475,0.03546726679393033,0.014568205907423899
0.6639151186878306,0.22458217161216226,0.047483059921840105,0.0467307924744308,0.01728885730373633
0.8662848537509845,0.06890493164564063,0.03468290141247031,0.020676520952499257,0.009450792238405309
0.8884008135244862,0.05268722127143082,0.020743977315951453,0.02458674042912907,0.013581247459002315
0.9283515575536131,0.03467173528309428,0.01010264835052111,0.017620641446897414,0.009253417365873944
0.8605624221444149,0.07311945324416173,0.020365271803946792,0.02931077666743531,0.01664207614004138
0.667994797998728,0.18240821355354425,0.06665937722521112,0.0545971142038263,0.028340497018690444
0.8273295150845337,0.09338366513616113,0.02016595492927145,0.0378197905072819,0.021301074342751875
0.8859979716925825,0.05016167368479969,0.020721981869369837,0.026806631142784892,0.016311741610463087
0.8721770664568783,0.08366003763864226,0.015770239898088356,0.018486931717295377,0.00990572428909566
0.7534068619663955,0.12588997996519571,0.04320633160698089,0.050120692345126325,0.027376134116301812
0.9442698879746448,0.025561050130800993,0.011952881637516627,0.012415650488130077,0.0058005297689072465
0.8936850183947593,0.07030248288692281,0.013869972944824059,0.013792163323707763,0.008350362449786113
0.9340180788205369,0.026602647779050446,0.01600180700299671,0.015452128781681037,0.007925337615734968
0.873117943156379,0.05678940471064211,0.024504645467459826,0.02858358891933912,0.01700441774617984
0.8610962353073631,0.06375061271744265,0.02112994717592398,0.0325641256266341,0.02145907917263627
0.8177290553262395,0.10955714610170372,0.022390836299827365,0.029906939926596546,0.020416022345632598
0.8977463888616198,0.03090605195277439,0.01960387314744238,0.0330775791204363,0.0186661069177272
0.8867319533060462,0.040864271965268935,0.02334314778554944,0.03142738410221151,0.017633242840923914
0.9197235917951214,0.03675243073590285,0.014029921103087218,0.020105938299240317,0.009388118066648037
0.9223639227225231,0.04503207446966298,0.011712672608784627,0.013971448296795403,0.0069198819022341035
0.9365908083035088,0.026800250021243505,0.013852352267570039,0.013871777526301768,0.0088848118813759
0.8749292970317396,0.0665087659035593,0.020434308894524893,0.026516992244721278,0.011610635925454757
0.9256717389676175,0.04572679961408232,0.010436074038261415,0.01083244021213625,0.007332947167902499
0.9574178058974598,0.017739643289933608,0.008938150761523976,0.010032901539713656,0.005871498511368983
0.9304060331147551,0.03529379075167071,0.013038129309780514,0.012424109504013547,0.008837937319780224
0.8493284772837395,0.07947357015616971,0.030512497863257004,0.025737450049537394,0.01494800464729652
0.9397914412857715,0.025721053591340557,0.012500779648296786,0.014000357909421491,0.007986367565169471
0.9006130814212291,0.0433004499369046,0.026603451544838484,0.017684584287072046,0.011798432809955817
0.8361736969813873,0.05660306373473845,0.05180312491678138,0.03322342980272241,0.02219668456437056
0.9130730365454461,0.031457103752188624,0.01776852875485436,0.023891269397107277,0.013810061550403815
0.9386510980716478,0.03111051290443737,0.01106393432995996,0.011883199219405552,0.007291255474549256
0.9052746456253352,0.05776969628466784,0.014813326105213487,0.013112889083965967,0.009029442900817497
0.9132182591189018,0.03153227067104731,0.027612921054315582,0.015324438886182278,0.012312110269552805
0.8159750494749567,0.07612517730876109,0.039199882788068595,0.043504109980662654,0.02519578044755104
0.9064470456332593,0.04143095703469517,0.021360434711041484,0.019484427434520613,0.01127713518648358
0.9094194544041514,0.04565761883498121,0.014604518542886117,0.01894019241104756,0.01137821580693378
0.8180892177589768,0.07324648509179144,0.03902247775450508,0.04414129116305546,0.025500528231671246
0.921954597407441,0.039229594448820924,0.01951108895212013,0.012229014123057456,0.007075705068560765
0.871685324380182,0.061107297052809276,0.022441261521285807,0.030761997600574447,0.01400411944514841
0.7966060609452644,0.10545795257732803,0.03882299381321964,0.039157367009629185,0.019955625654558752
0.9390623823746336,0.02421826330281857,0.009398365631865857,0.017035059015938624,0.010285929674743335
0.8073608753128666,0.06373262266664978,0.06654690601180363,0.037641548696814305,0.02471804731186591
0.9609604997665685,0.016062033001086093,0.008870952004544005,0.008576402585931217,0.005530112641870247
0.8996512867075591,0.03820736207878145,0.018224854887465076,0.02929582086255232,0.014620675463642102
0.9372868516229274,0.022137259747029844,0.017290681360161264,0.014749366126940553,0.008535841142941019
0.8433943955291568,0.0861538776875137,0.03507639340586991,0.022021442631238338,0.013353890746221207
0.9257614094149217,0.031490068262850654,0.016028853791695438,0.017321633549236232,0.009398034981295995
0.7328430615659045,0.1035582545965555,0.08952282579978563,0.04436454301120429,0.02971131502655022
0.9105005989523568,0.040046445691722596,0.01762782568666496,0.019621344425514154,0.012203785243741522
0.8950040175416977,0.03612545120870911,0.024769874115881895,0.026187630512119274,0.017913026621592068
0.899269986105593,0.046388085772796205,0.02384228527320703,0.01924392797521907,0.011255714873184589
0.83265717111359,0.07956284698578948,0.03436941827040626,0.03458616550427071,0.01882439812594363
0.914840474467531,0.02588105458365823,0.026760519403229214,0.021637792478890118,0.01088015906669162
0.8989441490010206,0.061865253419247944,0.01789745617758291,0.01557298824640551,0.005720153155743046
0.8999672521445536,0.037439295094529416,0.027478722966865463,0.02575062795578141,0.009364101838269938
0.8883790524754865,0.05318605258205705,0.028768057864549362,0.021236915472922075,0.008429921604984904
0.9251474593511931,0.038922702888167876,0.014293689831206626,0.016289381057138987,0.0053467668722931285
0.9135239676395849,0.04247972379773032,0.024423379567681168,0.01465455600570587,0.00491837298929789
0.846942850407725,0.05985030801128712,0.04816443970931815,0.03155741092976854,0.013484990941901224
0.9117766941046425,0.032508732937853405,0.0302646835485079,0.018210097686316956,0.0072397917226792565
0.9104386932246084,0.03128976562307578,0.02674254115975445,0.02173375028443207,0.009795249708129254
0.9088363499666929,0.05398014355225183,0.01387331581010847,0.01667717287774638,0.006633017793200431
0.8212990861800852,0.08593133753723141,0.05434532677418047,0.0278057182591055,0.01061853124939746
0.9357107927643015,0.030394275002510806,0.016482870538977526,0.012888109240963718,0.004523952453246481
0.9649360159096275,0.01655039581982436,0.010561349144367037,0.005466041171523981,0.0024861979546574363
0.9024854218628093,0.032597514567939405,0.03668616945102265,0.01979487703806805,0.00843601708016055
0.8921080781507132,0.05200077631164658,0.03267080677032862,0.01663648453560443,0.006583854231707417
0.8926046127868571,0.060415335015097216,0.024184509537005624,0.015591295372135407,0.007204247288904491
0.9282082862427629,0.04105213052769451,0.01418471935250166,0.01186548284443683,0.004689381032603995
0.8880770113360317,0.06481979977889986,0.015500229217607717,0.021750936840068794,0.009852022827392108
0.7623511451230617,0.11208241063421819,0.052298464747386975,0.053937659555972114,0.019330319939360963
0.7743252539801471,0.0888592355582311,0.08112107187772284,0.03800749374658355,0.017686944837315637
0.9646501367431105,0.011521437318208946,0.010719220869013297,0.009286009255606388,0.003823195814060948
0.8460445034338278,0.049399020748212445,0.049978709484045834,0.0401077618764894,0.014470004457424558
0.927124928010136,0.03634432782219485,0.01802909561984922,0.013612664188836932,0.004888984358982807
0.90023041491598,0.041454274116702806,0.025760143318020717,0.021533789263700476,0.011021378385596086
0.8989671419415386,0.0557092047634172,0.018268119086882032,0.018288881664783135,0.008766652543378968
0.9385638214627441,0.03690589194302692,0.01037845946062901,0.01042337674725793,0.0037284503863419492
0.890565454897739,0.049248386868509526,0.025314660196643003,0.02569198508660176,0.009179512950506787
0.8501705637936103,0.060083671866429066,0.04382946363060928,0.035915200459690474,0.010001100249660754
0.8840777505188647,0.0736707509069164,0.017118598354809195,0.017879775192444724,0.007253125026964993
0.9088781302852282,0.0393214299122561,0.021809584693357496,0.021656568043994198,0.008334287065163861
0.9207413206574101,0.032548251775198635,0.02089271432607633,0.01932980017170441,0.006487913069610653
0.8454121372580136,0.07795294591931735,0.03283279380005662,0.029853403744122334,0.013948719278490299
0.8408769318243865,0.1024762922664619,0.026001520223133977,0.02130085050116969,0.00934440518484818
0.948124302418912,0.02967737678077787,0.009059958615120024,0.009344194883850025,0.003794167301339907
0.9304629479457316,0.03290340524076257,0.015984362784850423,0.014980063531103555,0.0056692204975518955
0.9169811325377467,0.04256901320353222,0.017798515059829156,0.01561160423957805,0.007039734959314157
0.8837963729437809,0.0666320705842151,0.019597455648302654,0.02209865081967057,0.007875450004031054
0.8894832667253052,0.06782676646277302,0.018472471541450732,0.017529233177686333,0.006688262092784547
0.8425814604802652,0.0858176868969525,0.03327693293953344,0.027890278870077785,0.010433640813171063
0.9023372009851687,0.04394230967611139,0.023987494475777287,0.022469707546809752,0.007263287316132706
0.8961961437803833,0.04309198932448292,0.035482377298420714,0.01880029179095223,0.006429197805761039
0.9500238051083081,0.019476573554546635,0.012472342840010744,0.013777378883082779,0.004249899614051836
0.9325722092120927,0.03512986640628388,0.012817880797998069,0.014568062310205845,0.0049119812734199
0.809024615830052,0.08592669805793249,0.049055013892347246,0.045028612512744856,0.010965059706923139
0.8702190060679444,0.081397040397193,0.021673253589418538,0.02015938303204417,0.006551316913399866
0.8698547440080698,0.06214457214758416,0.027365490719754262,0.03031095828185843,0.010324234842733518
0.7956634193054852,0.1308380345316796,0.03318961783978313,0.027552746955113627,0.012756181367938433
0.9278475448722805,0.03559189695764402,0.013930337036138454,0.016034769270586984,0.0065954518633499605
0.9094190134947322,0.03012198499744008,0.015770147902564303,0.020172454169720352,0.024516399435543085
0.8112568884904304,0.09708355973539873,0.02323526283681622,0.03912372843651372,0.029300560500841122
0.9019582742450344,0.04753014715174071,0.020078401497862726,0.02308927203037739,0.007343905074984525
0.8050186671405127,0.08608193221243456,0.05160164175270383,0.04366824323479733,0.013629515659551538
0.9231604760402321,0.043686881123954135,0.013593488675548056,0.013741992033578863,0.005817162126687043
0.9142177720835345,0.048242684588421805,0.01669771096463128,0.014577215622604573,0.006264616740807823
0.9357577779042612,0.031381836087581855,0.01766025237453794,0.010824308359223789,0.004375825274395027
0.9517891160959172,0.024294766213014192,0.008503355553362962,0.011278049149263782,0.004134712988441886
0.8106265401420327,0.09614798991650828,0.05355153776692448,0.02829700350325233,0.011376928671281957
0.8983488285196224,0.04620379573761111,0.025095969761620738,0.02369013809937696,0.0066612678817686505
0.9130897385020571,0.037344633869057973,0.0221733458493305,0.019341422144166287,0.008050859635387913
0.7904384069554262,0.10381309829018796,0.05771151726919951,0.033641051324773526,0.014395926160412947
0.8346128331304293,0.09024970571947825,0.036031530614824114,0.027169803102343227,0.011936127432925062
0.8624035164186843,0.08163199228590783,0.019893274368847826,0.024288358665644133,0.01178285826091597
0.9411843316689721,0.022079535805743362,0.012152676514198123,0.0165099070542316,0.00807354895685494
0.9290739212255269,0.04677877612884064,0.008755675541390286,0.009685194542443518,0.005706432561798435
0.9049245801945321,0.05009634579579503,0.019011967814171634,0.01776071672648327,0.008206389469017854
0.8818501654200895,0.06300636113876425,0.026281177442473318,0.018259774521526724,0.010602521477146205
0.8535775236713297,0.04789136351322331,0.035473016696482715,0.04237585553610163,0.020682240582862353
0.7510363499961376,0.11301881141588031,0.054557036290909924,0.05923645622605701,0.022151346071015307
0.8755506076690226,0.0632294725119057,0.02656330287444391,0.022602967512840563,0.012053649431787128
0.8508925824756427,0.05186327355757125,0.030511071999043012,0.04765020976492911,0.019082862202813997
0.8563132291122684,0.054477432167897,0.04481771256742669,0.028470255489664014,0.015921370662743815
0.8806426880763364,0.06798051488583184,0.01852272778674348,0.020066934828766057,0.012787134422322302
0.9110340440451338,0.039205762077877626,0.022114600076230742,0.017092578381213752,0.010553015419544173
0.8535927817255659,0.061829567117104994,0.03489027521294336,0.032641825524835064,0.017045550419550744
0.9293783670704734,0.016613422984709473,0.027632141386469182,0.01692291551941948,0.009453153038928325
0.8886352607401573,0.06249076329784802,0.016272134812102036,0.01986440794947701,0.012737433200415841
0.6724427115321655,0.18747791112008066,0.04435534516911632,0.06056872105658646,0.03515531112205112
0.8867775299817423,0.05839397950139504,0.015858196852639696,0.02346981923467582,0.015500474429547332
0.7592695926414619,0.10596202900056054,0.04422517731314096,0.06000096947754921,0.030542231567287484
0.9036981357101882,0.02800632543241966,0.026158629688018912,0.027443424340804993,0.014693484828568247
0.7693081657085018,0.11394818838246211,0.03556898991625673,0.0496433742346858,0.031531281758093374
0.861212021958776,0.09315160179394112,0.014045316451259254,0.020958068129877043,0.010632991666146334
0.7965516468879185,0.09330287280851743,0.042173893626647155,0.04358653573800699,0.024385050938909775
0.8276681645595859,0.10735096426035144,0.016578488701276886,0.030965345219020772,0.017437037259764993
0.8658971030907915,0.0764835647686139,0.018310746469684815,0.026180697758936416,0.013127887911973177
0.9033751834920362,0.04233293593709825,0.023317016318791964,0.017364908478181736,0.013609955773891829
0.8631239074298008,0.09146292728536022,0.017161654031895436,0.017777260297714467,0.01047425095522887
0.8701634776117674,0.06851858498950118,0.01972353285606432,0.025898651980746153,0.015695752561921177
0.9261122840400569,0.028306438000714782,0.015391898345428538,0.020183113791806782,0.010006265821992974
0.9095316456537685,0.05564664455977361,0.013180665919745836,0.013867708407571457,0.007773335459140495
0.8446200952246051,0.0942762588184178,0.0164420731740942,0.029585279070521338,0.01507629371236178
0.8706198463470206,0.07485568306762566,0.015781776601387618,0.02761263268102435,0.01113006130294164
0.7631177109081837,0.14177800016901335,0.034830198235760876,0.042219806026316434,0.018054284660725575
0.9098767184128178,0.03812600827408413,0.019408374040457477,0.022483442595322336,0.010105456677318188
0.8665696433268957,0.05650405904927366,0.028306380812866655,0.03047004215936796,0.018149874651595906
0.9419754648286767,0.023027865044220257,0.014101372550505796,0.012013724705344937,0.008881572871252354
0.9472203061850114,0.030808546237899657,0.00661163797858322,0.01004328674546481,0.005316222853041177
0.9008733789348133,0.04341263815710018,0.015312463208807442,0.02321668654395912,0.01718483315531976
0.8809920756752041,0.03891972416359164,0.023988832890911308,0.04003055213078621,0.016068815139506636
0.9322707066534202,0.033480048291062686,0.012177384699272438,0.013707646455468894,0.008364213900775748
0.7717885301448367,0.11180536218627199,0.038876645871832975,0.04891690507129486,0.02861255672576337
0.8281006993800265,0.086843470658615,0.040368070790385305,0.024835297146371935,0.019852462024601537
0.9088670467569917,0.04596061396800184,0.01832734762783256,0.01666677946670961,0.01017821218046416
0.9371261394202962,0.028667142885747936,0.01277378636484873,0.014929170707348215,0.006503760621759246
0.9129273852387049,0.03210090125701194,0.01973563250717377,0.022472959559666238,0.012763121437443257
0.9281050261986673,0.032691060792694425,0.01454680572191935,0.015963881600215526,0.008693225686503466
0.9419848376175182,0.02688331947087645,0.012472717478344929,0.010795624001957221,0.007863501431302993
0.8950551478706085,0.042694308019302844,0.018658622984693892,0.030185022736342094,0.013406898389052633
0.8841867997344998,0.06288374297068468,0.012537857104012168,0.028093060768136287,0.0122985394226671
0.9221117842668848,0.029933735772936825,0.016905259265620046,0.02045576235331118,0.010593458341246852
0.9210334748501052,0.03517489295197561,0.010523752606966471,0.023024810742759867,0.010243068848192679
0.8845988222202789,0.04928298487492944,0.023712100150441312,0.028671854881119844,0.013734237873230243
0.9096019208171723,0.04071247158125123,0.017584569106512515,0.02286361276249066,0.009237425732573452
0.9391054244295379,0.022522884343766612,0.011198744730086635,0.016701510082934867,0.010471436413674122
0.8704997032537601,0.04342778459275952,0.03710371671485399,0.029484396211639827,0.01948439922698663
0.8024863600188188,0.07899057024834495,0.03361547240621119,0.05675762329562737,0.02814997403099783
0.9362866980520258,0.031367953802807054,0.005954197970439846,0.014939514829114963,0.011451635345612478
0.8451597138129611,0.07794743547369903,0.014447277204279012,0.032650325483646624,0.029795248025414108
0.9228068055251644,0.03687218234126303,0.011108768252204583,0.017434269736260666,0.011777974145107529
0.7588616276572078,0.08953937047676247,0.03677753604289846,0.06722215911494828,0.04759930670818291
0.912176758451806,0.03370245255890022,0.013294281565594744,0.024702322484631882,0.01612418493906734
0.8943842037973028,0.035349794348792325,0.017359452627523825,0.03235434170473036,0.020552207521650576
0.949816920410555,0.016696649962471444,0.008312092127642732,0.016154840468131572,0.00901949703119936
0.8472841489536639,0.06979317236424332,0.019216626330381674,0.038857760492257365,0.024848291859453663
0.9104405926965322,0.029310196410308197,0.019432315279443096,0.025005159511345704,0.015811736102370747
0.7937478468674581,0.11242780565523144,0.021715764551353215,0.043390641652188006,0.02871794127376908
0.887173982624036,0.05401064862762593,0.01408811900414719,0.02437116266163631,0.020356087082554517
0.6914988391420498,0.12003043600450088,0.05361666443909438,0.07555670862209424,0.05929735179226075
0.8892618465682329,0.042484048044684454,0.0171285721264412,0.028815492103198944,0.02231004115744225
0.8487958562538187,0.06122541405293186,0.023311557293590194,0.038665562783188855,0.028001609616470316
0.8955286556001373,0.06062490685830402,0.010640194547459115,0.022226068561428107,0.010980174432671479
0.9183200475023326,0.03466576829597423,0.0322494218851415,0.011623358603585229,0.0031414037129665865
0.8622883976393575,0.06305342669600317,0.04569295947422774,0.024633818612615144,0.004331397577796636
0.889997114354281,0.07349957351354086,0.015292770941912207,0.017524642557201476,0.0036858986330644754
0.8426294649355459,0.0891896288749941,0.03454393152738882,0.028673375621441594,0.004963599040629676
0.8538382427205494,0.09535463168397292,0.028563705386925563,0.019360289311863624,0.002883130896688392
0.9583102073490216,0.02427399285571506,0.008698669028291018,0.007393992824257392,0.001323137942714779
0.8179144221881797,0.11041629512491674,0.03561284572408409,0.030124489483691685,0.005931947479127736
0.8538434897916936,0.08400720241357211,0.030591490151412236,0.025986931424461335,0.0055708862188607825
0.8801227670994464,0.07471510436245685,0.019588848358047393,0.02115588662954146,0.004417393550507753
0.9317242843805822,0.0392297826541141,0.014604785936883222,0.011666495316567332,0.0027746517118533956
0.9485733118766554,0.026311753166729197,0.012211678913195275,0.011164849612452682,0.0017384064309675777
0.8322488712438955,0.09661628411024434,0.037135402181320165,0.02832168538874186,0.0056777570757979645
0.8225780644467491,0.1062244342813187,0.035568475753009594,0.02929034459193917,0.006338680926983335
0.7592130495326147,0.12258349266517408,0.05903131564038876,0.04738229871274019,0.011789843449082134
0.8647852025104829,0.06509553352317962,0.03813771733840198,0.02562402008437338,0.006357526543562152
0.906090729057427,0.0398989152281171,0.03598839129791791,0.014462075192135637,0.0035598892244023085
0.9314228123491013,0.04367828416698437,0.015563957116944572,0.00740649161459642,0.0019284547523734485
0.8976567638736237,0.057824513498899624,0.02568062963396968,0.014731487554454272,0.004106605439052846
0.9317866935823934,0.04852464495364022,0.008746609314374631,0.008910010388065529,0.0020320417615261135
0.8448287754216254,0.09614821282197977,0.026176926467029675,0.026998160678812964,0.005847924610552242
0.9066661352303913,0.051090524921682534,0.01786170978486149,0.01960516150265508,0.004776468560409709
0.8538986136675158,0.102778673788032,0.01960717947808327,0.019667740045321794,0.0040477930210471155
0.8807631915241703,0.06772909240437996,0.0285918037359176,0.017964823693207628,0.004951088642324924
0.8607285652673321,0.09430532874522728,0.022848399011973858,0.01828703203202748,0.0038306749434391138
0.9230829446931408,0.05197302712686457,0.009830188380597885,0.012424485540269368,0.002689354259127529
0.9400184836605041,0.04378482432205049,0.005730875490791053,0.008704426662617821,0.0017613898640363884
0.9531589713971512,0.024835617696579305,0.00947061241608855,0.010685895596021181,0.0018489028941596623
0.8276912336559492,0.10571741526877047,0.02135777616185706,0.037087305284079414,0.008146269629343839
0.8788145234591341,0.08523516509769696,0.014334571620366797,0.015577240134003264,0.006038499688798848
0.917648930413818,0.03367982625983738,0.02209927453396402,0.01973884282289754,0.006833125969482733
0.8946517335800358,0.05147444585924143,0.02331327919274281,0.023801804626544035,0.0067587367414358515
0.8765371017097546,0.06199177344294366,0.025886160146667822,0.028314598535437094,0.007270366165197063
0.9145412207494953,0.046255126513568605,0.017388041530005012,0.01784487224402578,0.003970738962905435
0.9312293454055172,0.038663226774889634,0.013474566112616652,0.013637853859622672,0.0029950078473538915
0.9253130970484286,0.03341536284190822,0.023198112115265235,0.01346572258257047,0.004607705411827474
0.9195001958649551,0.059217355285607655,0.007390044829874386,0.011055070252120372,0.0028373337674424005
0.9415517099586633,0.03555134632153174,0.009256849089965559,0.010658287313437605,0.0029818073164015724
0.9244802123375387,0.03589733942829836,0.015877530039112003,0.018736512029039334,0.0050084061660116
0.9309609155814416,0.047095690975596065,0.01045017502487346,0.00866360829463005,0.0028296101234588146
0.9193313727006199,0.029958321072555444,0.028913178693852164,0.016643143973985034,0.005153983558987387
0.9668042475684767,0.020625571660628242,0.006898685072339439,0.004425501067001402,0.0012459946315542501
0.879042855769534,0.05343779830555704,0.036319569622993264,0.024217610350245722,0.006982165951669908
0.9556183992772066,0.021119416245400844,0.012295740892840332,0.00847199510926732,0.0024944484752847966
0.9195475344313354,0.04896049928064529,0.013700041339128539,0.013284051671629474,0.004507873277261182
0.8936715592453316,0.04126273151497145,0.036987243119527724,0.020783348618931295,0.007295117501237951
0.9543225573538885,0.02919564003999815,0.007842865026127386,0.006326908151125227,0.002312029428860518
0.9084526567253425,0.04810180062646589,0.024137004294523052,0.013878358231130069,0.00543018012253834
0.9411373142824494,0.026795352420510267,0.013371252815004508,0.013788453804826954,0.004907626677208692
0.810225077117061,0.11474338465548956,0.03609207183571007,0.029021378736311262,0.009918087655428209
0.80009944656906,0.09893647465513984,0.038156359134934835,0.042259904674793014,0.020547814966072393
0.7024742010049595,0.13652947397793005,0.04364611440848744,0.06360495939520126,0.05374525121342183
0.9125051041001724,0.048087187729033996,0.01309820305839732,0.01720145118340729,0.009108053928988962
0.8641328559521809,0.08375148979513822,0.01719537023223181,0.023144646076005422,0.011775637944443803
0.904200202101658,0.06380327350339514,0.01720729237447093,0.00923925731496779,0.005549974705508335
0.9650129878925221,0.012511383066007131,0.0060498254672582555,0.010396950410955,0.006028853163257747
0.9153137306322603,0.03688140504014584,0.017216579065171354,0.018112360918778776,0.012475924343644017
0.9117717683606144,0.04774805862478188,0.020943085468736987,0.014077003442084597,0.0054600841037820026
0.9403157284533202,0.02923994404025917,0.013937575876356339,0.012930063015212202,0.003576688614851817
0.9028060290039558,0.05701750591283606,0.019476708696156062,0.014782416475596914,0.005917339911455083
0.8968086917246477,0.05082646408742135,0.025713315986894577,0.018182508984614563,0.008469019216421602
0.8896755644740711,0.057618693603556766,0.02205486015995538,0.02380058454242399,0.006850297219992784
0.8960997405061015,0.07155702461662242,0.0124554147143964,0.014428048955938376,0.005459771206941308
0.9383427061177995,0.03370116212513643,0.0110154892997302,0.013055490428367412,0.003885152028966614
0.9133906754647156,0.03919167750382623,0.02204814104006767,0.018203122681531975,0.00716638330985861
0.9063220776821558,0.06141792215674167,0.020184439315258776,0.00904822243876484,0.003027338407079033
0.9375958943459669,0.03900463184313016,0.012642441204331839,0.008067456575651433,0.0026895760309197875
0.9441147519378132,0.036152331444852616,0.007948640212903299,0.008132387323676405,0.0036518890807544706
0.8842700075927578,0.04681335755861095,0.04061174529927242,0.0221720218859669,0.006132867663392151
0.8896266359782294,0.0585265949318392,0.02204951829315849,0.02397775669362569,0.005819494103147167
0.8746284507972805,0.061603258966819265,0.03410209552090706,0.021912892985212557,0.00775330172978048
0.8569657262114767,0.05783970683271582,0.030530595411494044,0.0431383451889741,0.011525626355339193
0.953352633793402,0.026214813117136356,0.008414781894613086,0.008038487871204153,0.003979283323644224
0.9124232629311076,0.041736951388680936,0.020741772691157293,0.01777165653602443,0.007326356453029729
0.8197614221732885,0.06617564440355082,0.060607305767546714,0.039196838936638154,0.014258788718975948
0.9180706863944078,0.03897747177375458,0.01852332234458344,0.01534244522222025,0.009086074265033963
0.9536291639965843,0.023557311888254447,0.008446132324118026,0.010819346129250597,0.0035480456617926685
0.8137879144642931,0.10314321432224509,0.04430845339706589,0.02835062341862309,0.01040979439777286
0.8716331999247364,0.05584261793870692,0.042056009809498994,0.02137215936446719,0.009096012962590652
0.886378634825497,0.07327219872660741,0.019955451636601722,0.012785636207281825,0.0076080786040120035
0.9500324538743636,0.030396390023422714,0.008111158245386817,0.007804099592603436,0.0036558982642234707
0.9503980848289729,0.02795281514364235,0.010425555820609046,0.007347403533562326,0.003876140673213143
0.9162753388995544,0.03473906676424001,0.025694254521897875,0.016583520800918312,0.006707819013389316
0.9318347252825417,0.03339127262464751,0.014975808817555683,0.014814264330100293,0.004983928945154793
0.9042734791554601,0.032095105995364887,0.025624512795006858,0.02165917928845302,0.01634772276571518
0.9355944736178573,0.02963427127134929,0.013866635388699563,0.014031130492034978,0.006873489230058884
0.8846687544717348,0.07936006782560895,0.01329235850165743,0.015347686394016782,0.007331132806982052
0.8750296074506471,0.05879847439055016,0.02512237799707998,0.029013392934267104,0.012036147227455626
0.8651019108736279,0.06198410901235721,0.04028598500757062,0.02221341772072068,0.010414577385723493
0.7912868805287546,0.10100150250172081,0.04571117184390496,0.03799216561694461,0.024008279508675096
0.9387060828459411,0.026127936033633708,0.01416994385796912,0.014078861536550484,0.006917175725905422
0.9396432868615827,0.03046851068418144,0.014233957785344501,0.010247411511075123,0.005406833157816205
0.9218001788082879,0.0476950502090338,0.01441849355084752,0.011402198080692025,0.004684079351138753
0.8938536327798381,0.06502159867482839,0.016733380364067796,0.016984728899251556,0.007406659282014097
0.8367269914816603,0.08244232406099143,0.03788757472676579,0.030617528283496946,0.012325581447085466
0.9338491778957976,0.02653931348277149,0.01546884139327374,0.01771988727840707,0.00642277994975009
0.9001630725578166,0.047378169837663846,0.027277717983286254,0.01830101379483666,0.006880025826396543
0.9508380804583607,0.02806290922850699,0.007697090153002154,0.008484070275606503,0.004917849884523489
0.8933066253984393,0.061731024752284674,0.018670927003533774,0.018210021739040228,0.00808140110670217
0.9348873824199044,0.031660131885048966,0.014580103673154392,0.013183208927630634,0.00568917309426167
0.8173290516331402,0.10013423813792106,0.0483698442748908,0.02368647699505566,0.010480388958992374
0.8812149614758882,0.05792922053667591,0.0299948838137069,0.023675124513840663,0.007185809659888277
0.8972540405704726,0.039171516828153397,0.03092760345294725,0.02354176618537093,0.00910507296305581
0.8879930507819267,0.05607369085182896,0.028653803383063316,0.016907081858694595,0.010372373124486287
0.9455814302899599,0.025720957713578678,0.017271042076469133,0.007920836276194668,0.0035057336437977395
0.9318533160126413,0.029134722308907762,0.016328235587096184,0.015354145726163334,0.0073295803651914505
0.9543525799693158,0.02965082805432854,0.00620648207422945,0.006680370463820167,0.0031097394383060215
0.8862581070694221,0.06790163116826609,0.025444320633631008,0.014290832116418115,0.006105109012262774
0.9052957825874581,0.04662977840628941,0.020596488603969614,0.01836953917874073,0.009108411223542185
0.7939790366713737,0.12753945096926808,0.047614774308970896,0.02065655776278739,0.010210180287600257
0.7502731874061641,0.1637738472377408,0.04006087644734585,0.033595041413279535,0.012297047495469502
0.8330627110261727,0.09739704732020198,0.04062141150096405,0.021192701482197405,0.007726128670463991
0.8525138846724087,0.07582254242491827,0.04018891444584154,0.021560854523107784,0.0099138039337235
0.8218158884789348,0.1141523610998664,0.037355378832901014,0.01789756700375526,0.008778804584542608
0.9505676351805171,0.02687075137056781,0.010649708927786567,0.008416221753362265,0.0034956827677662824
0.9389868028775014,0.036940061105115926,0.010301180268524158,0.009504134253551743,0.004267821495307017
0.9578089085373321,0.01906597280606054,0.008059613895492496,0.010462256889447786,0.004603247871667093
0.9220716527385814,0.04293628650371019,0.014423778453596025,0.014117626353244244,0.006450655950867868
0.891042404844865,0.06832459135655598,0.0201199178051057,0.015384304060552542,0.005128781932920834
0.8163569097759393,0.1174560477069975,0.02844478966248949,0.028272364012420757,0.009469888842152748
0.8004036743306936,0.12604856499640177,0.03496977737584892,0.031362773887603376,0.007215209409452482
0.8560887594706655,0.08481409920071023,0.026531771346234145,0.022749867282974387,0.009815502699415772
0.9148062036226973,0.036069552622543105,0.017127550707518993,0.023711596701182502,0.008285096346058207
0.8852600431833783,0.07812385336677229,0.014669909392067464,0.015936711198778555,0.0060094828590034725
