Delta_Power,Theta_Power,Alpha_Power,Beta_Power,Gamma_Power
0.7416813170604148,0.13180123148732562,0.0561094295979092,0.058564011061448894,0.011844010792901543
0.8911222295244897,0.054992298979847525,0.02824051649908142,0.020516556333636953,0.005128398662944197
0.7379338047292942,0.17916632524667256,0.043927493596545866,0.030449972015186323,0.008522404412301236
0.8913715908831672,0.053408080443027604,0.036410149405281984,0.01499313276552095,0.0038170465030023
0.88854797104761,0.058526414847034684,0.033490566747416406,0.015056970760162864,0.004378076597776155
0.7225544441514606,0.14975920984382593,0.07944627221397293,0.03954834161092687,0.008691732179813788
0.9076434427248402,0.04911701863563645,0.025882613031640016,0.01318852758064898,0.004168398027234287
0.7946867787678377,0.11391078144285897,0.05146294878914488,0.03279578438510113,0.0071437066150571915
0.8106464901467607,0.0861735737416458,0.062088089990717875,0.031774153799486615,0.009317692321389012
0.8572790196869424,0.08409156712133826,0.0349664418077962,0.0175814796566916,0.006081491727231642
0.8959086103024332,0.066342735063466,0.021704869528671122,0.01190176751801118,0.004142017587418251
0.7869467877019262,0.11557039277215089,0.06627649951183824,0.023995155214915114,0.007211164799169648
0.8245763620300577,0.09408917439277836,0.04981888404297131,0.023821892147961918,0.007693687386230854
0.8031174113331022,0.10543090518991878,0.04391539208013149,0.03512848018173959,0.01240781121510816
0.8989342943509311,0.0510792085965264,0.02570721658631503,0.0190347434429834,0.005244537023243899
0.8902328499924498,0.05729492159992304,0.025158089691326425,0.02204041553055464,0.00527372318574614
0.8125257524529172,0.11887058786240609,0.041025070022195964,0.02081555239800343,0.006763037264476909
0.9051401798798797,0.05910021060123738,0.02045171186797131,0.011668694969266232,0.0036392026816456933
0.8583363093656424,0.0917778867327549,0.021695671400499092,0.022243554146285573,0.005946578354817932
0.8910326580333843,0.06792026435827082,0.019789945553522217,0.01622514242733309,0.005031989627489674
0.8935743068337388,0.06080139530441563,0.02065070832214856,0.019038688913979845,0.005934900625717231
0.8847622178583346,0.05801483039505765,0.023359428888019746,0.026874655687370796,0.006988867171217219
0.8994631528823147,0.05622037403541939,0.02188135032076954,0.017253553810430127,0.00518156895106625
0.9131558051264625,0.050912446714535556,0.019522927101191048,0.012394568933284182,0.004014252124526726
0.9239557581858647,0.041388871279807886,0.016831452444932445,0.013454848075499126,0.004369070013895821
0.822362084996586,0.09692614089743613,0.044267312192965744,0.0252119968515777,0.011232465061434353
0.7850160404423607,0.08987698278154008,0.05088154127538074,0.05348221126709792,0.020743224233620374
0.7790132488758313,0.12015338579991862,0.040593306439306455,0.043985389962014114,0.016254668922929382
0.8491159052511744,0.0868732741638821,0.028670493903895394,0.025918922851630163,0.009421403829417736
0.8192758436251311,0.10374725523405294,0.02634495373412469,0.03701058129192632,0.013621366114764845
0.8790898413861612,0.05006212259781475,0.03754679923117927,0.025291155915519035,0.008010080869325769
0.815949258240973,0.11012739586902963,0.025350659577124242,0.036659379546167,0.011913306766706001
0.8826332539721751,0.0673376039841777,0.02032054332967444,0.01986728620836116,0.009841312505611637
0.9332659051193403,0.0353339460424152,0.010103354998110659,0.015277132429496949,0.0060196614106369836
0.9231388364547494,0.05058450461232465,0.010282239121807079,0.01081810497382542,0.0051763148372935075
0.8836703263938569,0.06345764326542876,0.023372555206648375,0.0197540690943666,0.009745406039699306
0.8403700528114414,0.09334323366498161,0.024379137082448727,0.03036037702175221,0.01154719941937621
0.8770853824541046,0.0715618550657761,0.027279270889308253,0.017698643464706735,0.00637484812610444
0.9398314367633029,0.0395741621185245,0.009433306455943974,0.008082986000250385,0.003078108661978018
0.7844652375124598,0.09976371192191456,0.04764140753623633,0.047557875565324384,0.020571767464064826
0.9411848910209705,0.025788846179254563,0.02047185247450822,0.009386782466250576,0.0031676278590163386
0.8514801401639884,0.07043841644716278,0.037569181015874954,0.02949674523487972,0.01101551713809414
0.8649203477813346,0.07803923224726982,0.028566117986810746,0.021104987558027803,0.007369314426556884
0.7694882992701602,0.11589748285232387,0.06694557715182664,0.0321565518665876,0.015512088859101774
0.812836394825143,0.08489070261488468,0.0557552989864439,0.030855834188744137,0.01566176938478412
0.7468231075967305,0.15293066188656695,0.057967925684934925,0.03037758306729182,0.011900721764475913
0.8183393222249403,0.10097074771332731,0.04765253468299292,0.02297841920194473,0.010058976176794842
0.8794877926576187,0.05692040174983034,0.028678091305842417,0.026548880029417746,0.008364834257290748
0.8939818288105711,0.05400787194912342,0.023279927530095036,0.020232392310307316,0.008497979399903106
0.8117890468098788,0.11488420810943413,0.03311242698290352,0.0277906320243211,0.012423686073462647
0.8467969830596442,0.07427765820324911,0.034491074900162316,0.03185363552722395,0.012580648309720466
0.8750551164854438,0.06246911256393763,0.024989362869022494,0.028313288703412005,0.009173119378184165
0.8360152470196192,0.09742494302635948,0.03513042975659538,0.023692609990310653,0.007736770207115498
0.8058012841934635,0.12131319630781,0.03584910067974044,0.02537931976237446,0.011657099056611539
0.7543689996494161,0.1282329266458004,0.06846702602833028,0.032970622195463824,0.015960425480989512
0.7305638097918021,0.14845511803711545,0.05778094326234021,0.047572634145611574,0.01562749476313069
0.8840863552093182,0.0752210309998738,0.016632858339555086,0.016387573060281657,0.007672182390971204
0.8466079028273877,0.08197526297093617,0.035588920154605956,0.026752703575487678,0.009075210471582445
0.8646083848499965,0.05070756271857376,0.030231205494899018,0.03946925853245384,0.014983588404076967
0.7933645258924965,0.12094246584762383,0.03489934736794896,0.03952178115251063,0.011271879739420008
0.9092142874782209,0.041311521562391464,0.023174227819145216,0.018702907463641325,0.007597055676601226
0.7297644938223632,0.1940064761864145,0.03469150929211507,0.028380378609763602,0.01315714208934362
0.899875022397237,0.06345054395896445,0.013775518895920574,0.015994743857654602,0.006904170890223302
0.9076765183672162,0.0585645190299859,0.011762605800152134,0.0158500571621371,0.006146299640508624
0.7802717590389276,0.10521899093242465,0.054224751706802424,0.05135006063697289,0.008934437684872362
0.8876345053179636,0.07706117870923929,0.014544580051444019,0.014681710820329595,0.006078025101023582
0.8937466319803727,0.03193968242768438,0.01605811021277716,0.035604096555866604,0.022651478823299036
0.8628712554303335,0.042328221099275774,0.02390798801085417,0.04064040780303641,0.030252127656500122
0.8253888573831341,0.06901779734422492,0.03206370093195355,0.048256190690953195,0.02527345364973429
0.9319768258007655,0.025145537800104846,0.019718619958768804,0.013724348959964787,0.00943466748039627
0.8883671317180493,0.06090431574283636,0.021567334049006643,0.017302399683083537,0.011858818807024378
0.8856375100357424,0.05871994648945522,0.021376708858545576,0.02241362371483092,0.011852210901425861
0.8532471104529176,0.05899734922558214,0.04274180256965327,0.026381993364166863,0.018631744387679925
0.8503804380628851,0.05507401911579984,0.03803938749398668,0.03668312175477749,0.01982303357255092
0.8396156003589621,0.06916426560144778,0.03621408058313399,0.03170354218295298,0.023302511273503333
0.7208229343126981,0.08941962966480393,0.04724976880128613,0.0855876718844761,0.05691999533673575
0.7809663317141512,0.08194435293328806,0.04896304211827993,0.051533535033366995,0.03659273820091389
0.8973345782042517,0.036434400747628055,0.019346270263594128,0.02785869706539517,0.019026053719130992
0.7014599545846651,0.16664814734153557,0.05428527604711016,0.04939308159773681,0.02821354042895231
0.8298902639391796,0.08252732024264216,0.0260816369339172,0.03505521121289127,0.026445567671369734
0.9037979797956569,0.04446549168481586,0.016363965718901013,0.023934028239462415,0.011438534561163687
0.8790955096713465,0.046470755727209836,0.03218860802101399,0.029535262486140374,0.012709864094288925
0.9482671100202181,0.02521608671280208,0.00895267138235895,0.011581559860622079,0.005982572023998804
0.8380423980000572,0.07369830180638508,0.023073540698068915,0.04117814570845039,0.02400761378703856
0.6995705743336279,0.15768261928184243,0.05591484154242462,0.05292293622607321,0.03390902861603202
0.772003318631991,0.10317585690709868,0.055919434861393086,0.04039793821612113,0.02850345138339609
0.8427035181180664,0.06147717508200667,0.04567993641883155,0.03313001629540859,0.017009354085686792
0.7245683401834442,0.12926815598687777,0.06241928421910101,0.05303376039345419,0.030710459217122905
0.7590692868742053,0.10516471667041252,0.04826785294758329,0.052735510761771735,0.03476263274602725
0.8770289007210952,0.04890107132423129,0.02016987932315708,0.03496525376860135,0.018934894862915063
0.8795414690197576,0.05008818418722178,0.017749238023339747,0.030608269465912837,0.02201283930376793
0.8962850701198172,0.05720927403621499,0.009692374567772617,0.020770378041275586,0.016042903234919588
0.9173000312793627,0.036253855923520074,0.010068853277935528,0.0230499111152959,0.013327348403885527
0.7605158195547788,0.13890808718077294,0.0387808167363661,0.038542341578215365,0.02325293494986677
0.8780159717984607,0.04933001632671762,0.026741883158273815,0.03147695507461763,0.01443517364193012
0.8939678454446884,0.0428561981151859,0.018417426113552557,0.029447889906288927,0.01531064042028409
0.9012491619634736,0.055292538800752834,0.014766618239875037,0.018851529015683967,0.009840151980214342
0.8496487640059669,0.07326420275763823,0.03908252963521214,0.023177856378625652,0.01482664722255707
0.8528297294542604,0.07584601198932943,0.02902956887949688,0.02747374979630124,0.014820939880612168
0.8937986154004122,0.043165976180795,0.021604217286551198,0.027903983178127936,0.013527207954113813
0.5438425586914436,0.2203026907351745,0.06597644514723967,0.11602083911247471,0.05385746631366763
0.7650621617149463,0.1105372842640077,0.05382937552417694,0.0445206123330058,0.02605056616386327
0.8761725158902779,0.05977101765893306,0.026801389084762876,0.023332669550031947,0.013922407815994117
0.8151946039419807,0.08797954751031402,0.03527839168521225,0.03640709986206403,0.025140357000428944
0.946544836423285,0.01855450645634624,0.011012005944144877,0.015818853290927554,0.008069797885296666
0.939727933825968,0.027774682459398663,0.012023077857652527,0.013362290498430377,0.007112015358550264
0.6270458397912837,0.15298747144352545,0.08007885236254744,0.08649945802662211,0.053388378376021166
0.8603467525915582,0.07152057850503839,0.019842370297801788,0.031031637873789084,0.017258660731812432
0.8281796263942494,0.06750147549424258,0.036493615738649406,0.03691484607982039,0.03091043629303851
0.8375018556337066,0.07723014918719219,0.02642933116334365,0.035711611781836385,0.023127052233921072
0.8584641928836766,0.07030775405223598,0.02668417969165963,0.02730123768056934,0.017242635691858573
0.920462733251537,0.031702198820269305,0.01718238143293411,0.020762091175000733,0.009890595320258704
0.9116629899573803,0.024536927441191063,0.023289590127955572,0.024174601598969614,0.01633589087450344
0.860714149664625,0.03169444522199286,0.03601113398509129,0.03910249929260242,0.03247777183568865
0.9223242844264071,0.04064089198908142,0.00994605839447442,0.017391971737381454,0.009696793452655337
0.7708590926704004,0.08233711574699501,0.06845014754102789,0.04979935495339995,0.02855428908817693
0.8493547878840068,0.06123884694818689,0.024359234106579288,0.039515264750120696,0.025531866311106426
0.7763710560495014,0.11897905279427862,0.028934023675028155,0.04615873991230388,0.029557127568887898
0.8789337584965825,0.03597839888197944,0.019750981477259462,0.04210103955336739,0.023235821590811043
0.9274856852074818,0.03391073096703456,0.010145641882344607,0.017148951450731892,0.01130899049240735
0.8356517829031102,0.04906134558825044,0.04050342925774592,0.04796418072624781,0.02681926152464567
0.8713093179349948,0.05152615927846268,0.03634257518662338,0.024695676282117676,0.01612627131780141
0.8558811766812886,0.07205916480470209,0.0227057757195642,0.03138723643184116,0.017966646362603984
0.7889783674285079,0.11688481032844225,0.03677385058924758,0.03620249427953283,0.021160477374269397
0.8953487833536803,0.04259634965912168,0.025781016809412857,0.02169269727401857,0.014581152903766494
0.9460313887881555,0.030116269398069294,0.008907203038442944,0.010981408513835896,0.003963730261496396
0.8217062211622261,0.10971897448875044,0.030002862725502764,0.02898635934254678,0.009585582280973972
0.6308266453212665,0.2149563309279723,0.08051893872191064,0.0646926234837711,0.009005461545079366
0.8569885470056569,0.07672896622223793,0.03568782253390719,0.02384801066672467,0.006746653571473297
0.588712330233445,0.15502658348071346,0.12577023510884106,0.06571364404562408,0.0647772071313762
0.6055325725552592,0.13258628938721562,0.0893555410420831,0.11072595216588083,0.06179964484956115
0.8635385874758547,0.07303254456650281,0.018768311569159566,0.026547437068390394,0.018113119320092873
0.5230978989647259,0.3472286788031226,0.08244434282963994,0.0172402095880622,0.02998886981444941
0.7249255516358859,0.2056506981626885,0.033507571435651355,0.01946377804333862,0.016452400722435638
0.9337650378005626,0.03628988734243552,0.00980107443281135,0.013715016116876744,0.006428984307313823
0.898029341455032,0.05419419123614032,0.02054159249699988,0.020373795068055825,0.006861079743772101
0.9336787919016888,0.035068395104535674,0.01571930769616072,0.011559071079896973,0.003974434217717887
0.8667991744033962,0.06190473894760492,0.026295930225674363,0.03338131734441675,0.011618839078907815
0.8244772025805598,0.0734860393840886,0.04202405141833653,0.046632080590953674,0.013380626026061087
0.8305503549922574,0.07614522033711006,0.0396569626700814,0.03982383346407805,0.01382362853647302
0.9130456971205546,0.04202449962468385,0.015011383594567253,0.022188606104336237,0.007729813555858017
0.8828454386293739,0.06682238912242242,0.01721682804958878,0.023896093480008603,0.009219250718606246
0.9556307558186782,0.024604421186655033,0.006293215646864074,0.009223505895442654,0.004248101452360114
0.8645935722571858,0.06631977091443055,0.024979059267192114,0.030950839159305795,0.01315675840188604
0.8462148340203506,0.07492600828470265,0.030579468884561204,0.03424182837532582,0.014037860435059848
0.8467878029742797,0.0894309757891656,0.01918920920355357,0.03114055461584055,0.013451457417160384
0.8320731111654688,0.09548383648803213,0.02904195307769893,0.030858619040183395,0.0125424802286167
0.9087915923287189,0.05288421357202666,0.014825275951196471,0.0169636239247974,0.006535294223260515
0.8015281325178117,0.11004360480259485,0.036030326855224115,0.038908561237478385,0.013489374586890852
0.8187193254524165,0.05231810209777362,0.03247018875190127,0.05020238603252129,0.04628999766538694
0.8720438266832001,0.050821525295129205,0.028041615892654206,0.03464155755643038,0.014451474572585799
0.9032710485961319,0.04290141842328554,0.019447637097213536,0.025740210906531977,0.008639684976837167
0.7574329717608393,0.11458007265772789,0.04494406613702605,0.053952583408176345,0.029090306036230536
0.9177672973011773,0.027626714966085222,0.024780961439286937,0.018473511516519905,0.01135151477693059
0.8243469297033283,0.09472881230484305,0.038428712397826525,0.02992654950781494,0.01256899608618717
0.744616384012955,0.12432271893363374,0.05826233490254974,0.04844643580556839,0.024352126345292848
0.8105475337029242,0.07486434995158749,0.049661938351793514,0.0417271194243891,0.023199058569305767
0.9073152863193854,0.03131360670037895,0.02329280485601655,0.025511064534868084,0.012567237589350914
0.833367083107016,0.0645127597094629,0.02930289442518469,0.04218860343895246,0.03062865931938393
0.8683486433006473,0.059877468775412515,0.03439813684063431,0.025321045669112443,0.012054705414193404
0.8118723405008523,0.08577557886301829,0.055733810996802295,0.03274220546831998,0.013876064171007134
0.8154273661700144,0.10134282431148185,0.04104714384681559,0.027701917377229827,0.014480748294458133
0.8738494911442404,0.05593748527270683,0.029683521875350508,0.027852036411132826,0.012677465296569487
0.857947408753636,0.06571063060397948,0.04032413151566043,0.02386430885743084,0.012153520269293328
0.8539181368698003,0.08547942432635079,0.029865929747300877,0.02118126748172638,0.009555241574821493
0.791835531119463,0.1123735365600501,0.04602862388681262,0.03666244616172052,0.013099862271953703
0.8306395372319613,0.11363816973159277,0.028198370518411203,0.01977271911059509,0.007751203407439604
0.9220076070207318,0.04251096113649619,0.013779625979540468,0.016649221577742762,0.0050525842854888614
0.8268033007338258,0.11166916519009387,0.03002634796984292,0.02386603332202766,0.007635152784209966
0.8163826837795745,0.0996025666803957,0.03825538875273607,0.03155952871443739,0.014199832072856555
0.8771880643572518,0.07477822195850713,0.026955886207449858,0.01481518842683261,0.006262639049958659
0.9092611041620103,0.04748831252367531,0.01624116225839593,0.021262356068151814,0.005747064987766871
0.9236871935706,0.04061764332717015,0.018034017700466125,0.012837665400634949,0.00482348000112915
0.923632948352824,0.03430347949057615,0.020294861946830823,0.017874813757403657,0.0038938964523654593
0.9013802853311301,0.04477470754605611,0.028918509160688593,0.020194610758827915,0.00473188720329718
0.7954439850342604,0.11852791441763838,0.05111534431870733,0.027895649876930596,0.007017106352463137
0.8764551672579101,0.060742216205299016,0.02886428954958295,0.02709377354849185,0.006844553438715935
0.8685689694691525,0.08291357671163141,0.017654429308890232,0.022927555415711596,0.007935469094614261
0.9134754638630254,0.033095441130562175,0.014542161784646523,0.024810732252693302,0.014076200969072816
0.7707561686298868,0.10406336658211009,0.024115242069022127,0.05876873409998909,0.04229648861899197
0.9267572612860794,0.02761087032639468,0.012300438323781193,0.02053085866509319,0.012800571398651461
0.8100648943536567,0.06197898077065264,0.04511287412960552,0.05108470621225339,0.03175854453383194
0.8636440845094915,0.054546526645147815,0.020304435455688653,0.03791999149863443,0.023584961891037787
0.747716348422175,0.13140650060691048,0.03535201483038841,0.051647217734753115,0.03387791840577312
0.8662691394921606,0.050313200888061745,0.025089538601708213,0.03139008180186091,0.026938039216208517
0.9410107587132112,0.02924583911802881,0.010678422958935672,0.01242812003463171,0.006636859175192785
0.9474989011071596,0.024290985651863394,0.013299432093072407,0.010327897779578276,0.004582783368326356
0.7858186290825818,0.09769020070657868,0.05595074931272676,0.042347990081243944,0.018192430816868745
0.7924745192552278,0.11695354575307892,0.037342308604444686,0.039978080135652384,0.013251546251595973
0.7520371505326656,0.1235241513735309,0.06735052244627425,0.03978417615324741,0.017303999494281828
0.8162476176154627,0.08373322500816499,0.04853918644216649,0.03847113551413296,0.01300883542007285
0.8907090460854828,0.049289672520521126,0.03444095322993291,0.019328168212561926,0.006232159951501113
0.9574139347776692,0.0179844517185761,0.01382554031257854,0.007876037466522127,0.002900035724653934
0.9117716778101368,0.048773872504939114,0.016502927752209153,0.016227931572180894,0.006723590360533947
0.8188065930650239,0.10349638149359859,0.030615246181097743,0.036678628218829966,0.010403151041449716
0.9067365801564996,0.05877615196086453,0.014545067322935245,0.01486638073824327,0.005075819821457325
0.9270255586383198,0.044130631894384105,0.01188709486095097,0.012265597288743041,0.004691117317602029
0.9119207167288667,0.04426191500523727,0.021292504061069733,0.016842347728616293,0.00568251647620991
0.9192611291829503,0.05419353608664584,0.011754697626716212,0.010416976975185743,0.004373660128501708
0.8818499519398132,0.051909958179132805,0.02778601702182927,0.025424554455183886,0.013029518404040688
0.8277782934173927,0.08519356220621449,0.028547995845322024,0.042455432496768655,0.016024716034301882
0.9173728336326608,0.042386657871585014,0.015857015455465567,0.016459551805142282,0.007923941235146335
0.937689904742048,0.03066173297827373,0.009412277560043172,0.015477127567620031,0.006758957152015152
0.9632477353784664,0.02280516518792608,0.005274762161931066,0.00565546264834888,0.0030168746233276106
0.9369221764466806,0.03514339585273427,0.014027030138610905,0.00995803943476229,0.003949358127212002
0.7973168688936124,0.10943612784044972,0.040312344851817984,0.0405294794491874,0.012405178964932706
0.9154972815304974,0.053294809748899094,0.014299151245136012,0.013749414544662627,0.003159342930804805
0.8018258211953503,0.1382992309415493,0.026379999967980333,0.02755871876767971,0.00593622912744049
0.8580334583503714,0.07218121780556574,0.036360189439281494,0.026440697503163555,0.006984436901617882
0.8717994797275344,0.09534933747248348,0.01418689440175556,0.014624403157408096,0.0040398852408186975
0.9024967937588755,0.05470188588832191,0.020449145983792445,0.018530975412591823,0.0038211989564185954
0.8820723318935259,0.06324677375051344,0.023043518280396805,0.02630945227390467,0.005327923801659279
0.8863099437099857,0.06721152535467895,0.02274263623007124,0.019155753739102697,0.00458014096616141
0.899873067663669,0.06677193038244328,0.018003552451742715,0.011648253163119179,0.0037031963390255183
0.8087654361993557,0.11549461856623938,0.04360640397136053,0.023761992672720916,0.008371548590323548
0.9129556216561651,0.051120665541667734,0.019025240495912456,0.011830773420769736,0.005067698885485056
0.830129989349099,0.10826365998688083,0.030954771357431934,0.024006275537641453,0.006645303768946604
0.910132663050143,0.053333124141362806,0.019589164201791305,0.01206542225211938,0.00487962635458361
0.9378226224215923,0.038662561017771414,0.00889966134469633,0.011602327607632558,0.003012827608307232
0.7494988686709044,0.16310994022659397,0.03499528656249907,0.04077048799822291,0.011625416541779695
0.9080001385833822,0.0640520781908889,0.014851690582163993,0.010260943985906629,0.0028351486576583063
0.9019775340581475,0.06172172850650221,0.02202501320540104,0.01146262759248771,0.0028130966374616266
0.9312923830035742,0.025329920376741907,0.020349850345912145,0.01661608564478483,0.006411760628986772
0.8590370749367562,0.0357382847504895,0.019083263184265332,0.051849377268192484,0.03429199986029655
0.7884512073051666,0.05498343184021887,0.038345048240208415,0.06480106763393893,0.053419244980467254
0.8426122578026873,0.05820578189140416,0.027944098308124284,0.04496298829013815,0.026274873707646137
0.7592777734997934,0.10842699121161209,0.03379961517867227,0.06133721223466125,0.03715840787526068
0.7141405063292664,0.12967024148585762,0.052736548960754005,0.0661467214989135,0.03730598172520857
0.8801858143890404,0.05310848174872977,0.01949432519536539,0.029227707289139558,0.01798367137772477
0.9010514368349837,0.04049919334231666,0.015405662060913277,0.025776671774281768,0.017267035987504595
0.8608737345182431,0.0660628168149662,0.03975952383656725,0.025394221510136,0.007909703320087556
0.8412029258749741,0.059278689519812244,0.04917103910215212,0.03711864024935844,0.013228705253702963
0.8052669044483625,0.09864068128452567,0.06448685979169266,0.02346997588490749,0.00813557859051138
0.8588384226763252,0.08533135866618156,0.028400152668154044,0.02038239966646763,0.007047666322871716
0.8485501029424728,0.07615868160168779,0.04188822338927743,0.023751423667931204,0.009651568398630855
0.828111157519916,0.10824956532836423,0.03195191879006809,0.021788125484906593,0.009899232876745049
0.9133212545439124,0.04856330104031731,0.01798184023220943,0.014133792118522467,0.005999812065038327
0.8767745747341392,0.07506657479284912,0.017736152466048545,0.021793538321547422,0.008629159685415678
0.8547175764614426,0.08872891420674356,0.021100783758209278,0.023117027073620143,0.012335698499984482
0.8838891690045247,0.07806846762026734,0.012520003622356446,0.01859917671218399,0.006923183040667292
0.9240898960074733,0.04287385326860702,0.01587678239574631,0.012699811215223471,0.004459657112949936
0.8766566290221164,0.08065206124635622,0.016915031394741504,0.017629978459903575,0.008146299876882443
0.7885228043258355,0.09746916118211454,0.04080142651790323,0.04766798751443481,0.02553862045971195
0.8573498629982071,0.0582648837421277,0.036852153464565524,0.03339377533414608,0.014139324460953525
0.9172107883043316,0.0458063789822334,0.02131648689127982,0.012550820332915947,0.00311552548923913
0.7749796104413144,0.12745824236701675,0.052432577822307154,0.03280843400121131,0.012321135368150537
0.7714328385437936,0.1185313223455204,0.0663982876897134,0.035426344426648305,0.008211206994324313
0.7698365406796085,0.1358968514858313,0.04906089192096331,0.034959789060243295,0.0102459268533535
0.882721944583969,0.06294911643328537,0.02345479082806387,0.02322357692925435,0.007650571225427465
0.8863157654040907,0.05685690037106314,0.034857525366483566,0.01669851386175433,0.005271294996608118
0.8512604244085391,0.09256588198847784,0.03129945033847336,0.018879668202137663,0.005994575062372086
0.9026937952569293,0.0579226867516339,0.01653127986081051,0.018168764696301194,0.004683473434325355
0.7023619844859204,0.16084972711734263,0.05668083946115296,0.06152232998206205,0.01858511895352224
0.918065059706223,0.042425718991287865,0.01486791282690179,0.018577145474106285,0.006064163001481192
0.8990894530601755,0.06336840577263891,0.017800503027613906,0.015031700068533776,0.004709938071037739
0.962789553928426,0.02257934120375485,0.007627485751914372,0.004981659271843077,0.002021959844061479
0.8730815808513459,0.07765010885441032,0.022671530059874257,0.01936918352741298,0.00722759670695658
0.8812357667425422,0.06859970450007895,0.02351689472747001,0.020354928903461328,0.00629270512644754
0.9101501736594952,0.04777376884476977,0.02098988669806277,0.01610812667912789,0.0049780441185441615
0.8918502648951026,0.047443655549089365,0.03052478969288801,0.021952367217967946,0.008228922644952341
0.9047991982045082,0.04011823939248588,0.028791404697460676,0.02001792257191227,0.006273235133633144
0.8976361587999833,0.058302590438570695,0.022964224500639514,0.01616047141497919,0.00493655484582708
0.9098114911072419,0.05319402681908414,0.02012273609817988,0.012285859859802824,0.004585886115691137
0.8661806300548122,0.08092205935516687,0.027378874721423134,0.017860927180396384,0.007657508688201308
0.8076048244215291,0.13331943635585497,0.026046474887673494,0.022697590675652014,0.010331673659290351
0.8277429113087338,0.12406433015921801,0.022692999113542715,0.018168966721735652,0.007330792696769677
0.7898057560773438,0.15583815171489263,0.02384364672288382,0.022816452116513137,0.007695993368366338
0.8154344862204723,0.11952821786647633,0.029426616169062895,0.025504779715144477,0.010105900028843748
0.8896310722656104,0.0668506022995182,0.017348097542986295,0.020190732969299702,0.005979494922585434
0.9577329931810906,0.022695673213356055,0.007825297345722812,0.009090786092697714,0.002655250167132832
0.8182660112431553,0.10294747458907834,0.029650484427481062,0.03461737816035372,0.014518651579931452
0.9058739633739683,0.04995322471508758,0.0242679869290858,0.014611698254961922,0.005293126726896257
0.8297178480658151,0.10282400931639696,0.027228587521869917,0.03103729194663429,0.00919226314928411
0.9400800352730155,0.027313437743928998,0.014807216294299257,0.01295929591909017,0.004840014769665979
0.863895668051053,0.09040259256178457,0.019363792562022544,0.018815202289070243,0.0075227445360693986
0.8968239147428259,0.06586500131463156,0.017174036286401007,0.013186795429508796,0.006950252226632883
0.9156185802129618,0.05753281905167931,0.013345787033486958,0.00943679732227119,0.004066016379600762
0.9147817473004514,0.04564748897078512,0.015953021194627295,0.019020926631056485,0.0045968159030796785
0.7780518873546639,0.10665249049273964,0.057046006905658656,0.04858709673993126,0.009662518507006565
0.7598992498584272,0.11133265642272801,0.06309037843228368,0.03985960348063365,0.025818111805927253
0.8249357788782165,0.11233884968994373,0.027721102400212052,0.022632779487013158,0.012371489544614443
0.740015830295847,0.09788153192789903,0.06314734387967587,0.052634271148805,0.0463210227477731
0.7113455194444586,0.14429075246734727,0.06376179551457054,0.05079654497644926,0.0298053875971745
0.8573452291790373,0.07388725793722133,0.029863521998677093,0.028925686085748824,0.009978304799315465
0.7913302422024241,0.07987452063003238,0.07450007753056954,0.04034718383703517,0.013947975799938906
0.7895834270636606,0.13207211078215428,0.04247991149121185,0.024689715697870613,0.01117483496510269
0.9112386551018249,0.04944866730869553,0.01634322430191787,0.01597607328453635,0.006993380003025333
0.8999381691411932,0.06298145848794398,0.014519426384216024,0.015541477211878542,0.007019468774768425
0.8207064864378655,0.10137692943634408,0.04419066816574698,0.02488686070455515,0.008839055255488233
0.8559861939429408,0.06147450920184071,0.04701490268358141,0.02674738726054822,0.008777006911088838
0.7347040087503167,0.14726821202480792,0.04855472393102962,0.05135956393745104,0.018113491356394656
0.7737307526073616,0.1077671335213202,0.05346279077789625,0.05108748210486181,0.01395184098856018
0.9211084463185613,0.033803425736114216,0.022581981787086338,0.017193574299185412,0.0053125718590527875
0.8204922769940955,0.10682005886050648,0.030686311319070788,0.030275652766062103,0.011725700060265246
0.8707715051281767,0.0803955702517047,0.022683321333272128,0.01721751058472665,0.008932092702119636
0.8644992831117313,0.07107175360611119,0.02990395323542516,0.022984699727027658,0.011540310319704615
0.8176400136474977,0.10318399243934755,0.039211012814480695,0.028332758108006922,0.011632222990666918
0.7988366628994041,0.10516931480579295,0.055028253348700505,0.030602048551125912,0.010363720394976107
0.8929913087973591,0.05996815748268501,0.022160416677848196,0.01780366948470032,0.007076447557407297
0.8712815036567211,0.07294955633392483,0.032110428348194095,0.01835811453627899,0.005300397124880869
0.8608759835551106,0.06801845033185644,0.03477124101642446,0.028354728542000086,0.00797959655460829
0.9188502043048373,0.04482222426521294,0.014779286606571494,0.01596519638424415,0.005583088439134078
0.855987653197445,0.07223082302547221,0.03374222261812091,0.027437924409858813,0.010601376749103202
0.9293841471891858,0.04174767231703086,0.01075078991866584,0.012474848820394454,0.0056425417547231555
0.9107667398829619,0.04770695460737113,0.020416600849172614,0.013423297308991501,0.007686407351502969
0.8910166579852494,0.05939078466795602,0.02579005750358122,0.015971048645858257,0.007831451197355033
0.8346104564276293,0.09790863240411206,0.027175803970982997,0.03009681218201584,0.010208295015259458
0.8891403431565262,0.05725234835009313,0.022166291724304527,0.022430954390317094,0.00901006237875913
0.9153494255902309,0.0347368972738071,0.025110512216581886,0.01766385925500938,0.007139305664370553
0.9616886868631934,0.01710768276534444,0.009417900187877845,0.00875394242663983,0.0030317877569443962
0.7803739759613075,0.09907998375045943,0.05526734375036254,0.04678594984146584,0.018492746696404678
0.8868659775892017,0.04436228171191327,0.03968676895337665,0.021694596836987257,0.007390374908521316
0.8538175521425989,0.07064415194047015,0.040955137372224844,0.025768239235421174,0.008814919309284804
0.9129461403725602,0.039308531525803894,0.02275418780188049,0.018192325476360707,0.006798814823394962
0.7919562312799856,0.10363790259142916,0.05718975530728443,0.036501355395483236,0.010714755425817573
0.8689256777242365,0.059124711672203664,0.03437334934163561,0.029892010043876927,0.00768425121804741
0.8758167640487683,0.055035054079249766,0.041818978425222496,0.01944556421295419,0.007883639233805247
0.8581413560450399,0.058704556233255836,0.053291700938979045,0.022363758354085547,0.007498628428639527
0.9282380728271896,0.03146631565083085,0.025727140800934925,0.010479426305616551,0.004089044415428075
0.8315060151561453,0.08003131615657394,0.05728471503516969,0.02351454964557815,0.007663404006532931
0.9099042540942128,0.03618121954620236,0.0341099032995775,0.014548687841758261,0.0052559352182490375
0.6993545273812769,0.17290885171023407,0.07249857133874546,0.04114559799223397,0.014092451577509518
0.832942489008702,0.09113892409277136,0.03901462317292471,0.028637797731609835,0.00826616599399215
0.8478345122100335,0.07272256239567818,0.04683428316527671,0.024341361234428673,0.008267280994582708
0.8392764270476863,0.07674847018185277,0.055717125622792754,0.02251589209007202,0.005742085057596152
0.8971914107356083,0.05290238782443118,0.024892449203870428,0.018522263746506475,0.006491488489583649
0.796975013785741,0.10669318510786473,0.05259118359043945,0.03299967685953844,0.010740940656416462
0.8728330082964869,0.08474217850672658,0.019663368085512434,0.018542468355793096,0.004218976755481166
0.8600592095881707,0.07279399336598341,0.039418693440037705,0.02053212465388871,0.00719597895191949
0.9039540019813848,0.04508529067555091,0.02634513165620734,0.0179415581939256,0.006674017492931291
0.8991721170996458,0.0524765618725124,0.024311096762866583,0.018685885657587664,0.005354338607387656
0.8132504668042623,0.10195253618445771,0.043584179123710626,0.03235019340358735,0.008862624483981972
0.7890092597913096,0.10641474481091606,0.055256908103936256,0.03942730346991249,0.009891783823925825
0.8230930825049696,0.10686959707686229,0.03333682625335824,0.027078944150335058,0.009621550014474843
0.771839158246123,0.14362481247301445,0.04954047668856313,0.0257812231329007,0.00921432945939902
0.8231740330494504,0.08100974224969179,0.05614649028020334,0.030549437770551736,0.009120296650102886
0.7123533793378996,0.14360390266956516,0.08732334929266387,0.04382909719009453,0.012890271509777044
0.7824203090202287,0.11460374852375778,0.07030873427987706,0.025658239412311545,0.007008968763825048
0.8399014792119481,0.0763383963854323,0.0541202807035961,0.02259658134279653,0.007043262356227133
0.7848755111201335,0.12166608056193262,0.05788506117126529,0.029759666961304637,0.005813680185364018
0.8492137994957993,0.07424259109495619,0.04638646993730153,0.02454742794670285,0.005609711525239985
0.806488248625561,0.11120361488865398,0.05318750188074225,0.02386396706349278,0.005256667541550085
0.8730237005532567,0.08519645021405478,0.028777691566915967,0.010694859726730002,0.0023072979390422873
0.8721165257363548,0.0786005650027838,0.027307437323584895,0.018121000391651015,0.003854471545625602
0.8738886126049767,0.06626094712235069,0.03725084604256051,0.01887399883112482,0.003725595398987144
0.9237177100014703,0.044002491648134995,0.017024991135193384,0.01237803656080035,0.0028767706544007283
0.9289059902254372,0.03669884248709568,0.02209922401685779,0.009687006032821653,0.002608937237787734
0.9369426062145406,0.02239167276275106,0.028247686395906767,0.009970037721345129,0.0024479969054562816
0.9318140862343097,0.02250318659032684,0.028719127152259542,0.013811259601909277,0.0031523404211946794
0.9156985489707781,0.044788743672314696,0.027955613582534653,0.009265819356821947,0.002291274417550701
0.7888862914403458,0.10624139361950828,0.0666416376747298,0.03083877344134798,0.007391903824068039
0.8523642169151474,0.09154917224741776,0.03160596966907074,0.020486536316558356,0.003994104851805781
0.8677284536921686,0.06910163522609433,0.03745473446941391,0.0209934830312726,0.004721693581050639
0.8805755724066504,0.07007194262811801,0.025166100363991955,0.020328195864121525,0.0038581887371183623
0.9134426019185038,0.04490458730561646,0.019304139460835885,0.01890379992268018,0.0034448713923635145
0.8803764133941118,0.07107606894110689,0.022463574980448497,0.021789419467412207,0.004294523216920724
0.9538501681086108,0.025382820553738385,0.00966727276723631,0.009061631267264789,0.0020381073031497375
0.9164169879040206,0.048279541970475015,0.017251733823934395,0.014669777021686582,0.0033819592798833725
0.9235839433463139,0.04695353164106299,0.014731078324947668,0.010787565028636608,0.003943881659038846
0.8985009448927505,0.054506976751144735,0.02140690223847936,0.020297687623246307,0.0052874884943791235
0.864893072757135,0.07469240334871874,0.03262712841211564,0.022032252114932184,0.005755143367098364
0.9282760859085968,0.04349242691546448,0.016947520579227562,0.009003685873055922,0.0022802807236552715
0.9212744505716872,0.04281955917233203,0.021776135562267995,0.01162503694426652,0.002504817749446319
0.8023144147305276,0.11199483428648253,0.05864671571781968,0.022199155025959247,0.004844880239211102
0.867404551119653,0.07140895153654209,0.03548841295711655,0.02180576858358662,0.0038923158031015956
0.9294143907028931,0.046593552949734926,0.015248711301185026,0.006826948873391542,0.001916396172795203
0.934973059113782,0.04333224906578791,0.009641635078264418,0.01008408162302821,0.0019689751191374165
0.9337478342376823,0.02780955130756528,0.022930254970331222,0.012754197660050828,0.0027581618243703023
0.9479045688294918,0.026150407021099314,0.01582904464692373,0.007562882421691516,0.002553097080793746
0.9494750785681328,0.021309547876941413,0.017371801937191,0.009785057221571644,0.0020585143961633304
0.9029652438498262,0.039806141541681765,0.03331698479174262,0.019948663460360783,0.003962966356388644
0.8480855958454582,0.07624479621609037,0.03843367816975407,0.03148482053087915,0.00575110923781776
0.8795069448842797,0.07572673708306625,0.02199530605257525,0.018061522767667152,0.00470948921241159
0.910246706120689,0.05865444412286387,0.015413116836493209,0.011730108318462515,0.003955624601491489
0.9006656155146475,0.047450588375786085,0.025697196532335938,0.021529021571986513,0.004657578005244218
0.9525967345611445,0.030572813272506365,0.007343527242242696,0.00770889849856757,0.001778026425538833
0.8894886009074376,0.07353158596449175,0.01733538598673557,0.015688110823880077,0.003956316317455073
0.8990791572901113,0.06650057697711709,0.019656529120713608,0.01093308070603305,0.003830655906024953
0.9046869991357438,0.05332487595762375,0.023458702417112426,0.0161500118916611,0.002379410597859038
0.8510933960160129,0.09554877435415085,0.03092206132500481,0.019077751472009134,0.0033580168328223607
0.8204500516671653,0.10178443447483215,0.0388549049676605,0.03280764805497468,0.0061029608353671775
0.8808695473874479,0.06690821795954077,0.02606191568070036,0.022671841087986967,0.003488477884323991
0.95224829361628,0.026329377910467598,0.010501652457677181,0.009366445424637179,0.0015542305909380294
0.9046002710689973,0.05314396170811676,0.02315201137584047,0.016236321927875743,0.002867433919169562
0.7789522839983657,0.12014091672529072,0.049777927098125896,0.042213412198496954,0.008915459979720802
0.8770771876752136,0.06577278671241532,0.02982122135692474,0.022974930987341765,0.004353873268104472
0.8381980338139027,0.11240997009681739,0.023991314842152008,0.0211112064127148,0.004289474834413018
0.8780702950846165,0.07422340249632724,0.021653273798603337,0.022433007679906157,0.0036200209405469028
0.924992670370472,0.05072864365621211,0.009733516368828764,0.011406293081832048,0.0031388765226552408
0.7070809678945644,0.19302611400936046,0.052990611921494464,0.03823419872993716,0.008668107444643428
0.8150687313510169,0.12167486131230355,0.03131694838567419,0.02558724323228429,0.0063522157187212505
0.852535161642957,0.08180662056905526,0.03136623517251559,0.02798393705142783,0.006308045564044166
0.8917686728607498,0.0609342670281885,0.029736928603384206,0.014074758437984586,0.003485373069692822
0.866770641304446,0.08053278972558958,0.030097329809299456,0.019027912383456448,0.00357132677720847
0.8540458161123092,0.05862295844334923,0.0545030826849587,0.027122356015702103,0.0057057867436808496
0.881578665194528,0.05887728562765644,0.03929647442065975,0.016951740277659902,0.0032958344794958047
