Delta_Power,Theta_Power,Alpha_Power,Beta_Power,Gamma_Power
0.942818123835001,0.036330690386668744,0.009293579350054846,0.009038466510145017,0.0025191399181306957
0.8711335065795153,0.0862221456804984,0.016566928613098327,0.01999574435411335,0.00608167477277463
0.885420102866544,0.05579991462919715,0.027883921319515975,0.02457554958641466,0.00632051159832811
0.8542630790249043,0.10536506196558273,0.019983046140481492,0.014876097689008995,0.005512715180022668
0.976850810863387,0.010067309609925693,0.005703142054898598,0.005575515983927331,0.001803221487861277
0.9072284017836246,0.04339357078913679,0.026662653548547376,0.015764221526480934,0.006951152352210203
0.8646734082131539,0.08315875973306153,0.019677871600048875,0.024298901751102515,0.008191058702633187
0.8998243892087506,0.07218715001453663,0.012730031106598328,0.011285135252394706,0.003973294417719424
0.8673054062168412,0.08380174555553786,0.019402075674791457,0.022370848527066358,0.007119924025763427
0.8969841535366417,0.06589548827930472,0.013017248421363347,0.01684646227616946,0.007256647486520463
0.8306359647506149,0.0839897634199459,0.04516602872924027,0.03013071395608293,0.010077529144116158
0.8459774886774245,0.09086929576350355,0.027493542317064117,0.027561825408718082,0.00809784783328983
0.8981730816712374,0.04913932078852228,0.018647977367646534,0.02410335017792729,0.009936269994666387
0.8038984197342874,0.09954870217933856,0.038142114349093155,0.04455147938161304,0.01385928435566771
0.8911264757270306,0.06515122190355742,0.01643348421686264,0.020183888515148796,0.007104929637400424
0.899572034402623,0.05859044314862689,0.01773942480528149,0.01735667654800804,0.006741421095460496
0.87921311436249,0.07266296413103673,0.018096515165159116,0.02222059350391422,0.0078068128373998255
0.9004658489954545,0.05479847107040725,0.02147443540687877,0.01728356244769352,0.005977682079565906
0.893045797198374,0.07200781642662674,0.01824003615067418,0.01223586510249113,0.0044704851218340955
0.928005292240889,0.0352293880914508,0.020684066520146385,0.011901422154204712,0.004179830993309014
0.8630129166703028,0.09231379400242005,0.01606775939979957,0.018695891220631086,0.00990963870684639
0.9069477934620427,0.058636083833109066,0.014696673648879463,0.014772171811763879,0.004947277244204908
0.7776404790725341,0.13617578432723987,0.033711550583175,0.04016537796499521,0.012306808052055676
0.848687431909438,0.10429997169341945,0.024142544224059787,0.016897667350605744,0.005972384822476909
0.9494094480497534,0.024692260425652455,0.009337329789522937,0.013318201330873988,0.0032427604041976826
0.920712971784282,0.04751861666805972,0.013997990434633852,0.013906554848406066,0.003863866264618139
0.8256502758035303,0.1287345626093568,0.01903096139708053,0.02043280833942329,0.006151391850609016
0.8896216610413715,0.06389660466754274,0.024838711344342287,0.016724358495677254,0.004918664451065989
0.909936182402326,0.05210207833563266,0.018857227688465362,0.014211048020576439,0.004893463552999364
0.890028295609688,0.059872687169236605,0.018881419514867066,0.023231539607549912,0.007986058098658322
0.9354218199618165,0.0370920044198385,0.013780937436697876,0.010244470040697654,0.003460768140949169
0.8448501715543991,0.10291808276463729,0.02623572962691292,0.020081598771280237,0.005914417282770195
0.9368341068305391,0.03784857295768313,0.011135603361849458,0.010561950232961451,0.003619766616966785
0.8739638966084518,0.06622946870030214,0.02638144293081112,0.02470518447188529,0.008720007288549355
0.790088952693098,0.11709643852681148,0.04960947201651092,0.031147570999365142,0.012057565764214592
0.9585353975909993,0.020069133279265024,0.010389836936930266,0.007358340075263515,0.0036472921175419214
0.8669170754088674,0.0615564614230016,0.04058553575518371,0.021419160134110594,0.009521767278836819
0.8861112979977227,0.06522098947831867,0.02298941428231496,0.01875618609134723,0.006922112150296442
0.9163709314576352,0.05271850218130126,0.015510725421753906,0.011973629572629955,0.003426211366679917
0.883852379078422,0.07194407679574329,0.02140852054386018,0.01791778050061698,0.004877243081357507
0.8765237876482554,0.07883709419189466,0.02558476111356062,0.01420519943372768,0.00484915761256161
0.8089335037694948,0.13531583396630137,0.020352779859966263,0.028062807315108875,0.007335075089128883
0.7905562532559246,0.13400090330090184,0.03166260406944815,0.03563024629325143,0.008149993080473825
0.8718437854033312,0.08686727116103207,0.020406291444264497,0.0166324311528017,0.004250220838570606
0.9197620929249171,0.060802147203760544,0.008779085266043598,0.007493441060266773,0.003163233545011906
0.9153587591130599,0.03752285298032584,0.024831797014050874,0.01793875079929459,0.004347840093268763
0.9157761707701414,0.05256852123789571,0.01760463404967215,0.010719331268996058,0.003331342673294555
0.8085364286613164,0.1254853925896956,0.025481311021201932,0.030308566860529084,0.010188300867257057
0.8289224733340225,0.10538695732663818,0.03003463461629094,0.026352375432288324,0.009303559290760268
0.9243071748165133,0.04359136295688197,0.013056378231572444,0.014866497030081822,0.004178586964950519
0.9481684730194034,0.030959948936540856,0.008929644631524175,0.009474227550210613,0.002467705862321048
0.7121253529208205,0.1985370520986894,0.04377888840158563,0.03449431546080745,0.01106439111809693
0.9197515675516348,0.036985992361187874,0.021396557116923908,0.01652481128849308,0.005341071681760459
0.9585695802887421,0.025010061995863805,0.006587234449146317,0.0071131565028473105,0.0027199667634005787
0.8894229268225483,0.044692884474393756,0.0344332726556157,0.02484636044174014,0.00660455560570205
0.8896178607118941,0.07050635423285731,0.018311457211050437,0.016309930844352206,0.0052543969998459054
0.803926871472247,0.11985361313532866,0.03266967127969231,0.033897866432105,0.009651977680627059
0.9035941335104405,0.06206279178337675,0.017634701243871852,0.013240537511293053,0.003467835951017731
0.9496172278293428,0.03086800017936525,0.008557325956792549,0.008624275845179772,0.0023331701893196362
0.9121812437502855,0.056778860521088846,0.014987252664602976,0.012283499275103972,0.003769143788918667
0.9391509851191019,0.030365773176058312,0.01620337857885659,0.010543181417001113,0.0037366817089823654
0.8671450719363317,0.0660156794446324,0.029725600464270915,0.0287004965945294,0.008413151560235418
0.9175013070420237,0.03901370892838151,0.021030520914578826,0.017066146471745248,0.0053883166432705815
0.8855513820859445,0.044478847736330485,0.03889557457159963,0.022619791373204867,0.008454404232920541
0.876605666577238,0.07220757986602121,0.024257977312197587,0.019809860083685692,0.007118916160857734
0.8682400875248568,0.0651153252478919,0.031144191599511564,0.026446245893357045,0.009054149734382502
0.8602716303035147,0.06755947040343868,0.036345687584797344,0.026240027581474878,0.009583184126774225
0.9548655192794385,0.030681213406650414,0.006991929726502182,0.0054694956899458596,0.001991841897463181
0.8360634182246723,0.08738866209082023,0.03648909060721918,0.02994645235696635,0.010112376720321939
0.9213971159851317,0.03496904758970212,0.01838836392719735,0.018058868071872153,0.007186604426096765
0.9665584585269936,0.015413510170529646,0.008252499036554263,0.007441202066916724,0.002334330199005944
0.883998466661098,0.05692791836168614,0.027712364585008177,0.021592789556700753,0.009768460835506919
0.8776920769021233,0.07047617907098658,0.025905511843916415,0.018675865357159153,0.007250366825814527
0.922218580522192,0.050088025586068174,0.014379567364294264,0.010328321570154482,0.002985504957291129
0.8894219310646061,0.06319148588903957,0.021699918643843453,0.01956988277827787,0.006116781624233387
0.869511213273539,0.07173053369758398,0.029268919078035402,0.023323923957243024,0.006165409993598585
0.9356264466870788,0.03529174983156533,0.014330434381129213,0.011270590181816541,0.0034807789184098862
0.90177770407859,0.05768580660018043,0.018195661431420155,0.01707893290197909,0.005261894987830111
0.9535693168180445,0.02390476579488719,0.011480703672960803,0.008144935231271962,0.002900278482835663
0.9312196975371497,0.04312139066986733,0.011898870695575646,0.010875609879695838,0.0028844312177114793
0.9092293893710999,0.052396099288694514,0.018048339714501028,0.014856390212993151,0.005469781412711697
0.8696354299030719,0.08065811563078312,0.022470847121247264,0.020347931568336863,0.006887675776561238
0.9232869929715636,0.04112988127317515,0.014396810252574384,0.016839555163422733,0.004346760339264221
0.8766024358954835,0.07112341806150532,0.030676157956069785,0.016155551172832388,0.0054424369141089675
0.7690449269598861,0.13256558074332064,0.0530483883842885,0.03405227824444535,0.011288825668059686
0.9170352501791738,0.04818038470878545,0.013984230421364076,0.016541945816596803,0.004258188874080085
0.9402634684741694,0.03019457423892995,0.013822186189115805,0.01170069914622029,0.004019071951564392
0.898850448826645,0.04871171546804663,0.028187691791685503,0.015739194626228317,0.008510949287394523
0.8862286594582862,0.06882412655983758,0.018878546227313452,0.021031925415325777,0.005036742339236986
0.8344411731944028,0.09013375234326798,0.030096810420077984,0.03501636676131292,0.01031189728093855
0.9385796544299524,0.02762907671174711,0.01831955947240432,0.011665625252628348,0.003806084133267682
0.8897092940692086,0.06769648230112627,0.017767897466372095,0.019653779011154938,0.005172547152137806
0.9417348997687675,0.031211929330647172,0.011577155730475748,0.011257701133415262,0.004218314036694425
0.9448860339256359,0.033516256199109175,0.01160237453314661,0.007316079011034959,0.0026792563310734673
0.9560327410632967,0.028581587708751955,0.007851247215830658,0.005803649862877295,0.0017307741492434625
0.8430430503136598,0.0602684930930477,0.058702797035972934,0.029049780690201112,0.008935878867118363
0.8366039034666182,0.09654181204630614,0.03478206224376654,0.02212098770960094,0.009951234533708116
0.8988165351572217,0.05535351062181952,0.02385234962348723,0.016534030461342962,0.005443574136128368
0.8007320093610939,0.09626345311852733,0.05260577871083723,0.039050268151970165,0.011348490657571398
0.9324975861725143,0.028135223852796366,0.018374774968372122,0.015119376143935454,0.005873038862381837
0.9365841102494868,0.04119734995518486,0.008826626145175827,0.009245210092792788,0.004146703557359701
0.803238350838056,0.12356543627334854,0.03816577693924664,0.02580025439092239,0.009230181558426281
0.9426322060905584,0.03322318234194356,0.011689550895037353,0.009055744576167514,0.003399316096293199
0.9272740100161206,0.04612661015183274,0.01254779235147783,0.00969725233404053,0.0043543351465281654
0.9093238598971205,0.058368313571776236,0.013301317279345578,0.014024038626221829,0.004982470625535765
0.8951909822150268,0.06174832141758546,0.022310321815065728,0.015324375908099359,0.005425998644222453
0.9114467303251151,0.057792448837152254,0.015409092519289094,0.011210516565253037,0.004141211753190602
0.855400785742128,0.09728708943685223,0.025320003467550305,0.018140694594280922,0.003851426759188591
0.9086785334593352,0.04916274132940156,0.024487737175035457,0.012461615240125297,0.005209372796102258
0.9130390205880865,0.04321707934296509,0.021011720404619426,0.01815660401996994,0.004575575644358901
0.8307280305298287,0.11816750152892384,0.017938624219752848,0.024801783109610183,0.008364060611884435
0.9225626537722884,0.03878588645047668,0.018869462880873922,0.014708036474108649,0.005073960422252276
0.9355746967017231,0.044467714761311325,0.009640605733116417,0.007841183487997859,0.0024757993158512656
0.918329857758354,0.047723809636456255,0.01580398992703328,0.013638200224257376,0.004504142453899226
0.9091725362847185,0.05468737483957731,0.018698024904428196,0.012713733574327733,0.004728330396948318
0.952261394555628,0.02732515258192079,0.0095817557174544,0.007830762377885485,0.0030009347671115113
0.9144471232090118,0.0555925020673035,0.014095872614973052,0.011014479529294408,0.004850022579417415
0.9198470110307354,0.03928574897889968,0.018950916104059187,0.01710111423280181,0.004815209653503833
0.955312488402736,0.027356993104591405,0.008342353401258086,0.006338010925233344,0.0026501541661813582
0.8976439802303455,0.0485843934539796,0.03324432663211061,0.01579658015063299,0.004730719532931459
0.8749936988935314,0.0698339879807604,0.030432140265596798,0.018175599775882487,0.006564573084228726
0.8278383072592328,0.11031453059806703,0.0275195429888049,0.026459629224965663,0.00786798992892963
0.8254978286930654,0.1163006813864695,0.025596927764829233,0.02546753904998719,0.0071370231056484745
0.8332740618329925,0.11132854080594734,0.024518978102999977,0.02312354995312276,0.007754869304937586
0.7862749058997707,0.12920965317585711,0.048740974974399054,0.026097802987819267,0.009676662962154093
0.8263751922204758,0.06613217079298361,0.07127114553136378,0.02726217177793727,0.008959319677239383
0.929659723661045,0.0432606868104147,0.012097168076697369,0.011311869750275304,0.0036705517015677446
0.9435740053195651,0.03338175307451281,0.010174935044547044,0.009380258338574135,0.0034890482228006523
0.9111252284473423,0.05348027062002254,0.019747645013955727,0.01208081131994066,0.003566044598738625
0.92490100143562,0.03150202936250715,0.023776180294741094,0.01570218330176522,0.004118605605366352
0.9081348637383505,0.054064182621893685,0.016984377233662314,0.015348920628969049,0.005467655777124397
0.7930929416639733,0.11258106393958509,0.05171256541839536,0.03367856215357853,0.008934866824467782
0.8998714176788968,0.0686083507068609,0.016536908106683224,0.011248143596092703,0.003735179911466433
0.8248356588196368,0.08968400360123378,0.04904215503297454,0.02763828597057478,0.00879989657557981
0.9241030253174563,0.04502230798048348,0.013704337456601573,0.013033153863048203,0.004137175382410442
0.8242675518703829,0.12612399224304977,0.02634072988253831,0.017583512280026584,0.005684213724002693
0.7863806964341782,0.15060627705891091,0.0340816385792795,0.021483656128198164,0.007447731799433044
0.9389010720522567,0.04519666909696876,0.007890034844935648,0.005640850986297017,0.00237137301954225
0.9187976041155472,0.05623505199597579,0.010577501768864293,0.010972693472782928,0.0034171486468297547
0.8603797890076678,0.09817867109451539,0.022747149008748482,0.014532890880700429,0.004161500008368005
0.7952221678851095,0.1324814656593781,0.03141939958042452,0.0326742580601562,0.008202708814931488
0.8316150339989945,0.10563799449542409,0.039375754411846216,0.017258395232016936,0.006112821861718507
0.8821953284093887,0.06437800819584245,0.028031930014508648,0.018918673520780714,0.00647605985947942
0.9331049358104326,0.02870158236673472,0.02136869847978162,0.014122318855906313,0.0027024644871447485
0.860238724289576,0.08637759913752105,0.030081438232654658,0.019064205432679764,0.00423803290756851
0.9426305463658302,0.02967000289787525,0.013722388544223961,0.011136438405296307,0.0028406237867743835
0.8135733217333323,0.09268269336986269,0.0537360657032685,0.03364565989553362,0.006362259298002937
0.9045969729890828,0.06534906661884174,0.01765160493287356,0.00967047498145433,0.0027318804777473615
0.9005228619965245,0.05407957177004184,0.027441807453779395,0.013609329966914415,0.00434642881273997
0.8643502910194557,0.08991296821722214,0.022083890096857864,0.018651634991739427,0.005001215674724707
0.7512081479156718,0.1706587906561367,0.02833893757818525,0.03944595007768486,0.010348173772321364
0.7862498539335847,0.16548120051989376,0.019932251388048838,0.023595757292467868,0.0047409368660051585
0.8968747622132531,0.06899416756653488,0.0138077395752949,0.01615017412163609,0.004173156523281093
0.7978165104732174,0.13195184929429607,0.03244784871974824,0.031084908265807374,0.006698883246930941
0.7452559397215452,0.1162034588615851,0.0807889651515593,0.04575564192622163,0.011995994339088658
0.8953545057108668,0.06559919354756645,0.018835685200798445,0.014919411616646765,0.0052912039241213415
0.8556560281214073,0.07779655278798059,0.035880686759333945,0.023157907969229955,0.007508824362048394
0.8798049848722442,0.0799309139768769,0.022564240726922778,0.012794597830439213,0.004905262593516872
0.8396238137932377,0.10382661672408894,0.027523253760211485,0.022930313940918753,0.006096001781543112
0.8132252288736816,0.12586268686958718,0.036594071437157,0.018725081251710834,0.005592931567863595
0.9129296126180066,0.05495427703849096,0.017360922309811427,0.011724857541726997,0.0030303304919639617
0.785308698359805,0.1539493997306459,0.030233255526171156,0.023777929804361823,0.006730716579016173
0.8420065639776334,0.09639428890108136,0.03957950137886509,0.016485689009942135,0.005533956732478133
0.9181787903592581,0.04271159955832239,0.024179435893782516,0.011284891920813894,0.0036452822678231323
0.9469006381026207,0.028647305016654148,0.011778155867679422,0.010518740318829241,0.00215516069421654
0.9239793820737323,0.052494859624766695,0.011549354319449338,0.009684921565932758,0.002291482416118928
0.8925142241290216,0.07270233708203741,0.015788733448159023,0.014476989926795964,0.0045177154139861364
0.9077831086487272,0.06989489722183587,0.011610616968004635,0.007849330187229667,0.002862046974202752
0.8490439652678969,0.10097830161052865,0.02807571482890686,0.016597699975055172,0.0053043183176124595
0.8933589826318936,0.06436381832830698,0.020774862325671873,0.017449875432785953,0.004052461281341658
0.9172540851264109,0.048375518177022396,0.01758765536904446,0.013226689939727561,0.003556051387794834
0.7948446724177953,0.1484463995553552,0.03198016797955907,0.02056159121448376,0.004167168832806511
0.9051725354142705,0.05075011855482659,0.02224570596724512,0.018059073645936948,0.0037725664177208937
0.9602195776858774,0.01967081734419542,0.011647403329461105,0.0063821696656723255,0.002080031974793996
0.8462324591563413,0.08233144667151335,0.03952718676697096,0.024500767502139996,0.007408139903034416
0.8230974073425751,0.11853544625582034,0.023538032519518116,0.030281479298954993,0.004547634583131512
0.8669277646089001,0.0745740232157827,0.03249624683727875,0.020130459247338577,0.005871506090699803
0.9247038105589587,0.045714483636498326,0.014903785308532824,0.011390702035884255,0.0032872184601261444
0.8781538450098337,0.07127937093701864,0.02506924503486841,0.02119314692111731,0.004304392097162139
0.8250400705339295,0.09910087616203411,0.046733182927986595,0.02101070029587822,0.00811517008017171
0.9582674274179792,0.01954423666745584,0.01222765586863923,0.007578709863546887,0.002381970182378618
0.8976159306440176,0.05998523280601768,0.024076737173677504,0.014221075246959055,0.004101024129328194
0.8873651094823475,0.06329247351188892,0.03155605522742474,0.013453050085932223,0.004333311692406615
0.9068599460387065,0.043868733411785626,0.029034538083443674,0.01558553007470062,0.004651252391363553
0.8865377919443557,0.07618779857776704,0.019831915809907275,0.01347014131572524,0.0039723523522447735
0.8787541483562319,0.08519208445607014,0.01896843131112165,0.01250648144786707,0.00457885442870952
0.8325554040332012,0.11189745209487129,0.022065182039985573,0.026373428183502204,0.0071085336484398125
0.9140664646906913,0.05781179515454675,0.013219662353635026,0.011829458576466558,0.0030726192246606113
0.8181175251965188,0.10047271620797711,0.04020279492245742,0.03327150939759097,0.007935454275455854
0.8770052039023202,0.10108646768299144,0.0087279852522001,0.008613938324720712,0.004566404837767873
0.8663602508042365,0.06864465066525607,0.02949261450895493,0.025464933056747317,0.010037550964805275
0.8776210323132102,0.07022282060075105,0.026238697828677805,0.01998224998252912,0.00593519927483186
0.8685977479404196,0.07212853061836516,0.03319306037850087,0.02128573332458956,0.004794927738124795
0.909988875253576,0.05271802838956924,0.014175341519657249,0.01657178247446775,0.006545972362729768
0.9364209565873837,0.039955711915696725,0.010711790967822587,0.009694358862208414,0.0032171816668886285
0.8573431286317902,0.09885887107400085,0.019245809677837008,0.02017394161389789,0.004378249002474082
0.8288869278449362,0.07953515293114183,0.044727274596899846,0.03423196107984365,0.012618683547178551
0.82140200031242,0.10407772195779777,0.03159678882934488,0.03346847581718223,0.009455013083255194
0.8491667266876443,0.11316284632016813,0.015420850500265615,0.017233997676327457,0.005015578815594754
0.8779706114604976,0.0704752612332115,0.025896718501132707,0.019264194600211105,0.006393214204947058
0.8744305519867505,0.08186314318119316,0.021644072270442807,0.015414953626139446,0.006647278935473983
0.8857946895060618,0.06122150372131305,0.03342736916202844,0.014763767153371047,0.004792670457225464
0.9550494871265075,0.02378420028600514,0.012942508699150916,0.006412492883125283,0.001811311005211065
0.9218877689125988,0.03997416283985476,0.021060343082531924,0.012734363342251804,0.004343361822762961
0.8613871333409903,0.07226938333344694,0.0345083200171693,0.022859537460342652,0.008975625848050593
0.8497204789182318,0.08234919859894263,0.0461090811270663,0.017404852450834923,0.0044163889049246416
0.8383354172378217,0.10096645691241715,0.028296770848227792,0.025770155989271702,0.006631199012261724
0.8012122302324467,0.09936079088933328,0.06345649336282556,0.028114460192270003,0.007856025323124677
0.8291082693484944,0.08861863216705035,0.04034894935376798,0.03415892955612092,0.007765219574566494
0.8935536843155258,0.06206902675866369,0.027322258700372287,0.01337069155744984,0.0036843386679884286
0.8931274676113407,0.06924819155241382,0.017222039266214826,0.015973422085384756,0.004428879484645755
0.8550058796411549,0.09297203127454619,0.022790277664730515,0.02326856632311004,0.005963245096458458
0.843990917836688,0.07246382980924554,0.039690435538810916,0.0347046644408339,0.009150152374421811
0.8584718135694667,0.09785909433917525,0.02172371317058052,0.017178264305853508,0.004767114614924011
0.7278672084891582,0.17222211915196803,0.033135886230596635,0.05092700501938807,0.015847781108889018
0.7636645339580368,0.16421491546719738,0.040594780829878135,0.024645207214188676,0.0068805625306989715
0.8441775679748773,0.09146427091112283,0.038650576997174606,0.018681284554457122,0.007026299562368225
0.8528129953861945,0.11029871923050096,0.01720735932481992,0.015008671722259642,0.004672254336225248
0.6887884700001353,0.21412991649454224,0.04114862113848744,0.04775727913917857,0.008175713227656567
0.8179124640255117,0.11629712411865069,0.03413476380749542,0.02397390563260393,0.00768174241573821
0.7291917409989097,0.18507413982607726,0.03574968264003337,0.0364359877560952,0.013548448778884488
0.9306753691795187,0.04271257211982516,0.01290026945089894,0.011057147197134645,0.0026546420526224026
0.9237146705828777,0.04649416505074589,0.013286091691825496,0.013508304742284457,0.0029967679322666823
0.8376747335390771,0.10328571188016433,0.03037762783410187,0.023631812629402806,0.005030114117253935
0.9011157128664571,0.05968862413612623,0.02246960457477615,0.013976706351421047,0.0027493520712197324
0.9593537353837381,0.022594967172038422,0.008284332464369142,0.008118045680889915,0.00164891929896426
0.8625011806895876,0.05342931017949833,0.02911010749258635,0.03173583452563277,0.023223567112695118
0.8428777457215202,0.11153933883135718,0.01764022675413963,0.021582883576422424,0.0063598051165607425
0.8418861995651896,0.0928319813955376,0.03393896394235847,0.022619567867837663,0.008723287229076908
0.9243869914768104,0.05233269541174762,0.009133349098939775,0.010898477130197289,0.003248486882305109
0.929536579966077,0.03390197985763096,0.016662617891822416,0.015349153708606334,0.004549668575863338
0.9132671911477206,0.055305674976429305,0.01665760231260562,0.01103638487318803,0.003733146690056301
0.9021637245966111,0.06397931635789918,0.013331766303292537,0.015747342075769426,0.004777850666427854
0.8891776700370554,0.07388096962642884,0.016299420040386745,0.014284766092556613,0.006357174203572634
0.9250153310353684,0.044585813768820884,0.016194227318575196,0.01088319991188512,0.0033214279653505196
0.9632792105217906,0.022929824441229985,0.005822572111322334,0.005642237637163861,0.002326155288493173
0.9403112077290563,0.03729572004223187,0.009815445707478096,0.009095068415070816,0.0034825581061632836
0.7432976616839037,0.1861190487031458,0.0310141706099434,0.028955124497037677,0.010613994505969353
0.8901069475552152,0.03391316913550956,0.016747496684976004,0.03967495652175467,0.019557430102544723
0.8881588347573244,0.047160064872730174,0.015966488546981857,0.031009116767377616,0.017705495055586107
0.8363168766168767,0.07557945357005187,0.032965125004660575,0.03766753329729409,0.017471011511116553
0.8685530232221159,0.08013492089534405,0.022243632662676316,0.020009353865056582,0.009059069354806916
0.8935389113883332,0.04956470603832491,0.03417640387843627,0.015094416321805217,0.007625562373100586
0.9265082200469953,0.045678486290842195,0.01434013854717181,0.009643818618407974,0.0038293364965825195
0.9144101322714255,0.03543631572138609,0.022589331113576343,0.018835196441887917,0.008729024451724287
0.8449418791505886,0.08584466852370597,0.03301285495050332,0.026097690515749287,0.010102906859452615
0.9305537655870428,0.02628475643524714,0.018447279344381548,0.018484168503723353,0.0062300301296050195
0.8757639482867318,0.0683156512829752,0.0190331741303144,0.027910782409368763,0.008976443890609883
0.8733466169354751,0.08039926264081294,0.02106353314583808,0.018288409150847035,0.0069021781270268605
0.6543739710973221,0.18904763859785834,0.08937742554237943,0.047419480438229675,0.019781484324210574
0.9349293761841864,0.039509003679022464,0.011889288344140943,0.01056631541742128,0.003106016375228977
0.892721243701173,0.05837229157804844,0.02255375660802077,0.019507320423256928,0.006845387689501027
0.9403042021884275,0.03568976498618033,0.011247039889499596,0.009824765985798971,0.0029342269500932123
0.9220788077339098,0.046239757980667345,0.01596840232785482,0.012452291919562208,0.0032607400380056987
0.9001230635951335,0.051620197683470495,0.027136473648183754,0.014109598679493556,0.007010666393718575
0.8929481205926665,0.07646582572550707,0.0144694824951338,0.011558607324553128,0.004557963862139704
0.9568102292668571,0.025194097036336266,0.007203023411066102,0.007435088144773233,0.003357562140967336
0.8262622725203573,0.10572197187911365,0.02998455250425008,0.029701406910686578,0.008329796185592245
0.819314318798386,0.12247835511887813,0.023537402285375233,0.025113160320310128,0.00955676347705051
0.8996717284164156,0.0640394081030518,0.016869525219526702,0.014470659125472763,0.004948679135533104
0.9543207178412139,0.02175878003084215,0.010935975399899453,0.00903380578116003,0.00395072094688456
0.8933092846533806,0.06121318348033079,0.021317134624451266,0.019223397790376868,0.004936999451460588
0.924069194744098,0.05251906481491251,0.009588987288872206,0.010952606907590947,0.002870146244526314
0.863588162642609,0.08912758083846191,0.02389495070678926,0.016003752413592965,0.007385553398546813
0.9134822176623947,0.05956156344271544,0.010788573423386804,0.01197892979264886,0.004188715678854218
0.916229912900095,0.04999967915238459,0.015177842029841541,0.011831843915500637,0.006760722002178303
0.9077717459185943,0.06057335976820171,0.014823625989565294,0.012182473501850066,0.004648794821788846
0.7980039086485365,0.12910278779147383,0.03426699752094878,0.027968489360392524,0.010657816678648185
0.9540789041144491,0.02492125616980024,0.009886913862534845,0.007513750800747184,0.0035991750524685855
0.8446985100806913,0.09546189466512076,0.027108668153335656,0.02560334773900614,0.007127579361846182
0.8618501073505115,0.09374354068590524,0.023797096010564015,0.014646320357406602,0.005962935595612577
0.9325024808060943,0.043046933854662565,0.011686000749947037,0.00898312684833617,0.003781457740959679
0.9050765531538586,0.0661269879795086,0.012951653136148806,0.011650889940420047,0.004193915790063806
0.9330578007993325,0.03781757409223402,0.012066144942374948,0.012959540706429693,0.004098939459628882
0.8632426197681532,0.10698433566042087,0.01338337749544593,0.012178317652470457,0.004211349423509611
0.9459622285421274,0.03330804987393831,0.010633484986508313,0.007478432362750425,0.0026178042346755646
0.9175201975246624,0.04953704511556553,0.014812571157544929,0.014119211101218273,0.00401097510100887
0.8822733119637154,0.07104957334169833,0.01685594659952058,0.020979333708353903,0.008841834386711794
0.8513300725620554,0.05587308522661206,0.03199256731369632,0.038176249121220286,0.02262802577641589
0.8846788977890705,0.05832498581096511,0.01948648180638146,0.02378175846692895,0.013727876126654047
0.8134582649134567,0.07777638309148588,0.05294338779482296,0.035409099179099186,0.02041286502113514
0.8691765106221451,0.07801842736162638,0.024521209048848518,0.019188914262929947,0.009094938704450136
0.8927700483811395,0.05896437987024582,0.02128668747171869,0.019421880132349526,0.007557004144546739
0.871293761039136,0.057755127610020746,0.02188693472047632,0.03019804689261864,0.018866129737748212
0.837412835974068,0.09934785789837133,0.0291463606036597,0.020795014346829073,0.01329793117707198
0.9484470204171687,0.027434327406538613,0.010873824647430771,0.009638357067135034,0.0036064704617270052
0.8625984746014844,0.06310397419840341,0.03609949703011861,0.026076089524883377,0.012121964645109935
0.9185138445486907,0.032170612159388066,0.022028191475513634,0.020885675729682366,0.006401676086725394
0.890278541102979,0.05581938252529833,0.025233742585940452,0.01932874761552786,0.009339586170254363
0.8817238370113326,0.08001607926188951,0.013782465864690296,0.01774547964067713,0.006732138221410529
0.9604845683917684,0.018017847282653814,0.009114837639486714,0.009379480941941928,0.003003265744148843
0.8709806511725713,0.08648085274531105,0.01570141803051215,0.02001987441701868,0.006817203634586806
0.908605079865931,0.052230269357860445,0.01961363584888391,0.013281875696584582,0.006269139230739991
0.9271467094555691,0.04111875015971098,0.01799588085724041,0.009095369296588841,0.004643290230890733
0.7795787046212919,0.15864585778153611,0.026375722980288698,0.023891593034897206,0.01150812158198596
0.8693523322505146,0.08172053786814733,0.017203811946856988,0.02392442222390696,0.007798895710574271
0.8434071248411737,0.1095288562042965,0.023065654664781846,0.017148730970927922,0.006849633318820075
0.9149219615567223,0.06354409854856008,0.010419628366965692,0.0072196249934607685,0.0038946865342910954
0.8293975988640111,0.12354498115590966,0.02068474882850193,0.01933611191008725,0.007036559241489999
0.9013666745124175,0.05765944943884357,0.019676049868847648,0.01599671923272755,0.005301106947163439
0.8149039741694515,0.1020605834440359,0.0317576449200365,0.040539061133245735,0.01073873633323051
0.845084082355801,0.09211251385071707,0.028749750056629792,0.024697436664925958,0.009356217071926456
0.8782158562350375,0.0678757082933554,0.020803296239879105,0.02462239268795207,0.008482746543775807
0.8878260173030806,0.061732460430170846,0.026032584560691328,0.017205385339667773,0.007203552366389173
0.86001269277708,0.09250789572253854,0.026415820659045672,0.014392698169452314,0.0066708926718834155
0.9301162337785613,0.050662740193918594,0.007466059542153659,0.008423252958993061,0.0033317135263734843
0.7549732489379526,0.15217985819457183,0.04338615254162175,0.03196058350468223,0.017500156821171443
0.8744566965260591,0.08395131136735952,0.017831311278579173,0.01774951180175092,0.006011169026251021
0.8314173206372656,0.07398782988375784,0.0568641033621833,0.027100883930574454,0.010629862186218754
0.9287851354073963,0.039342424174820624,0.017280439966818464,0.01100893779697867,0.0035830626539856765
0.835538879136096,0.10889196191702932,0.029500453029047524,0.01868612094285508,0.00738258497497218
0.8602537471812974,0.08912082107899397,0.021533454062061523,0.021552658005002376,0.007539319672644933
0.9287948275389565,0.04107435928620993,0.016691118747196032,0.009114543201987877,0.004325151225649674
0.8509054626187887,0.08753244417989428,0.032925287294820964,0.021261812264812344,0.0073749936416835065
0.9025881952565363,0.061370210279533044,0.01671028925088087,0.013831372075288978,0.005499933137760853
0.9338255808989365,0.040141359106233745,0.014011698528930687,0.007354835921801949,0.0046665255440969874
0.7895785363432242,0.14096591659997473,0.0295037669357784,0.027680898222795656,0.012270881898226966
0.9163923125679384,0.056076410181618984,0.01198805869171631,0.010864526884685243,0.0046786916740413085
0.8201321272331422,0.11725822692127548,0.02801578445888413,0.02595147570492139,0.008642385681776757
0.8263456025292572,0.11281841948534442,0.029969044588429854,0.024068165163933987,0.006798768233034896
0.7466546641434539,0.15259516355119457,0.052390026751107516,0.03737144243836462,0.010988703115879314
0.8901620583044155,0.06720436467904806,0.02362719526510025,0.014111581936408104,0.004894799815027914
0.8308223161176757,0.10628362546875504,0.027250108458975027,0.028462218177512485,0.007181731777081863
0.8597384667835726,0.09152131789204751,0.019394498825054708,0.023413423208309372,0.005932293291015731
0.8391594492546522,0.09170212435752248,0.029913277185154068,0.02967192683358293,0.009553222369088198
0.904334591800689,0.06876836897492333,0.008400537620409933,0.013248146180343335,0.005248355423634318
0.8682415964431782,0.0911677742948722,0.020129628901278753,0.013842576147193576,0.0066184242134773915
0.8496983848494888,0.10087594519785127,0.02375446824235508,0.01806677165604057,0.007604430054264533
0.8930202683826525,0.06371551028201561,0.014743707225148886,0.019468648898163937,0.00905186521201921
0.9497382424920107,0.02250242594668537,0.011215731957077722,0.013041305819427829,0.0035022937847983835
0.8914015307202559,0.06411228397339636,0.02054409593252956,0.018927759861776722,0.00501432951204158
0.9175873578159248,0.05355661596209622,0.015237004088182227,0.009036145700305264,0.004582876433491383
0.9366668833170112,0.034816004349822724,0.012130807661796613,0.011623909211720629,0.004762395459648815
0.8629050864425513,0.06779471491090103,0.025825038723239997,0.029024786631396692,0.01445037329191112
0.9314462366204239,0.044108088685245586,0.010252522720051609,0.009264294821288486,0.004928857152990359
0.8638295201128677,0.06868784020379866,0.03786608464778583,0.0205867730204522,0.009029782015095505
0.9602964079829894,0.023727428661537424,0.008481880833975908,0.004914993619245152,0.0025792889022520325
0.8911769753563221,0.0700874660915921,0.017388212406485082,0.01650576041514472,0.004841585730455932
0.8753353977967256,0.05670098331381289,0.03666582073872919,0.023869957920218326,0.007427840230514015
0.8944860799691717,0.07164141135992513,0.01601058319844523,0.012404735916476029,0.005457189555981793
0.9322590750415649,0.03859388321274575,0.01392107711128007,0.010330032505290531,0.004895932129118492
0.8327247152885833,0.09338939041711934,0.02963209742567596,0.03496343156863974,0.009290365299981694
0.90822294534864,0.0589765669924357,0.016397427630158546,0.011361884890070565,0.005041175138695126
0.926349625165235,0.051965671459564135,0.008002028549488607,0.009708580114428093,0.003974094711284159
0.848637996120134,0.08581837446543131,0.024051948754965295,0.027276362625888676,0.014215318033580495
0.9378824262952079,0.03812098720396334,0.007665855591038006,0.010446169958541054,0.005884560951249435
0.9163800469122265,0.05311401041602849,0.013256871287808196,0.011670360873397265,0.0055787105105394716
0.9456463652886585,0.03195643626916327,0.00889319802215521,0.010213946322669101,0.0032900540973540243
0.8808812407532839,0.08545782327461005,0.01463496448250702,0.014609265672963395,0.004416705816635637
0.924084267035614,0.042359708203299457,0.015714356316001613,0.012525335191524756,0.00531633325356004
0.9209282247619539,0.04622185755082391,0.017712783689311694,0.010375211994570973,0.004761922003339429
0.9098003593610319,0.05635699826401678,0.016843439460661896,0.013329107671214927,0.0036700952430743956
0.7840427693914338,0.13860889088970724,0.04199538369068152,0.024219890248798153,0.01113306577937922
0.9611750120880527,0.018669461640285673,0.010419636320316072,0.006688918085062052,0.0030469718662835365
0.881112579844326,0.08654548111289134,0.011612278138130162,0.01545989069505419,0.005269770209598273
0.9023988732790957,0.06896643954138296,0.011878308019244258,0.011992206226666352,0.004764172933610808
0.9492540356002261,0.029048122300944477,0.01123326984482246,0.007996983608743258,0.0024675886452635207
0.8622722166091173,0.09219683401790552,0.016169018377982736,0.021185025417700537,0.008176905577293834
0.8674120061657843,0.091113815182333,0.01869687807125794,0.016683733703799195,0.006093566876825604
0.9191612101899544,0.053432825540354,0.013172409715004456,0.011033709575832431,0.0031998449788546205
0.9025546634991438,0.07137012749531402,0.012152717602585345,0.010993021325741956,0.0029294700772148556
0.8681790575773792,0.0995265475067965,0.013449831878286656,0.014246473686649672,0.004598089350887712
0.8825459010439998,0.07958939594285377,0.018438165960540858,0.01598615064172739,0.003440386410878241
0.8440854931919506,0.10670626658213839,0.02581755287642596,0.018376262269592065,0.005014425079892783
0.8270432214272727,0.12631062718046346,0.023075842967446532,0.019355511722190487,0.004214796702627104
0.8465616455154956,0.10498529877366139,0.024221412411685347,0.020101104802028726,0.0041305384971288715
0.95684384423498,0.03084602114577865,0.006105256408773606,0.004901880658008584,0.0013029975524592053
0.8927667336731661,0.07062704496937469,0.017991863992719005,0.014472995277646119,0.004141362087093912
0.842921854241777,0.09661632515366099,0.03884505882270166,0.017286247509290156,0.004330514272570122
0.8410251493982572,0.10462114426835882,0.0317661642303897,0.017680477143287507,0.004907064959706767
0.9299495785149987,0.04978824143947745,0.01146971097282284,0.006451237268855901,0.0023412318038450583
0.8963204373270429,0.062192843918243194,0.02235789643383125,0.014738566278071177,0.004390256042811293
0.9199817683938325,0.05490669212082171,0.013839862192858198,0.008897957832310614,0.002373719460177022
0.8453398074447469,0.08596945152997851,0.04132534522513223,0.022458774553649263,0.0049066212464930975
0.7759810876688757,0.12062472822795757,0.052964060371292414,0.035867241753555594,0.014562881978318485
0.8423903314116258,0.09745985052510948,0.019283224862123534,0.02852521375958293,0.012341379441558437
0.8521213082611734,0.07803331264754466,0.03551190337793996,0.023393602365077593,0.0109398733482644
0.8948941671592175,0.026993173752625412,0.025095158982856497,0.029806864249391666,0.02321063585590889
0.9106960165410011,0.03670294710390009,0.01564361357241876,0.022615512800009265,0.014341909982670657
0.8203304266753201,0.10964148211058122,0.02088531175408428,0.03253059546180866,0.0166121839982056
0.8464816495407308,0.07985078960732123,0.029995890311528488,0.029946599364897873,0.013725071175521733
0.8621774924667679,0.09417465606598112,0.012291922492824207,0.0226498678966764,0.008706061077750335
