Delta_Power,Theta_Power,Alpha_Power,Beta_Power,Gamma_Power
0.7967651759922778,0.07973274208872864,0.019870067331533424,0.04054430628827503,0.06308770829918532
0.8603064856769918,0.053346959793028365,0.015593310118607378,0.02482934818915896,0.04592389622221375
0.9652003563173499,0.013929395576858072,0.00500554794971787,0.006234658071371734,0.009630042084702549
0.8188290548182101,0.09169947411462269,0.020636715756041476,0.029581604598979704,0.0392531507121461
0.8142213439269083,0.07648869565191795,0.023239870019939064,0.03296399582210107,0.05308609457913372
0.8735432998876013,0.06492823113350814,0.02044495399211092,0.01639496417156081,0.02468855081521881
0.8604031991944804,0.06243006955639473,0.013790135390339266,0.020931594161451635,0.04244500169733407
0.6238989157934165,0.21861882670639277,0.041908881781697216,0.04164835054873456,0.07392502516975902
0.7429474020681925,0.13138600896654612,0.035779942022558645,0.03607198989325739,0.053814657049445214
0.7332963175876872,0.11371700838539017,0.044309813802671724,0.042544215636392727,0.06613264458785813
0.8246861804747628,0.10487911433836311,0.013580291811170497,0.026100841176611923,0.030753572199091722
0.8508023027326898,0.08133066471890818,0.01375198235684922,0.02218503829210875,0.0319300118994441
0.8100444784569031,0.11760908511133913,0.01566544945394728,0.020402502012366576,0.03627848496544373
0.8515282712678292,0.08733513452064276,0.015756958534233534,0.019680008142884522,0.02569962753440988
0.8341948824225422,0.10019703497436183,0.0251328311735995,0.017265856597057355,0.02320939483243918
0.7917538678300191,0.14215271612736138,0.016884046711283403,0.019247185041722334,0.029962184289614002
0.8644183348439318,0.075428142287213,0.015124823382335503,0.01943524145771398,0.025593458028805693
0.9303982134535455,0.028972482161904397,0.011604249639513219,0.013848944143389854,0.015176110601646803
0.9098392378034068,0.028386058154631102,0.016206585504582222,0.019368199809098346,0.026199918728281577
0.775404957119623,0.11747615508668134,0.027355771633016095,0.028604661774867812,0.05115845438581174
0.817262140265182,0.08421665335900594,0.021290750826978615,0.03015396555802336,0.0470764899908103
0.7559487378440054,0.12494153404506061,0.022447235149839043,0.04072441930590477,0.055938073655190296
0.7990536541713912,0.10216853619008712,0.024967348622691257,0.028968742994908855,0.044841718020921684
0.8472563172160728,0.07599671805697396,0.013208215008067755,0.03055554574257563,0.032983203976309966
0.864898420042375,0.06979571920078435,0.01180258637081556,0.022951572431169985,0.030551701954855015
0.813272566084421,0.09057425979017837,0.01620069501373457,0.02704797474706666,0.05290450436459936
0.8666362111352549,0.06518314617454335,0.011154159650956015,0.02152481367899979,0.03550166936024572
0.781197713366974,0.1170578488227802,0.016876125807486177,0.03296475796397872,0.05190355403878085
0.7800555217929493,0.09707144368015257,0.03523979706266547,0.03496556527325114,0.052667672190981375
0.8644581207493266,0.07537564577055532,0.01794415279904729,0.016802618696483546,0.02541946198458734
0.8985444004047509,0.051235222398955844,0.015314418388131142,0.015007642345015393,0.01989831646314656
0.7438352341547441,0.13326995370028857,0.03345528867270998,0.035482103506976205,0.053957419965281056
0.812100562386268,0.11098756200467144,0.018713374284645392,0.022896207210772408,0.035302294113642996
0.8352393220663277,0.058849155312280424,0.026927994458618335,0.0306753450126988,0.04830818315007486
0.8907092611111225,0.04813996539687059,0.014301371519131783,0.020448581587803626,0.026400820385071428
0.819636743938169,0.0836242643129424,0.023916485043442647,0.023819711189199868,0.04900279551624606
0.9224515912260375,0.03639610199434131,0.007893299062227022,0.015311028889540645,0.017947978827853466
0.9203944255660975,0.04101600152668359,0.011227055886599049,0.011638195154758555,0.015724321865861056
0.8780093825214256,0.05333630519386832,0.023479367655881662,0.01713709219807232,0.028037852430752103
0.8389034526548944,0.06244769628739081,0.01967370648354009,0.03552440991579338,0.043450734658381125
0.7968831822578867,0.1054538869604777,0.02288486631742564,0.03029065274788475,0.04448741171632522
0.7523030576023474,0.14095299065855674,0.027123354876348562,0.03413659522949133,0.045484001633256034
0.8475402490729144,0.08905028797842995,0.015565560355905075,0.018116614109093033,0.029727288483657566
0.6631306104247013,0.11021532415358087,0.11330151353847483,0.06402103563932833,0.04933151624391442
0.6419188992644007,0.101897892034453,0.13569145441207164,0.06618752902120552,0.054304225267869204
0.8970109459038479,0.049427978295633675,0.01093076526535927,0.021224419032354443,0.021405891502804645
0.8019186700746589,0.10824789127592221,0.022113484035877633,0.02639027059352746,0.04132968402001376
0.5947768370713391,0.22279638878719424,0.06832517266041498,0.04420697347219367,0.06989462800885779
0.7252384885862518,0.09939123488148628,0.06274068556906431,0.046685909293365004,0.06594368166983273
0.7663390190992334,0.1447754544751323,0.02153326349038083,0.028339084061218007,0.0390131788740354
0.6543184858304448,0.21353852124740821,0.05642093405104065,0.03826703051727342,0.037455028353832846
0.845363423562659,0.09453812797565334,0.013604846632493376,0.018075199953718223,0.028418401875476246
0.7421801169547714,0.13713601146512283,0.041448347811670685,0.03505620563649689,0.04417931813193805
0.5342771270633053,0.14472725675969447,0.06725977290091585,0.10721758046598397,0.14651826281010047
0.7086432967747492,0.10642075013267256,0.052462971321081776,0.043811800569914905,0.08866118120158151
0.617143199143102,0.23229344997623613,0.03544617369535974,0.052018316211150835,0.06309886097415118
0.874543047249032,0.07766161425040032,0.011502077213306174,0.01609552839884234,0.020197732888419504
0.8735177337817648,0.05331647468009484,0.022684250819418723,0.0176536462994305,0.03282789441929126
0.8271584205099397,0.06528333843816735,0.024389478995696472,0.03835437761535117,0.04481438444084519
0.8573631639076046,0.05163178228346274,0.020882045000712716,0.026790901208917698,0.043332107599302276
0.7196657554015663,0.17801789078770208,0.023064483019589643,0.03647495929145836,0.042776911499683906
0.8749430090940333,0.054451760734405205,0.02073876947138225,0.024652411693812316,0.025214049006367187
0.7823359082566267,0.10314991590146426,0.02995536772701826,0.04163427944273678,0.04292452867215395
0.8506422490128086,0.058408522719769304,0.024939443425733884,0.02723025336767,0.03877953147401819
0.8495111858910218,0.06712705079928563,0.02213163761342236,0.02485404869573286,0.03637607700053751
0.8494484872710728,0.09346316879771013,0.013394663666515903,0.023191560182172836,0.020502120082528285
0.9185602027171391,0.04454661734890194,0.008592899985815422,0.011857589025720287,0.01644269092242337
0.9002554631739006,0.05574133205078411,0.007012387293058212,0.016248985027108552,0.02074183245514864
0.9107192087864021,0.052558783571858,0.007606985052385595,0.012437519712280585,0.01667750287707368
0.8574797357449947,0.0770183921038306,0.01512992187878042,0.02219928034374696,0.02817266992864749
0.7991055433000239,0.0995836686988038,0.023648749845436027,0.041042230184943324,0.03661980797079299
0.8656277180672244,0.059466985508813644,0.01725728542158779,0.022274504593469635,0.03537350640890443
0.7759629672786588,0.10248399090359468,0.023333396191903437,0.04454947448495398,0.053670171140889206
0.7861272983108177,0.10658975386954743,0.02881072253285579,0.03896056306839565,0.039511662218383446
0.8724438894996744,0.05719790027056152,0.015685211875801543,0.023806824805222785,0.030866173548739547
0.8063019040790097,0.09051226568210287,0.015026475697627911,0.03342075232576356,0.05473860221549619
0.8295660635094197,0.0921146685901849,0.01465250207707495,0.024614762841234684,0.03905200298208579
0.9208425622349612,0.034898763599307256,0.00958852569521248,0.01118213948654437,0.02348800898397463
0.7838668119117853,0.0957849620141978,0.018102134152981956,0.0441182904902932,0.05812780143074147
0.8945389134329631,0.03767022934447666,0.015425741600064963,0.020558925055935363,0.03180619056656025
0.874904241986384,0.05409146398214346,0.009854599322774204,0.02471862484378972,0.03643106986490876
0.64419296633315,0.1494546056076814,0.039655877063261874,0.06682084412232915,0.09987570687357762
0.8433484342615553,0.07094218305685543,0.016621463782941645,0.025616805169075364,0.043471113729572436
0.8436076635071549,0.06818570204662636,0.0205230894137141,0.029719896994271213,0.037963648038233294
0.8141190920710634,0.10885112429162176,0.014982578946132403,0.023527314656985838,0.038519890034196466
0.6574501152142149,0.1845933223389738,0.04317708680164783,0.045698129081068205,0.06908134656409516
0.7325405056837079,0.1292693405591477,0.03190969062598001,0.03820708209536056,0.06807338103580413
0.8747248423252827,0.06368030722211765,0.018176397081039967,0.016276580432236915,0.027141872939322763
0.801479339563818,0.11612581950215196,0.022637309760556973,0.028439378853160727,0.03131815232031233
0.8831023260670979,0.05376652560281408,0.018532044638155748,0.019068425874072266,0.025530677817859827
0.7196762961838797,0.20929529631780275,0.023951500651243483,0.01891885808299575,0.028158048764078153
0.8237701065695672,0.09020397907031585,0.028273721057901963,0.021633195264134226,0.036118998038080836
0.8479601689026771,0.09685596344250545,0.016265511471669793,0.015912436614851217,0.0230059195682967
0.7102425679689923,0.1712154966014458,0.034803971531456965,0.034898596029360025,0.04883936786874509
0.7468968893860646,0.13487619462345485,0.030779082727794303,0.034547385141635883,0.05290044812105036
0.8222220914834873,0.11211001633828271,0.015287000906180489,0.02147114577285446,0.028909745499194794
0.890566378993456,0.06422638993679303,0.011144322262348492,0.014125602491179818,0.019937306316222668
0.7743162160085645,0.11905431116373673,0.027696345201694342,0.03794798601327978,0.04098514161272481
0.740753817640868,0.16637829330621112,0.02449541049459967,0.029290135295291182,0.03908234326302981
0.7966730765769652,0.10788246751591292,0.02999552587731012,0.026817187222501582,0.03863174280731014
0.9097471722808901,0.040111878425358724,0.011923944401481089,0.015609688786339018,0.02260731610593098
0.8847146467305345,0.053731537736736654,0.017221520426067245,0.02193264703111469,0.02239964807554722
0.8386208899261672,0.1120760110976688,0.011769778570621049,0.015598867844783664,0.021934452560759272
0.8103246956955089,0.08962701431613625,0.023478927240254525,0.03283447214692664,0.043734890601173596
0.8790416612738505,0.06725268254749107,0.016851902838545933,0.015429289811193814,0.02142446352891871
0.699833119052336,0.1446777874148136,0.05779151654608724,0.046424363717251386,0.05127321326951148
0.7954484345214826,0.13416638809255563,0.017899914024764433,0.021878723711610044,0.030606539649587292
0.783000090348471,0.12737274360623987,0.021397640864561095,0.037944598887535014,0.03028492629319307
0.8911674401151946,0.06193456284238313,0.014426694625669628,0.011384181032140435,0.02108712138461222
0.6753376587250784,0.21330084949127628,0.027600571816186092,0.03619605490825701,0.04756486505920212
0.7892648868058708,0.108144742931985,0.021991058573421093,0.03360145383760413,0.046997857851119124
0.8412536704673151,0.10130297075946039,0.013015381565331321,0.019213293178703163,0.025214684029189926
0.8044410277883178,0.13290683418781352,0.01778025873640822,0.016988152406929417,0.027883726880530983
0.8036249330732754,0.10749713930059565,0.02969400480658026,0.025978310513539337,0.03320561230600922
0.817894092065671,0.0828659210065548,0.035253200362376134,0.024572232603786655,0.03941455396161134
0.7763963940587353,0.1244793331892495,0.02306105950273736,0.03322223981596302,0.0428409734333148
0.7406699574923986,0.1773468870265546,0.021969453443940565,0.02792842916394807,0.03208527287315819
0.8313679792334304,0.1083968037954948,0.01480392688389474,0.021017205430622077,0.024414084656557884
0.738037486180878,0.12693691058207693,0.036837583334361386,0.037571450592621305,0.06061656931006206
0.777337264475517,0.08818358926502894,0.03382333659935195,0.04810152909780065,0.05255428056230137
0.7520026844667942,0.12886287089996604,0.026509431318196223,0.04024511549677831,0.052379897818265034
0.912021618553493,0.039458368180111045,0.010543133794211079,0.011893689290455513,0.026083190181729315
0.8707253718870094,0.0710548015258413,0.018586349320433692,0.019021843534873337,0.020611633731842424
0.8275157246018422,0.09050201044178455,0.02023774338864419,0.027211994568525227,0.034532526999203915
0.7981060145408202,0.12777146559605798,0.024895847187846803,0.021356537421897765,0.027870135253377625
0.8665213888450117,0.08051145320433424,0.01379914240634363,0.01682712984859308,0.022340885695717273
0.9145102520345585,0.047679489912743594,0.010585676764887806,0.012281620792661626,0.014942960495148499
0.7698862808524672,0.12969071909579627,0.022006935040733,0.03393040116570118,0.04448566384530231
0.8279161017028265,0.10445956477226111,0.015581285602477908,0.0164081581196775,0.035634889802756954
0.8449216774656422,0.08521218507785566,0.017255457513156814,0.020263526552554586,0.032347153390791
0.8182410126986697,0.11199407094190084,0.015264140252760884,0.026565754951686345,0.027935021154982226
0.8761084488708004,0.07782056038948874,0.013911309713256605,0.013632186619664546,0.018527494406789958
0.5425237283902498,0.2760067631601925,0.04160947438525453,0.05265528094810773,0.08720475311619535
0.7754640404383684,0.10868387555783342,0.029368106707070935,0.04082008045638424,0.045663896840343034
0.7989132086725866,0.1277002479325323,0.020501115118975594,0.019591189132488498,0.03329423914341703
0.8903654450441015,0.06282485803870896,0.01357286653563218,0.0104202375348997,0.022816592846657633
0.8817378461009414,0.049082773045093654,0.02190140225729069,0.023194373849616173,0.0240836047470579
0.8990508801953231,0.048982114407570096,0.011851178086625254,0.018600364063487276,0.021515463246994156
0.7499698611006056,0.1645849615270179,0.021424321808388245,0.030117327577934807,0.033903527986053276
0.8013181105202059,0.1169399177068101,0.018525760999986644,0.02878354672728308,0.0344326640457143
0.7662936729295415,0.12307644900284385,0.028916989607184466,0.03604635362192323,0.04566653483850722
0.8664637493799426,0.08531272109121858,0.008310649705130282,0.017598366670518877,0.022314513153189657
0.9156614771971536,0.04602564602152928,0.007553757074601136,0.013765711467210612,0.01699340823950528
0.7162532658765945,0.18578685210899634,0.02782605250241488,0.03190587935063715,0.03822795016135704
0.8514580836385625,0.08124952118976424,0.015194613678327083,0.01867753803582071,0.03342024345752567
0.8939372597229105,0.04413719056496171,0.015578725971906291,0.018590674887504977,0.027756148852716492
0.7986599163751036,0.11854153673049744,0.01913708201577483,0.022601171311396218,0.04106029356722786
0.8820141519368846,0.05295311867714569,0.016243396402848168,0.02029750647003522,0.028491826513086287
0.8863062342892762,0.05395926615940826,0.014648640543466063,0.020692486860500986,0.024393372147348828
0.8774983678000345,0.06416766956112456,0.01599269726453113,0.016010696971246647,0.026330568403063036
0.7852375944277444,0.1406088998130164,0.017737407004432923,0.02439989497304979,0.032016203781756396
0.8483199735298075,0.08329446923098412,0.01687681732935224,0.03015623238508579,0.02135250752477038
0.9050047443907283,0.05061460642041762,0.015039504447265628,0.012581709394073076,0.01675943534751525
0.8230315829430753,0.1117811382562592,0.02101528036326841,0.015307838771769347,0.02886415966562751
0.8781479290290328,0.05863797064151378,0.013474259954989168,0.02206276010788946,0.027677080266574915
0.7450018629645464,0.15567239106439096,0.03171740981622421,0.03041216497699425,0.037196171177844184
0.6530476916117856,0.20741318790829974,0.0421146842358888,0.043260187099373196,0.054164249144652954
0.87263007778679,0.07259050816670319,0.012485116951594457,0.01937617118956003,0.022918125905352336
0.7626535070435242,0.11746216102646857,0.02838049110596971,0.03821465942852508,0.053289181395512544
0.639759730855759,0.15665203489351637,0.04394161985867158,0.063237688034652,0.09640892635740109
0.7896472840736088,0.10389242338998161,0.02315812924570278,0.033925577899728124,0.049376585390978486
0.8314845980349649,0.08623959397172086,0.018264970786188706,0.02850664108076844,0.0355041961263571
0.7782014786100587,0.09450043287695849,0.035487944355043634,0.04392104022260597,0.04788910393533296
0.7352635769522938,0.14536350368328377,0.04125157372450454,0.03862528962076942,0.03949605601914846
0.8856733414533253,0.07166592409161864,0.014094874896973156,0.012289730574905287,0.016276128983177575
0.9057052135253114,0.04633427482698977,0.017216239358171577,0.012459836493186646,0.018284435796340426
0.8276323768358298,0.10195203167009985,0.01779514807236892,0.0226666368792299,0.02995380654247161
0.865811082762747,0.07972412796488061,0.015062176447799603,0.01619448636012149,0.023208126464451452
0.8700531616247205,0.09058162949062132,0.008400501190635085,0.014855881812746595,0.01610882588127648
0.8161349546265835,0.08340101138668937,0.01835985839743843,0.030165551660498068,0.05193862392879088
0.5566716040334782,0.25386024409536195,0.03830922852683687,0.06408418149935177,0.08707474184497145
0.7506748075561254,0.1495358072409427,0.029981182158419606,0.03548671780675852,0.03432148523775364
0.7355020329840427,0.14722519608160523,0.03625334369374701,0.037629866736253,0.04338956050435222
0.7651261975044084,0.10905160514506593,0.03056250173707499,0.04377443017200984,0.05148526544144098
0.9365283159285096,0.032103284247548776,0.0062732571238746605,0.010675728503975105,0.014419414196091782
0.9304551588699902,0.029561536030404352,0.010688349116399966,0.01357449567490422,0.015720460308301064
0.9235396131640573,0.0396704438872431,0.010456210531555748,0.014054754706543564,0.012278977710600455
0.6277298159939533,0.23686525630292043,0.03452079631283955,0.052259953484117966,0.048624177906168894
0.8881830837592753,0.0698175007738343,0.00860259867538929,0.01337305079688732,0.02002376599461364
0.8458357388311696,0.09815759104621541,0.015529070157492164,0.01896884262278249,0.02150875734234019
0.7588148080754287,0.14575631244122725,0.02980007833285635,0.032311550515779684,0.033317250634707946
0.7817890390559169,0.13880719720003265,0.028271184262429767,0.022160815143041555,0.028971764338579165
0.8261491767282163,0.10434035401006322,0.020795216206541532,0.02223763876713696,0.026477614288041896
0.810420464520373,0.10617177066874896,0.018759752625567564,0.03291555907272013,0.03173245311259024
0.7001848566689107,0.18035876623597688,0.04651675929948063,0.033595670860054626,0.03934394693557693
0.6850604560102406,0.14564217621217074,0.06798147893214897,0.06298100848153565,0.03833488036390386
0.718696765204709,0.14950775367267452,0.05350300446464557,0.046902540422254564,0.03138993623571624
0.8482798971096539,0.07255684868283384,0.02218489591791549,0.031575128062595235,0.025403230227001482
0.7170386088269444,0.1923406426073227,0.026099414776315992,0.03689237351741,0.02762896027200691
0.8239332182257847,0.08293262464715437,0.0273392930030227,0.034312094631735714,0.03148276949230271
0.7851150892454761,0.14026209050238944,0.028352613545185968,0.02307664944538202,0.0231935572615666
0.9140835483132763,0.050429082458946915,0.014541402605040783,0.011757677461570823,0.009188289161165344
0.7289177950982342,0.1630159126910841,0.03986574830893472,0.03639511587541552,0.03180542802633132
0.8165080030980454,0.11642525329140511,0.027973594858314365,0.022123861360111696,0.016969287392123347
0.8896606577270934,0.0848305522078532,0.01074139343122541,0.0070265786304246815,0.007740818003403422
0.88122717364246,0.07048265703875396,0.02333289670675453,0.01298662888298938,0.011970643729042118
0.8827919032162949,0.07484233202744837,0.01632408849103283,0.013957840615635944,0.01208383564958828
0.8262326477293231,0.11835642602596178,0.025108296323131173,0.017475873989728177,0.012826755931855725
0.8599098517944552,0.09059381100441694,0.02244110068361889,0.014219885025155227,0.012835351492353946
0.9382449145822152,0.03049440351094241,0.011636814134155625,0.010848622808898872,0.008775244963787818
0.8298487989172243,0.10115521866647385,0.030667516944436143,0.018380256481145406,0.019948208990720376
0.7690690025894031,0.1856497475228444,0.01723643596144379,0.013464167439894887,0.01458064648641368
0.820890920171329,0.1415427181554131,0.01581524142097394,0.010454229634996317,0.01129689061728774
0.8739790567063005,0.08602865828037633,0.016211196675027267,0.013329647565471671,0.010451440772824278
0.9402534997736197,0.03721518853947914,0.00994927380405453,0.007073522398890429,0.005508515483956371
0.8116030378270024,0.12127681777527866,0.02664634554767426,0.02195386371630663,0.018519935133738164
0.8106570397221261,0.10580922923109543,0.043223359606746954,0.018909424473558274,0.021400946966473197
0.9024572824587141,0.06065201406563688,0.011637240332663425,0.01329350474948006,0.011959958393505657
0.825454489502328,0.12519028516474093,0.018823643310505598,0.016502554582900963,0.014029027439524434
0.8799675078341052,0.07840401104349405,0.018375250866309353,0.012339177425857962,0.010914052830233344
0.8418813913189891,0.102484902602113,0.019487273096162806,0.01755384442121078,0.018592588561524244
0.8721500470714953,0.08478607631633224,0.014943653202112262,0.013369024170576062,0.014751199239484196
0.8014856938755945,0.08570117768410714,0.02649516743434669,0.03528499246857141,0.051032968537380374
0.8776243981223332,0.056868851896046575,0.017863084939440717,0.024936153456015523,0.022707511586163992
0.7898428231827814,0.1361291981201519,0.03020605321742327,0.020835948063812008,0.022985977415831627
0.706732917917974,0.22490985900465696,0.03006782332733939,0.017146286874013206,0.021143112876016203
0.8563924543282208,0.08763138380403858,0.028112491388126677,0.013626330364657376,0.014237340114956637
0.8509153406007901,0.098568737673802,0.019155338012569512,0.014583320992230744,0.016777262720607634
0.7991523453836176,0.13802201128484007,0.020625631220493372,0.023120652684592742,0.019079359426456513
0.853114289477737,0.10189516484680936,0.017253905346238285,0.014045307029008938,0.013691333300206483
0.8524825383755154,0.07970188416744145,0.026095201860348912,0.024947199693975193,0.01677317590271889
0.8393412870662991,0.09593376269557312,0.028293722527772153,0.01863987220471103,0.01779135550564442
0.8195847308154693,0.11128578979317706,0.03171885864528777,0.019314906541460564,0.018095714204605488
0.7279522043592197,0.18458451449873292,0.028352339748326294,0.029265978805538648,0.02984496258818233
0.8797455389851963,0.08001208062242812,0.0145048857549571,0.01276212823475794,0.0129753664026605
0.9217402498904521,0.04746042650888096,0.009670621680048638,0.011075343738152756,0.010053358182465411
0.9247427441148912,0.04470419558010202,0.012319300866501166,0.008584381820820542,0.009649377617685131
0.9319971232706385,0.045443652541423886,0.006781478611583321,0.008982392538377883,0.006795353037976322
0.8502528093069871,0.09094958642832397,0.021179064778372725,0.02162976612130718,0.015988773365009
0.8403883992390591,0.11470831651497755,0.01661025781375186,0.016762922269242347,0.011530104162968959
0.8280403128445961,0.1107456852558254,0.02308740028467813,0.021929963931991606,0.01619663768290873
0.9209725493356283,0.0527564553512354,0.009955267535211832,0.009044194843651527,0.007271532934272766
0.904668762571123,0.06015116714428939,0.013429744290448397,0.012363485765440756,0.009386840228698363
0.7383204423745615,0.17424744828307587,0.03454289684093553,0.027690872214966945,0.025198340286460064
0.854164518079254,0.09176240454705005,0.023320851783248445,0.015009738533128645,0.015742487057318948
0.8248983274421302,0.12786212335958339,0.017032885371892254,0.015526629526710576,0.014680034299683372
0.8752458162751732,0.09217254236713912,0.010599674604062179,0.011500584317472686,0.010481382436153137
0.8668642449628322,0.08627009661421015,0.013747720960507536,0.017283494219966514,0.015834443242483565
0.8327594759824407,0.10587158980237697,0.02170542131125755,0.021585389876591768,0.018078123027332967
0.8637091041365678,0.07803119170495153,0.02568573070904288,0.017427061037295494,0.015146912412142197
0.9285756979398341,0.044799647648493895,0.012283843698222725,0.007718420909798189,0.006622389803651107
0.8113879171559281,0.1355335945458842,0.01998308118038653,0.01809492404476428,0.015000483073037094
0.7343265852136487,0.21726474297318002,0.018496943985528078,0.018425966121857814,0.0114857617057856
0.8577963064452305,0.10354971831225658,0.01899166979327349,0.010950831586204465,0.008711473863034985
0.8919804151822659,0.07345943036987614,0.012658937716582054,0.010117621458981898,0.011783595272293817
0.8630493055645682,0.09438282782862766,0.012508746905149028,0.01593446457625463,0.014124655125400365
0.8324224382914027,0.1159648848184687,0.019820416871544805,0.01640961311246704,0.015382646906116841
0.8670392739426419,0.09855052294235829,0.010294427408773814,0.013167013357049829,0.01094876234917614
0.890294691267533,0.08159566323640953,0.008786567416642068,0.00909131580689092,0.010231762272524375
0.8944517854332313,0.07754530676804097,0.011991745658008092,0.0080915925761896,0.00791956956452984
0.9130848070556796,0.05485068131893131,0.014251780945401193,0.009367290829524956,0.008445439850462956
0.8892873635945358,0.08305258183751796,0.012778244812540444,0.00813835452896427,0.0067434552264415875
0.876586267192533,0.0974379152410462,0.007900214614790207,0.009811149870791298,0.008264453080839344
0.8169319893560278,0.13949946381470613,0.014507695223935536,0.01527080593855525,0.013790045666775034
0.8691937980198873,0.10596936732568327,0.009106154352764045,0.007278411310486131,0.008452268991179138
0.8882332705546855,0.07557498502535678,0.012407504315830585,0.011224155637939787,0.012560084466187251
0.8370215766428403,0.11452824797079073,0.014303154149158847,0.017045149696900658,0.01710187154030937
0.767315058497953,0.16599254457130294,0.02464285198303089,0.026059503352832514,0.015990041594880704
0.7357850013239969,0.20209192306318396,0.02455566070593209,0.018714280699332182,0.018853134207554714
0.831140880748791,0.09507253227979864,0.035613325772788106,0.017156602984078024,0.021016658214544143
0.7008518723638235,0.21062963932205025,0.0324638212824299,0.032263904405305556,0.02379076262639068
0.8762514851894208,0.08868845301402667,0.014112333742631518,0.011823908857875686,0.009123819196045187
0.9298151773356346,0.04073399858653751,0.01218386134146176,0.00920462395209997,0.008062338784266342
0.9097641294829503,0.05284942001242046,0.01247129274523588,0.013355094909779484,0.011560062849614056
0.8234949391169457,0.13162859240291305,0.019772602301889382,0.011529742915832772,0.013574123262419179
0.9037388954995531,0.055329821735017146,0.015727329676922582,0.011870363333976428,0.013333589754530785
0.8956925814308222,0.07131184030979691,0.011690019983747895,0.011254080460387367,0.010051477815245588
0.841975817009788,0.10484454436453626,0.027542655927396235,0.014109770670156572,0.011527212028122881
0.8837048272414149,0.08377377539388021,0.012227164681232952,0.010991012190163957,0.009303220493308152
0.8865128816146801,0.086739302153999,0.012019334615511284,0.008180575377483682,0.006547906238325698
0.795207258667062,0.1494494296261431,0.01920515509200136,0.02096861524795037,0.015169541366843264
0.7942236465475118,0.1493827909371747,0.027787267372341794,0.01472036481570646,0.013885930327265416
0.8635286432040729,0.10279312186931028,0.01616564979517247,0.010761388895684587,0.006751196235759604
0.8564534607411799,0.10701307313840241,0.015346385745189532,0.012800357897477703,0.008386722477750276
0.815384923361517,0.13193685861289478,0.02334231935234528,0.01923948077319989,0.01009641790004315
0.8454944789887721,0.09870119932998128,0.022957553119538312,0.021899212151959457,0.010947556409748989
0.8831883244829921,0.08119669010563078,0.014599953247963255,0.01264924534031718,0.008365786823096816
0.8596387104701034,0.10201731744043366,0.013889029201249,0.015322706178814162,0.009132236709399697
0.8439027600717993,0.11623812399147034,0.014723090869729519,0.014556412621136801,0.010579612445864282
0.8992577873759998,0.06733950606357919,0.013503294520642008,0.011439810321828371,0.008459601717950729
0.8323714838964039,0.12156393895203947,0.019084003000205678,0.01371017915050957,0.01327039500084126
0.8861406952918441,0.0772779918503143,0.010673882052228079,0.016798609658599275,0.009108821147014166
0.8616732030815178,0.10267572614201362,0.013245925523738506,0.013632826315918101,0.008772318936811841
0.8812458479481764,0.08902121280301414,0.01237608031043399,0.01005190530210267,0.007304953636272683
0.8353267606758804,0.12757909868409853,0.013580907016299866,0.014528626596755849,0.008984607026965368
0.849068602817742,0.10718865918482985,0.01653751797473026,0.014985008906961196,0.012220211115736696
0.7818790007077708,0.1619572477092583,0.0187978236519348,0.02081220219773171,0.01655372573330416
0.9037897314388044,0.07093954576052693,0.0057301728595244746,0.011012708309567711,0.008527841631576964
0.9006246667638654,0.06742947769641816,0.011187879491503116,0.013503652933192785,0.007254323115020452
0.9227200038146575,0.05298260377305573,0.013671241840309666,0.005932379616632433,0.0046937709553446704
0.9188437424775933,0.06371682124409864,0.009181694167383797,0.004922516287794753,0.003335225823129655
0.9234983172760821,0.055820331599081924,0.009623736348539648,0.006939187921598508,0.004118426854697976
0.8191207774254526,0.14469468682822598,0.01622208898817822,0.01394926173847895,0.00601318501966428
0.833972573065227,0.1328570598908956,0.01947095988681721,0.010142770229479297,0.00355663692758088
0.9101920471457169,0.06037755246138675,0.017347234973132914,0.008782373965062337,0.003300791454701256
0.8652055941029271,0.09633473893172108,0.020818057681893314,0.012607548694420696,0.005034060589037949
0.8802308074935143,0.08794113552975541,0.01919981902287735,0.008129205933908071,0.004499032019944803
0.8525242510115406,0.11525642609111002,0.018646504277102495,0.00848273290624173,0.005090085714004927
0.8591260773394288,0.09642673460135588,0.02269811642026184,0.015615504551558003,0.006133567087395214
0.7755408367425575,0.17116651881506062,0.0321492213403619,0.014544102407958531,0.006599320694061727
0.8103038720492097,0.137589689122953,0.027774873801595767,0.016933386301813562,0.00739817872442771
0.7212604936162021,0.2265165537766076,0.03741340871246418,0.010485939538829694,0.004323604355896437
0.8786243634664718,0.08348589115585248,0.021361865654327097,0.011416381942497328,0.005111497780851135
0.8798331655562108,0.0665546415439493,0.030380444988137884,0.01925908085436421,0.003972667057337796
0.8802315366189826,0.0790497711233297,0.027007685084693783,0.008840805522504106,0.004870201650489847
0.8466810626098445,0.1039977707096057,0.029778957612217563,0.014695955135934916,0.004846253932397645
0.8088037929230666,0.1310411053468873,0.03663092628723918,0.017322112169097188,0.006202063273709559
0.8814107781036488,0.0820446730582595,0.021234875303308864,0.011262645750386293,0.00404702778439649
0.9489449802230104,0.03622388621803843,0.009398304321867149,0.0037025824538113286,0.0017302467832724998
0.8592728749178136,0.10064398118744616,0.025287492567895593,0.01070350502265058,0.004092146304194209
0.9054778087917578,0.07144036407940418,0.013056264942263165,0.007559516940371288,0.002466045246203551
0.8053624695798991,0.1459326651145476,0.027335074429882894,0.016040185020605658,0.005329605855064495
0.841883354994803,0.11587956965781064,0.02439658177691242,0.013405857846260649,0.004434635724213164
0.8045284147017829,0.13774525772231366,0.03621159933094666,0.01648799196278869,0.005026736282167998
0.6942745934446847,0.2133572520120904,0.059648794325534264,0.02350570548791739,0.009213654729773355
0.8948226367122325,0.0736207211187282,0.02040358447835834,0.007499978976364823,0.0036530787143161524
0.8209868115616972,0.12912792259061576,0.033404864613823484,0.011946114952645503,0.004534286281218021
0.8195705991275822,0.11719527256652953,0.031092494088983763,0.02387312037489846,0.008268513842005906
0.8751237789701058,0.08107131480151279,0.02095440022644246,0.017489110941242694,0.005361395060696292
0.9027564227303082,0.06307742063663306,0.015928474734885782,0.01314554344599078,0.005092138452182352
0.9166719090063513,0.05563846839067013,0.010872057635257908,0.010730011365624386,0.00608755360209612
0.8982235399240996,0.07331852159412275,0.01196350709861152,0.009146414278839339,0.0073480171043266975
0.8819242489390473,0.07019363669112076,0.019813306271522575,0.018821301881227236,0.009247506217082053
0.8885096997943175,0.0699109970054564,0.020918400256904515,0.01018871663160143,0.010472186311720562
0.9397323848623119,0.042689820750652155,0.009053005221376986,0.004950687096001015,0.003574102069658081
0.8502227290449348,0.09274071884269351,0.03029964842551152,0.01441709594954421,0.012319807737316136
0.8113765374741713,0.1475749540867471,0.019786713249591973,0.012242604332512468,0.009019190856977334
0.8253316894788717,0.1367984242652786,0.016098705772836695,0.013205122751595078,0.008566057731417944
0.8199671109176805,0.14772688408749635,0.012574447306681476,0.011585300707138854,0.008146256981002862
0.8408247422205285,0.11905998290751763,0.017097307421220148,0.014480865332349355,0.008537102118384187
0.8656925252120939,0.09584080139034992,0.0202220142077442,0.010630516873236618,0.007614142316575419
0.8875488059896802,0.09615812926288561,0.007028690008289422,0.005093024045095474,0.004171350694049569
0.8742955626197341,0.09558118158992417,0.014869363788529445,0.008946425381979525,0.006307466619832705
0.9062136314912127,0.06631267424127117,0.010785653396520881,0.00960768888033744,0.007080351990657573
0.8092878858459163,0.13834196197306323,0.023907638147270253,0.014846102229171087,0.013616411804579204
0.8100714626909098,0.15619601350813003,0.01654885505831192,0.009729503745140177,0.007454164997508134
0.8313190197575963,0.13861061693540727,0.01385299006847712,0.008887493226193836,0.007329880012325986
0.8248218948992416,0.12819763412989826,0.01923131603068838,0.012777485002133333,0.014971669938038291
0.8832704838546219,0.07370213936283468,0.015001849532441883,0.016029228804341912,0.011996298445759557
0.7916113190253572,0.14048704903401102,0.027747049875011805,0.021959255799575708,0.018195326266044035
0.8305321801733704,0.1380025098122396,0.009892274857208705,0.010495927061796754,0.011077108095384272
0.8960326182055944,0.07790730337779286,0.010978436741422338,0.007316698750409715,0.007764942924780377
0.8803694138366376,0.09064378143436483,0.014902873114823599,0.007842209195769407,0.006241722418404409
0.8501756413651999,0.10994264392752721,0.015586140210238405,0.012223453569221639,0.012072120927812884
0.8620062071359621,0.08779550945290737,0.02105359954684515,0.01618212767222567,0.012962556192059663
0.8400801573602262,0.1052877232050545,0.025193885703661757,0.015662838812302085,0.013775394918755417
0.8704012452958118,0.09538536191669875,0.01469121707647002,0.011813599560312657,0.007708576150706531
0.7966089833599489,0.1475973496806284,0.019634385131321562,0.022201013258426435,0.013958268569674519
0.8807086440170022,0.08740568934490629,0.012519077481840455,0.01143445675677429,0.00793213239947662
0.6702710192266464,0.19090471525437877,0.06682575785552629,0.04141927906451933,0.03057922859892918
0.8522046966975143,0.09865208398334241,0.020958780932000175,0.015573300319147408,0.012611138067995634
0.7899317404390348,0.15727802036177777,0.017811089901897368,0.021849614395313206,0.013129534901976958
0.9336183677404356,0.0468166468350142,0.007983441082671098,0.007151815291882288,0.004429729049996819
0.8139516301569527,0.13341936739514187,0.027366608820438093,0.014892008256776062,0.010370385370691541
0.8305869200464624,0.13923152512881068,0.013759335646187334,0.010968409486886665,0.005453809691652969
0.7162160339647127,0.21957559318053066,0.03164237545479764,0.0198087117828669,0.012757285617091926
0.7871488369753551,0.1759108778836116,0.012864570267318777,0.013172187091693254,0.01090352778202125
0.8795336098370916,0.08158196396290078,0.020868747729148287,0.010925472111558681,0.007090206359300623
0.883737597562207,0.08055073592691774,0.017621579025754036,0.010360393611363072,0.007729693873758209
0.8599844670459286,0.09679837006077828,0.019057865293033518,0.015923580858163023,0.008235716742096678
0.7795326288532209,0.17824096986983243,0.017086618150550292,0.014674366692033617,0.010465416434362605
0.8361060785820068,0.11499039961391341,0.021423418252007255,0.01692422231048277,0.010555881241589845
0.8237739778265571,0.13154847675731995,0.02149477683395503,0.012112553303960957,0.011070215278206926
0.890697065888999,0.08244770088756344,0.011309515865997667,0.00988619760294233,0.005659519754497518
0.8766927336561847,0.06400408705110976,0.03057173898544984,0.016599956928216683,0.01213148337903907
0.8232417036899448,0.12280050565864611,0.01919001708453008,0.019223607906835707,0.015544165660043333
0.8678286957491381,0.09095539829743769,0.01856075390687612,0.01305549154260238,0.009599660503945878
0.9086862235076881,0.06645996325619113,0.011135849224961606,0.009525401352244871,0.00419256265891437
0.8977903090173607,0.061149346576082904,0.017890209100737197,0.016011095972918256,0.007159039332900919
0.8239528419230451,0.12015692052606865,0.02890555482935773,0.019384901330270578,0.0075997813912578325
0.8249524964284063,0.10859400216937552,0.029232365294136513,0.027766408564197525,0.00945472754388404
0.7766316978033897,0.11804158172454224,0.04790307005251067,0.03753520246652466,0.019888447953032736
0.8876390945568289,0.0711273005733794,0.016370062630691667,0.016391832115089735,0.008471710124010143
0.8058660076556307,0.10407194218423721,0.04285544954309856,0.029737728165129203,0.01746887245190441
0.9089119464416524,0.0520630732944034,0.01744977693309871,0.013686848294824189,0.007888355036021385
0.8917952866283517,0.07847941055744628,0.013837991104950544,0.009794975120733063,0.006092336588518258
0.8991021229281186,0.07689845250366369,0.009882092596413867,0.009478993313580288,0.004638338658223578
0.9092529138534411,0.07145906517579298,0.0054540157124911915,0.009862778386481655,0.003971226871793204
0.8789449157818061,0.07712887517902073,0.02271925779118913,0.01383001628989487,0.007376934958088864
0.8267492107491237,0.13090136671626898,0.015843012640313774,0.017653445866122903,0.008852964028170679
0.847355443334178,0.11792607854564278,0.0127485394380091,0.013987705492713047,0.00798223318945699
0.862061799605926,0.10358660331251428,0.011202292082542725,0.014893915708769358,0.008255389290247574
0.8333199774511095,0.11506822305682664,0.02513791332264853,0.01699483270556304,0.009479053463852147
0.7636102142178821,0.18007812757453087,0.025253681733655234,0.017639093076853917,0.013418883397077709
0.8503896562843242,0.10827005287263121,0.016430685289908886,0.015216961719799069,0.009692643833336645
0.8675769024241592,0.09207474002772767,0.017165557258864164,0.013803667149334831,0.009379133139914276
0.8925041339182002,0.07423495574420043,0.017336265840169052,0.00962336276593263,0.006301281731497824
0.9134828080559352,0.07137586712011511,0.006432519379187519,0.005775263424622426,0.0029335420201397648
0.9235247780193258,0.045380516943259404,0.013895268274419989,0.010698999486683933,0.006500437276310903
0.8621746063739959,0.10403695716122087,0.01089846717990413,0.013829626140889137,0.009060343143989959
0.8964380943538516,0.07860670931046337,0.010818514446428777,0.008238825232266937,0.005897856656989271
0.8785472299759979,0.07799177697350065,0.01789670177269157,0.016054816892828477,0.009509474384981351
0.823775359998393,0.11351094991363045,0.032306279676943245,0.02103516607822029,0.009372244332813102
0.8931555511710445,0.07027842268438075,0.02228090301146345,0.009586308021642233,0.004698815111468807
0.9082715821405765,0.06373292689662878,0.017250057618871887,0.007537386259607957,0.003208047084314988
0.9510893180358182,0.033420711493323194,0.008999401259887246,0.004148894093767097,0.0023416751172042325
