Delta_Power,Theta_Power,Alpha_Power,Beta_Power,Gamma_Power
0.9208456683590168,0.03867173952565139,0.011753434791574634,0.01454517627222682,0.0141839810515303
0.9340525423403968,0.031448150515367715,0.013799132227645283,0.011851431804889111,0.008848743111701064
0.9342667196376714,0.03285079783484625,0.013796510993533342,0.011208287434446258,0.007877684099502619
0.8591443691046605,0.06641764742117,0.04191679484132194,0.022650191591140817,0.009870997041706771
0.8875264746195952,0.053255431413368505,0.028941919836624145,0.018813413606474625,0.011462760523937488
0.8825794586290399,0.08214107528824895,0.019973747673088738,0.009248703153201589,0.006057015256420618
0.9409599285854628,0.03197488916751569,0.016461253239306438,0.005541075842348986,0.005062853165366015
0.923635744477711,0.041659480291591715,0.014172134441834128,0.01549305445938075,0.005039586329482199
0.9139542490031212,0.04642384643677452,0.020819298547905533,0.011535427529002034,0.0072671784831966
0.962118332789544,0.014074259404669612,0.011328461724428765,0.007694879774238391,0.004784066307119243
0.9061405298341966,0.04742836107238325,0.026246817997444893,0.013970668590170076,0.0062136225058051055
0.885732408727071,0.06361909892191629,0.025832944702544436,0.017178937454709622,0.007636610193758705
0.897016737701528,0.056982874468910844,0.017606954164705528,0.017103466672106996,0.011289966992748632
0.7237980730366063,0.17247338144865199,0.039525313361868014,0.03864552752204836,0.02555770463082538
0.7901779716157347,0.10062217504205445,0.042246323727593564,0.03361055669751178,0.033342972917105564
0.9114211128793079,0.04849309968046673,0.013892587473057716,0.014741911370883291,0.011451288596284408
0.8362947508173203,0.08247062372781708,0.03129428814743096,0.03086953396418123,0.019070803343250408
0.86396719249814,0.0743752418773161,0.033207096339340755,0.01811912957363738,0.01033133971156588
0.902573137945328,0.05669473241594012,0.019916549632891353,0.012740490242352702,0.008075089763487704
0.9099749586797129,0.06263462986042796,0.012151036727088978,0.009133618742223687,0.006105755990546433
0.9089567851931996,0.020497276001343843,0.0403930391030403,0.019108605375178223,0.011044294327238064
0.8868520275682947,0.06799297740415539,0.023723582404176165,0.012980258340354165,0.008451154283019633
0.8931826788838172,0.05851290170049785,0.030216546537310984,0.01242995752009372,0.005657915358280145
0.8322771931337684,0.12874833196428395,0.0200581158335217,0.013030732945961016,0.00588562612246507
0.9525912421949838,0.023305528275893345,0.012235853554345477,0.00749617173909245,0.004371204235684818
0.9709517201339487,0.01670172793240141,0.006199140533158995,0.0038866760754870883,0.002260735325003691
0.9242691165371629,0.0430828179863876,0.021544089798431747,0.007443404167104414,0.003660571510913147
0.8320597819681457,0.10828016068380202,0.03811166062392921,0.01341784629514538,0.008130550428977755
0.7250660699863524,0.21240624786812148,0.026587214013710017,0.021462233073899276,0.01447823505791683
0.9381758889924757,0.0313879247334335,0.017840798796075936,0.008789820017871899,0.003805567460142959
0.8465561970223184,0.08169871106845222,0.02676231932074022,0.028839125368396633,0.016143647220092754
0.8649130031565472,0.09674325956076829,0.016316350967863085,0.014844482163253988,0.007182904151567333
0.889106250005842,0.05472938904634544,0.03029762095861737,0.015167129182864817,0.010699610806330393
0.8120373073405642,0.12448349936022272,0.03122890136727558,0.020102193539172985,0.012148098392764385
0.8866384867656284,0.08778675175792121,0.011567360164868881,0.008663764000241587,0.005343637311339865
0.9419366995127415,0.019778913479958974,0.01620479223965876,0.014413009530032703,0.007666585237608049
0.9112810148879928,0.05321338562925914,0.017019940561815466,0.012522876066972546,0.005962782853959815
0.931601530856051,0.029889326004098948,0.024794596897213972,0.00990148988708904,0.0038130563555470046
0.8100421381948979,0.12941775236280453,0.03084861382167645,0.019047644304118812,0.010643851316502362
0.8252646942593116,0.1295971008092553,0.020581145278892356,0.016479256449084764,0.00807780320345611
0.8563820668357954,0.09034009151185798,0.018845636899103815,0.02353805766675398,0.010894147086488861
0.9428789287133855,0.0287956443778492,0.011839619578958622,0.011951771752104953,0.00453403557770161
0.7707029464936214,0.14498521735657743,0.03350639560321933,0.03264840852605429,0.018157032020527677
0.9258330714971095,0.03449875286564889,0.02410507131667731,0.01009721495089424,0.005465889369670183
0.7054457727390493,0.16983532217199399,0.08092529977977647,0.02926825335204889,0.014525351957131512
0.9388740838382402,0.03721192862817189,0.01195800653813719,0.008312302662915314,0.0036436783325354857
0.853734887154306,0.08581296688062934,0.031364965659297736,0.021299834048229067,0.007787346257538097
0.9354241602871827,0.03539505574187645,0.016221444927552835,0.008157996357267992,0.004801342686120131
0.8126387525439699,0.09305243384258549,0.0540037698901729,0.021097383911305594,0.019207659811965948
0.8856266165981154,0.06593345556498637,0.020178744800410153,0.014906435149215967,0.013354747887272134
0.9494255920801901,0.026954500823058357,0.007310594772652479,0.009816751642147983,0.006492560681950927
0.9176610368169938,0.04703182434474236,0.01534940695853398,0.012310348731100288,0.0076473831486294774
0.9060441883146845,0.04225434862643633,0.03285078094013536,0.012036301775012592,0.0068143803437313395
0.8442634378514969,0.08480240952330556,0.03920383813442598,0.021553992241564335,0.010176322249207365
0.8103882106083461,0.10694126655751705,0.05350251959151166,0.020408888564092304,0.008759114678532813
0.7795152229634024,0.11342176322240935,0.05991413204832797,0.027992045893787832,0.01915683587207228
0.9478731719758333,0.031235019017149885,0.009146654700563741,0.006802330095252397,0.004942824211200919
0.8812304733483861,0.06323608927790807,0.02828167512066795,0.015443545326939952,0.011808216926097804
0.8256863165318404,0.10195783442331552,0.036361659029688305,0.02345770908209628,0.012536480933059273
0.9294788463635829,0.03199131947275006,0.026031931579481925,0.009051946577392249,0.0034459560067928987
0.8267290835813095,0.09677265398177884,0.04938533432266857,0.017829845057411222,0.009283083056832162
0.9366015878517336,0.04372405192869315,0.009094642798722323,0.007428267044296321,0.0031514503765544314
0.8721108884977435,0.08553129035702563,0.022173418662295986,0.012397489501987866,0.007786912980946926
0.894148295051586,0.06904232355187717,0.02100908577029289,0.010298711485935698,0.0055015841403081465
0.9373892930152725,0.03720771839604859,0.013350993831655875,0.008105087167640595,0.003946907589382512
0.8628532274040789,0.06715795324889756,0.040021121242665623,0.016616925524866297,0.013350772579491651
0.8185512062732662,0.08024642418284912,0.06738787064617756,0.02520706041522399,0.00860743848248316
0.9081090006946506,0.04211372760704321,0.03271403920452218,0.0108632609782789,0.006199971515504721
0.8153161276790989,0.08464338786356182,0.07023726249776156,0.020449752687660767,0.009353469271916912
0.6924360142964684,0.14729845250181653,0.11668292736397452,0.028639836018402746,0.014942769819337558
0.8586039991577498,0.07680116164499903,0.042941129267747014,0.012804150487771735,0.008849559441732416
0.8975417793107852,0.05533383458670497,0.023907975901016773,0.017154966707756483,0.006061443493736873
0.8657065479563371,0.07195355743192544,0.04269887419760068,0.013298494221736288,0.006342526192400707
0.880445919793057,0.05992815132960583,0.04166555757061296,0.010981218445834523,0.00697915286088965
0.9219284639789169,0.051828448202743134,0.011966427683387088,0.008894580544522577,0.00538207959043027
0.8052684070303809,0.14500504485986765,0.017547460030795645,0.020278245062681916,0.01190084301627389
0.9282548673767735,0.037949919484173644,0.010645803063341574,0.015584935783595764,0.007564474292115396
0.8366796410540692,0.08273367159474862,0.05745473901878457,0.01590674506127131,0.007225203271126518
0.8782921890627734,0.055335522132773964,0.03952761115795141,0.018032318364699686,0.008812359281801395
0.8554820322027152,0.07657812851819015,0.04500095499808676,0.015282706811577064,0.007656177469430626
0.8955079114215316,0.05114699428566124,0.03332284150910067,0.013376871694073623,0.006645381089632858
0.8597089343012746,0.06951836520275058,0.050034347145975,0.014739573292011438,0.005998780057988236
0.8727653891061414,0.060592703085754276,0.04976824603242183,0.01128480677238081,0.005588855003301645
0.9378969280096983,0.04028217002664547,0.013349013462025383,0.00557948283954182,0.0028924056620889113
0.9333618050993759,0.035774555262285394,0.020672673361527276,0.007182165752642596,0.003008800524169134
0.8567483358028888,0.055040606619241886,0.06718908709955494,0.01500146763603976,0.006020502842274695
0.8816989879592215,0.04433498693375868,0.05662064141734283,0.011959208875015974,0.00538617481466097
0.9625632537492207,0.01681544020157278,0.01174889565012,0.006445028386908091,0.0024273820121784914
0.9246743575604924,0.03685050385735813,0.02108729998740571,0.01093218765062441,0.006455650944119202
0.9019607937337284,0.06568042903443062,0.016402154863346886,0.010810044832915902,0.00514657753557821
0.9018654719348598,0.034089847770222156,0.04170305669925844,0.016223916137037196,0.006117707458622471
0.7162018386167129,0.21129393700181995,0.03221276564660087,0.027021477512638902,0.013269981222227386
0.9167168492683954,0.03459009010957532,0.01451754874681906,0.014685669759348142,0.019489842115862282
0.7641838061856061,0.06750258365221828,0.013647032615305525,0.028876968217518763,0.1257896093293512
0.9141104811900922,0.03951241001653717,0.022193940547918022,0.015701085871117397,0.008482082374335162
0.9106853280486357,0.05423748455637201,0.01772884986165161,0.010305694117778671,0.007042643415561867
0.8638345338860187,0.0913251160913696,0.019214553105588606,0.018222110466322,0.007403686450701107
0.9442104508085014,0.021196124358240972,0.019022263864757395,0.010070694277925011,0.005500466690575162
0.9241149183676142,0.04251767593453631,0.01602632116112052,0.011467193395931954,0.005873891140797246
0.9613108009972872,0.019201189286080406,0.009452064567556736,0.006619501044487556,0.0034164441045883964
0.9495807533724655,0.019513020712417905,0.014475915084947107,0.011246552024826842,0.005183758805342638
0.9503637121286468,0.03081947986136438,0.00933982045021961,0.0058137345361037015,0.003663253023665203
0.7668180237669948,0.14686398551201668,0.04047715554449626,0.029843187116976196,0.01599764805951612
0.9377391734440317,0.03745241654080078,0.009865851612662846,0.009618031276364824,0.00532452712613977
0.8575452940123449,0.07728395165626151,0.03506889424801965,0.019221838342938405,0.010880021740435935
0.7895225385418355,0.13999363593412745,0.04180912041326016,0.018892275980341395,0.00978242913043524
0.8431663813639637,0.08063527719144811,0.05020176581614343,0.016219326373254333,0.009777249255190607
0.7963699254299874,0.09798325910948466,0.05957808678832952,0.02825974068989408,0.017808987982304455
0.9578517244371422,0.02138718500677959,0.011173399510106343,0.005656506039897328,0.003931185006074417
0.9435524964410336,0.03861358304716935,0.009943693392650013,0.00460181907117607,0.003288408047970971
0.8916564436541636,0.04799682203731958,0.032243516167975696,0.019991251618826564,0.008111966521714722
0.8576209646576045,0.06849505259357445,0.039989424129341394,0.02130929853275493,0.01258526008672477
0.8266981236080095,0.10059767806172762,0.04418725989806768,0.017993633966146786,0.010523304466048322
0.9215652916146576,0.04723217454660717,0.017959069330684498,0.009846622694957898,0.003396841813092878
0.9386388198321192,0.03254252472926061,0.017937683485097302,0.007349595243930096,0.003531376709592963
0.8393322435987257,0.07374636822584242,0.052736792217780194,0.022663571065998086,0.011521024891653622
0.9536259944839743,0.019926023978241447,0.014728245353431525,0.007313174660540541,0.004406561523812073
0.9415324471475409,0.035302609447425325,0.01712597707032826,0.0035300012668466304,0.0025089650678587123
0.9049995414389322,0.050158776014816255,0.028963874821639597,0.010764311329526785,0.005113496395085072
0.8747933218302854,0.059036487861864904,0.0439094335186311,0.015563629609955654,0.0066971271792631015
0.9421529363487006,0.03405987428446043,0.01306873894700936,0.006261203554629704,0.004457246865199638
0.7952657703686545,0.1067647224093282,0.06523067580489643,0.021802064544944107,0.010936766872176705
0.8648949291740118,0.07607511063536822,0.035554717097808,0.01712800013646856,0.006347242956343306
0.9301078681723032,0.03855415222159261,0.01859565942562615,0.008487327973871217,0.00425499220660684
0.8173864897647706,0.0847881288585278,0.0548941792395311,0.022474930867639617,0.020456271269530948
0.7836637720292313,0.03993074333082202,0.02070336632673712,0.05122683231100169,0.10447528600220782
0.9268259576080814,0.02477920815377038,0.01951975645109108,0.01564710211024586,0.01322797567681115
0.7900127757964834,0.10797582910492175,0.06012354134692845,0.024065428403505278,0.01782242534816115
0.8549523160958821,0.04501961806466764,0.07075795258638931,0.02104465340402946,0.008225459849031407
0.9011259573521023,0.05202180516387969,0.02999879187761763,0.011896264004508035,0.004957181601892223
0.9475669065641286,0.02946502439702633,0.015595172683621025,0.004860925835636452,0.002511970519587551
0.9071323631841512,0.039477530097376985,0.03469995525345137,0.012995805220331436,0.005694346244688772
0.9237074916906987,0.03763885678373288,0.025858455033746054,0.009313957664377563,0.003481238827444773
0.9058866597512539,0.054200483796108916,0.025655905129102517,0.008479251606663626,0.005777699716871116
0.88231859683974,0.051129494097492706,0.04586220971940849,0.013637310004943734,0.007052389338415183
0.8188362775171072,0.0843997031320131,0.06713560574857376,0.019562291944972464,0.010066121657333416
0.751237522893332,0.10134949843837616,0.10228106831875157,0.030042730831844052,0.0150891795176962
0.9030044840069592,0.024383927684622844,0.059472140745991685,0.009200360409891332,0.003939087152534812
0.7545060491404018,0.12316439648862186,0.07609094647519564,0.03621846821920418,0.010020139676576618
0.82603610146147,0.08943656144499543,0.060103704379347624,0.016675627224898463,0.0077480054892885
0.7998851050480993,0.08936056481708624,0.07629992230247484,0.024700966733430304,0.009753441098909325
0.8427188377000353,0.07459607882077136,0.06142552045736599,0.014194900715058434,0.007064662306768824
0.8843819453943105,0.06424999442938668,0.03514881556568146,0.010626869950179292,0.005592374660442027
0.8271508800887987,0.08648353807634306,0.0642501187375616,0.015674052395242912,0.006441410702053869
0.9514240826581375,0.019235295614718706,0.021630898705029294,0.0048086647283206935,0.0029010582937935227
0.8400383329295709,0.0715216224943301,0.062047135743111666,0.018897632133475343,0.007495276699512148
0.8881820033124601,0.04609973734337516,0.05011636340700439,0.010902308440570998,0.004699587496589464
0.9027533140845627,0.02846272596054988,0.052927515562997095,0.01082236334962932,0.005034081042260913
0.813359818691729,0.08313186942339125,0.07567013733231638,0.019553304926173885,0.008284869626389892
0.8350374322139091,0.07316594206044186,0.06404429672218648,0.019556456736581615,0.008195872266881045
0.8581518794687542,0.07017239516120953,0.050699581839412,0.014373107444258426,0.00660303608636597
0.9091045576243322,0.04451904274003122,0.030717663443878388,0.011200700496246557,0.004458035695511951
0.8938230825353688,0.03604598580664173,0.05657796721815995,0.009617874441030063,0.003935089998799741
0.8504790739304551,0.06963475502789838,0.057212289359550396,0.014445122818088315,0.008228758864007622
0.8728568402816068,0.03638844074019181,0.06970741481600014,0.014266950887031896,0.006780353275169377
0.8719709075458731,0.06491914390783332,0.04549319525382988,0.012202791470405731,0.0054139618220578525
0.8667683360340194,0.05679766376939126,0.05679466672127872,0.013865605485415627,0.005773727989895307
0.8727705983957471,0.035276416069331414,0.0744593822152749,0.013128402465655714,0.004365200853991022
0.8891636157865137,0.053336824406738044,0.03963983061864386,0.013089958264826188,0.00476977092327818
0.9316354133390077,0.036377245578485325,0.01701306041454119,0.010387482331849154,0.0045867983361168405
0.9241418847084978,0.03188068573728187,0.02319040687292656,0.01542657492413206,0.005360447757161666
0.8877082388440404,0.038479778599404504,0.05073846886493224,0.016469863511962977,0.006603650179659803
0.7660187208944682,0.09639180081881321,0.09804314574990346,0.028739174943465905,0.01080715759334934
0.8090034574362295,0.049267029175679856,0.10602958782445025,0.02386444908524701,0.011835476478393451
0.9142489741028181,0.023799947026993586,0.04652898028124043,0.009616062637338368,0.005806035951609346
0.8776441606327449,0.046115866358534346,0.05336906878416932,0.013097654848322659,0.009773249376228815
0.895204794119471,0.06243628806511226,0.029886661229147442,0.007866155972094691,0.004606100614174686
0.883525940877619,0.04608366244931602,0.04717113682138961,0.015717155315840513,0.007502104535834861
0.9362529914207854,0.029367766412426617,0.024635784433881067,0.006135499607426442,0.003607958125480397
0.8545079012750897,0.08024881652185273,0.04973012021876154,0.00874519751833696,0.006767964465959208
0.8575763612079507,0.05595173895500275,0.05957349053934738,0.019440234499150055,0.0074581747985493435
0.8497887171809606,0.05936692336781226,0.07313540398140624,0.012268210736715718,0.005440744733105223
0.9134355662600523,0.028673980285620383,0.0426174373560068,0.010937097205313611,0.004335918893007145
0.9071254659248742,0.04038995039581354,0.031672480239816135,0.012966388628133775,0.007845714811362389
0.8500335108973073,0.05250990183752542,0.08203801862017072,0.010386964047442576,0.005031604597553778
0.8976908907272846,0.03945685115886778,0.04306260937926634,0.011838071666724745,0.007951577067856265
0.8539023466425463,0.06787922144866279,0.052488060098267814,0.018172238767128476,0.007558133043394625
0.8749771089525066,0.053830526179500106,0.05151041867589093,0.013963561398841579,0.005718384793260737
0.7537832909462766,0.10525665406781409,0.0986291889741364,0.029139335242618244,0.013191530769154625
0.6654513524215462,0.0875990336751532,0.21232968109200043,0.02182581468275105,0.012794118128549043
0.7497828650674281,0.15368826670961996,0.06337170793712281,0.024658813167261685,0.008498347118567586
0.7388786962846248,0.11765114236487977,0.08274472868464648,0.04232472400849035,0.018400708657358645
0.9378941658810778,0.012462118655383565,0.01758039832558409,0.010128591746787334,0.021934725391167486
0.6235002258738072,0.046470911698781696,0.0601348458990575,0.0782967527343651,0.1915972637939884
0.7921368437026641,0.0994309488602197,0.07736919209596403,0.01931206879394327,0.011750946547208874
0.8664307239687055,0.04880685225967342,0.06245456972036218,0.013912491635769821,0.008395362415489053
0.7755666212672425,0.11115655840419084,0.0516800340397528,0.042892706754019745,0.018704079534794128
0.6545654478399979,0.14555216795218104,0.16506625099580227,0.02500557435707112,0.009810558854947563
0.772230068301114,0.0799083620512244,0.12277560087648494,0.019230512408531002,0.005855456362645767
0.6744295173758804,0.20022359784331384,0.09575645741841088,0.020983689453829817,0.008606737908565034
0.8521468143083699,0.05263013235947504,0.06704480836168164,0.020564440187804414,0.007613804782669246
0.9301003029273145,0.01977761238939086,0.03829520915374573,0.008011513657734518,0.0038153618718145795
0.9123056199165391,0.027919042371665745,0.04859029883655677,0.007106414557486759,0.0040786243177516205
0.8296230075043374,0.08635864628023598,0.049839927736934755,0.022973885814072375,0.011204532664419405
0.8964567717279028,0.05096627265563728,0.036055685786583754,0.011564420036862463,0.004956849793013674
0.9073337940133447,0.0495484364555181,0.023067323604928063,0.01322655152387233,0.0068238944023370045
0.8063870530605053,0.07703834127962442,0.08491664184662416,0.023664490520721088,0.007993473292525094
0.8321912072876082,0.0678889468666101,0.06711124295520397,0.023157004282588475,0.009651598607989153
0.9215120598746049,0.02781695965610328,0.03955384261646293,0.007588734482734312,0.003528403370094349
0.8733983618429435,0.053648644503760175,0.0609707062169329,0.008297165602075142,0.0036851218342882734
0.9340738512089097,0.02345408201781019,0.03266896178904929,0.006879940813904161,0.002923164170326509
0.9232822885889259,0.023246350465627244,0.040161317539946534,0.008591402259455094,0.004718641146045194
0.780716627655922,0.09936012895355646,0.0960493610009027,0.01759938555680546,0.006274496832813527
0.9165491500893466,0.04125024208621037,0.0309231758115931,0.007521389499855145,0.0037560425129949675
0.886075679337116,0.035177611552279865,0.06253764990091615,0.012057845907052691,0.004151213302635127
0.8480339821697831,0.046683572107061144,0.07530478976905647,0.023169763869063432,0.006807892085035773
0.7958348013801858,0.08609856065965035,0.09361870311378995,0.01814802672889391,0.006299908117479902
0.8534778366461698,0.05627677584209987,0.0726271859707825,0.011614090813654984,0.006004110727292898
0.8866568861466748,0.04171424004303867,0.05835542570022546,0.008743205105926575,0.004530243004134276
0.8462313873992132,0.06220259042471136,0.07096954491620645,0.013925470279060975,0.006671006980808007
0.9222372579850673,0.043865874206687916,0.020171433289926308,0.009680121996056966,0.0040453125222615835
0.8538968612938389,0.0605707489548179,0.06647465626870691,0.012770042726167692,0.006287690756468487
0.8643597426758328,0.07608848919821119,0.04395634535552068,0.010478105193813293,0.005117317576622199
0.9287194530698394,0.040565723251609655,0.022722338281818848,0.0051341942963704056,0.002858291100361739
0.8920288414405134,0.04986999989381409,0.046345460710522014,0.008653464215212866,0.0031022337399376626
0.8193643933337894,0.10249269393079614,0.050030283598015986,0.017090339819127706,0.011022289318270586
0.9237694820600773,0.03315047629601814,0.03293813231014529,0.00765894497957417,0.0024829643541851884
0.8587105888300166,0.08157580394024297,0.04243153455158537,0.012550038923596758,0.004732033754558214
0.852965523057871,0.05860416538143116,0.05968298642250161,0.020241223239855135,0.008506101898341008
0.7695838818518108,0.12100408899338577,0.0744906070457119,0.02131559590679531,0.013605826202295975
0.916078368031378,0.03787961699539511,0.031774934418072866,0.00922796068066204,0.005039119874492154
0.8364162596711272,0.09007890538421741,0.05169227569457186,0.01452736900744843,0.007285190242635
0.859713376018026,0.06706574266612157,0.051456522227334024,0.015564243322498676,0.0062001157660196956
0.7316378067414477,0.08880882254506701,0.1342518036456366,0.030636559054383308,0.014665008013465423
0.850859532110249,0.07814558052178894,0.044421558241482695,0.01831032115555602,0.008263007970923282
0.874846055119086,0.04899088689244818,0.05653776942719932,0.01578507288435735,0.0038402156769092163
0.845282970450998,0.07513453033851715,0.05319231930363548,0.01692801778834687,0.009462162118502112
0.7895441240291542,0.12344656080509474,0.06512649796411142,0.01499394677707338,0.006888870424566414
0.9206270952040656,0.03264042002395101,0.038135567660507554,0.0060947083625288905,0.0025022087489469428
0.8578152545640084,0.04238094829664436,0.07239343626450352,0.01928937769910676,0.008120983175736878
0.9177310043142288,0.030408918033923274,0.03333196721221934,0.013314930624212847,0.005213179815415521
0.8979914691937907,0.049089327206957294,0.03621562453011689,0.011203040345065562,0.0055005387240695995
0.8810274927980398,0.036385514853473244,0.06179216697089413,0.015695853518921738,0.005098971858670945
0.8436944179880091,0.08415333919245392,0.05450177730177225,0.013375663488521984,0.004274802029242458
0.9267940728571119,0.03497967793254615,0.026661034403249028,0.007710662653692515,0.0038545521534004124
0.821413759943996,0.08812466296759695,0.06038004556079475,0.020242998565532095,0.009838532962080112
0.9658375724127541,0.008738879061127892,0.017617341556984526,0.004956949740083376,0.0028492572290498134
0.9298727957056999,0.02575242391788418,0.027030488666153266,0.013299925942377808,0.004044365767885084
0.8936340313082428,0.057647618507366716,0.037690197010012826,0.007066429058416947,0.003961724115960611
0.9356664394528754,0.02760247717804769,0.026388469828149953,0.007090109175793643,0.003252504365133502
0.8384678270864202,0.06098295589804747,0.06259614153261533,0.025272827856271794,0.012680247626645196
0.9178690745925485,0.05250326372118757,0.018086118019767564,0.008012707662989926,0.0035288360035062925
0.915586671626094,0.047044040294419005,0.020191563314447308,0.009823960581753824,0.007353764183285959
0.8518272965348517,0.07045729655636819,0.04311855325211781,0.024965798920733615,0.009631054735928712
0.8553668194277246,0.10166963089470654,0.023936898441430817,0.011458959386435277,0.007567691849702916
0.8354219119385614,0.11544386771598347,0.022413200517435693,0.01820384163448559,0.00851717819353397
0.957826347152748,0.03030224150686536,0.0058646884348767915,0.004118757118725716,0.0018879657867840918
0.9013308677823942,0.05404193222544204,0.028287639525705188,0.010580849435312989,0.00575871103114537
0.9358610598987982,0.01815937343745485,0.03171691602222233,0.009213092023530264,0.005049558617994317
0.8959039931253553,0.05431219388583225,0.035636224338649505,0.010152495964352533,0.003995092685810421
0.918119352359813,0.029593389834255843,0.03516136606598346,0.010928698700736593,0.006197193039211063
0.8772442009642459,0.04413055397730142,0.059538408234227666,0.012511854966397506,0.006574981857827733
0.8231845880482089,0.0661232118660992,0.09083173730245776,0.013530373870477645,0.006330088912756595
0.903181612765617,0.04084660342905071,0.04055573833846397,0.009990369953604106,0.00542567551326427
0.9629389353892474,0.019355628102741322,0.009739421811566961,0.004964415405414772,0.0030015992910297743
0.922933919844818,0.0235317526254976,0.03899513071147131,0.00996316653746415,0.0045760302807489805
0.841574350471572,0.06287464377469777,0.0718883086128781,0.015476763594239776,0.008185933546612094
0.9515306715792463,0.020000448809651374,0.017411892701378967,0.007742480505494516,0.0033145064042287425
0.9024850495748135,0.0493863928446219,0.030929601004735977,0.01105913611546393,0.006139820460365079
0.8205976842192171,0.068353826696673,0.08093898828712644,0.021613467548411782,0.008496033248571748
0.8138995533322311,0.0817670746484862,0.06701145002061541,0.024313003004023916,0.013008918994643225
0.7373669031301526,0.11407058015444387,0.11203304284582254,0.02637651135901956,0.010152962510561343
0.7269193082523591,0.1509811011755721,0.08662226463452789,0.024031101899439154,0.011446224038101685
0.8138802916877265,0.07749100567097848,0.08702309021125254,0.014509048402151321,0.007096564027891044
0.7240098186077298,0.0868139420753637,0.15434486616903267,0.02582707116903059,0.009004301978843117
0.8719547762604828,0.08112360266282212,0.031083102949803848,0.010433730602679027,0.00540478752421227
0.9043085241071206,0.03280864458633079,0.04983504178243184,0.01016077604500518,0.002887013479111482
0.8193812195244321,0.09220637210551393,0.0656544673679867,0.015451480720820226,0.00730646028124713
0.8661316451676667,0.049744564524896485,0.05429357468937569,0.020834370481107662,0.008995845136953548
0.975826400127969,0.008558507057739419,0.009611680820420332,0.004252271169794504,0.0017511408240766376
0.8594999063773546,0.07962921440345835,0.03771996114576725,0.015250913964459455,0.007900004108960404
0.9027021328258943,0.045832562301836265,0.02581901740280921,0.015878548373690675,0.009767739095769355
0.9134878436367553,0.048022142593536106,0.021349763100134103,0.010257113908325843,0.006883136761248637
0.9092713100202989,0.03169362544984214,0.04226721446782341,0.011749227716771289,0.005018622345264193
0.7192055707217795,0.16534909719035207,0.07191691298366727,0.028867223713566825,0.014661195390634194
0.9129287331867514,0.050225256846464415,0.02390416631655829,0.008739623644438876,0.004202220005787011
0.8739000667790362,0.06442408419526799,0.03614155446285706,0.018162167009759155,0.007372127553079619
0.9395390734855288,0.03252407248281774,0.016772649934235776,0.007947210009000671,0.0032169940884172574
0.8871775945669453,0.04374420204653044,0.053724148869028605,0.010402348926207654,0.00495170559128816
0.9129667482620113,0.024616161990863816,0.05109043118513438,0.008116514481758406,0.003210144080231825
0.9243828912768355,0.030370809823918935,0.03625113427117041,0.005624245610346762,0.0033709190177284272
0.9274025246506105,0.026267018896417308,0.03031035437665767,0.01095767789016885,0.0050624241861458585
0.9234375033354472,0.03820359663612822,0.02287069076903681,0.009732701835070752,0.005755507424316867
0.8663254721225626,0.05494545818725516,0.05504712508912646,0.01663271342926282,0.007049231171793122
0.9038328337574361,0.03011337660208184,0.04042722947296079,0.018082715339966644,0.007543844827554763
0.8011660260926994,0.11830297976853117,0.05395597460029463,0.018656047344155945,0.007918972194318797
0.7522413126523847,0.08076805355249841,0.12872836675135776,0.025780803721573264,0.01248146332218573
0.722540756122344,0.11868660472316477,0.12399442775051964,0.02159781273129259,0.013180398672678943
0.9343793924782295,0.029011920041686796,0.02367530247179743,0.00971946587654484,0.0032139191317412594
0.9105526524055669,0.060592215120550075,0.016593021125971615,0.007749295405056341,0.0045128159428549875
0.8122215912588523,0.07367590677222112,0.07523079935429491,0.026829508568426322,0.012042194046205403
0.8809588089822871,0.04340793914585517,0.05120452775418301,0.017975856570587728,0.0064528675470869774
0.8505626022822732,0.04965122298589817,0.0667220310193208,0.02353140919392095,0.009532734518586586
0.9064778639672327,0.02227770871825885,0.052968199508177424,0.01317038848050262,0.005105839325828455
0.7376181107767357,0.17631217045505615,0.05132228165996511,0.023104133168941696,0.0116433039393013
0.9367905836129895,0.03109934176767615,0.023429974589580436,0.005949407907127592,0.002730692122626272
0.8847573225531522,0.05462849478593905,0.04150719166536498,0.013516586439058296,0.0055904045564855
0.8922376998436774,0.07160678406441022,0.018254980455719494,0.013393406722955236,0.004507128913237697
0.8684214627021242,0.07113754930029363,0.04387687994694697,0.011780230768868834,0.00478387728176634
0.8555164382540166,0.05814462554318904,0.0576144614463516,0.019949455194875867,0.008775019561567005
0.8121390006230882,0.08865491323699391,0.07552320277781938,0.01435671275943747,0.009326170602661176
0.905130240047884,0.029948837120806673,0.04973703487741074,0.00969879435622634,0.00548509359767212
0.8584324085396315,0.07574113404534728,0.0493989631313399,0.011802340288612795,0.004625153995068279
0.9551061566738555,0.01747666451379657,0.022269871707831623,0.003278302947134288,0.001869004157382266
0.9542052927017844,0.016250303814144808,0.02145272750312932,0.004277118951557035,0.003814557029384598
0.9262965072276044,0.02913399255445223,0.030089729565087688,0.007382484275482975,0.0070972863773727714
0.8626265496241768,0.05746249011904327,0.05694194626906152,0.014872551011018796,0.00809646297669964
0.9102905456311896,0.03216903350658055,0.041908875913418124,0.010976001544842486,0.004655543403969233
0.9207748801890686,0.03858408635654033,0.027033988737207023,0.008856700367303877,0.004750344349880265
0.9027942577514529,0.04387379179460413,0.039304163959462,0.009180119348764951,0.004847667145715872
0.9411622188047295,0.029264485234579283,0.02124177617429038,0.00538293841119489,0.0029485813752060824
0.94178223226371,0.03557282508830799,0.01542711977734714,0.004985968830456591,0.002231854040178541
0.9135212721804715,0.042640389786039824,0.02466065327848281,0.01229925361443923,0.006878431140566704
0.8748158042836345,0.06531250978781279,0.03793213775326725,0.015953001736629297,0.005986546438656205
0.8709148236077408,0.050261967749933516,0.052038959314382696,0.020496371386521405,0.006287877941421633
0.9190342169067673,0.03895510115255216,0.025640300681093603,0.011501366591169444,0.004869014668417267
0.8611531353295733,0.05479974422134233,0.061489328435297835,0.015579669688462342,0.006978122325324074
0.8646678789449354,0.0625977313517151,0.049360205813220266,0.01643794869329111,0.006936235196838313
0.9035028587669409,0.0353564595992653,0.04846570999852118,0.0094408191563415,0.003234152478930961
0.858485032397353,0.055630115054391464,0.06008268429586752,0.018409693924434926,0.007392474327953154
0.8853498593799622,0.05877982206645038,0.03362272519476553,0.014127095935700298,0.008120497423121546
0.8974184187879612,0.04799123525781157,0.03499547063131749,0.012040008563424652,0.007554866759484941
0.8923954779506609,0.06845213583410381,0.022448998210061258,0.01003444462240037,0.006668943382773689
0.9058765423073966,0.0296027261816369,0.03810736325176382,0.018763877097631092,0.007649491161571566
0.8121543381538443,0.08015538322301602,0.0628470183925026,0.029366102339740675,0.015477157890896603
0.8765601208466953,0.048046068788643495,0.05717766671084548,0.010457356702051798,0.00775878695176392
0.900097008501032,0.02835611090730093,0.05999479405397639,0.007974631022181539,0.0035774555155090823
0.819253177987266,0.099524250880955,0.0590585183833265,0.014763629270498608,0.007400423477953652
0.8220672941195298,0.11563329834183134,0.03740240754844442,0.017399443280470165,0.00749755670972429
0.9663513455691713,0.01480285544504397,0.012910613079257196,0.0037593667638809473,0.0021758191426467194
0.8837233818634327,0.057396866254368024,0.03225740919555159,0.017972832976867803,0.008649509709779804
0.8980653923005104,0.046283734740728714,0.03819226563198461,0.01279007769848674,0.0046685296282894815
0.8625555843822498,0.0639928099320472,0.049601872124241685,0.01726341257658471,0.006586320984876625
0.9411391655992566,0.026640147296666767,0.021486772283270807,0.007855560400951693,0.002878354419854248
0.9435705520771801,0.02922568418510595,0.013644221835366423,0.01014098349490822,0.003418558407439444
0.7768711048453775,0.12477781633931065,0.05979615088202348,0.02314633811336872,0.015408589819919669
0.9053215418077616,0.04132797260193723,0.03280214718427441,0.014656338321987828,0.005892000084039064
0.8756483646694709,0.06905185744259162,0.039215479862406824,0.009584834788164706,0.006499463237365918
0.8685628561318461,0.05521995878805999,0.061268936643466124,0.009772665765405145,0.005175582671222633
0.8231883700617124,0.0988238972855954,0.05759630256915908,0.013619387969640922,0.006772042113892344
0.805976238566276,0.12481486738612561,0.04692029811893604,0.014482239566280579,0.0078063563623819564
0.909379370993228,0.05847359184313436,0.017089137288462192,0.00941230434980954,0.005645595525365856
0.9433597158684971,0.023440771324847766,0.020385150178592822,0.008784960153697216,0.004029402474364948
0.948765869758394,0.02580583029600979,0.015187565742222008,0.007299920857501206,0.002940813345872897
0.9017107201070466,0.05343673352660808,0.029922697475917248,0.009115795964229883,0.005814052926198023
0.9258908638378617,0.04391396608627735,0.016932320715841536,0.0078057887508288576,0.005457060609190655
0.9471047800803805,0.025897961008117976,0.016777249680709764,0.007589646680375767,0.002630362550416131
0.849928382251423,0.08126861373733478,0.040311688738437615,0.017921278661280897,0.01057003661152391
0.9432587303998088,0.022886693589393207,0.02729657025124706,0.004524978311740081,0.00203302744781058
0.9615135290553385,0.015905373595422444,0.012520754293473853,0.0058841625614802955,0.004176180494284847
0.9137517363671849,0.03130710681659641,0.03910796605031068,0.010583063620469011,0.005250127145439183
0.918002404749835,0.049115182509903606,0.01510333389383445,0.011062537328097566,0.0067165415183293616
0.8306316050591845,0.06286234341428601,0.07770277057156762,0.020270007063141124,0.008533273891820622
0.8240468226754091,0.09288982775062683,0.062148609812794436,0.015278393787629208,0.005636345973540165
0.8799346002747762,0.05078720474467426,0.05515295219895622,0.009483156661496695,0.004642086120096964
0.8558311035003342,0.0855236834964943,0.03569008095159286,0.014794386993564557,0.008160745058014151
0.8939732662218421,0.05155323322947128,0.030360399319448783,0.0166861063817622,0.007426994847475389
0.9155185717092543,0.03147943235036479,0.038673238609070355,0.009821751130553006,0.004507006200757504
0.9491154546782461,0.01821045454025697,0.023913603670182606,0.006045946581511553,0.0027145405298027426
0.8662267809629601,0.059095187544246745,0.05228290265512532,0.017449631341249675,0.004945497496418122
0.9503203766411117,0.030375899630096962,0.008807342021647655,0.00722021537457235,0.003276166332571184
0.9016641762514153,0.06122523504891125,0.02110949965626243,0.010945246892288008,0.005055842151122913
0.8417729533235095,0.06209992191454052,0.07065878744930916,0.018033703736475303,0.007434633576165444
0.881155210677416,0.06433892552712177,0.03180025080509407,0.015019463924571095,0.007686149065796888
0.8891649616176867,0.07025840292581335,0.024463864723401705,0.010056858738521803,0.006055911994576408
0.8408990469060293,0.08861324139078912,0.049192862677337974,0.014010471994801302,0.007284377031042131
0.897645189580194,0.03555393604479693,0.04764339527375763,0.012855733560232615,0.006301745541018813
0.9379163545497978,0.026354384001775272,0.023843096080315245,0.00818021842740614,0.0037059469407054167
0.8055512853552633,0.10352535414482426,0.067282363205227,0.015924234023009822,0.007716763271675466
0.7898104908642929,0.07041587972966148,0.10657408285876367,0.023851708876546765,0.009347837670735359
0.8252821373141996,0.06354388417027029,0.08655828012916252,0.01655436554473861,0.008061332841628849
0.7481800785983522,0.0941557056438732,0.12559152864007597,0.024365138700616098,0.00770754841708241
0.9213720784127927,0.038275952328694164,0.025753921557688457,0.0106945974610785,0.003903450239746153
0.9515162940363305,0.030390855073803947,0.010447512854868446,0.004647201398626034,0.002998136636370995
0.9348960388952811,0.030145468069798842,0.021407344636275225,0.008962881085831076,0.004588267312813963
0.8856131332453501,0.04292870181635427,0.05290891125076587,0.010598567695605892,0.007950685991924078
0.8931731376681522,0.03453813461642888,0.05594440271472322,0.012090259396095026,0.0042540656046007545
0.8730275086148067,0.05204893377503599,0.05657897046725027,0.014223898203279932,0.0041206889396271104
0.9090985077872277,0.04511072971875442,0.03278574499101206,0.009150972381213545,0.0038540451217923795
0.9170444793244095,0.03616580415982837,0.03258453375290309,0.009421079615179271,0.004784103147679968
0.9064802163540355,0.059984947081132306,0.01943059134735209,0.009575186254205191,0.004529058963274774
0.9138167238119237,0.038929322473458684,0.03421935024265784,0.008523993310862121,0.004510610161097525
0.9302198917205036,0.032217179154054684,0.01995142183263153,0.011252925422806969,0.006358581870003106
0.9127762012554439,0.05289748696618809,0.016795718831333083,0.01267953396528063,0.00485105898175459
0.9592048624941895,0.018281950125499883,0.013190802439982227,0.006037715396524945,0.0032846695438035543
0.875643364968851,0.06445812813897626,0.03658890093902932,0.016316682576170045,0.006992923376973455
0.8261007751715969,0.09026191118862184,0.059103961014391505,0.016964611225889086,0.007568741399500863
0.797696581011682,0.10630830292544556,0.07213896062590294,0.01612285733557162,0.007733298101397975
0.7803564415717678,0.07486640851692551,0.10370222634766764,0.031461695176856735,0.00961322838678237
0.9276582083094529,0.028067811264195774,0.03172014537003233,0.009217772737894273,0.003336062318424615
0.9607907913703116,0.02185282496807832,0.009342025445348819,0.005646423109145776,0.0023679351071155355
0.9598548346113448,0.022078804811789532,0.008682295958443935,0.0058439948532174124,0.003540069765204188
0.9546365554768931,0.02570164288715043,0.009513756393871524,0.006497921273029925,0.003650123969055085
0.9356300928184555,0.03475306193950064,0.018234672377956857,0.006771272645285158,0.004610900218801705
