Delta_Power,Theta_Power,Alpha_Power,Beta_Power,Gamma_Power
0.9178490637071856,0.04794473223323438,0.013241971621737252,0.015214169533357049,0.005750062904485647
0.932727595320106,0.037019121108715705,0.014098351958587763,0.011891500726202538,0.004263430886388188
0.8924396277318437,0.06045999198235442,0.021687899930785244,0.019403912888235574,0.006008567466780818
0.8352134504440374,0.0938600850307239,0.033712992716028664,0.026930448991260868,0.010283022817949123
0.9394606796668481,0.02901048612527099,0.01753791405387675,0.010606251079260269,0.003384669074744151
0.9209424423318869,0.044875797172729416,0.014974321349943273,0.014582435037313067,0.004625004108127276
0.9193164337022794,0.04129197413735167,0.014830303732238957,0.019079836384227,0.00548145204390293
0.8280593395041297,0.11223961735978166,0.02560498417513881,0.025067151653518773,0.009028907307431236
0.8996854073051214,0.06389654038776661,0.016732849488943564,0.01528385904171325,0.004401343776454997
0.814675506021221,0.10075851881094756,0.03342773465659074,0.03977977699179279,0.011358463519447883
0.955540922603518,0.021449184264365023,0.009757454731032107,0.009044007414591807,0.004208430986493117
0.911997166162852,0.04939738171273678,0.017552188398223565,0.016217951679256676,0.004835312046930977
0.8234881701568589,0.11623653762052658,0.03128034948472646,0.022021259340726365,0.0069736833971614605
0.9128426363011565,0.053360097291515036,0.01667404512319712,0.01319254806395031,0.003930673220181044
0.8903860174223914,0.06812165367828009,0.0208205005413199,0.015912583547247294,0.004759244810761266
0.8823366190137656,0.0851656616547819,0.013377927424309424,0.014630444954212674,0.004489346952930126
0.9240815184799521,0.04263297030340971,0.01834326238825157,0.010777519841702735,0.00416472898668381
0.8970397612586343,0.05294172278973189,0.02331212221494044,0.01999041130767612,0.006715982429017396
0.8946949508187305,0.06893558423153624,0.015791184717071322,0.014511364544604798,0.006066915688057191
0.8647439222558232,0.09199618298184795,0.02023606671075312,0.016828630896568133,0.006195197155007975
0.8961872329194037,0.07125491210545003,0.013568612665981075,0.013174052013099765,0.005815190296065512
0.9218947887268117,0.03703828872735937,0.0196486041052398,0.016074467214210717,0.005343851226378347
0.9417817226465344,0.038308728540021306,0.00949333981346409,0.007610182322271691,0.0028060266777086237
0.9618422048738928,0.02035612179622162,0.006211893294790916,0.008574521838717248,0.0030152581963774805
0.897686695633239,0.067193740387571,0.01390178813274991,0.015664313298984264,0.005553462547455682
0.9272967243046308,0.04480286019828418,0.011176580945982088,0.012432737789830567,0.004291096761272604
0.8848536793167205,0.05812333628396225,0.026451325952036496,0.022779370176215057,0.0077922882710653165
0.8786711016466188,0.0743184715470623,0.019559513869056785,0.0203677010786299,0.0070832118586319865
0.9186046645417376,0.04447882437315425,0.01967738450256289,0.01263517053264332,0.004603956049901723
0.9322163597706522,0.03496884077808751,0.015104079550073443,0.013627954438623822,0.004082765462563032
0.8819813465611407,0.08032190503600707,0.01542347165192674,0.016393711994721283,0.0058795647562041205
0.9189455616409808,0.03912186806423176,0.020186063997003192,0.014772476705478977,0.006974029592305292
0.9189414787005923,0.04077679485201311,0.01966525257947128,0.014791116238464479,0.005825357629458648
0.8358462048913163,0.11537466069646483,0.017946590990276023,0.02300987894675365,0.007822664475189409
0.9249953444805551,0.04202352191367783,0.017659398378869016,0.01106633029361405,0.004255404933284199
0.8569530573997889,0.08438913302764191,0.023231836221579535,0.023097847795403578,0.012328125555586215
0.9130538731431159,0.05315962101692293,0.014859742884383034,0.013720005436938389,0.005206757518639538
0.8299448875294491,0.1062295150028617,0.025474989290491364,0.028960948132093236,0.0093896600451044
0.9347281365018452,0.0403162843523121,0.012349477291995791,0.008727452561935458,0.003878649291911381
0.7858371202832465,0.1233827053891144,0.03928451501051933,0.04018879755085256,0.011306861766267079
0.8477798844491785,0.10231251770221889,0.014213503273417203,0.023490652880510755,0.012203441694675052
0.8552777762759582,0.0877194260185148,0.02066069269471663,0.021715445704486715,0.014626659306323436
0.8384619601959397,0.10105788276392692,0.02641070002936663,0.021677074350082304,0.012392382660684391
0.7797326834778507,0.11652957725305356,0.03941790634401408,0.04419785621765206,0.02012197670742926
0.8247924877395051,0.12282385875402034,0.019604867068082833,0.023672285991867523,0.009106500446524042
0.9073555628002743,0.05382187286703882,0.015858443194945834,0.014336105474437758,0.008628015663303241
0.8997327469360096,0.05097070752062314,0.015299767204347748,0.024639648869166458,0.009357129469852836
0.8588772695426464,0.09269192478061612,0.02381417668618528,0.016841321495606507,0.007775307494945653
0.9310027388527579,0.03354902757302807,0.016968040240114328,0.012578273084211803,0.005901920249887881
0.8283444523913097,0.0973979794918866,0.0399670848173074,0.024447775902314384,0.009842707397181879
0.8668104671580481,0.06870052748685196,0.026737950810052688,0.0285520321453371,0.009199022399709987
0.8480252924641961,0.09209215549390806,0.026982186044858646,0.023016422917274414,0.009883943079762748
0.8607776270864197,0.07855289838288451,0.023380115186133737,0.023663657373473403,0.01362570197108879
0.7616340882664451,0.14077408518949086,0.0355343613189918,0.04063589618787661,0.021421569037195533
0.9103765079526767,0.04559342083925807,0.019953656175225883,0.016623209481678784,0.007453205551160646
0.8587677105595184,0.08301933129096162,0.01887146850442404,0.028753958239912763,0.010587531405183277
0.9164054988238926,0.03644161921636194,0.021976986003343843,0.01907713018226889,0.00609876577413298
0.9249066537866639,0.046538553619095244,0.01034643518988538,0.013179622973112884,0.005028734431242538
0.7718715069330181,0.16011644096012534,0.032718816830062995,0.024642031730894142,0.01065120354589944
0.8535435989564725,0.09830868837168033,0.026398956639858945,0.015407685396082157,0.006341070635906186
0.9133400395739809,0.0431331562820826,0.0273732798483492,0.010783838098291497,0.005369686197295792
0.8458939096335163,0.08784636613411008,0.028102999069851815,0.028431654450379838,0.00972507071214189
0.9241709631348772,0.04420590439175029,0.016069538613986526,0.011463195648147694,0.004090398211238557
0.8625218425420127,0.09994820855131004,0.018043864242856596,0.013600435695994619,0.005885648967825884
0.8851457792527594,0.07662506128264797,0.017238140474491223,0.012941624869184952,0.008049394120916195
0.8258688360925502,0.11523764261346167,0.03311630690731104,0.01862679528609964,0.007150419100577402
0.8888768904925622,0.052487485478012574,0.030504278633015736,0.01974945078027206,0.008381894616137281
0.9286137454365205,0.038320831528601794,0.011126080520305314,0.013639782267573614,0.008299560246998596
0.9219200221454535,0.034290122652647324,0.020992384573657312,0.014916529095691548,0.007880941532550211
0.8838734774147168,0.06385357707311923,0.01851919264091056,0.02219540761780296,0.011558345253450593
0.8672255983699012,0.05424414096440277,0.024590702528783353,0.03024453579359063,0.02369502234332221
0.9015976634154315,0.04698312817004209,0.02756798254833699,0.015605551595159048,0.008245674271030476
0.7466487889306942,0.13352874664135067,0.06067238042414073,0.04317686564576881,0.015973218358045462
0.8191049378207986,0.09336291986355198,0.05370696923663909,0.023184650940863156,0.010640522138147254
0.8510026917982846,0.08897328902221137,0.028481368662984115,0.021566448979269646,0.009976201537250205
0.845735242290227,0.06795549659856821,0.05503960020842614,0.023870578806318377,0.007399082096460393
0.9149125466878381,0.03893134149504564,0.017099127745882417,0.020582802310083966,0.00847418176114991
0.893798042733388,0.04798195823263022,0.03206536207722453,0.017116087063299236,0.009038549893457764
0.8705626709317837,0.07328626812687523,0.025403843906752,0.02078476364513471,0.009962453389454305
0.7950222500633198,0.10502022224641269,0.04163812443539813,0.03857650475978713,0.019742898495082185
0.8151007900659537,0.1073630443858947,0.03284897599241675,0.030120778008081713,0.014566411547652999
0.9484610583035844,0.035825202974691286,0.005484233324716477,0.007545322937499168,0.0026841824595086605
0.9132365678796885,0.04607255251419015,0.019859062686365163,0.014522974877373545,0.006308842042382521
0.9223072426894385,0.03863211154013496,0.01488806873195417,0.016904489334427716,0.007268087704044673
0.927178402851064,0.03361271832185604,0.01764029301508474,0.01501574622027225,0.006552839591723162
0.8909997785517217,0.05945210422863907,0.03039934725043241,0.0120101073273284,0.007138662641878323
0.8250408541127481,0.09743067141899214,0.04104172127948384,0.02337490707216679,0.013111846116609191
0.9429109613409603,0.026019190253556795,0.015503281717587412,0.011426086068658513,0.004140480619237237
0.879960628682439,0.06030634969507307,0.023968101155325886,0.02750875465312944,0.008256165814032693
0.8736121700042511,0.059163036000496896,0.026554151384283593,0.029731730279735993,0.010938912331232495
0.835081782570775,0.10546860880595854,0.026169860009663082,0.021347011587497144,0.011932737026106116
0.8475056622010202,0.09681663785905202,0.019492441170370203,0.0253911173058849,0.010794141463672403
0.8440030314889471,0.08732596699540386,0.02968654779973151,0.025935519756578016,0.013048933959339759
0.8327698451043817,0.09542867033289675,0.031481352830989566,0.028427620903710028,0.011892510828022057
0.9194100553365643,0.03577952807175988,0.0198915773142964,0.017356351209901595,0.0075624880674780015
0.8960618069122442,0.06626780815625562,0.013748182533063468,0.01808815985415996,0.005834042544276704
0.8873571094134367,0.062440489505316055,0.020799967361312944,0.02289194075474807,0.006510492965186112
0.8987852426018997,0.07486534074483428,0.010913314364452326,0.011115684284780299,0.004320418004033307
0.8424051569691384,0.08784571661489259,0.024451363214503308,0.028144823558603118,0.017152939642862356
0.8445052379246577,0.0719678564130868,0.01988572612648924,0.03554324419928865,0.02809793533647736
0.9373171093928628,0.036147260522697615,0.01226838468520111,0.011337288754545795,0.0029299566446926535
0.8907709180616502,0.06542037753928716,0.022277486920919187,0.016227354857410167,0.0053038626207332585
0.8190863872285195,0.1182499000120573,0.03327558007396326,0.0227734972033488,0.006614635482111164
0.9052381296944146,0.056354210436527906,0.021685576398399256,0.01332846436329322,0.0033936191073648658
0.7436458156473473,0.15807131452349366,0.052165295681036096,0.03743576955899295,0.008681804589129928
0.7925468159694566,0.12508084448743115,0.03868418025232226,0.034351906270586346,0.009336253020203704
0.867657534130718,0.09855221939067109,0.01657396434162215,0.013440121508935534,0.0037761606280531978
0.8797477697966342,0.06812838996273543,0.024826958911047612,0.02104040277368863,0.006256478555893982
0.7729991686857892,0.15497980868905628,0.030704480045637954,0.03264826168000049,0.008668280899515803
0.8769309686058467,0.0670976264374842,0.02967002569759451,0.020718190994223205,0.005583188264851466
0.8242664519552251,0.10713283435252809,0.032028530622689136,0.027320900369039648,0.009251282700517937
0.916273672555181,0.04685857541984349,0.01868532466194119,0.012776965820915202,0.005405461542119038
0.7894101440959005,0.1268621468158983,0.047444445953766574,0.02569091839897564,0.010592344735459086
0.8571532650608955,0.09277961026692369,0.025578277984492408,0.02040152756473324,0.0040873191229551685
0.875338406976704,0.06947613665302346,0.02344517435392967,0.023700849747940966,0.008039432268402064
0.8839893980372797,0.0719287287612726,0.012391978780883769,0.017914151277936448,0.013775743142627592
0.911130508645929,0.04520658593682715,0.018123959727174246,0.018406360670359705,0.007132585019710035
0.9034172831412609,0.0536272318114678,0.02536923779226675,0.013266412859386425,0.004319834395618032
0.8966913265496493,0.055508189370025884,0.024748333939829465,0.018042968897082772,0.005009181243412633
0.9307212288386922,0.04039240005088178,0.013249705499582081,0.01269913156261692,0.0029375340482269106
0.8423854789062923,0.09976420455526183,0.025714041907446937,0.02595830930209598,0.006177965328903038
0.9071956550050367,0.05476813827551006,0.019740839676125388,0.014909232155662387,0.0033861348876653074
0.9185388184443335,0.054214812342623146,0.016141884117395124,0.008218051020606288,0.0028864340750422088
0.8231080373063544,0.12240866566624821,0.02817208754828083,0.02113685214161741,0.005174357337498871
0.9720424934835175,0.014000394366648935,0.006597858853270305,0.005168990198616977,0.002190263097946592
0.9228008948217256,0.045361314327696294,0.009644159790622218,0.01822463675171509,0.003968994308240751
0.8933868304489702,0.05884239066006106,0.02152276116391536,0.023247875936145707,0.003000141790907857
0.8446684226099184,0.09985211637444742,0.034225642086842,0.016121016916520382,0.0051328020122717866
0.8854946824941298,0.05911705564011813,0.03274034729129079,0.01742765749745025,0.005220257077010949
0.927458410595151,0.033074527074911195,0.020789190911232804,0.01469663917025757,0.003981232248447516
0.9044023378011895,0.060407894477366234,0.013618718511339402,0.017379849399452005,0.0041911998106527884
0.8196703019992463,0.11354743251269409,0.03343782943981635,0.025598814074230317,0.007745621974012818
0.9542070066402589,0.023294652806063614,0.0106231720248166,0.009350080642294832,0.0025250878865660737
0.9300554074450474,0.033468312364299514,0.018981052658880775,0.0130034245140321,0.004491803017739981
0.8727428628286769,0.09127715325507114,0.01729951475818245,0.014961560016456432,0.0037189091416132652
0.9083480275957714,0.06173136115527653,0.01547830709511195,0.011401870921208458,0.0030404332326317987
0.8998487879533584,0.059157712048252674,0.021061448286908355,0.01637176821761155,0.0035602834938688595
0.9297831095689284,0.03924441041105117,0.01057974560955843,0.017798632331071974,0.0025941020793900276
0.8526096781240409,0.09097224552609459,0.029053568167193025,0.022748215951056073,0.004616292231615517
0.8537472162050989,0.07666162986380036,0.0442752403642377,0.01923694356298151,0.006078970003881514
0.9164767953372837,0.05447590114088197,0.01167624323654266,0.013373232340120262,0.003997827945171374
0.9053297804910972,0.05000699156566875,0.03173745544082701,0.010066523405314958,0.0028592490970921593
0.9244205573644002,0.047171773561144874,0.015370042497715598,0.010094729895705213,0.0029428966810342142
0.9233885044246649,0.046274096249472436,0.012438056402094715,0.01130749833118225,0.006591844592585984
0.8619657406866482,0.0717872118921772,0.026676813241442686,0.02416452593332896,0.015405708246402852
0.8494492395839497,0.09795691684524989,0.023469092318021002,0.018063357294729823,0.011061393958049493
0.8639045197189591,0.08690874257258906,0.020777377756920238,0.023982097134015053,0.004427262817516547
0.8695906428216403,0.08451296351624074,0.025312312719805156,0.015613703532606646,0.004970377409707115
0.8540338176876062,0.08705230446027011,0.02526287578676779,0.02804874073937037,0.005602261325985582
0.864755533769616,0.07724527823670065,0.03503645317703783,0.018304910946220544,0.004657823870424993
0.7523272297674521,0.17473767734605858,0.03424609037721331,0.03181958259878737,0.006869419910488335
0.8836512628550218,0.06703575975787597,0.02770282592095322,0.016618732766735235,0.004991418699413846
0.8543242127191325,0.09196006237266614,0.026438523546674014,0.021183032376762934,0.00609416898476424
0.871427340457234,0.07866667364513119,0.029483711311960037,0.015967361257442077,0.004454913328232633
0.9374915823687237,0.03534253107080508,0.015983606236235733,0.008805225852640363,0.002377054471595015
0.696066752815731,0.19916619472443803,0.05355285717038587,0.04167607023471232,0.00953812505473275
0.8103971837564401,0.10960041432214489,0.04840075464348073,0.023986835315874457,0.007614811962059811
0.8658110282094088,0.07738393593680075,0.024415268462780252,0.026452312953793362,0.00593745443721675
0.8808318333999782,0.06758898356644943,0.023832408478170742,0.02130947370582853,0.0064373008495732095
0.7620522220959204,0.12366268862344401,0.0671609944128375,0.034787074208355466,0.0123370206594424
0.8681504444689248,0.07268866358552184,0.028397729827246584,0.026043330770617833,0.004719831347689091
0.9187782400757031,0.04388576194772548,0.018755081939574345,0.014392752461580552,0.004188163575416674
0.8978260509386552,0.06304948803531803,0.018257507232596292,0.015830147959389064,0.005036805834041331
0.9057949958150332,0.05947224254892162,0.019252325854196367,0.010660307364606249,0.004820128417242692
0.8869887834525596,0.07075565967034464,0.01300564993516511,0.01919299495028284,0.010056911991647563
0.9583751119310389,0.018654890509324028,0.009745420080991022,0.010162851599686853,0.003061725878959476
0.8417088862881432,0.09316692290463172,0.039909345187589734,0.019539985104301015,0.005674860515334206
0.8972404301668223,0.057194174748483484,0.022346896724731943,0.018993875033944892,0.004224623326017173
0.8723374713187216,0.08729812848384466,0.02217789300007514,0.014760408843821245,0.0034260983535371876
0.9144935446358277,0.05639789597004324,0.014558210812107644,0.011313529284600747,0.0032368192974207986
0.8765596327164681,0.06825950849633597,0.024645469215273774,0.02542601470657275,0.005109374865349217
0.8321115148520372,0.09143484617869323,0.03874243523863252,0.030164583742699314,0.007546619987937801
0.8395376244272336,0.11488520870925541,0.01857782486658537,0.021138903401058447,0.005860438595867226
0.9058489144535671,0.05709957940800308,0.0164785623490949,0.0152178364184949,0.0053551073708402045
0.8071369060760425,0.12521834480140154,0.026893223950626443,0.028596721510410907,0.012154803661518696
0.952544888681967,0.02106737792382256,0.01353322774391124,0.008883633589766238,0.003970872060533048
0.8750224986745896,0.04942568433772625,0.040518336855033886,0.023184817506064798,0.011848662626585751
0.9205680114451595,0.03899310892607053,0.01757087675964573,0.01651753796207647,0.00635046490704762
0.8617451024202832,0.0703347853270434,0.029932510529180126,0.026994155731584066,0.010993445991909176
0.8424482108756891,0.10952563693277845,0.02349436425903535,0.01901645599898693,0.005515331933510216
0.8290526039564372,0.11765098894424919,0.03036050276232115,0.016064718756548226,0.006871185580443975
0.9021793633238876,0.059647822062821564,0.020323891699001246,0.013504657501584869,0.00434426541270488
0.8760791070553643,0.08656377161135767,0.01670026668110693,0.015862999141707575,0.004793855510463529
0.9070166127890259,0.04372469009926844,0.028303020286274516,0.01550228924847844,0.005453387576952911
0.905734542192087,0.05455354707518472,0.013390555027949476,0.019448238639834605,0.006873117064944197
0.8947731960958042,0.06019896111584841,0.01709416940437143,0.02046557917020175,0.007468094213774218
0.9039266246266703,0.061640392121927165,0.012433688574527042,0.01546288078906183,0.0065364138878136096
0.802176827259872,0.08293905540283848,0.047856175687987765,0.04129832715265719,0.02572961449664452
0.9185566495871419,0.05023297105239252,0.015620044218842954,0.010171790047410244,0.005418545094212249
0.9344636913306746,0.0416181259590551,0.012281830726435973,0.009242063935159948,0.0023942880486745766
0.916269747699706,0.06097608141832483,0.010330931108963961,0.009458336501126523,0.0029649032718786312
0.848830257545303,0.09114108385393868,0.029582808710925244,0.023549369076112946,0.006896480813720252
0.8917257776052953,0.05363065100998974,0.02757267112618034,0.019495612953819432,0.0075752873047150865
0.8430543476165727,0.08882949499542148,0.03924160834531561,0.023312371893982085,0.005562177148707934
0.9524642222109739,0.03000071813015792,0.008351720635015806,0.006984638534810991,0.0021987004890412043
0.9617147373922317,0.022954423223213255,0.008290379373005924,0.005362350827802475,0.001678109183746353
0.9313549982779581,0.037428848881169895,0.013961640656230076,0.013680406413834842,0.0035741057708072793
0.9061805255302173,0.04764552919791334,0.026572786924965033,0.015278882001519653,0.004322276345384694
0.9302808229660772,0.031663136956141896,0.02289514398143322,0.012084188717720464,0.0030767073786272378
0.8855717822538796,0.05751903848588048,0.03463544493854421,0.016445387781720482,0.005828346539975309
0.8784307172507377,0.05764395458727936,0.0281412107777252,0.024882507638351554,0.010901609745906335
0.8311628464780678,0.10176620803945903,0.02879902764627682,0.025974826095091927,0.012297091741104335
0.8384671039483776,0.09884010032205083,0.02733626381190972,0.0256247081904782,0.009731823727183585
0.9324954401408674,0.041571722809420425,0.012134941023844025,0.01008351581028009,0.0037143802155881886
0.9038136363134573,0.04612107351477495,0.022555823607839164,0.019325522957771082,0.008183943606157547
0.9179447609119434,0.044537508463042885,0.015710316095993125,0.016588284722487086,0.005219129806533439
0.8876944968844838,0.07199315012202111,0.014248617549040853,0.01956457230283653,0.006499163141617981
0.8786406004761936,0.08334673756638954,0.018380690109930334,0.014170263493229321,0.005461708354257278
0.9201983210337689,0.0489132305086513,0.016432195504346173,0.01094669280939506,0.0035095601438384643
0.8180403730162548,0.10709781685054685,0.033461785369437114,0.03312416341915442,0.008275861344606658
0.9082649974593512,0.044763813519350555,0.022219414696081404,0.0200250750252141,0.004726699300002897
0.7954432069349504,0.13531125022015825,0.03797939139369088,0.023864099564725526,0.0074020518864748456
0.8480825287803112,0.09135956373708315,0.029203460917707744,0.019802846660945082,0.011551599903952716
0.8998065649645912,0.061831365854144504,0.01991553928204109,0.01367951486324063,0.004767015035982482
0.8562391310236622,0.0743179080523099,0.029913495839213555,0.02988156366330878,0.009647901421505409
0.9488940011768128,0.025075889236638376,0.011383006708294006,0.009917588427416156,0.0047295144508388495
0.8921497259322958,0.0596297283943461,0.02570370452623696,0.016071860290090428,0.006444980857030455
0.8566498133597377,0.0824257289784097,0.021246681195349955,0.03112494758627313,0.00855282888022948
0.9048836558693782,0.062388345763188136,0.015053212425722459,0.013040960883777371,0.004633825057933755
0.8666051381592215,0.055506717022018225,0.03156952660144212,0.027142241435734286,0.019176376781583786
0.8789459646480818,0.07432200958843255,0.02313312326891816,0.017162340975225905,0.006436561519341557
0.8599185596169779,0.09188828565298994,0.022638658513027238,0.019646621628218997,0.005907874588785747
0.9246475615071166,0.0442805795141694,0.015609648615875807,0.012226848431636355,0.0032353619312017402
0.8256614724691332,0.11996458822875275,0.02550157323316882,0.021389508713945533,0.007482857354999629
0.8899798180626072,0.0671908042305306,0.02311670981032681,0.014709643816250326,0.005003024080285096
0.8701924900466098,0.07492757301595848,0.0325670984983973,0.01541794948104995,0.0068948889579844765
0.8949358474842822,0.059162278857064814,0.026504774833170028,0.015128782260882446,0.004268316564600447
0.8320104322083424,0.12050265133706309,0.0186338482715846,0.02139671148580928,0.007456356697200613
0.9164978074021516,0.0416924889808797,0.02340168726374189,0.013825052587581313,0.004582963765645585
0.9464898191120675,0.02297165866135094,0.018187823437962016,0.009393683447956299,0.0029570153406633555
0.9196065277877024,0.044836021061313715,0.01585767142713692,0.014592274689724407,0.005107505034122702
0.8826312155116236,0.06924670341606431,0.023505426537125406,0.01955563439957724,0.00506102013560908
0.8680191790126792,0.07731861026393737,0.019322097330203743,0.029814164191685373,0.00552594920149438
0.8324507604175119,0.09570062109814387,0.04329616614959277,0.022829030935208456,0.005723421399543169
0.8990097089972662,0.06389408575824355,0.02156629376071918,0.012539550659950266,0.002990360823820741
0.8714845704543782,0.07819342695518791,0.026532278387645162,0.019424432296463793,0.004365291906325088
0.9246072777148867,0.03690296335999759,0.022600604588075068,0.011080630523168575,0.004808523813871978
0.8684601265286299,0.08143857476552181,0.0233523095118707,0.019963371212437495,0.006785617981540029
0.9280084328992153,0.03748991113610788,0.011751961922754694,0.015057768030141992,0.007691926011780181
0.8889252970243875,0.049254133096297587,0.024793822432585776,0.024845785495147366,0.012180961951581758
0.888571924231547,0.05997414859021827,0.021492815512819445,0.02124042100142067,0.00872069066399463
0.9065118793058542,0.05696413738063354,0.020089965936188833,0.01210556162737627,0.004328455749947114
0.914280712850259,0.04468348815498233,0.02096327756218314,0.015818725163897637,0.004253796268677833
0.8672595559227704,0.07609394269207491,0.02555035239699488,0.02329903558516521,0.00779711340299422
0.9588460539046231,0.02145648529041407,0.009900616202752217,0.0072295419434832,0.0025673026587273474
0.849176660272108,0.08072117798947304,0.027885385564502853,0.030547853607428253,0.011668922566487954
0.7903818417318448,0.1250723019426021,0.029741727064468104,0.037947293917689986,0.01685683534339499
0.8652331164247894,0.07101565873843842,0.030756856869491436,0.024502143178810987,0.008492224788469732
0.830921794946919,0.07065420818963422,0.04056173755843696,0.043968642650079846,0.013893616654930245
0.8085524440900479,0.08379996931998959,0.04850715488936142,0.045245079375231936,0.01389535232536921
0.9075178630728795,0.06216701314026472,0.0095947983129418,0.01578768919833581,0.004932636275578241
0.9082588871970726,0.05222054440749267,0.018311463152763743,0.01721441820986645,0.0039946870328046525
0.87476467524215,0.07637423388517008,0.019344272216860026,0.020086699886957698,0.009430118768862062
0.9160074517155794,0.05218521992393077,0.014456177612410933,0.012852140067934077,0.004499010680145002
0.8903625839352833,0.06616303391136981,0.022407443405586994,0.016126995384375814,0.0049399433633838235
0.8024901494306086,0.10549285759581165,0.048058651176910626,0.03365569772722429,0.01030264406944485
0.9350617368574454,0.03366518587486988,0.018665179158659867,0.009633204959664585,0.0029746931493601623
0.8311540370837371,0.1034961901942915,0.03439082063040706,0.021811170605326682,0.009147781486237577
0.7788031479086059,0.13505599209310612,0.03020664252987614,0.03911393675397559,0.016820280714436187
0.7927162032346958,0.09380164952611207,0.07340694991669469,0.029445516497257955,0.010629680825239535
0.9394078242940935,0.028124639154057295,0.009521331322170229,0.014403865823549633,0.008542339406129357
0.7453595241307467,0.14374071207774766,0.029275151634373293,0.043570053781285645,0.0380545583758469
0.820546274939477,0.1309324848939284,0.020616007464008875,0.01800080748141504,0.009904425221170588
0.9583974701225313,0.023599115453910177,0.008477322033649485,0.006565697342278922,0.002960395047629977
0.8925760894943411,0.05158728075579439,0.02214777149495561,0.026633596294319533,0.007055261960589216
0.9356928934056931,0.0326817000045925,0.01667866190405457,0.010980009099440758,0.003966735586218945
0.9403398274510876,0.035376892173716736,0.01106020036201299,0.009737596375607626,0.0034854836375751313
0.9223725336972078,0.03747427548520178,0.019761870138681862,0.015516448025563017,0.0048748726533453125
0.9404880405365185,0.032891918715795145,0.014088056620296472,0.009471486140415396,0.0030604979869743314
0.9289019642292299,0.04077388462598979,0.016987238153734773,0.010485411704167563,0.0028515012868780922
0.9395498469078575,0.03354367969611223,0.01145825113112035,0.011681131523309738,0.003767090741600003
0.8993942527589045,0.05588347772005399,0.01737682285621587,0.020597829489432194,0.006747617175393366
0.9061579900793627,0.06061323442087873,0.01639748469826166,0.011671474119838113,0.005159816681658904
0.8580666341353019,0.06787074802175815,0.035175380152521384,0.027946481733140145,0.010940755957278439
0.7971485047343195,0.141900299268422,0.029558873960352595,0.021169602100480706,0.010222719936425326
0.9259285162555827,0.04148631730178679,0.015510252057168194,0.013504769692960363,0.0035701446925019862
0.9636469524949968,0.017375277300789065,0.008378241529388748,0.007128695480597731,0.003470833194227787
0.8925568228288153,0.06466990114075322,0.01797761773923373,0.01826659889289539,0.006529059398302177
0.8636937313344933,0.07328590171597289,0.02195601191574803,0.03171182805674531,0.009352526977040412
0.9129555954998391,0.047201061949795516,0.021382479115444112,0.014548984063533638,0.0039118793713875
0.9084634271137108,0.0491206869429148,0.020409151481326784,0.015945136542900622,0.00606159791914675
0.8920914524717549,0.06647724777145361,0.014731670755903281,0.01922455878637786,0.007475070214510376
0.9144119275021843,0.0523858268952374,0.01632494101910555,0.012224751019772153,0.004652553563700457
0.828369643553679,0.12495897229683268,0.016272289442815422,0.022747662762619126,0.007651431944053678
0.923814972007459,0.046475676839575784,0.014443521687028496,0.011834519047134447,0.00343131041880225
0.828935142935154,0.09844759626460292,0.04216454810647298,0.022892870021188186,0.007559842672581917
0.8312657188883428,0.08887225563205796,0.034104296353990364,0.0314703063442191,0.014287422781389838
0.9486918453647097,0.02452514798664065,0.011346372653967455,0.009232793980147225,0.0062038400145347245
0.9185432686788193,0.03607900027359956,0.02158602511923107,0.01767204068506614,0.006119665243283767
0.8604434953244862,0.07029691727779623,0.02419674972745308,0.029752257745931245,0.015310579924333167
0.910220787770324,0.04788706816026906,0.01756614456312128,0.012042266444788693,0.012283733061497212
0.8547346642220063,0.085796890596322,0.02360352977134761,0.020782327763826415,0.015082587646497643
0.7758999920175588,0.13660748241890697,0.05090109662799434,0.02561625131533322,0.010975177620206871
0.8019930811938856,0.10824510087934798,0.04696412459649258,0.031779442137198216,0.011018251193075616
0.8048274524591958,0.10893859989914056,0.04580770721516001,0.03024406013363965,0.0101821802928641
0.7914448541385292,0.1425002825253833,0.023742193180722466,0.03152073492028022,0.010791935235084975
0.8613737500626757,0.06759538156313126,0.03625265066410256,0.025451439470410068,0.009326778239680346
0.8688285834028585,0.06587075993086984,0.02824210430799131,0.021622432209147748,0.015436120149132652
0.9210727094648545,0.03765665272245774,0.013761601483919845,0.017991243535498934,0.009517792793269024
0.9142422227095959,0.039229030690493424,0.01654656176650729,0.01858015711277205,0.01140202772063162
0.6520890237583835,0.13031113034055758,0.054343837911931245,0.09590544566625626,0.0673505623228714
0.9199365981942571,0.03848134606118043,0.01610020568595527,0.016272695459724516,0.009209154598882642
0.8636280700053629,0.08916623657538073,0.014696727444680759,0.021690298890455744,0.010818667084119694
0.904501164904794,0.06041590169597094,0.013128856011920723,0.014817397655906454,0.007136679731407955
0.8670659926023818,0.07190913146938507,0.020964048396906826,0.029765524308372232,0.010295303222954258
0.9074870769301889,0.05278871368507907,0.015104662686293048,0.017724321567685025,0.006895225130754153
0.7893802883234843,0.1449633862048119,0.0246824789408228,0.029187405494157985,0.011786441036722932
0.827215738762429,0.08546356592742296,0.03665279697213141,0.035699760535600915,0.014968137802415578
0.8923897528242637,0.051190179801923676,0.03084689921691476,0.017289553112462958,0.00828361504443486
0.8577000809860401,0.06494520380734599,0.042884167983636784,0.024700462963174595,0.009770084259802417
0.8015119887267662,0.12645193649682784,0.04052023769818748,0.023062933850412748,0.008452903227805605
0.9518016462547808,0.026293987345463905,0.010731564188881586,0.008034910564795364,0.003137891646078559
0.835107531155684,0.09158332612365809,0.03705553614305288,0.026479471599291433,0.009774134978313651
0.7850059307447158,0.09366386250439764,0.08129055332305679,0.026745944433059787,0.0132937089947701
0.757472989568097,0.11504076055467165,0.07405785447093706,0.03644279280915372,0.01698560259714042
0.864388177886165,0.09049836623904378,0.018583774514172927,0.018469596747627822,0.00806008461299054
0.8260763926809119,0.10093105705129643,0.03374272620684284,0.0292946358266164,0.0099551882343325
0.8043541644539495,0.14252761935392144,0.021183624168379107,0.022251370918960275,0.009683221104789617
0.8116821365532867,0.10066664876386457,0.031121522244612013,0.04236144866559708,0.014168243772639729
0.8670298051401737,0.08077360899888293,0.021977430938219394,0.0238721264062752,0.006347028516448872
0.9238011911185149,0.04595762875412108,0.01386177518471735,0.012124615147678696,0.0042547897949680264
0.9274712994046934,0.048107241074609106,0.010581386410633761,0.010381012541865554,0.0034590605681979227
0.8276378857805478,0.11008017321497593,0.026438781587435116,0.024349098308992605,0.011494061108048485
0.9076644070233005,0.05027125148180082,0.01910230575432978,0.014201513920556474,0.008760521820012659
0.8625627232647298,0.081319359888651,0.02388299249138034,0.024250129085330568,0.007984795269908439
0.8289809122479289,0.07539046666445498,0.041650578933995944,0.03685829874913947,0.01711974340448098
0.8664968533407593,0.07923206716219035,0.024681654216634496,0.020149531767405075,0.009439893513010823
0.7997445354649484,0.08904881250979038,0.022915235545126755,0.05285092189542695,0.03544049458470769
0.9120833096076968,0.05020888457235236,0.018477175818506972,0.014243294609031478,0.004987335392412486
0.9023428376462418,0.05829302004266385,0.011366720335503714,0.02190942478903381,0.006087997186556639
0.8981026247443364,0.06143860652943272,0.019854475887703057,0.01578710974008581,0.0048171830984419205
0.9196287970381438,0.05684663368602012,0.009516292380192928,0.01030325997328407,0.00370501692235905
0.7080507024169235,0.1723590018524506,0.06792192004446314,0.03658705824194386,0.015081317444218695
0.9372040816639768,0.03701363377687179,0.012638135898918969,0.010332731909429292,0.0028114167508029794
0.9462305185195892,0.03347695941483008,0.010386021518257375,0.007781168675114121,0.002125331872209379
0.8984874005183514,0.054184656141723346,0.02549532496846854,0.016769739264300584,0.005062879107156064
0.8951573845020206,0.05650788014574019,0.028109058029893975,0.014961327737528427,0.005264349584816704
0.8338360612597121,0.08955570600412666,0.04361267660053284,0.025377688010323803,0.00761786812530446
0.7768494522903028,0.15331152746459048,0.038050840748957315,0.024971885743878305,0.006816293752271158
0.9043505990658115,0.05691523506220516,0.01642895878213844,0.017769950407788455,0.004535256682056403
0.906297272318462,0.05762819229167713,0.020352612182874256,0.011315078576181265,0.004406844630805403
0.9067735320455328,0.053379530550387334,0.023655020001100306,0.012569474454157771,0.003622442948822121
0.8632846805387328,0.07239492423587288,0.0386781992874714,0.019467731513122886,0.006174464424800295
0.8318826151716907,0.09218042526612427,0.03799366264294961,0.0252798754211483,0.012663421498087146
0.9062387398230467,0.04976737486493493,0.024206147648501493,0.0145804395628017,0.005207298100715149
0.8488087196363785,0.08257455043980669,0.04069331230134602,0.02034629650527606,0.007577121117192773
0.877381085831466,0.08431637547971821,0.019308310704825412,0.013831938757278969,0.005162289226711474
0.7911905452881086,0.10574919426435826,0.04423875582791539,0.04596690489654692,0.012854599723071037
0.8155906102338086,0.11076266707153012,0.038712013413876506,0.02564736943927643,0.009287339841508589
0.9416742435777039,0.03461066920249891,0.0103978233984878,0.009648235329672239,0.0036690284916370618
0.8637768205543099,0.06544836803453769,0.03652228905669483,0.026377487937869,0.007875034416588711
0.9229375564764319,0.038912615318725995,0.015622544785744813,0.01626194496401038,0.00626533845508692
0.8345265479712484,0.09604031792571785,0.02835302554482407,0.027851625152376235,0.013228483405833316
0.8354157937487798,0.08784802846146689,0.03890003050755549,0.0256440390648211,0.012192108217376861
0.7957296973171822,0.12246389962812256,0.033268816809220274,0.03882791010456843,0.009709676140906403
0.8935224917827467,0.049350048475622896,0.021616958516494447,0.026692786519354292,0.008817714705781833
0.6737835242160608,0.22896578945530455,0.04701528306941831,0.03894360044631055,0.011291802812905646
0.9166551215755232,0.04478418805855209,0.022922549269111518,0.011525331898166943,0.00411280919864614
0.9048363003562215,0.05733640876555611,0.021145911884292615,0.012438093046255413,0.004243285947674351
0.7585513841367847,0.13278997794459976,0.05202610509330717,0.04010826774255162,0.01652426508275679
0.7824857737080706,0.11569883844577643,0.042599750612192934,0.04029456101516874,0.018921076218791272
0.8746518299323478,0.06945924167932553,0.026043516889447827,0.01904622964897534,0.010799181849903632
0.8704586209431351,0.05268298850599293,0.02678975918574142,0.03416400479000091,0.01590462657512946
0.9013185323201964,0.0473446261212368,0.02801461521840469,0.01816176898744902,0.005160457352713107
0.8855712053187551,0.07613121753385257,0.019373195760995048,0.013149805092830069,0.005774576293567155
0.9011251510560402,0.06257936273776367,0.01946659285043573,0.012259656337030304,0.0045692370187301315
0.8937200397211398,0.0702466985271233,0.017036886929837094,0.013693094232663058,0.005303280589236865
0.8903660494992679,0.0707467053739894,0.018516890749920776,0.014503247974901528,0.005867106401920475
0.9465153702007834,0.026404138618227296,0.012411877694514795,0.010881740515621375,0.003786872970853125
