Delta_Power,Theta_Power,Alpha_Power,Beta_Power,Gamma_Power
0.9354905887517176,0.026835012847694656,0.026329493286554217,0.009769560110345224,0.0015753450036883959
0.8986238993350875,0.04860423606353288,0.029028026922555704,0.01975785208782216,0.003985985591001838
0.5554944003630391,0.13171926087870772,0.1073185566636738,0.11370323038279603,0.09176455171178316
0.940649911174921,0.016236466222514147,0.020410763172713307,0.01621375680953127,0.00648910262031974
0.7494392148340255,0.06676136252435919,0.09385426373473263,0.0793403423307349,0.010604816576148
0.5110390975702339,0.08428445954527056,0.30554335075358774,0.08366801921924369,0.015465072911664293
0.45048644796906645,0.11102588692237358,0.2709200972111776,0.14832953687751935,0.019238031019863027
0.3755763043752414,0.109191898078771,0.3480070689680571,0.148109031880821,0.019115696697109483
0.25825263140419696,0.13189642377964064,0.4456325266704535,0.1404393413111077,0.023779076834601356
0.22275629039577977,0.1684260351556382,0.48577117391256136,0.10581799797741381,0.017228502558606897
0.3741272125788976,0.11905161017709764,0.43316688328973024,0.06352840330550799,0.010125890648766457
0.8368262486290625,0.05272345018206973,0.0936679689197807,0.013240224601522037,0.003542107667565355
0.8601629355108622,0.06121163956043231,0.053239985027510664,0.02115716569256164,0.00422827420863323
0.8965169221165619,0.05761635234457129,0.02042324390885842,0.02081116158386335,0.004632320046144902
0.9518783827368411,0.027616327129388364,0.010410906943280228,0.007193500893696511,0.002900882296793648
0.8614447570290055,0.06725599930774805,0.0447637648301347,0.02155333097712403,0.004982147855987769
0.8810253786829175,0.040175304551203675,0.05310534069220038,0.022454234572035468,0.0032397415016431684
0.8905081672914819,0.06347288013612465,0.025739969492816997,0.01696517028137796,0.003313812798198402
0.8079394647414547,0.09604320882131567,0.05310474883111491,0.03684181091592385,0.006070766690190709
0.8643034744022676,0.06450910564642078,0.047498843427513565,0.02039033868566802,0.0032982378381299802
0.82680957443195,0.11137065369812428,0.03722392827713092,0.020965477990955012,0.0036303656018395764
0.8251557266559185,0.09114463774960557,0.06034372399353534,0.019773849169617844,0.0035820624313227484
0.7581492481934371,0.07782124663830658,0.12506822936783826,0.030467715137121303,0.008493560663296618
0.8568494118458096,0.06594169707833811,0.056682075573818054,0.017386601540398797,0.003140213961635279
0.7739131602343353,0.09750288265216649,0.09976533285960244,0.022870447340284032,0.005948176913611717
0.9233803300032553,0.03564765645989755,0.028257507138350083,0.011127944662271861,0.0015865617362251438
0.8117317240546122,0.10718505682253485,0.05854233537306078,0.018385042415442702,0.004155841334349545
0.911262869731417,0.0483959671950947,0.027064543299499557,0.010989616044495772,0.0022870037294928335
0.8658286991686497,0.07863878708445625,0.036193107587917835,0.016531677378896523,0.002807728780079536
0.8445042119037409,0.08899450269233712,0.028265838137902375,0.02601883339052001,0.012216613875499476
0.9232384060925339,0.0356028670445395,0.0224711760081185,0.015009818683873875,0.003677732170934125
0.743065105740448,0.14796622253556596,0.06904455890662256,0.034733449674365036,0.005190663142998316
0.8804747899756823,0.07743430151808399,0.024910790166479495,0.014916495600538305,0.0022636227392161157
0.8105119288239362,0.10183625563564859,0.06305672731714519,0.02142031136224621,0.003174776861023768
0.8550031591009829,0.07162063769098755,0.05245259747379728,0.018068458742928884,0.0028551469913034593
0.9455727135675712,0.019370230469761704,0.023993550197771996,0.009847708184428407,0.0012157975804665858
0.8898502710862572,0.03858481086231266,0.055769458999097105,0.012903209502475949,0.002892249549857112
0.930430260778002,0.02855790895046625,0.027627831485841074,0.011742369419101983,0.0016416293665884312
0.9150141869351961,0.0392219279800828,0.029062707150060364,0.015112196753570478,0.0015889811810904212
0.9122531436901934,0.043563087185602895,0.026418633791096924,0.01406668866633566,0.003698446666771224
0.8368216271626432,0.0840539145305765,0.05483121525009247,0.019394140376292134,0.0048991026803957526
0.8918848327822066,0.03623158299688806,0.05669315031877209,0.01292736686933021,0.002263067032802817
0.8964390868771606,0.0651544122729996,0.026122091939756537,0.009294883315677582,0.0029895255944056586
0.8768171172178417,0.06610753509094904,0.03781896155414833,0.016639352932229262,0.0026170332048315536
0.8797592466589981,0.05650809841228236,0.04542848380103066,0.015434187685454728,0.002869983442234311
0.8874512042014594,0.07286575813328902,0.024385224328857244,0.01256824586001784,0.0027295674763764283
0.9132088100483549,0.04128904742494757,0.033172809681224706,0.011226465326655985,0.0011028675188166973
0.8044714898687146,0.08792530139457246,0.0771659781967472,0.025539879110759334,0.0048973514292062715
0.8992294589999982,0.06368039248488258,0.023282414324340035,0.010652371748280917,0.0031553624424984356
0.9461489217589449,0.038124462896055755,0.007344346252442243,0.0061362101938959,0.002246058898661113
0.9058467023201606,0.06153232220649805,0.01536843596027829,0.013590606660252564,0.00366193285281041
0.8663155879629159,0.05662903318372373,0.04987431972922507,0.023353804204010866,0.0038272549201244094
0.7905090732347478,0.1350446511223583,0.048059233033863426,0.022544032688965186,0.0038430099200654714
0.9521612203243184,0.029905958596058105,0.012133520008780289,0.004741073329984236,0.0010582277408587224
0.9214097423327717,0.04809689507173175,0.02181125597140744,0.007103021288222094,0.0015790853358671564
0.8720313092828964,0.08477402702717586,0.030112145531731818,0.010728252963866388,0.002354265194329536
0.9544283273284515,0.025734399089090972,0.01394604851331368,0.00485723510925009,0.0010339899598938288
0.8941844099640128,0.060309867848804925,0.030991733308422947,0.0116327580854627,0.002881230793296665
0.9542782568640168,0.02846301790824082,0.008816767387489247,0.007172216484184378,0.0012697413560687045
0.8734524219959604,0.06594621193494696,0.04112678752300468,0.01556871088985155,0.0039058676562365212
0.8900722349734872,0.05348816520614794,0.04079096826020502,0.012604781238258934,0.003043850321900774
0.8203150019237824,0.0737992435801959,0.06688387542687228,0.03288791929702059,0.006113959772128993
0.9281853864208105,0.021015238555096436,0.03923700558047274,0.010156607313211765,0.0014057621304083105
0.8765226310199837,0.04341650281647243,0.06311310419793986,0.013834611822984845,0.0031131501426189326
0.8887257850404905,0.047526792650677614,0.052023250499903986,0.009417452209095914,0.002306719599832033
0.8787423822367589,0.05597374716737463,0.051669920250052764,0.010803077025302288,0.0028108733205113806
0.8992533142106143,0.04487758151316677,0.04199080150833515,0.011322938263953261,0.0025553645039306048
0.8929786747290496,0.039460672202211125,0.051775605189710416,0.013514188765676729,0.0022708591133520704
0.823366709323437,0.1065574578680742,0.05001330464317159,0.016962048153150937,0.003100480012166419
0.8078539358302652,0.07599782257949651,0.08533357299847281,0.02661511373156982,0.00419955486019539
0.8820902380132936,0.054966477510921485,0.04596765774909894,0.014589400198606241,0.002386226528079578
0.6370355108156007,0.18632196475670787,0.14363352554456063,0.027740136194057977,0.0052688626890728275
0.8968680938313083,0.05282497770501067,0.03385769498895062,0.013592026637322707,0.002857206837407963
0.9121573358021807,0.03894945863386118,0.032113815998812516,0.014007543685643314,0.002771845879502121
0.8234210867472069,0.06746757872013354,0.0811018588368261,0.023366600953273874,0.004642874742559588
0.8682755216920685,0.06302053090117418,0.05666339777202349,0.009978854131614426,0.002061695503119479
0.8982301100602598,0.054417627485813636,0.030861380181495077,0.013851791044885636,0.0026390912275456604
0.8940988135615636,0.05451374612284136,0.024128704782345422,0.023877605107028955,0.0033811304262204582
0.9269428836026319,0.04523853829814946,0.017227132784062335,0.008851198302420694,0.0017402470127355775
0.9471525858570389,0.025880533157158235,0.017508215052202524,0.008091117625336462,0.0013675483082638766
0.9024162297076334,0.04697633633830261,0.0359977486526069,0.012427607236273333,0.0021820780651837656
0.8841448333137351,0.03727114411250568,0.05892183767782721,0.017006254762816298,0.0026559301331158807
0.9541828291765804,0.022729437063710747,0.017006565431388232,0.004974214522456976,0.0011069538058638454
0.9761468224597037,0.009429663455584882,0.009515759500068301,0.003924525907541177,0.0009832286771019505
0.8942583528582905,0.04775330459182006,0.03906132808473766,0.01523173734536761,0.003695277119784305
0.8737003978750002,0.08042064103086341,0.028024475069865818,0.014770576776345775,0.003083909247924653
0.9123160838110251,0.055837167554554326,0.018761837978603833,0.010566478716743235,0.002518431939073596
0.9068701246843915,0.03957941609905291,0.03358740004916515,0.01758682039979278,0.002376238767597587
0.8903532939411325,0.06565233092806734,0.027226111359089873,0.013592862535976635,0.003175401235733723
0.8436779204003225,0.08430181981133449,0.03999135775696902,0.026631286661918285,0.005397615369455713
0.8966394839499839,0.05962052806483228,0.024947165773157323,0.016261560089378135,0.0025312621226482018
0.9350622808603645,0.02677521744122409,0.02591296555537085,0.009276269744553315,0.00297326639848743
0.8415663907065422,0.07794650593385612,0.06395903316087982,0.014353444234062061,0.002174625964659576
0.8411309022746734,0.08464676981265222,0.050743620371154985,0.019731073757382298,0.0037476337841374266
0.8643100905542154,0.05474001754363056,0.06381940840235428,0.014484299439043887,0.002646184060755686
0.7105808821099588,0.22570119415259832,0.031104163277443884,0.027213276033351507,0.005400484426647611
0.5152211598187937,0.30610221804981147,0.12819048352683432,0.04314699123786581,0.007339147366694813
0.9306701910948648,0.04161464997855959,0.016955230735426187,0.008921989476991056,0.001837938714158281
0.892344313515511,0.06904303216787715,0.02306508787994917,0.012178874369663521,0.003368692066999085
0.8776860035823495,0.0776502615912733,0.02889384197209182,0.013519388934177728,0.002250503920107628
0.6826716589435351,0.13628265528454533,0.08911214847067694,0.07878626027983791,0.013147277021404911
0.9147772633234401,0.04614924209710707,0.020392065305923576,0.01596773542803236,0.002713693845496968
0.8197724511243254,0.09954220743624606,0.04650758846720526,0.0282915455268358,0.00588620744538755
0.9093130224265443,0.06167535336264037,0.01788549850561155,0.009088787948931991,0.0020373377562717615
0.927495886736277,0.04048257150093497,0.020438692066304553,0.009099109697439475,0.0024837399990438355
0.9235058449900568,0.05528273476275672,0.013785427573677272,0.006097330227263668,0.0013286624462454286
0.8272094752419915,0.13779587750896904,0.020413545982928893,0.012151300274250104,0.0024298009918606155
0.929015674704512,0.04324794286045887,0.01645453135680724,0.009555269747213253,0.0017265813310086246
0.8235997460527951,0.06165018752924874,0.08906163678270268,0.021905265488010753,0.003783164147242879
0.8551350435178199,0.06114147616113913,0.06699673388345755,0.013833604005450006,0.002893142432133271
0.8842728828211535,0.06716163913082397,0.03099418237466696,0.01494050838176739,0.0026307872915881146
0.89706271920298,0.061166566359392244,0.02543794542269261,0.013703795658932795,0.002628973356002314
0.8583807756668174,0.07800622002971098,0.03847399996796225,0.021619175730356932,0.0035198286051524464
0.8468642545981103,0.0696271937654454,0.06155609345583436,0.019228629399987797,0.0027238287806221635
0.9269263236058733,0.019794175267319265,0.04122539568035121,0.010453973238899286,0.001600132207556935
0.8221150038577082,0.07911398239118253,0.07845831612453529,0.0170625446841461,0.0032501529424280038
0.8520570395031822,0.06075661851490825,0.06418056722336143,0.019906553665619973,0.0030992210929281644
0.8478425442605411,0.07673587304157212,0.06003876129174212,0.012598866413414872,0.00278395499272989
0.8647641953130578,0.0774572380612328,0.0396537413398785,0.015503786781667911,0.0026210385041630507
0.8805669853823669,0.0726409507839019,0.029775068114039665,0.014510296905485961,0.0025066988142056442
0.7674855666349528,0.11374674117931818,0.09285826913632735,0.02101029243245454,0.004899130616947143
0.8529692985091571,0.07165578405960306,0.05240875012937431,0.018873340661875532,0.00409282663998992
0.8915901164783138,0.049072147946930204,0.040190069651683924,0.016324199966925388,0.002823465956146681
0.9168778631855539,0.035983946722162596,0.031945466584509676,0.013448600952323794,0.0017441225554501688
0.897981008775644,0.041550208038025685,0.04374576933160722,0.014342646679045484,0.002380367175677195
0.9055861864467581,0.03562583422450301,0.04166711288349831,0.014455373290181756,0.0026654931550590135
0.9054185413727527,0.0442552272278038,0.03908851258447058,0.008804779654187864,0.002432939160785255
0.9033562134556503,0.03279760936275756,0.04715924722918549,0.014218851371151083,0.0024680785812555522
0.8492139442250436,0.06995245457538286,0.0594610707243092,0.01741997199335496,0.003952558481909513
0.863180199616931,0.08828755314398286,0.030574928038666266,0.015083106273740793,0.0028742129266789633
0.887842520247927,0.057958060355691815,0.034713872645778555,0.016793094752820457,0.0026924519977821076
0.8968302714274023,0.04875071552424841,0.03682272366135432,0.015220099275627355,0.0023761901113676753
0.8853863500806162,0.05785430551821335,0.0382501127945396,0.015278971155429243,0.003230260451201519
0.9153908386337504,0.04653024736852182,0.024481138112674196,0.011059095136211877,0.0025386807488416503
0.856375631789696,0.0742038810265507,0.04465282282600651,0.020138705241774753,0.004628959115972
0.7860745123780517,0.08141286075555851,0.09729792800464673,0.030163608143023237,0.00505109071871986
0.9118819565388943,0.03640384584630649,0.041775761829346746,0.008700335122687261,0.0012381006627653433
0.8366252602016347,0.07981970579920217,0.05575926821954946,0.022655527727272445,0.005140238052341333
0.9154992122028528,0.05039818218881518,0.017408758352458833,0.014054983587168807,0.0026388636687042707
0.9589118213815897,0.018231418510054973,0.014126640350708998,0.007855733771128564,0.0008743859865179675
0.9376233493102701,0.04286779650348492,0.009970587276962659,0.007851587810245059,0.0016866790990370034
0.9254172689417984,0.03335701915622502,0.027681999283957398,0.011228334974659103,0.002315377643360137
0.9021148868831671,0.04537780511885082,0.0410335842057265,0.009208398078930752,0.0022653257133248648
0.831481989395621,0.0748391784331959,0.06895271720420361,0.02092738093940383,0.0037987340275755814
0.8719231917451,0.06107959759716763,0.04691951514898293,0.016020373000042516,0.004057322508706687
0.8514994445025046,0.07902870643895432,0.04231423184870877,0.022939381611239644,0.004218235598592763
0.7907148791260572,0.11900153557647312,0.055313784438404456,0.02861265139040689,0.006357149468658102
0.8790798768320293,0.06889909795348872,0.03468045671404498,0.014382954321957088,0.0029576141784799625
0.967775390689616,0.011855228662742402,0.015178319419599687,0.004363197410559009,0.0008278638174828541
0.9297514240026447,0.032777458459292225,0.024108041504791268,0.011063770971449373,0.0022993050618225317
0.912819476640814,0.04650720805993992,0.025371486279181454,0.01222714013772818,0.003074688882336561
0.7864297757555015,0.09544479710904473,0.07601937488172227,0.03728854729519991,0.0048175049585317585
0.7757478930973825,0.08839329380959868,0.07151203322161703,0.04105480036784155,0.023291979503560222
0.624084972477022,0.09894567930371465,0.03763198994317073,0.10047972187435912,0.1388576364017335
0.9477889120570145,0.026879063002889225,0.016419122608496844,0.0070016610251642155,0.0019112413064351875
0.9542780827617914,0.021784790890199267,0.01550410027284517,0.007284857923466241,0.0011481681516977438
0.8464063885864272,0.0727644441707675,0.062308979638367235,0.01471496649406627,0.0038052211103716737
0.8459168556097864,0.08213948239449863,0.05110745096010864,0.017720020115564665,0.0031161909200417867
0.8988562827193813,0.04115489343544241,0.04419451214646636,0.013133127697969333,0.0026611840007408015
0.9659312271794389,0.01032975823056383,0.017209476965466965,0.005591048844009592,0.0009384887805207345
0.9016723718916623,0.040009724383438416,0.046049502590375414,0.010410941972763259,0.0018574591617608602
0.9207218269001374,0.04024745435446525,0.027780293959044522,0.00887474782546201,0.0023756769608908605
0.8324592114110984,0.07453731943950372,0.06712583797391981,0.020903039002077798,0.004974592173400037
0.8784004579576976,0.047806604796203175,0.04725195360935282,0.02182177824586538,0.004719205390881208
0.8164110812290143,0.10483092576400505,0.05721418293195176,0.017732678579947057,0.003811131495081855
0.8775106283845062,0.06097256172412512,0.04599564293995701,0.013089877927265034,0.002431289024146623
0.9344779113480384,0.03124575318040807,0.023985837943347535,0.00802370101037885,0.002266796517826969
0.7153861082543679,0.1000949112755519,0.13608422542283352,0.039634454919935024,0.008800300127311709
0.8785180020572603,0.07994036624022688,0.029396194650563187,0.010026730399991867,0.002118706651957805
0.7687802619631805,0.10391773901607708,0.09607594393549126,0.026023903857816548,0.005202151227434417
0.8643837877799477,0.08614246825977089,0.03657116546557614,0.009862092097587408,0.003040486397117833
0.8463574256747691,0.08379161149236147,0.04561819897249304,0.020240173105318875,0.00399259075505725
0.9008922517722768,0.06038644317426372,0.0258972958146245,0.010872194938347672,0.0019518143004875364
0.8893519447392646,0.04194772007607331,0.05168596252581112,0.014392482808437898,0.0026218898504132156
0.841421443526018,0.06306948914935687,0.06789515281583328,0.024180534320968755,0.0034333801878229766
0.8441446445271386,0.10695060000628344,0.03237139879714958,0.013702989337545777,0.0028303673318827104
0.8265901221985655,0.06216523862921998,0.08037327162403286,0.024979249360420924,0.005892118187760687
0.8451659111603067,0.07104514532537544,0.05935230363084593,0.019998509210691923,0.004438130672780132
0.7573459241829897,0.13120888053723426,0.07850018643770336,0.028519575551057497,0.004425433291014978
0.8492124271811995,0.07350260629902644,0.05359949749162216,0.02086225073825649,0.0028232182898951246
0.8600110292296571,0.07053025848060328,0.04798424962767497,0.018340179681789352,0.003134282980275157
0.9068575736415068,0.056221537491575005,0.02386463546364055,0.010835274983219829,0.0022209784200578793
0.8285354029334696,0.07182918496324264,0.07410243981854361,0.02153472241561416,0.00399824986913002
0.8843395494216133,0.0479452728477374,0.04844577872728467,0.016281292510851808,0.002988106492512791
0.8368687183813724,0.08445848148285863,0.056359197272155145,0.017204845363503994,0.00510875750010997
0.8981846702389115,0.051773675532457826,0.03066098037101632,0.016175999759770316,0.0032046740978439753
0.9264714318580352,0.03658712112585983,0.01980116271472017,0.014470328620345963,0.0026699556810388927
0.8726878112015656,0.07979571581448744,0.027369365978580154,0.016220384783645046,0.003926722221721739
0.8895604330123486,0.05955304669730282,0.018526494149504455,0.023355506714979973,0.009004519425864171
0.8738377235791202,0.05981869655542022,0.036552318651306155,0.02354738438310068,0.006243876831052722
0.9399078712244685,0.027002632515198938,0.019395544546567542,0.011339960205289362,0.0023539915084755153
0.9127315983322362,0.034002635284018104,0.03669090157913569,0.013382246823288056,0.00319261798132217
0.9424042564357592,0.017079993906161647,0.03062242462190238,0.0077388097656402996,0.0021545152705364037
0.9339256827203054,0.028311340477014977,0.027859503147933673,0.00850081364538038,0.0014026600093656563
0.8974279527719092,0.05388340590926101,0.0369519269108936,0.00952812175364317,0.0022085926542928197
0.9190783981621391,0.040051306661742836,0.029016819547664875,0.009462853027385518,0.002390622601067783
0.8703012461359398,0.07424249835037516,0.03777126115651367,0.01526381301891927,0.002421181338251793
0.9144775841564706,0.040825541721586436,0.03179288933336225,0.009742995611838275,0.0031609891767425476
0.7980957892091832,0.10137497582394567,0.057852231718389456,0.0273433193114531,0.015333683937028827
0.7545858165220571,0.05014561306336892,0.04261938955492729,0.05726768631884368,0.0953814945408029
0.9223994892058363,0.038718696140811186,0.02460468197060435,0.010796769016416831,0.003480363666331475
0.9414710861520746,0.023320658780734773,0.02454952884397216,0.009288390664466892,0.0013703355587515312
0.9533573847479638,0.017112351498697977,0.021966399412198703,0.006323938179950927,0.0012399261611885336
0.9429741335244322,0.02638985877552439,0.01665498277565164,0.010855869866391296,0.0031251550580006135
0.9477950018276442,0.03218921523972404,0.009998100475540126,0.008398091448377797,0.0016195910087136675
0.9260959755541882,0.04185572242307482,0.01588314253058446,0.011769989040580478,0.004395170451572007
0.8174368846560801,0.10844799874352623,0.04430318221376216,0.02405119107699592,0.005760743309635472
0.9088400311234462,0.03799669429758048,0.03282941549578374,0.01731175560917234,0.003022103474017247
0.8419375749143464,0.09137559119874723,0.04373231410720263,0.01995745491979842,0.0029970648599052185
0.8812923139179969,0.050486794706403416,0.04828910147877389,0.016584003970695968,0.0033477859261296754
0.9508435267325418,0.016542157128555522,0.023678099347484046,0.007448093557698717,0.0014881232337199948
0.8998874763593976,0.052936663857120245,0.034746131277438336,0.010800343339095282,0.0016293851669487607
0.9378204832663294,0.025004133138256918,0.027882737893704934,0.007595463296341212,0.001697182405367533
0.9002840990954615,0.047896973356190156,0.036793818638106386,0.012260850150565513,0.0027642587596763183
0.8504989318261647,0.08617740593318039,0.04106174629554993,0.018523585187598914,0.0037383307575060212
0.8940381807184522,0.035197682733401736,0.055218107120083466,0.01291693284973159,0.0026290965783309452
0.8431611925540399,0.07446229143674131,0.05656952114499326,0.021053807928535197,0.004753186935690231
0.9105267192689326,0.03688691282462899,0.032210756477486314,0.01632014016890762,0.004055471260044451
0.9182481660029247,0.042719215135774105,0.027521740709686195,0.009307981261228681,0.0022028968903862276
0.9137083320981919,0.039332408448661926,0.03303116430465746,0.012013804768876278,0.0019142903796123929
0.8694428952262663,0.041120136696705875,0.06217766027964856,0.022641192825462356,0.004618114971916973
0.7197636068308073,0.12658701521550791,0.11217452036015252,0.03380344228885012,0.007671415304682299
0.74568009070909,0.15149814987756927,0.05809149247737776,0.038218295283413646,0.006511971652549247
0.8446563202290366,0.08766829292039875,0.040839617458705235,0.022837695509512562,0.003998073882346973
0.8053520492165205,0.08445392562822626,0.0726304524691002,0.030803563560095674,0.006760009126057388
0.8414171184107608,0.09982024694091352,0.03542152126801315,0.019426538699805544,0.0039145746805071035
0.8693563786831571,0.07907666191533892,0.03104558617386291,0.017747265606645985,0.00277410762099482
0.8843455502002815,0.05635779359316968,0.039577462128863976,0.016631272782265966,0.0030879212954188695
0.8347428256820785,0.10126138522142737,0.04451641538354284,0.0167167099746576,0.0027626637382933443
0.9341451565625581,0.024728591257636802,0.030274788106757513,0.009222079398328833,0.0016293846747186989
0.8231231230016572,0.0776936313868916,0.07397301414571437,0.02146091825566657,0.0037493132100705298
0.882067413022308,0.02971508719919691,0.07259599196927943,0.012587189878124806,0.00303431793109072
0.9090192538702268,0.05180546589977055,0.0266006647429113,0.010153901245639725,0.00242071424145174
0.7086913719631975,0.18464191753677628,0.07194491602515754,0.027338405031894282,0.007383389442974303
0.835235421595302,0.09208187144868418,0.03861274697053923,0.028404775175406988,0.005665184810067633
0.8941423774457196,0.05988490735434663,0.026861153720659912,0.014646888995778767,0.004464672483495341
0.8540901453245572,0.11634552803110561,0.011357417916607923,0.014598529353897403,0.003608379373831952
0.9602485542920588,0.02174761106495477,0.010652615242795599,0.006009902601245527,0.001341316798945382
0.9219688856153996,0.03931133039527773,0.023589956729569993,0.012370368268545848,0.0027594589912067645
0.8603423060275474,0.0920166749978438,0.02987700956364613,0.0148127352132413,0.0029512741977215985
0.924641693975812,0.030920264867772367,0.030396979211986853,0.011196170308458117,0.002844891635970644
0.9086066605868595,0.050799785792421635,0.027779985328998325,0.010633466128065922,0.002180102163654762
0.8405760352134423,0.08423883515728327,0.04701941165685424,0.021446650690964394,0.006719067281455819
0.8396419451745947,0.08770495261407645,0.02810085106988483,0.03731569357408516,0.007236557567358811
0.9159812734567956,0.04588132530015584,0.02248181132901407,0.01299668921720145,0.0026589006968330575
0.896820013990402,0.051672768557433926,0.038270790090224396,0.011048680365123732,0.002187746996815775
0.7429884464096514,0.11118304328737147,0.11438700379209318,0.025576330275689632,0.005865176235194112
0.867080228873081,0.05820593877966284,0.05060247066927184,0.019179056413976804,0.004932305264007557
0.918133667184744,0.03978701581905828,0.028706296441538905,0.010894593919852251,0.0024784266348062706
0.9287787827136424,0.03690561857956288,0.024380947818620553,0.007754133195334598,0.002180517692839427
0.9343817713150001,0.03369218981752282,0.024646503261187443,0.005767945656963784,0.0015115899493260284
0.805746973828249,0.10535291012795032,0.06957076596816526,0.01493061199295455,0.004398738082680971
0.9450225249164743,0.031648951729387136,0.017652751560130894,0.004682593360565164,0.0009931784334425773
0.8710823835730058,0.05842177880522175,0.04763769575925306,0.017971674416817896,0.00488646744570139
0.7429695041064691,0.15777619262434905,0.05450748945643726,0.036538463996022515,0.008208349816722114
0.7646125217049681,0.1464374555844927,0.057041856471774434,0.02560084764742489,0.006307318591339775
0.8587325289464424,0.09423099638345042,0.027679393267204064,0.01575035280017689,0.003606728602726185
0.8548249968001946,0.09218404669562977,0.029253666878203077,0.019002779874008252,0.00473450975196434
0.8206847563531033,0.05492992596489431,0.05062392220268058,0.06360135476069391,0.010160040718627826
0.9312923926588738,0.04321102078675555,0.01369502397079551,0.009800806136946037,0.0020007564466289966
0.6960679597504016,0.17228595167852243,0.0797652085614706,0.04170567067732585,0.010175209332279446
0.7502796545582536,0.13132331745935258,0.08839155613899155,0.026076571968230912,0.003928899875171336
0.9507960381101449,0.02230594218338449,0.018874339753973533,0.006565262280223177,0.001458417672273951
0.9339385019861264,0.034785205505351295,0.019841672261661673,0.009512606041847366,0.0019220142050132237
0.9441222186295867,0.026351944420608786,0.018078188490356778,0.009190097329327934,0.002257551130119836
0.8438264123044651,0.09077168388107143,0.0388383627548855,0.022946201934293285,0.0036173391252847862
0.8318201390240667,0.08701832086164141,0.05995406508104524,0.01757384156425626,0.00363363346899054
0.8343962959251356,0.07653286132123964,0.06775753099284429,0.016486550797594698,0.004826760963185974
0.9083815061519644,0.04527019402924391,0.026844382913520173,0.015965280225531973,0.003538636679739551
0.8537907490085244,0.04705394864683047,0.05080695504990351,0.041887260925301185,0.006461086369440428
0.8489148991093163,0.06508120620452536,0.06504245692737151,0.017598917787103003,0.00336251997168402
0.9363538028175658,0.03690998969571348,0.016616185121990108,0.008038560349083916,0.0020814620156464443
0.9283411962301965,0.03373345681563818,0.025660340320794034,0.009243585071779588,0.0030214215615915964
0.9413952730620267,0.030192900670329596,0.017650624038875826,0.00863664683705746,0.002124555391710451
0.8797233563493582,0.07453427975418997,0.029247080032488583,0.013356428746436833,0.003138855117526495
0.9544153052977165,0.02736179379677888,0.009976114659378752,0.006821583288067827,0.001425202958058186
0.9073198650750788,0.04985545584927093,0.022401966455876506,0.0178551661227749,0.0025675464969987767
0.8919355672984298,0.053690998312732975,0.03078546154964116,0.020718782661210834,0.0028691901779852825
0.9193639503722427,0.045769896987088166,0.018159341385484383,0.01334965245075136,0.003357158804433585
0.8842610765300056,0.05149917861778128,0.0394483473394281,0.02027695509811418,0.00451444241467079
0.8366638596023072,0.11336988547091345,0.017991991926507595,0.026728048316033065,0.005246214684238562
0.9396039521044431,0.03880207395037805,0.010018298392747016,0.009696287031208324,0.0018793885212232565
0.8771449281154539,0.08302452982000044,0.016960233754132917,0.019218283237170133,0.0036520250732425177
0.921918433697477,0.03954073489948546,0.022957059064650554,0.01336818786619289,0.002215584472194198
0.8808177642568047,0.08428955219799575,0.019067565238146362,0.01325333835568332,0.002571779951369785
0.9333463896842893,0.03919669024031748,0.016792985604090375,0.008793035712872136,0.0018708987584305885
0.883410088665463,0.051884052315481835,0.04176723974770426,0.019548895910621082,0.003389723360729927
0.8867059414478954,0.04536953428501991,0.052010548419804445,0.013177379005050994,0.0027365968422291683
0.9560816914695901,0.021529949277151694,0.0138121139979436,0.007141275616588446,0.0014349696387260856
0.9049097186611794,0.060419578036458796,0.0215338387753799,0.01030582213443747,0.002831042392544455
0.8171277384424268,0.07483382320500377,0.08749720595488868,0.017148621925093845,0.0033926104725867934
0.9594262695968255,0.014695540217944553,0.018111989459218675,0.006546041360469141,0.0012201593655422676
0.790796105041419,0.09812236922525676,0.07787999576242262,0.02724436648194811,0.005957163488953331
0.9132924054902806,0.03243345776257155,0.03169694858041639,0.01945645023486507,0.003120737931866292
0.9355565433150486,0.04134905471002194,0.016041973550902647,0.005057559712989537,0.0019948687110371765
0.9618020775663342,0.02477081487296741,0.006475687196437625,0.0057278168484464235,0.0012236035158145354
0.8483193689068714,0.09575447761188016,0.030343077844111326,0.021080392262274525,0.004502683374862412
0.9360244275457852,0.036099557310520225,0.015539019584463869,0.010123040005391059,0.0022139555538394627
0.9172696155322461,0.047468244074529854,0.016161634824363617,0.015197287139115454,0.003903218429744967
0.9387812764504422,0.02562488345687673,0.021741896595834472,0.011282060624039459,0.0025698828728071836
0.933405996660917,0.03368821128401567,0.01947122945671373,0.01076931549667289,0.0026652471016807076
0.8632202023285807,0.08384522003392152,0.03553986588734511,0.014248960447439007,0.003145751302713852
0.7991862211893276,0.11627154752754258,0.062180426246190836,0.018666568271966392,0.003695236764972588
0.8767230303131668,0.07866209940701901,0.02413566056016714,0.017699087741305766,0.002780121978341227
0.9466557595472316,0.030528613609792726,0.011298491564853555,0.009578616655120855,0.001938518623001432
0.9109453264857169,0.05128989079132976,0.019431756362619325,0.014954827956357787,0.0033781984039762286
0.8521399096362936,0.0923180042122706,0.03469754154196001,0.01622751776821898,0.004617026841256847
0.9023346380777013,0.06376277567308816,0.017650430921862473,0.014113542896616047,0.0021386124307323454
0.9255864996407944,0.037382399863349874,0.02151729774534517,0.012501436943024673,0.0030123658074856174
0.9487587937145928,0.030093506788110166,0.012297590889623554,0.006930821495037822,0.0019192871126354366
0.9231532049728991,0.048109757700153,0.02184499162927041,0.005721275971459876,0.0011707697262177017
0.9615068949641283,0.019903303674978858,0.011234134685611706,0.005787883635792824,0.0015677830394884378
0.9231432608739102,0.041614935121601616,0.023713439224734005,0.009178332153989263,0.0023500326257647965
0.8288842532849747,0.1318443665720547,0.019714628908090115,0.01614202817462756,0.0034147230602529326
0.8656646066754332,0.08978971908851964,0.024978117458809356,0.01542011784515532,0.004147438932082691
0.9523855743373764,0.028355666284800733,0.011379647474781792,0.005520878548388918,0.002358233354652382
0.9185674593055559,0.052576659428141624,0.015401863602819955,0.010568991220494817,0.002885026442987702
0.877189063208122,0.07341181977942772,0.030914092395537773,0.014663874587471119,0.0038211500294414247
0.9310666848486928,0.0424678836754606,0.014407051229028134,0.009743835702843942,0.0023145445439744657
0.8845677723502517,0.06659409616531982,0.026139059360649988,0.01823052670440158,0.004468545419376793
0.8464913445352797,0.09619674747138393,0.03404837899120968,0.018630930817254563,0.004632598184872145
0.9306876778205847,0.04322606780358163,0.013173568308862994,0.010203290878186036,0.0027093951887844185
0.9220022341515309,0.041125623373245816,0.021240126278946527,0.013350794276098315,0.0022812219201786446
0.9312409152672075,0.048866623175994224,0.009046037775225911,0.008763418115918901,0.002083005665653412
0.9025920289150423,0.05167284476486547,0.028649346837052756,0.014732396520268599,0.002353382962770983
0.9332975973222865,0.04628469815591578,0.011206972951508798,0.007652394228997879,0.0015583373412907616
0.8670400650843503,0.08636379626190925,0.027751061421750885,0.014419332708898273,0.004425744523091516
0.8696970918925903,0.06115422780148873,0.04403694034086693,0.021094189228220005,0.0040175507368340035
0.7990498458125334,0.11691621137400743,0.03930432756424292,0.03710453028645807,0.007625084962758231
0.9514014098869858,0.025480810466655814,0.011265848646040136,0.0092398929284581,0.0026120380718603156
0.8926882891072989,0.06590975081812069,0.020714104167067832,0.015506168040955975,0.005181687866556686
0.9038311552841412,0.05602772680364434,0.019123300535875964,0.016439858140681024,0.004577959235657746
0.9506756670721579,0.024021271292113917,0.010542633369937491,0.011855265584429904,0.002905162681360933
0.8848270341541038,0.04708309570233969,0.009286466743270522,0.035580219611118916,0.023223183789167202
0.8333270422435954,0.047311860900921626,0.045926124332156835,0.04148879617497534,0.03194617634835068
0.8974602838380706,0.06860073705851329,0.020975694889247443,0.010209341527481017,0.002753942686687487
0.9588682242275,0.01987168397242346,0.012354614023453012,0.00669045963179907,0.002215018144824418
0.8993672478894685,0.04155311250160365,0.035603343625831306,0.018702453382951175,0.004773842600145283
0.8881151547640946,0.045712366264170745,0.04186818549052461,0.020874984538845977,0.0034293089423639888
0.907888465209532,0.04547209043657264,0.03474097544718066,0.009531468264838958,0.0023670006418756444
0.8126831700460689,0.12328466181250952,0.042847300725534526,0.017101865563223004,0.004083001852663731
0.821025726991913,0.0925104952270728,0.06000102903769596,0.020993309876296815,0.005469438867021319
0.9431932691588327,0.028035878505977146,0.019652781901410604,0.007135338319514557,0.0019827321142652722
0.8149417393508473,0.10665710688460514,0.046302246236140036,0.02277161621398012,0.009327291314427534
0.9216863293280415,0.036937787398269056,0.02316738222611419,0.013942206009510556,0.004266295038064644
0.8996040586710731,0.04115426684022734,0.038929803162843966,0.016805017111028456,0.0035068542148268636
0.9064375055650732,0.0357480043475045,0.04273923425542378,0.012661124274013103,0.002414131557985409
0.8288867858425362,0.10648168584504938,0.04652532802739837,0.012665909067060534,0.005440291217955538
0.8091434169767768,0.09589109431226887,0.04457160961778551,0.03568488251919993,0.01470899657396888
0.8747705651451134,0.05457612392108288,0.021741820301196688,0.032964997870809816,0.01594649276179731
0.8079072420884585,0.12290575154326677,0.028183844730734882,0.029448043907093595,0.011555117730446316
0.878626214055358,0.07267351883375125,0.02706346672278642,0.01660328091771045,0.00503351947039399
0.8951635697558755,0.06964158579771859,0.015563350326649513,0.016114703488997215,0.003516790630759166
0.9617502507233162,0.016907162679476718,0.01159325432869473,0.007458607942116392,0.002290724326395844
0.9402426769946645,0.0261298496638789,0.024571063614560115,0.00626728574923487,0.0027891239776612867
0.9335623454695158,0.04201078992514666,0.01359617614747189,0.00759077585267446,0.0032399126051909557
0.869975140370708,0.057082558658697706,0.03953940170817277,0.027220669096816027,0.0061822301656053605
0.8436468024889554,0.060192522133692715,0.05885765259648262,0.026961520640688224,0.010341502140181133
0.9273263638388196,0.029089438861677388,0.019423797243556976,0.01940220872311584,0.004758191332830153
0.8960023019471367,0.054185768125414265,0.024284737249609212,0.02071008774491367,0.0048171049329262736
0.8492171621896628,0.06889545192648018,0.05779545224576025,0.017757364807440865,0.006334568830655842
0.713335493691006,0.06765874797653745,0.028174058380075962,0.08628912576857703,0.10454257418380379
0.8630488095477665,0.06206909448015313,0.019118340050736836,0.032178370894537456,0.023585385026806058
0.8834773725256742,0.05610490366727195,0.02851302125314509,0.026166862469322694,0.005737840084586284
0.9087781875662619,0.05402336874601222,0.021366088233409165,0.011017688992475055,0.00481466646184169
0.9038668255630822,0.0409015285896147,0.036810044337710575,0.013740833787508743,0.0046807677220839245
0.9661723852513652,0.013990018941414408,0.013587082439638312,0.0045920416966789635,0.0016584716709032938
0.8575679586332692,0.0799417611249724,0.04059288749210923,0.01447309206613635,0.007424300683513133
0.9495071430103889,0.01982172116602319,0.020496058908427983,0.0075821113219699185,0.002592965593189893
0.8725034486893347,0.07509371269616456,0.0363521414828955,0.012736359847953163,0.003314337283652094
0.9375373150256366,0.03438958035870513,0.017558933873070677,0.008338705310688891,0.002175465431898515
0.8834253616313096,0.06448062555869849,0.029696832175660333,0.018454250016692923,0.003942930617638654
0.922037292484847,0.024854767637383885,0.03824827884361519,0.012111349249921754,0.0027483117842322224
0.9043276898870536,0.054780958125662735,0.026267475459863108,0.011520674773943227,0.0031032017534770814
0.814879183030795,0.0894460677123377,0.0666981855425404,0.02305133179077072,0.0059252319235562545
0.9496966293715501,0.030457432541115607,0.009734284919202975,0.008092367763747886,0.00201928540438362
0.8108400465524896,0.139145025064755,0.024210331880215433,0.021494841372289644,0.004309755130250229
0.919239916668904,0.047820505962514546,0.015336918521517593,0.013790879505755563,0.0038117793413082325
0.9247721108828744,0.03983364457173403,0.02198339619356396,0.010501574952273014,0.0029092733995544967
0.8861114217676729,0.056572609640698934,0.0356061498820221,0.018042277713750693,0.0036675409958552042
0.8878139955439202,0.050600059437292684,0.03624104366718185,0.019593936579404628,0.005750964772200817
0.9538935757001902,0.020337750610060622,0.01804788887247409,0.0057453737432984426,0.0019754110739768167
0.8366363560436411,0.08632323717143445,0.04778485802724844,0.02069953605488429,0.008556012702791662
0.8551997084398753,0.06946903832233056,0.04744513890665202,0.02057680638572263,0.007309307945419696
0.795421181841001,0.057057682345918063,0.09154330895317997,0.04396865982732921,0.012009167032572007
0.8090603309157336,0.08026274056463657,0.07681042422911633,0.024930935620964333,0.008935568669548984
0.8919220582034714,0.04536214808054723,0.03697159528627496,0.02108457158896476,0.004659626840741783
0.8762355240478472,0.040211790710011276,0.060841507813085,0.019302453530885368,0.003408723898171198
0.8996544705319769,0.036332052565107895,0.043564076273256085,0.016719634965469254,0.0037297656641896615
0.9255064184916674,0.022896445740684338,0.04013576671296829,0.008622957436097518,0.0028384116185824456
0.901588064342782,0.04588421197873909,0.037184687303443924,0.01138918347424085,0.003953852900794095
0.8918800693805359,0.05865791088123975,0.03726875167233017,0.010178777450503647,0.002014490615390518
0.8568582019576751,0.06622294381387976,0.05102030429274009,0.021035253424626404,0.0048632965110785124
