Delta_Power,Theta_Power,Alpha_Power,Beta_Power,Gamma_Power
0.8411312446517619,0.06490030818903494,0.04211208773135964,0.04528151891665834,0.006574840511185078
0.5412725105240103,0.18801009126518242,0.15187778879790878,0.09859637522899055,0.020243234183908068
0.8269602010497351,0.1007616634771547,0.03135377351981196,0.0335060925909431,0.0074182693623549385
0.7238586021223314,0.12717799097261637,0.08087090983803023,0.05661163332355123,0.011480863743470912
0.9397067475987194,0.021639547165565414,0.014870330073316847,0.016528977583737284,0.007254397578661155
0.7331732055822358,0.14344219223322544,0.06669757852745106,0.04861559449855781,0.008071429158530109
0.8239276520372719,0.06625174623737035,0.0696499772381114,0.03429354878731433,0.005877075699932156
0.8281419734132935,0.10859585440569462,0.03028845943089938,0.028538668844964633,0.004435043905147772
0.8861742415021135,0.06083211172187524,0.02832717926686936,0.022018602639215897,0.002647864869926274
0.8056686888531757,0.09334804629235448,0.06116198767725618,0.035608573490428536,0.004212703686785193
0.8570715505403943,0.07329852263550822,0.041776543752702094,0.024071283317939788,0.0037820997534557866
0.7912915655155641,0.10573112547094786,0.0567011088907963,0.0409277977664357,0.005348402356256154
0.8827043848425199,0.04914084644184002,0.03837074490164267,0.025948754143014327,0.003835269670983166
0.9462601562577178,0.032209457765695206,0.012310428469793473,0.007923000899173928,0.0012969566076195544
0.905806793411203,0.06450788890359319,0.012882264598959055,0.014902688880334481,0.0019003642059104372
0.86229171814003,0.08570931774654425,0.0264524219645223,0.02223029253605751,0.0033162496128461027
0.7967349682173522,0.11684141514799043,0.04315562609377574,0.038231016582564836,0.005036973958316808
0.7354117724234545,0.16437818173831892,0.053823607424778555,0.04037866074254981,0.006007777670898268
0.9155063577614726,0.041577855070223844,0.024005258342456766,0.015839717145969358,0.003070811679877466
0.9437585611906091,0.0226339838071904,0.013420557131500975,0.017817406597341632,0.0023694912733580507
0.9338459048914631,0.03724716786282527,0.01482309838833204,0.012149117735264501,0.0019347111221152086
0.8307288872353078,0.07951507973777429,0.05126517545210825,0.033201397573190204,0.005289460001619413
0.8497894806471286,0.06481789236006592,0.04586827997761268,0.03422570250237433,0.005298644512818556
0.8817632961437776,0.07509161429805136,0.025055378340799073,0.015407028160700978,0.0026826830566709977
0.7815867681947363,0.1210899978825445,0.04567413253622065,0.04738734747513958,0.004261753911359129
0.9398683003916871,0.03922126939113706,0.01210471891868659,0.007638744357813112,0.0011669669406759238
0.897376139545464,0.06287872126427121,0.021407146862323315,0.015851712888659164,0.002486279439282295
0.8900881007498359,0.05235214239416242,0.031540337858913456,0.02336644134299736,0.0026529776540909753
0.8806715934318271,0.05180601377449071,0.038790946431404245,0.025394634293274387,0.003336812069003684
0.8186794974653522,0.10481118039222091,0.04081617220425806,0.03133655662829431,0.00435659330987438
0.8806651084454611,0.06274714363936945,0.025890727560717287,0.02769922541328363,0.002997794941168633
0.8929703018931285,0.06274463145709408,0.026589219250215672,0.01518970658939234,0.0025061408101691306
0.6846904704479485,0.184009283038248,0.07332591176251542,0.04817518181898556,0.009799152932302527
0.8663788803702843,0.07029519406401727,0.03588319930204947,0.021720268870367137,0.005722457393281574
0.8239088452190898,0.0802702077366877,0.04532235925501484,0.044868630083595096,0.005629957705612393
0.8769630861298471,0.06147830864345151,0.030145460920241757,0.027042854045213126,0.004370290261246446
0.8189252006525691,0.10021656327170769,0.03861925366846629,0.03697092598432597,0.005268056422930933
0.8493152597531981,0.07730663189695093,0.042105449090430506,0.027190253257859443,0.0040824060015610805
0.9180223029379431,0.04714748589018953,0.020891559443977078,0.011334372882037326,0.0026042788458531265
0.9206520474256015,0.043589274144335215,0.015626025568346722,0.016703534827388334,0.0034291180343281875
0.8306106172181076,0.0765474262526188,0.05093210329399394,0.03563133380666401,0.0062785194286156636
0.9192048104112591,0.03695153177664504,0.02532168334163651,0.01555834663621343,0.002963627834245921
0.7729262290876762,0.109251473726847,0.05995692741723202,0.04991200714442795,0.007953362623816799
0.7839562316531041,0.11792131287349002,0.06208814562596743,0.03065260731709727,0.005381702530341426
0.8761533455123705,0.06726749756343023,0.02631354341434747,0.02608025926019141,0.004185354249660156
0.74955876975289,0.16571112982097394,0.03492248009616234,0.043341046902311484,0.006466573427662328
0.8414787091501895,0.08671701979684023,0.04266210331143876,0.024905555563922276,0.004236612177609159
0.8959580896967431,0.05122799276616674,0.029396680688890765,0.020203393836342558,0.003213843011856753
0.8843560347264358,0.06477146419204667,0.030620201965920166,0.017848090898015964,0.002404208217581802
0.7853147353526548,0.1238954968430167,0.050615125179690634,0.03437438577459749,0.005800256850040525
0.8199018072748522,0.09308979263530179,0.04703353349276377,0.03309924423412843,0.006875622362953778
0.9002681036603595,0.04856042389789147,0.02693210211849381,0.02161645389835467,0.002622916424900676
0.8730041277357043,0.06701301896479209,0.03880507168398846,0.018578574740831716,0.002599206874683398
0.8687880413010127,0.07853571950510636,0.0294335914084056,0.020583389387993326,0.0026592583974821816
0.8809557760411817,0.04375099390357527,0.0406814447608796,0.03130874414773461,0.003303041146628698
0.8047996277153363,0.13667664386678785,0.03500409557405935,0.019938407216791715,0.003581225627024746
0.757668753560999,0.1532175160799585,0.04658470371288021,0.0340652934361574,0.008463733210004909
0.7122044422901931,0.1562854637221653,0.0671608229565689,0.05279331293705873,0.011555958094013892
0.7557629169611684,0.13489262399379506,0.06216985908352484,0.03828360229476993,0.008890997666741757
0.7829983004123222,0.13463755069171865,0.03979530944295764,0.03458411170986684,0.007984727743134573
0.8315297071473409,0.09055455963969844,0.04085842164783269,0.031266290361584806,0.005791021203543149
0.8462295127538421,0.10804803920273899,0.023272392441135856,0.01888134590963749,0.00356870969264541
0.8830869316738446,0.06184902782362132,0.02836314863296666,0.023128028137173982,0.003572863732393744
0.8488345559072438,0.09494990714020002,0.026942659808218933,0.024740962227434507,0.004531914916902808
0.8294513857667513,0.0753026566745451,0.04398283848895261,0.041490500829126205,0.009772618240624873
0.7727578164608931,0.14918554481706378,0.038662017963359926,0.03376810354357215,0.00562651721511125
0.8399938640251023,0.0863008173091892,0.030162855141005817,0.03688478871567328,0.006657674809029143
0.8909791137507768,0.04792178057720717,0.030452673040140522,0.023222895689906903,0.007423536941968625
0.8622520528700693,0.07424189942670426,0.035000803463762775,0.022141033210663352,0.006364211028800525
0.4386884974367947,0.3179396141071215,0.12618183260367877,0.09756248571726132,0.0196275701351435
0.6620152447078141,0.19307803059867618,0.07630347147158736,0.056329202103849715,0.012274051118072634
0.8110299567360355,0.08956518326428378,0.06022919847428991,0.03231054001194374,0.006865121513446948
0.8133756813109897,0.10184222121352969,0.04533899867841182,0.03453178635942054,0.004911312437648493
0.7374511793394339,0.1049398251071917,0.09815284777343285,0.05205701110667057,0.007399136673271158
0.8279776213467156,0.0996167267819014,0.03143561642904594,0.03584488052655498,0.005125154915782119
0.8318080664875981,0.07927195178132938,0.04850669890522109,0.03413492233363713,0.006278360492214283
0.8558751273726652,0.08298270327757279,0.0316804721453966,0.025254644178169944,0.004207053026195516
0.6861638401152977,0.20116605886344746,0.051313474438440344,0.05313906523141981,0.008217561351394578
0.953071450724675,0.02837511405122425,0.00909655453461654,0.008191099039921065,0.0012657816495629485
0.899423179952255,0.05470767504845786,0.024948477571613798,0.017894959295942234,0.0030257081317310777
0.8586377121467949,0.08144542760693374,0.026052429340771257,0.029679796966608336,0.004184633938891809
0.9357126049106559,0.03595354099616958,0.015669572882739145,0.010728766695071784,0.0019355145153635768
0.7962859605190009,0.10809155258783754,0.053138210692149045,0.03800066256026022,0.0044836136407524025
0.8080876922028694,0.1145001946711142,0.03707803076758676,0.034918852852584344,0.00541522950584537
0.7893009971235714,0.11010230317739127,0.05651556762711793,0.03796725994166462,0.006113872130255043
0.8082762249918797,0.1209353942037473,0.03421330558241187,0.03075545849678196,0.005819616725179035
0.8782168552674265,0.062209758725320224,0.032912780820021165,0.023458062436642592,0.003202542750589648
0.8837471373200935,0.07357582256209388,0.022864497579456435,0.01696456871917287,0.002847973819183365
0.6448935677894517,0.2248942213099603,0.07827154668123029,0.043394320468799104,0.008546343750558509
0.8395898967261939,0.10225610737333583,0.03033977381595893,0.024183062094198234,0.0036311599903133132
0.9110452875299029,0.05362375168697872,0.019912678757992547,0.013491658299034235,0.0019266237260915345
0.9005109561591069,0.044521362736510896,0.024783509128509965,0.025998610156127793,0.004185561819744254
0.8117337306089681,0.059772326629440646,0.06319071765229956,0.045109400702838844,0.020193824406452614
0.8670202178955099,0.06007537416705698,0.043565321138548725,0.02186009973154795,0.007478987067336576
0.9069286581919325,0.05132496791307769,0.019770745057121578,0.013313071394040976,0.008662557443827322
0.8531236017351905,0.06707070462008934,0.034481648654249804,0.0325232038869196,0.012800841103551033
0.7004247517485593,0.16799159085837662,0.06492310606905567,0.052111479536730565,0.014549071787277783
0.93770048503537,0.02799319915815778,0.0171162821413323,0.014199545270019718,0.002990488395120058
0.922157411751539,0.03988731681913445,0.022009756031318287,0.012183927060722683,0.0037615883372855235
0.8990365275382625,0.0451285937992832,0.03011570577649911,0.01985227049189695,0.0058669023940587
0.8302776908302127,0.10310240812480607,0.031547062081559364,0.02727986470540917,0.007792974258012537
0.8551206865552633,0.07525551098439326,0.03161602397742675,0.02583781375103838,0.01216996473187828
0.8710477296517957,0.06371764678259968,0.02907347133317546,0.022565353968450604,0.013595798263978828
0.8826627930911076,0.0553985702168766,0.0350149357206535,0.020211648358588994,0.006712052612773457
0.8882836639556702,0.05854698178943257,0.031034865447932464,0.018155632023103035,0.003978856783861772
0.8656551376129201,0.07245658332108927,0.028178595699764605,0.029316571766672964,0.004393111599553115
0.8102747538226095,0.12636326898993228,0.0363210022703488,0.021640406555480784,0.005400568361628618
0.8729515899196711,0.0720552319376173,0.02337663584840023,0.02571581047826123,0.005900731816050328
0.8433284348065445,0.09567528051098423,0.029055008731769593,0.02471917369843999,0.007222102252261657
0.7878036082152453,0.09772302904253169,0.05937802068483881,0.04064919296656892,0.014446149090815465
0.863046206608075,0.0766220967371982,0.023374452822285147,0.025668960421362394,0.011288283411079205
0.8482926989073699,0.08014309617543705,0.03465255364101492,0.028398455159878863,0.008513196116299021
0.8500616088872229,0.0752719056902809,0.044313826102682065,0.02597264244778724,0.004380016872026703
0.8319469201787714,0.0916983210300885,0.036063661988739844,0.03015127512219511,0.010139821680205115
0.8880851071641402,0.06038347179135514,0.023880482517759236,0.021524514608084706,0.006126423918660508
0.8906938422313062,0.05714216088142489,0.02744381317200872,0.020544799407903033,0.004175384307357333
0.7677336068014499,0.11279416974590564,0.07027835944832118,0.035736112108864376,0.013457751895458734
0.916900847839405,0.047161935672745944,0.014133440572471925,0.01623810850365831,0.005565667411718742
0.8570461468042629,0.05609648735509382,0.04420916339376832,0.031621960089392886,0.011026242357482058
0.8058918718420165,0.10121344694091257,0.04481501816530735,0.04056075545150757,0.00751890760025612
0.8981210091366828,0.05809794688301166,0.024897206285876716,0.01584870610942883,0.003035131584999874
0.8269604980791196,0.10015369708619737,0.046326787352091586,0.02231000837337641,0.004249009109215077
0.8302909423556583,0.09506433719648834,0.03911610715234406,0.030409445634625193,0.005119167660884214
0.8227806810228689,0.09838046516974708,0.03532515437771813,0.029753939933741813,0.01375975949592414
0.894831538659504,0.0540465552365522,0.018685061657176812,0.02448070934655739,0.00795613510020951
0.9395113371093328,0.027768334464879273,0.012830557297607438,0.014544251270293086,0.005345519857887454
0.8872038326566424,0.06203264462387746,0.026170405147629153,0.020571539168035478,0.004021578403815548
0.9253485141436213,0.045411309906947965,0.01323665254040942,0.013721894627323275,0.0022816287816979316
0.8607299902449354,0.07838356747041142,0.030882563084732424,0.025255850480796815,0.004748028719123983
0.8447935242449717,0.09353254077128673,0.0361508176229009,0.020729361033893383,0.0047937563269473855
0.8716254862171146,0.05175603725426785,0.03477625532390393,0.029867311673440818,0.011974909531272766
0.7790422341161407,0.09748270945729733,0.050224809333698384,0.05523500722275396,0.01801523987010964
0.7647464358198116,0.10194176181066104,0.05527080464621356,0.056185287102445546,0.021855710620868198
0.7567900675679115,0.13860678172321195,0.05480598610116218,0.038875449835873876,0.010921714771840525
0.6779559105819877,0.19722296102300263,0.07593678258608044,0.04176729560528844,0.007117050203640885
0.6746396971277988,0.20528425825847324,0.07008714897645808,0.040771470143711235,0.009217425493558633
0.7827785536873284,0.108573137987721,0.051579677438146045,0.040640544171326114,0.016428086715478272
0.7774348147280774,0.13243024229483727,0.04969662423251234,0.03164515148808378,0.008793167256489532
0.6930580282006271,0.1563930756322447,0.09270424154181289,0.04435432736706072,0.013490327258254798
0.8304573010853973,0.06975020925767651,0.046918618897758106,0.03682465510270579,0.016049215656462324
0.8392741763748386,0.08402862339004534,0.034733507551365304,0.03049747374494673,0.011466218938803757
0.6986683480551888,0.18892530720443318,0.06135529703585957,0.04105970032301756,0.009991347381500842
0.720647941495099,0.17013641629451534,0.06252860295289071,0.03975588038294248,0.0069311588745524675
0.6115225518771047,0.23165799806384574,0.09886595823081558,0.04862190809910861,0.009331583729125336
0.9142828941658739,0.051400000219578496,0.01770564636305284,0.01285580711913524,0.0037556521323593075
0.9212904276460174,0.044785807231459536,0.01824421208062131,0.012378504877472609,0.00330104816442902
0.8812963496031601,0.0605769625761587,0.024072445508980238,0.02225636446873059,0.011797877842970402
0.9154766484227526,0.031668111662882234,0.02392657972007064,0.018833816378197293,0.01009484381609718
0.8138247281752526,0.10954146194147883,0.0458095973103605,0.025245651967179077,0.005578560605728875
0.9152789008729464,0.04759629201842381,0.02201390147727406,0.013146571499723614,0.001964334131632346
0.7956930539763486,0.1116206653935504,0.056190120573320915,0.03049945495623625,0.005996705100543869
0.8730217504078608,0.05788237195213774,0.03348566690902338,0.028981314039165287,0.0066288966918126
0.8648378100218882,0.06603601175047705,0.03379519487757584,0.029599053668281815,0.005731929681777255
0.6663702226362697,0.18105044388183747,0.06940793516229614,0.058630099935279026,0.02454129838431776
0.8366764850503308,0.06144220480553874,0.04995104947424564,0.034904366740536506,0.017025893929348286
0.8206912652174109,0.09238741874452336,0.046495835278998435,0.0298040448390001,0.01062143592006716
0.8850311461063028,0.06233257969638622,0.023418649430273844,0.02378619817412573,0.005431426592911082
0.9243898560945736,0.04433263963965097,0.017804460270659052,0.011068593137216696,0.002404450857899768
0.8537127344034141,0.0766259422505348,0.03273014390887508,0.03312539170164413,0.003805787735532019
0.9117002159853254,0.056579692367358804,0.017435533039401752,0.011562646673085894,0.0027219119348282765
0.7682682204218431,0.14623898463470475,0.04912032105346917,0.030234860271160104,0.0061376136188230025
0.8757984063857626,0.0657927814338347,0.0251833356092294,0.025807678139349508,0.007417798431824111
0.8235327675970414,0.08840934611000047,0.044587466923118865,0.031931874444970955,0.011538544924868242
0.8730878294260966,0.06479219028223573,0.02387959069326959,0.026342175140181473,0.011898214458216568
0.7869663811538301,0.08849606804072162,0.0669459442286439,0.05029091381333492,0.0073006927634693295
0.7708832441952633,0.13558833933766729,0.048054948490680205,0.03978978796824537,0.00568368000814374
0.8117250352734316,0.09641948242804416,0.05005362925702235,0.03264707189646877,0.009154781145033057
0.7935751767054482,0.10196539114342701,0.043959435924699135,0.042337849804469224,0.018162146421956404
0.8788071066302257,0.05904469631336764,0.03160503183390086,0.02394846922895857,0.006594695993547452
0.8949310494106596,0.04847376999819908,0.03478816455647751,0.0170279042147976,0.004779111819866201
0.8673932397691868,0.060397559208349334,0.027400815525929142,0.030429835057263082,0.014378550439271536
0.9012156340166572,0.04860026471234482,0.020116327010636176,0.02184901696460201,0.008218757295759766
0.8600541975160119,0.07028717020897707,0.04169392386124473,0.024197736208298178,0.0037669722054679707
0.8385890250782359,0.09138550013101623,0.04263177657665271,0.022548920833663277,0.004844777380431975
0.8558252524891393,0.0694077748534853,0.0361392964437046,0.02657477586283198,0.012052900350838818
0.811216063312655,0.08545306796200924,0.05330158713996338,0.03982293144148332,0.010206350143889096
0.8388103573923081,0.08079007876835073,0.0450303492415687,0.02907421817856589,0.006294996419206555
0.7940395944973221,0.12248387429814471,0.04914167332107608,0.024161154638627398,0.010173703244829751
0.8596559854913834,0.06041165545055364,0.03254325737807868,0.02933218283960379,0.01805691884038039
0.7614528569499992,0.11439901554755345,0.06742111525328773,0.043309278853333154,0.013417733395826546
0.6478106215486644,0.2135164029993963,0.07669408631005663,0.05326610079228066,0.00871278834960185
0.9037017923985647,0.03640192659875844,0.022415061468906834,0.025191485716885467,0.012289733816884498
0.8366994521484629,0.04065019766177407,0.02789147518407343,0.05494230200838048,0.03981657299730908
0.7869831134235226,0.10776427867884539,0.04478690114138703,0.034460298298321944,0.02600540845792306
0.8501101332088938,0.06274692287650965,0.03831364442898068,0.026958651611898008,0.02187064787371781
0.8544485452290648,0.058480441384463774,0.02866900603184939,0.03218814620754146,0.02621386114708075
0.9256927461118482,0.04107760873645272,0.010279147006290242,0.01559130919193436,0.007359188953474546
0.8511092890121718,0.07049889079441637,0.03916051128767853,0.032513037128280964,0.006718271777452465
0.8531633717678185,0.07361963255271317,0.034685679817021635,0.031356896781979,0.007174419080467417
0.9324369739259754,0.03041888792483695,0.01908171503430789,0.013264401738857854,0.004798021376021928
0.8061053388350692,0.0847287200123717,0.048925621962919545,0.045754385209848786,0.014485933979790937
0.7102413219369165,0.13433387356680307,0.07129236065867435,0.06938273403087229,0.014749709806733657
0.8150255143930015,0.09698002029929292,0.05087585978444275,0.03156814962703544,0.005550455896227302
0.8238000543244226,0.1109368159232242,0.03725434626748017,0.02433991436296061,0.0036688691219123456
0.5728748111798398,0.20910138084354893,0.1141820677043269,0.09379944652321298,0.010042293749071384
0.8253156023678578,0.09356511853852004,0.04675589000015422,0.029354569919793665,0.00500881917367439
0.8943571507898197,0.052501194933259276,0.0273999741004968,0.02191088169646157,0.00383079847996272
0.7814931810953911,0.10411004026224482,0.06907706881377877,0.037654604808828714,0.007665105019756409
0.8064799440602499,0.08673157551865544,0.06455936808314942,0.03686261544670822,0.005366496891237026
0.7939551536169797,0.10415006498310007,0.05034123596637492,0.043923591015780285,0.007629954417765075
0.8490206839165385,0.08010363023337601,0.03769699296257136,0.029439636783588716,0.0037390561039255523
0.7810486501689625,0.09552627253898673,0.07860502351497972,0.038910177513167374,0.005909876263903706
0.8540769256909341,0.07165970459053556,0.046303936640830906,0.02478467939469639,0.0031747536830031148
0.8507412759888041,0.08348605230258235,0.0330362518483095,0.02834703868015405,0.0043893811801497895
0.8170355659633567,0.08737257104549556,0.052382951116133974,0.03785135601818928,0.005357555856824547
0.8742022715891974,0.07225416763094185,0.02359997262186611,0.026272677876979945,0.00367091028101452
0.9095034724081552,0.051661675775789805,0.020428406428642867,0.015997670616987585,0.002408774770424214
0.7719541242433186,0.11565892922162098,0.06480575499921452,0.04123324679609524,0.006347944739750588
0.8282117579831869,0.09216140560836279,0.04778374677994628,0.02623719204931556,0.005605897579188651
0.7928362196014596,0.13316420485880592,0.038118033598574665,0.028591749398037106,0.0072897925431228755
0.8403494206442158,0.0879612551321988,0.04284046176128827,0.024058226255705507,0.004790636206591531
0.826998611410809,0.0795306288952958,0.05758567566157919,0.03080999177553722,0.005075092256778534
0.8398571816399636,0.08245241086509357,0.04031809374495277,0.03241987250831555,0.004952441241674553
0.8795529287198531,0.07079187755569107,0.026285144701748434,0.019653148592288765,0.0037169004304187336
0.8334162958494066,0.0839998790541823,0.04468766115474828,0.03239271172291785,0.005503452218744944
0.8549990049194918,0.0787555364176155,0.0420584702342839,0.01928504408491658,0.004901944343692256
0.881679357181769,0.05541143692282,0.0352831718373747,0.023314173844289132,0.004311860213747024
0.8587118268711993,0.07783893717855471,0.030909749428390934,0.02726094762992815,0.0052785388919269274
0.8912350951360827,0.0579681069961511,0.03140729858185835,0.016401048403963107,0.002988450881944906
0.819831292714114,0.08339682638737438,0.04875967359528442,0.04126924766205467,0.006742959641172304
0.8472893331930526,0.07494347750078818,0.04242052788520726,0.02685360384813061,0.008493057572821724
0.9212140665257508,0.045290534885924064,0.018692376258263737,0.012324045913956888,0.0024789764161043566
0.7459672564707025,0.15243149146700544,0.05667829808853181,0.03739721270534619,0.007525741268414036
0.7596626232679897,0.11880736826918434,0.06505253797569482,0.048910576081106445,0.007566894406024431
0.8545995342988756,0.07461360628803232,0.03677539543236235,0.029525699676751855,0.004485764303977869
0.9356227734474645,0.03786542710545133,0.012045418660860766,0.012652275124509258,0.0018141056617139847
0.9121456680995049,0.0538818579943366,0.014766063279257892,0.015833249546576125,0.003373161080324775
0.7780729174847383,0.1153231221279807,0.05397251510168096,0.0453514144323647,0.0072800308532351985
0.8561885464640863,0.07779052149250906,0.039561454884113896,0.023438737846232318,0.003020739313058593
0.8876878344707267,0.05697412406100892,0.03280571043703291,0.01899875530915554,0.003533575722075813
0.8602507335440402,0.07951543625145777,0.0325757139558831,0.024373490998244002,0.0032846252503747355
0.9110076808543434,0.04803537302331855,0.024426157309055764,0.014163565028514145,0.0023672237847681492
0.83788655759391,0.08487029612565533,0.03800180789601979,0.03071543583774269,0.008525902546672492
0.8623201492829304,0.0691982003301572,0.04100869333581586,0.023291596500723422,0.0041813605503729775
0.8446945434497065,0.08367973906453605,0.049235479999010706,0.018579457560821196,0.0038107799259255734
0.8829673080530084,0.06597539858362765,0.023635828415143036,0.02338739867665334,0.00403406627156754
0.713682850010578,0.13457526110733728,0.09302576054312617,0.04899554273328435,0.009720585605673978
0.8664364609726927,0.08183124189752405,0.026292100077105515,0.02170642375705983,0.0037337732956177557
0.9117954545855511,0.0442761418046978,0.02136802229430178,0.017001088659800004,0.005559292655649462
0.9187308789472266,0.047139584341390255,0.016152246143160142,0.014710284667094963,0.0032670059011279547
0.8790681235676879,0.07018732089155279,0.02522809597986666,0.02226077822684546,0.003255681334047189
0.7764734210289257,0.1225685161438898,0.049714771957206576,0.045910709705565156,0.005332581164412814
0.8692823900503237,0.06229652509965602,0.04124435602270512,0.023711244334415172,0.0034654844929001296
0.8531792098089388,0.09724927337751658,0.024230726587638713,0.021421248343483693,0.003919541882422402
0.864100091326651,0.07033520699002195,0.03355642799670568,0.027296902043530902,0.004711371643090461
0.8039408768035472,0.08266261870353085,0.06307530271307538,0.04438800998989701,0.005933191789949845
0.8474065764769019,0.0854414699262632,0.04065171750376891,0.0234454267628938,0.003054809330172183
0.9033813082216885,0.040867587448771205,0.030142345101914787,0.02244230649038419,0.0031664527372413584
0.8325880554102569,0.08306666444412153,0.04663088302785153,0.033381689708129755,0.004332707409640432
0.9392973514483483,0.03401736448785267,0.013968355800822767,0.011441036131278153,0.0012758921316983988
0.8998214543813514,0.055523434224069995,0.02297761362925119,0.01849204747476114,0.0031854502905661356
0.8522946722794131,0.0705126405291369,0.04789947232378647,0.023851191177808668,0.00544202368985474
0.8893035521485972,0.06859567811838396,0.021645485344368602,0.01777191372323654,0.0026833706654138217
0.8482031379204092,0.09370957512100801,0.034810944665569304,0.019403200961297877,0.0038731413317155297
0.6859246984087636,0.20587715887204833,0.06535273784840025,0.03568641321018036,0.007158991660607354
0.8628698260241183,0.08703354052566889,0.026998153360139113,0.019757090397564247,0.003341389692509517
0.7894144419489043,0.10843529803921584,0.06078538879435913,0.03522263108707558,0.006142240130445462
0.8678045174964947,0.08439510497852536,0.023424794913014985,0.021328494916075365,0.0030470876958895647
0.8714794471833671,0.07631601976875561,0.027596355086760026,0.018319635050344188,0.00628854291077298
0.9318186760216816,0.030371529671708638,0.017601234260849072,0.01334638573329545,0.006862174312465216
0.8308090908841604,0.08974061227233238,0.037281420596635334,0.03672683638658095,0.005442039860290526
0.7453706212200415,0.13038933710967476,0.06819752897933572,0.04724186221831882,0.008800650472629165
0.7555699072172879,0.14224029268540966,0.041654284369183905,0.05065462305809199,0.009880892670026462
0.7209698924049717,0.15917156196015644,0.07002585509665685,0.04286448607087863,0.00696820446733629
0.7733338556832057,0.11698249088476,0.06225928689199,0.04009071103750977,0.007333655502534583
0.776217667530138,0.10601246705956566,0.0669367600943544,0.043747048240157044,0.007086057075784743
0.8513358804119522,0.0759511332088829,0.03561435505979747,0.027239906792031508,0.009858724527336122
0.9151884719133867,0.039365457357560155,0.019688619499165724,0.015853158703249846,0.009904292526637548
0.6567508262428793,0.17639502334878018,0.08303999987997907,0.06514489709626174,0.018669253432099898
0.7145501044472354,0.14532734171338454,0.08391165350390253,0.04799070634774238,0.008220193987735148
0.7960660866188933,0.10873295562108766,0.046034663036225845,0.039327251415095646,0.0098390433086975
0.8624418047141607,0.058232349220427436,0.04466863290203551,0.028951597542254858,0.005705615621121413
0.8468598989700804,0.06642391270155701,0.05033698700664662,0.030455075332519572,0.005924125989196658
0.8428305077720033,0.07704500112682545,0.04436576704459675,0.029825272661460064,0.005933451395114669
0.8976485085897888,0.0569320842050686,0.02254010269802659,0.01793132376584565,0.0049479807412703865
0.8922885165846463,0.04954646785716829,0.03360577906735811,0.02064374328361307,0.003915493207214325
0.9045261596537116,0.051723868268184606,0.02444706741909667,0.0163298838926954,0.0029730207663115895
0.8918282155930601,0.04809129994380893,0.032563036899289514,0.02362460629107887,0.0038928412727627674
0.8863689323181151,0.05263718983704716,0.03286181272276545,0.0238738694562603,0.004258195665811829
0.8677356881745685,0.07131156093171714,0.028340726452273812,0.027289691380906547,0.005322333060534166
0.735048051113991,0.11065781354137674,0.09009980466243676,0.05558405583637888,0.008610274845816638
0.8182704984754983,0.10197488755849393,0.040930373538146374,0.03291016254779744,0.005914077880064007
0.9309231181232228,0.04026099834984422,0.01536273479141958,0.011225795825149296,0.0022273529103639072
0.8604760685268856,0.08572427392522126,0.025077693247454375,0.02525637777498618,0.0034655865254527704
0.8276382729087204,0.09955015721907076,0.04016693895601946,0.02794813174521148,0.004696499170977857
0.7942847072396749,0.08882231117718987,0.06946767586263936,0.04187581315234468,0.005549492568151165
0.7324888992855922,0.13560683218033268,0.07502445619152166,0.046437479657706136,0.010442332684847249
0.8751007732555327,0.05389337161980477,0.039018407052427886,0.025573557273922583,0.006413890798312224
0.8836737353394378,0.05955919518480323,0.02844263778289141,0.025381710730160784,0.0029427209627069786
0.8222075522264164,0.09147423339168845,0.04126237458576968,0.04027160975421995,0.004784230041905426
0.9202338695533696,0.03689321312166749,0.02381971183237685,0.01566439032319721,0.0033888151693889025
0.8839639322865052,0.051699529435062695,0.038720966990138765,0.019184347349846618,0.006431223938446648
0.8876499956338374,0.05979747669626547,0.03207278429373246,0.01489642789172971,0.005583315484435081
0.7551794135293511,0.1422858966012954,0.06022139505762363,0.03357365172571454,0.008739643086015336
0.7739564534396045,0.12630838741829672,0.06404375791946687,0.02972461622318361,0.005966784999448357
0.7573015415427103,0.09730688896598153,0.06739332901360712,0.06702058189233426,0.010977658585366616
0.8708139439247163,0.07045345112573641,0.02740695137770173,0.025981542778675627,0.0053441107931699134
0.8591535424250482,0.06881077867236154,0.03671789786771661,0.02852817195742774,0.006789609077446025
0.753278055954279,0.1241377448482619,0.07431473560013442,0.04041831423554634,0.00785114936177823
0.7814699644495379,0.13126978098979003,0.0426750491693344,0.03693074145110706,0.007654463940230499
0.8661279178061136,0.059166789828694985,0.04277701038717443,0.026001698280396744,0.005926583697620169
0.8783390130866378,0.05662253456939226,0.029038244437977537,0.031040018403437942,0.0049601895025548634
0.6788291917703912,0.15790576406524426,0.08073322379234171,0.0660900918488773,0.01644172852314542
0.8946959543848516,0.051239851474634175,0.03148983380699542,0.018863966171433835,0.003710394162084623
0.8881359352233096,0.06666265547533086,0.02545146523366921,0.016981383254628647,0.0027685608130615584
0.9522497782230805,0.0241431770031424,0.013368811540314144,0.008822308410954252,0.0014159248225085223
0.8874846466403357,0.07727800636521963,0.02002559122352189,0.01222123332363546,0.0029905224472874577
0.8446586807582052,0.08677371300320458,0.03599732229150293,0.027661847147204693,0.004908436799882515
0.8218198600729965,0.11297795955140338,0.03685820013873673,0.02279755275337311,0.005546427483490287
0.6827635454502337,0.1998281696898105,0.06822925637380073,0.039790148541056294,0.009388879945098703
0.8881151827421594,0.06395626255420732,0.02832518987492034,0.016763084439374954,0.002840280389337798
0.874426825546764,0.06508494228090408,0.03475590393464605,0.021454191154385984,0.004278137083299808
0.7979576120744865,0.0954418843748898,0.06269452815060422,0.0381034119487142,0.005802563451305316
0.8294921797559746,0.0984510157642058,0.0390625504950801,0.02722471720471676,0.005769536780022458
0.7669574918828023,0.11910082121538791,0.06242615476303751,0.043018685010962,0.008496847127810183
0.6839983520699656,0.16747215082933692,0.07051601693508158,0.06642513528112756,0.01158834488448825
0.8144522797496919,0.1046920527806359,0.04414187024972116,0.030883874068974183,0.005829923150976827
0.7957703741317323,0.11606386407370448,0.04449670703539103,0.03436680185905046,0.009302252900121698
0.9351260738344119,0.029328955586665355,0.016952915738878884,0.014073833563381533,0.004518221276662293
0.867764233127109,0.07643545983002517,0.028629700059075,0.023370247303395073,0.0038003596803956744
0.7189733933984506,0.14690451505610508,0.07525479257191546,0.05087364387493153,0.00799365509859751
0.8995169800511572,0.05701295486715418,0.022549012149662078,0.01764833250706817,0.003272720424958278
0.9264063994046983,0.041450713623936805,0.018005964375569422,0.011684269393025517,0.0024526532027697515
0.8371324832573204,0.07853502805544695,0.042674325339631405,0.035826502009372235,0.005831661338229059
0.8071613015617134,0.09907549150606933,0.05030180853719296,0.03693008012299985,0.006531318272024405
0.8889109568525125,0.061593394805953355,0.025956896658393853,0.019477052251407816,0.004061699431732223
0.8733579124719214,0.07603499959961664,0.029645042763332824,0.0173621228735603,0.003599922291568902
0.844535710519327,0.09337111103995928,0.03303021899783931,0.02450952029312428,0.004553439149750126
0.8133676497377098,0.1046704848711757,0.049535815155478335,0.026927805269773418,0.005498244965862826
0.8179774907670962,0.09532087374258122,0.04996947171025737,0.0316093517263043,0.005122812053760701
0.8825358266825066,0.06855253526672553,0.02637054248083785,0.018890665173389727,0.00365043039654018
0.7753879955740632,0.14078745426439124,0.04389869782735763,0.03456044372732968,0.005365408606858047
0.7963020645086991,0.11329336418094262,0.04477215031871589,0.03967689902208641,0.005955521969555712
0.9132593594770193,0.053226159022556147,0.01844276249993633,0.012249197708696107,0.0028225212917923127
0.8648358963948974,0.0765776033781589,0.02741368201030316,0.025729489119753868,0.005443329096886327
0.9083736062104208,0.04244395276324107,0.022973207836396267,0.022680648427218668,0.0035285847627232166
0.7871516695229719,0.1121454344612625,0.05576071772254411,0.03771847578790705,0.007223702505314339
0.8689055052518847,0.07070090659901901,0.03058072587471079,0.026242074889605043,0.0035707873847805483
0.8019392046884738,0.1118299013616255,0.04416041859068368,0.03459788733738568,0.007472588021831026
0.7451714725413932,0.1457848980616235,0.05890131686467398,0.04387131025685906,0.006271002275450294
0.8121675769226165,0.11412583951092976,0.0420580656947812,0.026830759328852778,0.004817758542819759
0.709514523564025,0.1523419044431468,0.08056566578696535,0.04848418340455556,0.009093722801307358
0.8682312028954822,0.07132141808761075,0.033952661559277265,0.02305707376795764,0.00343764368967218
0.75883909285669,0.14526994485095024,0.05047652347567951,0.04055554209899054,0.004858896717689766
0.8639995712924492,0.0700146690513781,0.0351385699684837,0.02662867055018471,0.004218519137504392
0.8953502227312989,0.05837110472033156,0.025625710424539164,0.017467496465744838,0.0031854656580855467
0.9399099527608943,0.030051099951137476,0.01390771515431533,0.014161792617098231,0.0019694395165547668
0.8270131007994572,0.08592847357400712,0.04460957113668368,0.0371623353543599,0.005286519135491787
0.8495362565122528,0.0782155213156902,0.03517820716593351,0.03272781493941308,0.004342200066710309
0.8839039084406901,0.07337637743831874,0.021793827837667427,0.017111273095148843,0.0038146131881746535
0.8412468069759561,0.08193126229354696,0.04543003669105487,0.027101427835091788,0.004290466204350572
0.8304663996920023,0.10479502468816793,0.03810611521205326,0.02365998529285519,0.0029724751149215398
0.8506859213352413,0.0763552148763296,0.04179504494979491,0.026863254845736026,0.0043005639928980505
0.8234424390541506,0.0978981281876446,0.037399955292502826,0.0303388718952469,0.010920605570455112
0.8402439366482749,0.0929285023936967,0.030269955062413815,0.024910100864749082,0.011647505030865401
0.8290722240600806,0.07120415013353665,0.049963988084194624,0.0387299399460787,0.011029697776109423
0.7819492421770775,0.12872216463279132,0.05289187741939853,0.02835193707969181,0.008084778691040687
0.7865634414042448,0.10751071424267968,0.047921057727562846,0.048700239906352125,0.00930454671916043
0.8565388667221704,0.08075736694864341,0.03198852748349498,0.026591813398908915,0.004123425446782439
0.7695234232354464,0.15166173778949382,0.040435836036543604,0.03274004080498607,0.005638962133530185
0.9068340268943433,0.05132174845541344,0.01744991889287425,0.020204572381940667,0.004189733375428389
0.8422526846880449,0.07607977041823984,0.04076074870580855,0.035140989342355294,0.005765806845551506
0.8185022004103087,0.10443453149162994,0.04047678502654298,0.029078115700680897,0.0075083673708374096
0.886380906589828,0.05613674357815068,0.028663357753539044,0.023969020790288637,0.004849971288193368
0.8699462292600871,0.05756119723752706,0.04107884089735828,0.026403584794219673,0.0050101478108078405
0.7880909904877407,0.1289753271751042,0.043494124398098764,0.03142992668163222,0.008009631257424177
0.7955622973763388,0.10456279957263191,0.05283963644677759,0.03902237137722594,0.008012895227026163
0.8551311850862797,0.09031431309571405,0.023848063362630838,0.025589311709235344,0.005117126746140039
0.8783379213710304,0.06690913759390445,0.022504447176968072,0.027906666129584652,0.00434182772851228
0.8446590847319335,0.08297401292577192,0.03901228319475532,0.027549350246122095,0.0058052689014172045
0.902589151383099,0.04161575898862343,0.032184777895823496,0.020707509528095695,0.002902802204358452
0.8356930475032031,0.07963480127797831,0.0501345806650008,0.028342635099908926,0.006194935453909041
0.8477483493372207,0.09222904824037538,0.03489562196108947,0.0214997188294933,0.0036272616318210565
0.9036140031430989,0.046597264798823174,0.02801666158080569,0.018123468466341525,0.0036486020109306044
0.8766171724082631,0.05978963121546694,0.031601031762381514,0.027636403117139247,0.004355761496749391
0.828503038023636,0.09273342682206803,0.04184006030899325,0.03202341861103423,0.004900056234268598
0.8844383988337373,0.05567011350832648,0.03582379135027888,0.020188655869554973,0.0038790404381022782
0.8317000400899233,0.07407145215333898,0.054168428501431,0.032028971699611435,0.008031107555695206
0.8947475402943452,0.054813704055368374,0.027312534297260514,0.01968633404910261,0.003439887303923345
0.9209196228503422,0.03924026554802136,0.01869037938655547,0.019068283877946915,0.0020814483371341067
0.8792514306668058,0.05861144875270649,0.032054533329023964,0.02613149012226472,0.003951097129199076
0.8793674577796852,0.06652055534765743,0.026459602383095086,0.023505353848314696,0.004147030641247845
0.8634995933943422,0.07068920834569516,0.03295832956143938,0.027261067892127448,0.0055918008063957315
0.8980377613522318,0.0542084753156453,0.02205509746943305,0.021421711493150433,0.004276954369539379
0.9269685658276523,0.03743048466248553,0.018034961514881532,0.015116667478487717,0.0024493205164928967
0.7718022199249017,0.14351011541865796,0.04183441585439228,0.030304861971020357,0.012548386831028034
0.7740281270966499,0.0933973137310534,0.0718850826706036,0.04708042700694575,0.013609049494747704
0.7646010959766046,0.12008480272050884,0.06037951231708454,0.04448459462090482,0.010449994364897368
0.8656860964758285,0.07482827494245983,0.024852722042241697,0.029107947620127455,0.0055249589193424814
0.8575770564829969,0.052998107609075314,0.05003203334168143,0.033006577230315505,0.00638622533593093
0.7905068104757123,0.08043921821172302,0.07628828435522066,0.04172218013755914,0.011043506819784997
0.854149954546892,0.06118090159800824,0.0443859496844998,0.02989585169887317,0.010387342471726737
0.8083750002232336,0.0922027012772013,0.04849508275152519,0.044265435198397624,0.006661780549642282
0.8821014957679421,0.06643867076361766,0.025341671968908856,0.02259441844528407,0.0035237430542472904
0.9142232674213373,0.04966065243684778,0.01606972348125803,0.01602531237536863,0.004021044285188355
0.790389412258887,0.13304684878223172,0.030214134123001155,0.03456186945048148,0.011787735385398476
