Delta_Power,Theta_Power,Alpha_Power,Beta_Power,Gamma_Power
0.8985365181809816,0.04296201104480432,0.02999703189113762,0.020199144508063857,0.008305294375012753
0.707525991363002,0.1314870300502385,0.07731360642982889,0.060155429790810025,0.023517942366120724
0.9503859498470466,0.020792565707950707,0.013292101717578232,0.010249756574067341,0.0052796261533572435
0.835826895604197,0.048499278143083656,0.07371332826740966,0.02950515582517649,0.012455342160133177
0.9020852331224292,0.04899617639713839,0.020848948111194938,0.021432542909003222,0.0066370994602345445
0.8216124014570065,0.07386943002594568,0.05860336491226916,0.03917451618042922,0.006740287424349296
0.8867531574350676,0.06685920111128783,0.021466521509716112,0.018503446089824842,0.0064176738541036095
0.8989232836841093,0.05038876101902734,0.019913608728251816,0.020217218908701276,0.010557127659909982
0.9080364810281067,0.04514609688576693,0.01835491114045189,0.022602281152242127,0.005860229793432049
0.9212176606540871,0.03749092058850518,0.014004539272710243,0.019878317587961963,0.0074085618967355184
0.8580248477082298,0.05973404691039202,0.042790917842986456,0.026907871238212568,0.012542316300178847
0.7859420851110297,0.07378499501463885,0.07092961333064217,0.05159913772494042,0.017744168818748966
0.886134396550436,0.04981108349908377,0.03212952287025839,0.023869711724817208,0.0080552853554046
0.8703363084723735,0.048378461074781144,0.04637825254842542,0.02481791123929979,0.010089066665120194
0.9002961170864616,0.039015428601930816,0.03196306320370709,0.02125010354711748,0.007475287560783083
0.8576828863225194,0.0704394635639873,0.029548713268290602,0.030239296807233022,0.012089640037969822
0.7851555298109301,0.07833054663969326,0.07036274327046146,0.047165374263241834,0.01898580601567343
0.8913431803004376,0.03848369977256513,0.03232442088380967,0.02333003799511509,0.014518661048072559
0.8774304666087761,0.04049531017402405,0.03509048597506625,0.03298023587354353,0.014003501368589947
0.8072615157700306,0.06220798323504115,0.04888491666768694,0.056604033349834604,0.025041550977406794
0.8278709770434736,0.09069178531965488,0.03109404938299227,0.03381281819233017,0.01653037006154931
0.8016212139887152,0.09171748209138719,0.04657553241683014,0.043850871961954876,0.01623489954111264
0.9423885202709236,0.017875777316037688,0.01792775903885078,0.013959869970326836,0.007848073403861185
0.7931188633429843,0.09532137175295675,0.04381175336557144,0.04683620030744939,0.02091181123103789
0.7330854763361498,0.09133516788937265,0.09536737686344848,0.056193128126583204,0.02401885078444576
0.8618652931165567,0.05159075994521126,0.04011427523476231,0.029757426657547298,0.016672245045922518
0.9500394373887097,0.018575887437515762,0.011239108527434163,0.015002193295558302,0.005143373350781897
0.7810433265653766,0.10821647897951482,0.04906165885236875,0.040694062899244474,0.0209844727034955
0.8092984858944402,0.09085990100581286,0.04954521169301057,0.03589030814274268,0.014406093263993775
0.901546874039137,0.027565317656765384,0.032953624021748305,0.024375594095959022,0.013558590186390095
0.7485341095742566,0.08806752351608915,0.08476947230933636,0.05281811639626051,0.02581077820405749
0.8847354698601149,0.053728741341919455,0.021909713647609873,0.026937699927974654,0.012688375222381134
0.9143615490780733,0.028745728142261208,0.029435655665002676,0.017730569943212197,0.009726497171450427
0.8428157043319077,0.06414249204965916,0.04371278750557804,0.029546157570711197,0.019782858542144136
0.7318222475036639,0.08858696079131478,0.0841264207227064,0.058799837167607005,0.03666453381470821
0.8107839104291328,0.07080385594265085,0.05001603900882939,0.04609087537000856,0.02230531924937851
0.8479200395179305,0.05582000677305696,0.037909204491199465,0.042516303666458935,0.015834445551353972
0.8371136352924274,0.043084189945217455,0.060830483096827224,0.04127880675450557,0.01769288491102198
0.6891391510420823,0.12736384807467055,0.09821802779161357,0.05760331833636769,0.027675654755265833
0.7622801938345015,0.11418304317291209,0.045885671953639094,0.04659140183855936,0.031059689200387812
0.876173335908681,0.06824513326766184,0.016984917772243067,0.026611119607226834,0.011985493444187138
0.9264578803039631,0.028704312787616537,0.01595285097247074,0.02064934304919666,0.00823561288675295
0.9327651031694512,0.0362664139935352,0.008474981382666774,0.016066771019727727,0.006426730434618945
0.8497959413275206,0.0718761108300409,0.03637181948064325,0.032866020185941335,0.009090108175853687
0.9464155073277868,0.03372746057415582,0.008460123897452083,0.008825091848255735,0.0025718163523497095
0.9151513362458392,0.05078709066478765,0.016327324930835354,0.013026765914494986,0.004707482244042603
0.9030197217839606,0.048288526477673184,0.022781250396062252,0.02089935627935413,0.005011145062949757
0.8489307337839813,0.07145442913959095,0.030668813358699375,0.031397055737140384,0.01754896798058809
0.889061951980434,0.043096790723803444,0.03643275992783844,0.02404779197883732,0.007360705389086604
0.9116662181838477,0.03089521757525021,0.029042938118560152,0.022394519981173106,0.0060011061411685985
0.9455119167673786,0.0339396871755176,0.010635887888058465,0.007525198936713875,0.002387309232331464
0.8954519598094606,0.0349771400108973,0.04712119026396252,0.01895931933763439,0.003490390578045429
0.9397108584973615,0.026492947643498795,0.015280773618167019,0.0156862891862073,0.002829131054765194
0.9111543022575749,0.0451729672398555,0.02232563855391336,0.017029107189019312,0.004317984759636846
0.9300323968386578,0.029376107887604908,0.02079348161238368,0.015844362988909993,0.0039536506724439525
0.9045466427875498,0.032720196097916446,0.03763143896918716,0.019835830892100184,0.005265891253246567
0.8100206379755022,0.051197500322878745,0.08330140465215598,0.045989185897120276,0.009491271152342832
0.8671208214663554,0.05963699808314442,0.05037966497426866,0.017014762275684357,0.005847753200547073
0.9231064490830925,0.02860907979375996,0.023112320324831993,0.019375087159633177,0.005797063638682807
0.8608495926501359,0.05879104562447093,0.04691371985583648,0.026142365146652222,0.007303276722904588
0.9275648611368731,0.031064858361815773,0.026297084964270374,0.011758457192108425,0.003314738344931983
0.8357186843031843,0.07057573219036672,0.05371151515166743,0.03159872406642508,0.008395344288356695
0.8860235858182284,0.0638516164727005,0.02800110274591788,0.01842009804238762,0.003703596920765532
0.9238003657473984,0.034128340232014207,0.02114139974382595,0.017287588985059027,0.0036423052917023504
0.8968999777109962,0.04755506145600041,0.03396825426314477,0.017936136229187143,0.003640570340671318
0.9049321443777602,0.05904335830822351,0.022452078436605984,0.010897755557101927,0.0026746633203084975
0.7920326910339194,0.10743948128529773,0.05968098098957439,0.03291634737286651,0.007930499318342261
0.8585177819845636,0.06611315538717678,0.049735728721453855,0.020354781723584448,0.005278552183221277
0.8803187766236493,0.03648472368176585,0.05092786278461644,0.024739626587491778,0.007529010322476548
0.929388743747757,0.02837722505015874,0.027093386728276433,0.011787381794868856,0.003353262678939138
0.9004025693033179,0.026108677163623868,0.04983220334870032,0.02015410644397832,0.003502443740379711
0.9385908276674353,0.028158741389991377,0.017088522166629202,0.01188798061095306,0.004273928164991028
0.8164940179058436,0.07855840894603765,0.06160500663030349,0.03298214328793564,0.010360423229879467
0.8205529628286626,0.11374765768179834,0.039341633310340345,0.022182486464874807,0.00417525971432388
0.8557458846319891,0.05132450579834572,0.056012846752261966,0.02935731856705471,0.007559444250348501
0.840705887582001,0.051580243470591654,0.0647610234427237,0.03294754821277269,0.010005297291910945
0.7510777448050867,0.11424111119920484,0.07899717278225471,0.04452140928261216,0.01116256193084168
0.8049414615210898,0.07103132666283127,0.08261157488307805,0.034780968710397354,0.006634668222603469
0.7705939149657339,0.09301323222609835,0.09093541793119336,0.03892058196825885,0.006536852908715611
0.7206975687716566,0.15238226635360339,0.07291822584614535,0.044465952579379873,0.009535986449214613
0.8052173345964553,0.09256721789855693,0.0649134250692631,0.030568394800147062,0.006733627635577509
0.9309603075944128,0.03233430622090226,0.025837596102401095,0.009071119040201784,0.0017966710420820136
0.6911457022316674,0.1576954533684768,0.10888863859855158,0.03367171121172282,0.008598494589581462
0.8280390562999423,0.07605267253089623,0.058001432588693835,0.030796996944571976,0.007109841635895557
0.7809348091809039,0.12576280094747974,0.049807511587887786,0.03591007161031505,0.007584806673413597
0.8798746514425686,0.05355814538309773,0.0402330224592424,0.021371834620223955,0.004962346094867161
0.814336233159988,0.07799750008350187,0.0667458001236007,0.033675085877812566,0.007245380755096541
0.9530957889266333,0.01806135549501262,0.01891746610300038,0.007785544245960182,0.0021398452293935593
0.896465893187016,0.03889795138114421,0.03797045634962732,0.022564301572709708,0.00410139750950271
0.8786970978250704,0.04937372856387249,0.044326046442649134,0.022728258243018204,0.0048748689253896695
0.8261923854484514,0.06688096588351736,0.07644064557222088,0.02492346520488962,0.005562537890920732
0.837064529870869,0.07028842486131268,0.059403333169467415,0.025763834551455332,0.007479877546895583
0.9059737335915129,0.04006722206654911,0.03329108239896756,0.015409686739176828,0.005258275203793691
0.9147789019686894,0.027895979853055274,0.03597995045627734,0.016710029264863903,0.004635138457114258
0.8769786891770059,0.05134970004641656,0.03821922929961052,0.025694409002848126,0.007757972474118649
0.8323930878781977,0.054106326057259006,0.06436248015757629,0.04193500069850174,0.007203105208465395
0.8273542927696778,0.09102166180763971,0.04989866776896696,0.025721926651113294,0.006003451002602079
0.7777828651761948,0.08779075785039399,0.08423444573635809,0.03981769192084278,0.010374239316210348
0.8552035978360911,0.048414001209017066,0.0510090775302595,0.03629920338689289,0.009074120037739246
0.8436123574956307,0.0713118878676433,0.04433230113206623,0.033653216896560846,0.007090236608099088
0.8079972656195865,0.07682822285422784,0.08390595401010992,0.02373565538757438,0.007532902128501251
0.906681726974981,0.04388246628010954,0.03649857714838702,0.010292389235075267,0.002644840361447127
0.8806120847976564,0.033167612215169014,0.058580876016132176,0.02269126025190947,0.004948166719132879
0.6246919932767347,0.1797008351021621,0.12451026561333496,0.05534462630991128,0.015752279697856926
0.8828303651927384,0.035928312456085715,0.04904402231614008,0.02467905042301465,0.0075182496120211155
0.8185408913669856,0.08500324829236167,0.0578627387572227,0.031465560002939284,0.007127561580490568
0.8819875580756946,0.04300087769806621,0.049512703513496424,0.020871163179548475,0.0046276975331942
0.8280919340493359,0.09156273562573818,0.04880962522366419,0.02513147466280984,0.00640423043845191
0.7014921721657142,0.15983909602894728,0.09357942755214249,0.03594492908428914,0.009144375168906796
0.725061523754491,0.10017950356724145,0.09910727239551748,0.06196535084188,0.01368634944087012
0.8692495669405069,0.04429026455603067,0.057495512449520496,0.023315386461033052,0.00564926959290887
0.9283031689200932,0.019403745409816528,0.03731358326679805,0.012610691327643184,0.0023688110756488264
0.8286609464201379,0.05690140581164287,0.07792958103001037,0.029168302880111786,0.007339763858097306
0.8854411298411335,0.04722343081025629,0.03767181607505191,0.02334480850068597,0.006318814772872421
0.9012961345244108,0.049602347823829315,0.03253512648432373,0.014024933554239194,0.002541457613196635
0.7770861715435785,0.10030920787167752,0.08503837781987983,0.029638837350967815,0.007927405413896428
0.7815897545887887,0.09434355917325855,0.07569213125349822,0.03858636147076285,0.009788193513691701
0.8909963550321424,0.03807841386846661,0.04186651308436489,0.0236971683060728,0.005361549708953433
0.854219271690626,0.04233859478112519,0.054318592158879055,0.040847115629619915,0.008276425739749939
0.7724784865559157,0.12166390880269744,0.06418920330414651,0.0340886885492986,0.007579712787941882
0.8724757032986094,0.041701120775602514,0.04750900665283449,0.0324806572361593,0.00583351203679436
0.7919127317922683,0.1101144852100439,0.050116322240301124,0.03900827968143096,0.008848181075955672
0.8530570873289728,0.07117818516764794,0.04882470713653219,0.020662570555280504,0.006277449811566673
0.9157015254430113,0.03578791708291638,0.030463482826753572,0.01369539497612821,0.0043516796711903175
0.8488582445034708,0.06321656931062648,0.05242027416574752,0.028073593997319065,0.0074313180228362296
0.9114283260763792,0.039379665134986704,0.026478808691266408,0.018390725340096052,0.0043224747572715725
0.9064874535706998,0.03726020943145322,0.039326791430869514,0.01385834903733938,0.0030671965296383504
0.8850913352346995,0.043078573471224464,0.04512610227297216,0.022177001804866207,0.004526987216237544
0.9183792688172465,0.026415186858981927,0.032972928133709486,0.01780537719345369,0.004427238996608164
0.7881393979808777,0.0701795963056195,0.08797883387626776,0.043003744518737425,0.010698427318497485
0.9173008838690236,0.026938161200833633,0.03587167012648028,0.015094915762820172,0.004794369040842299
0.8085927608608178,0.10483220051305445,0.04912627843945206,0.032077594529805034,0.005371165656870768
0.85302206055911,0.0645131341207475,0.05491070637568919,0.02113256283079282,0.0064215361136602655
0.8964307673416473,0.04418911795458262,0.03499850428566271,0.019591065810151142,0.004790544607956097
0.8311564137696074,0.08027166044468494,0.055971161410359564,0.02748959857853399,0.005111165796814466
0.9009300651193984,0.04411227575108306,0.02886970931969043,0.021602568137202807,0.004485381672625353
0.8938656785715723,0.0426777702069633,0.041433248734301174,0.017372467150895878,0.004650835336267263
0.733929856446645,0.11657420002895644,0.09817168663231089,0.039303091210317165,0.012021165681770361
0.8479675837980901,0.05740991094480482,0.06149375131528038,0.02504388551057821,0.008084868431246306
0.9295032362500616,0.022330910726356505,0.030836911930612675,0.013251297268899937,0.004077643824069385
0.8932091866061432,0.049954826408373794,0.038238200352622674,0.014601594674654682,0.003996191958205755
0.7544162770874168,0.09873577129824669,0.09625693533144057,0.03978592534220326,0.010805090940692642
0.845808602765987,0.09123965309398736,0.0397267187298234,0.018582803593373682,0.004642221816828593
0.9092064237656995,0.040608548347181826,0.024006054175435432,0.02049883223469653,0.005680141476986642
0.8406994728825372,0.05403733097127685,0.0728069532000209,0.02435130341076188,0.008104939535403236
0.7988821896716017,0.08476089512298196,0.07268866597920996,0.03364013697428123,0.010028112251925519
0.8308629203267629,0.06317534971092968,0.06310978755581616,0.030073709500968205,0.012778232905523053
0.9591601638313476,0.02071699999956685,0.010759950604967984,0.0068803223918519766,0.0024825631722653796
0.7834288453949173,0.11876501627325098,0.04549844394817891,0.03733704980472613,0.014970644578926814
0.9050408313200761,0.05143898322338096,0.020413847575368148,0.018207682041973598,0.004898655839201342
0.8515560977469516,0.0645807096377986,0.051812464702309186,0.025862503184803376,0.006188224728136963
0.8846131412268496,0.03199134926105688,0.05445975233178514,0.020979997388030615,0.007955759792277478
0.824370816287757,0.05859638814020708,0.0684448336446473,0.03570299903266672,0.012884962894721816
0.8566359884673986,0.06655197135149911,0.04530978400768095,0.024438505466556553,0.007063750706864611
0.8267805443612514,0.08901063635653178,0.05327697505518573,0.02410523713814858,0.006826607088882817
0.8301686642279116,0.05607142467161878,0.07680872730807028,0.028642351657772673,0.00830883213462662
0.474163692278641,0.29896092663125384,0.12493095052372778,0.07360010310946533,0.028344327456912025
0.7905480194136785,0.07165979859425396,0.08194590731218938,0.044147570325165406,0.011698704354712567
0.7329147442794368,0.10282584215048114,0.10892159275259801,0.04128420478304353,0.01405361603444031
0.8233428088959149,0.08023594922751907,0.054350141132895304,0.03123382703130698,0.010837273712363605
0.8903370790515661,0.05916205955921744,0.031077925012704587,0.015674145436443708,0.003748790940068262
0.8891181779605265,0.06273104500437972,0.02808281144571764,0.016810393001614275,0.003257572587762021
0.8544510996853727,0.06417751977695053,0.04980385137909735,0.02459248467881661,0.0069750444797627015
0.8199944626026229,0.11731093746361669,0.040239633484730135,0.018243233970444805,0.004211732478585169
0.8539719925881702,0.0815430184278464,0.0375154895705158,0.020453122383314832,0.006516377030152689
0.7248458233552145,0.1648869354605869,0.047160891906682954,0.047940958850169094,0.015165390427346551
0.7636534302400283,0.08715567326664218,0.10029105208651858,0.03943157486040574,0.009468269546405115
0.8635159436734909,0.06956060204185552,0.038518891433186715,0.02259760907066774,0.005806953780798981
0.83211680619168,0.07631819343800879,0.050894563755812874,0.030394407495807334,0.010276029118690876
0.8345770879446702,0.08127344833006263,0.048570298687431734,0.027021116129601928,0.008558048908233477
0.810739694535376,0.08381398065773754,0.0626578217074907,0.03178339748263842,0.0110051056167575
0.8891789546890912,0.025172085808432235,0.05096844182611183,0.02700970127724162,0.0076708163991233294
0.8826744220953762,0.053993101658789844,0.031316675058604485,0.023862619419715587,0.008153181767513841
0.9026828189987786,0.03574777929585492,0.039662567065166965,0.017245040770393245,0.004661793869806505
0.8697872703957966,0.03763064533015076,0.06095819839424647,0.0250014710755551,0.006622414804251112
0.8506188751957735,0.04803478877987198,0.06590228214491467,0.027444328875372116,0.007999725004067823
0.9090225781370459,0.04320083902320311,0.024979902009851212,0.018067135041251386,0.004729545788648514
0.9009988609407726,0.036259742014130195,0.0369212316039453,0.019800874891696185,0.0060192905494556425
0.6045754300170061,0.14806395725498028,0.1563741453155896,0.07132638001591593,0.019660087396508093
0.7611645886645805,0.06764035703543708,0.11277591449517793,0.04576000411147596,0.012659135693328582
0.8069556420273558,0.06407002446458442,0.07982124702454677,0.037749674373929565,0.011403412109583502
0.8348768346616178,0.07436063638315875,0.057924602951911965,0.02320056562032678,0.009637360382984853
0.8478389438184355,0.06890489252668763,0.03756444338356262,0.035121867416612135,0.01056985285470205
0.658418219069184,0.14535064940694695,0.14018233681218384,0.0456808859054336,0.0103679088062517
0.8338398697919809,0.06474413505110628,0.0670377203460542,0.026677626595153513,0.007700648215704988
0.8227403004668685,0.07873480863927738,0.06015894273741903,0.0283631974191391,0.010002750737295738
0.860546032065106,0.06240597951505807,0.04185483228176515,0.029496781600371055,0.005696374537699827
0.8951704851403256,0.056557184914340426,0.02761903723551062,0.014836637521859049,0.005816655187964272
0.8332245076778411,0.06703060741870301,0.06611701354617082,0.027076483958312317,0.006551387398972603
0.884302170036741,0.04951282519592817,0.037334407146970554,0.02325972160484304,0.005590876015517525
0.9253136737775187,0.027994425023694255,0.028985742668170493,0.013062199120633387,0.004643959409983035
0.8780743430364343,0.053279015890277205,0.04159337800006256,0.021557047565542296,0.005496215507683625
0.7701513617979513,0.07657376366226568,0.09690072113274899,0.04335196456928782,0.013022188837746128
0.8509562841427344,0.05938807286546403,0.049308245293356666,0.02972072354352913,0.010626674154915638
0.8886853302006048,0.04960745662760485,0.038543541909316165,0.017603789863123897,0.005559881399350264
0.7652297714903601,0.10004014661300506,0.07989881628136282,0.0436133615635838,0.011217904051688203
0.7800510811009875,0.06874668942289384,0.08993516410306848,0.045549098974062986,0.015717966398987083
0.8600391491842605,0.07800105719498869,0.04198440284937206,0.01380198790907303,0.0061734028623057526
0.9301331650459164,0.031027379933837453,0.02587162584635348,0.00961369193280952,0.003354137241083182
0.8982596906754605,0.044105951795159415,0.03683663350766646,0.015901967361620237,0.004895756660093171
0.7736676682761139,0.06570686196055478,0.09231061261515683,0.05350725222064869,0.014807604927525884
0.8150687188706843,0.10080401381842795,0.04916283579883986,0.025908059608613792,0.009056371903433964
0.8661350231302758,0.05942653760144202,0.04516876933675335,0.022558293689006744,0.0067113762425219554
0.8281894648194854,0.07870449082613154,0.05499988003058936,0.029426036610562246,0.008680127713231345
0.8780827528146623,0.047804294241765556,0.03998603073951111,0.024999497526606903,0.009127424677454313
0.7656622539739628,0.09293614421176569,0.08628343752146184,0.04436737894488231,0.010750785347927203
0.9052815070075355,0.036668808820620076,0.03419988770669373,0.017893856027899654,0.00595594043725084
0.7393675496210854,0.1235337820939584,0.07251113793611814,0.05120939384747179,0.01337813650136631
0.895925079330199,0.024421449631906136,0.03397424459165245,0.03502672545279419,0.010652500993448026
0.879530417276415,0.03741942934997827,0.04491045201139142,0.0286186453774204,0.00952105598479489
0.90427509861884,0.04022279399304275,0.026112409800975865,0.021901982186921833,0.007487715400219781
0.7449257410747034,0.1485389859736089,0.05005938722994811,0.0442528641666325,0.012223021555107126
0.8212706756461304,0.0662486835416035,0.05830847026533308,0.04300454216989649,0.011167628377036356
0.830906277702886,0.05885082522280782,0.0684917510565075,0.030627504230586407,0.011123641787212491
0.8618435690352134,0.050918577867232716,0.05515230077132142,0.023327951077548894,0.008757601248683558
0.6211723797811662,0.11462032772518549,0.1747588993067719,0.06569748898256886,0.023750904204307415
0.8229673994500266,0.03988351198438385,0.08406066453022376,0.03657885301642925,0.016509571018936617
0.8203766593384906,0.08141663133664219,0.05804570825847189,0.02820995924834313,0.011951041818052335
0.8082575084765414,0.06335503063313914,0.07889139076232798,0.03610703461204779,0.013389035515943573
0.8070378208444732,0.0845099003346889,0.06384516283803861,0.03166497536756891,0.01294214061523048
0.8058198832526188,0.09354871847578348,0.05498839817456124,0.033686502879977855,0.011956497217058687
0.7944567944551222,0.07099109857890894,0.08642538815525817,0.034892013382585275,0.013234705428125416
0.8118988998404107,0.08687920031336784,0.05458790647774356,0.03425928118964273,0.01237471217883513
0.7413040369692234,0.1336369426668029,0.07004682808710791,0.04061564519384373,0.014396547083022149
0.9043113867531314,0.039765135257457854,0.027231829173533634,0.02163624833801012,0.007055400477867267
0.8082819890864035,0.0691299859744955,0.05575690002525147,0.047260039404927366,0.019571085508922136
0.9004961694657401,0.026620794352564373,0.04034041043263985,0.026165280467910876,0.0063773452811448725
0.9054239935166705,0.024889061423773073,0.03601019393308831,0.024643186939106186,0.009033564187361901
0.8357735474284905,0.054768090870144434,0.061372999588690316,0.03609654389722582,0.011988818215448985
0.8463114430709361,0.06844917268834952,0.050424253200454,0.0253611789738012,0.009453952066459204
0.8172174626967629,0.08116004073796342,0.06112502569314557,0.03068932388044439,0.009808146991683673
0.8267782256222196,0.057886072799843126,0.07401038499406151,0.02829676423549106,0.013028552348384544
0.8713795204315118,0.049425487778214545,0.04810755333130092,0.022419829316104593,0.008667609142868257
0.7877804705298951,0.07634504215768277,0.08843741348467193,0.03394475044302376,0.013492323384726434
0.9314178158414341,0.021106420429260146,0.025608265991004867,0.016025643571773128,0.005841854166527674
0.7975008816222287,0.07590638177645363,0.06366420668814828,0.047890204457589895,0.01503832545557967
0.8952956971487265,0.0382810767718503,0.03935583145970484,0.020037689584948552,0.0070297050347696835
0.8115021952393732,0.09349647821708984,0.05991291484888529,0.027239194420919318,0.007849217273732497
0.7282647600617491,0.09988401481671952,0.11457784060935017,0.04028340053144819,0.016989983980732815
0.869345462049431,0.04937638498907077,0.048269912588240614,0.02589630886880958,0.007111931504448044
0.6925223769994325,0.12635596670258764,0.11673021813167866,0.05508119916286141,0.00931023900343966
0.7889693475014306,0.07853502779828966,0.06600197764826944,0.049718906601958684,0.016774740450051426
0.832001713192693,0.07830955200648106,0.053952476180480574,0.02966807288224739,0.006068185738097954
0.8624849040543094,0.05586149615779453,0.057017043867259996,0.019616015551117534,0.005020540369518309
0.8543458570239063,0.06882006982870144,0.04469293470423374,0.02621997360315056,0.005921164840007938
0.8465607913328798,0.06943167151710436,0.051875380180840536,0.02478126952016658,0.007350887449008609
0.8901296179018329,0.049216358413396284,0.03772313731956174,0.016827550906541647,0.006103335458667317
0.7138636963721043,0.1203642600360349,0.10643233199167094,0.044772223383051465,0.014567488217138483
0.7600930989322096,0.1067634463670066,0.07454336016510936,0.045958813969696616,0.01264128056597768
0.9004830514683754,0.02661633359234776,0.03711975566353506,0.029750470029255197,0.006030389246486403
0.7987525399624332,0.06822136761700695,0.08257052154548981,0.03817165230945145,0.012283918565618591
0.8610698569119609,0.06759706354781823,0.040919187324450795,0.0226664626471103,0.0077474295686597895
0.8057981863899064,0.08070147264123022,0.06270640915972112,0.0363397966436443,0.014454135165497864
0.8449260797646966,0.05711988458532489,0.0656924882009172,0.023843717599442104,0.008417829849619215
0.8859577979945559,0.053902914546007125,0.03810564066736172,0.01672141818401383,0.005312228608061424
0.8299994686495974,0.06984818174313823,0.06217339698335072,0.028539043732555905,0.009439908891357707
0.6640485194212825,0.14691250044648324,0.11721893984589066,0.055643060702602526,0.016176979583741282
0.8896958600745294,0.052156850241127005,0.030662374098209995,0.020536487297405658,0.006948428288727758
0.8577423951858627,0.043636635611567665,0.06256547264977257,0.028252638356098498,0.007802858196698433
0.8700138721170024,0.07362404721460586,0.03285430065505619,0.01733615837731416,0.006171621636021431
0.7667383051605549,0.11819363485804418,0.06067838711309217,0.041113218358635524,0.013276454509673297
0.7331731051974355,0.13536130608947317,0.07801975749923179,0.04105531551729433,0.012390515696565354
0.8941743810445814,0.0468345129881319,0.031048881233521862,0.021093192546853306,0.0068490321869115415
0.8299393493338049,0.07078326371957441,0.04746204460741313,0.036560615372860025,0.01525472696634772
0.8663085850901415,0.048816308839659525,0.05427278553712593,0.021849226128096443,0.008753094404976552
0.822975475358681,0.0791031582091972,0.051463050098493134,0.03384852250799225,0.012609793825636546
0.7733087522862886,0.06151596651270201,0.1016797404850291,0.05046869008348623,0.013026850632494022
0.8387192605774907,0.056541290507466334,0.06192174439855735,0.02965457098298632,0.013163133533499486
0.8189600541960951,0.09358831935652596,0.045939270608260564,0.03062441464760367,0.010887941191514757
0.8700160223062962,0.07215621717269187,0.03432016234287992,0.01893276722469423,0.004574830953437789
0.8446153559434296,0.07026437949346266,0.059440457315264435,0.019770565003873253,0.005909242243969994
0.8162589812028127,0.06563351528243114,0.07088256221440165,0.03851760739508955,0.00870733390526509
0.7746374794823606,0.0726119324716509,0.09743382200960907,0.04319760969880455,0.012119156337574762
0.9123793032705005,0.04062571789534789,0.026108376659195055,0.01636126628051604,0.004525335894440528
0.9287128478080399,0.03273291485463188,0.02197031384310378,0.012371999891838584,0.004211923602385633
0.6901504633938624,0.14503740417842975,0.09985527100948992,0.048495672729600314,0.016461188688617668
0.7274308314644825,0.08748144935504576,0.10973055375418637,0.054212536059243074,0.021144629367042127
0.8272226053110164,0.08703840199931227,0.04571320418720622,0.03212747343851686,0.007898315063948459
0.8766873797966387,0.04928396557694931,0.03912573104183525,0.02583939805924209,0.009063525525334494
0.7610816471971299,0.11996430562157862,0.05564736958409446,0.045574095742855154,0.017732581854341917
0.9214376199205833,0.03304223559661433,0.024560311047012055,0.016268750302599135,0.004691083133191156
0.7310700444887578,0.10288179039903912,0.08652097422648601,0.059317905044754884,0.02020928584096215
0.7500648819810126,0.11368722159579273,0.07709589670773985,0.0466304141562623,0.01252158555919227
0.9004750107205736,0.04658475721065512,0.02633457884511153,0.01994018362551136,0.006665469598148542
0.7783432744231542,0.09867235106104603,0.07273432081135246,0.037326296492795556,0.012923757211651841
0.852422224651072,0.06926952070495207,0.04698115731345008,0.023432745582245344,0.007894351748280456
0.805011938685808,0.07405084084671486,0.06429184898059573,0.044147487151140585,0.01249788433574098
0.8406927948649513,0.06016881692450929,0.04520812224226755,0.03641647887174379,0.01751378709652826
0.6995598862760481,0.11747033156741074,0.1238051865942389,0.049388686051020016,0.009775909511282144
0.8706686572680044,0.05256800362493693,0.05288863329561858,0.01919115048970662,0.004683555321733489
0.665554684640468,0.14355661339126422,0.11341965896099476,0.06476974301338603,0.012699299993887015
0.7771473008836585,0.08742493893211906,0.08599101233328557,0.040001593799771265,0.009435154051165663
0.7941075223018479,0.11041391671379129,0.045272558151429006,0.04120350413236613,0.009002498700565442
0.8364423655564157,0.08641957122920955,0.042737723464219564,0.027566263675651452,0.006834076074503918
0.7900017636715047,0.09937253052678931,0.07234498212523247,0.031705452804106395,0.006575270872367206
0.7134046318737116,0.11303308297592667,0.10036287898108057,0.05831204548793366,0.014887360681347507
0.8365406456325828,0.06709061298319545,0.05804553183915842,0.03152121992377732,0.006801989621286037
0.8912249517115985,0.033705426247868125,0.05094668544132272,0.019372194127230475,0.004750742471980075
0.9095409692864629,0.03736855320989383,0.029307379395164642,0.01999308212640738,0.003790015982071192
0.5412183087035053,0.21966703878295207,0.1507660344432728,0.07006149507305295,0.01828712299721677
0.7964579559140194,0.09577619085294298,0.07947072672793096,0.021562273244539847,0.00673285326056705
0.9003377983954282,0.03711709503983931,0.02973702021993723,0.024273523075964604,0.008534563268830824
0.9014309806710791,0.04236982136760102,0.03015440701384381,0.0204011340812049,0.005643656866271377
0.93163449726017,0.021542647659669328,0.030819202785131748,0.012684856341684116,0.0033187959533447914
0.8813862845772283,0.04840789875127525,0.04003076352970577,0.023786155720046498,0.006388897421744172
