Delta_Power,Theta_Power,Alpha_Power,Beta_Power,Gamma_Power
0.9330170425197855,0.03579745137564754,0.017637255696202576,0.009399192969234242,0.004149057439129913
0.8763797826556523,0.07119587764222982,0.02622405415352469,0.019781739102968654,0.006418546445624653
0.8732639417379982,0.0773836088816533,0.02372875067147644,0.018589645229244934,0.007034053479627152
0.8631751414521356,0.08042417776346727,0.028617314903853826,0.019017538744308147,0.008765827136235171
0.9156993847808695,0.0510432509116072,0.017015508178433336,0.011292943556805152,0.00494891257228507
0.9043963932449285,0.05760638335623551,0.01694456028473486,0.01611605159830241,0.004936611515798679
0.8855988615149307,0.06635152934266308,0.01806296647306204,0.023240076789685354,0.006746565879658821
0.8572426473968512,0.10693868728408217,0.015397120709573883,0.014016537965603376,0.006405006643889353
0.9404597548793409,0.03181410722382088,0.00932894688021205,0.01564827725152324,0.0027489137651029905
0.8628874445218637,0.08604806797097599,0.01995167046530545,0.023569968219569325,0.007542848822285195
0.9482446212443674,0.033215934878891164,0.007885460921752192,0.007783129808897618,0.0028708531460918036
0.923918803327759,0.034837909671654115,0.024121936821601134,0.013349614777273693,0.0037717354017120903
0.869689135747944,0.0748658512501159,0.02632007923622002,0.021819908063350987,0.0073050257023689075
0.8697244550003699,0.08651886756781442,0.020407665763145916,0.017613701213114875,0.005735310455554949
0.8678889798305492,0.07410115159200487,0.026726337334922228,0.023452055885602365,0.007831475356921355
0.903863451328656,0.05625551084005935,0.015002655372610694,0.017168027788777948,0.007710354669896267
0.8563829593261483,0.05032389875076632,0.03478008076821384,0.04057217052070095,0.017940890634170623
0.8526186741686145,0.09954802147827872,0.021122406777661966,0.018411560880298293,0.008299336695146492
0.9256111008104771,0.038686125019909916,0.012018814462978342,0.017178324219521222,0.006505635487113245
0.9057627378066271,0.05241100033438573,0.015377170010826235,0.019191674661766304,0.0072574171863946935
0.7491150547272579,0.14950288255068675,0.0512563214664276,0.03460659511068585,0.015519146144941877
0.9321041121907309,0.042062575320872334,0.012526226164902416,0.009802348333706697,0.0035047379897876914
0.8919833792844291,0.07714053268189876,0.016155661899346658,0.010027271642383569,0.004693154491942094
0.9214417366795107,0.05587051905508623,0.005958590815964301,0.01307770116450758,0.0036514522849310335
0.9592416120808908,0.020466511612369665,0.007916313735395713,0.009094620642695929,0.0032809419286480425
0.9171198152048111,0.04627604740730969,0.01692984447001517,0.014861109895049221,0.004813183022814877
0.8530038976070492,0.08638991017369481,0.031882431087193804,0.019992613285954648,0.008731147846107451
0.8854907105063482,0.05828574556958727,0.024077736680510598,0.024547314569709527,0.0075984926738444395
0.8588801695577207,0.05402812968938499,0.020648126536152243,0.03472845636113735,0.03171511785560467
0.927047579342194,0.03533447983063384,0.016496868762340158,0.014052858166679097,0.007068213898152828
0.9265136182928961,0.04686562752805607,0.011337061707846966,0.011005898427040039,0.004277794044160477
0.864860159425791,0.04257869076401081,0.0456934157991593,0.03553461915445479,0.011333114856584281
0.7578375209246849,0.12065003451174641,0.06098498427929518,0.04412715643552411,0.016400303848749548
0.898614396748199,0.049965910835429915,0.020818012782031638,0.023452944942216652,0.0071487346921228715
0.9332138678187882,0.037491704839240955,0.014532500963699714,0.01127879940078632,0.0034831269774848604
0.8840391820508932,0.06929331892183384,0.019278844977138568,0.021669182034924454,0.005719472015210139
0.8778641800882573,0.08461158031919332,0.019958325059732857,0.012500278117156182,0.005065636415660346
0.9248463066295514,0.03505329818365013,0.019085239777548602,0.01657430962590363,0.004440845783346115
0.9138212979485366,0.04158721494114018,0.02239835768153444,0.017377890048960405,0.004815239379828428
0.7851918495238669,0.10635180449561682,0.044821924503291706,0.04995047596691681,0.013683945510307648
0.9510765639928869,0.027984829591558406,0.00809179229889668,0.009165251050501356,0.003681563066156747
0.9348463680291974,0.03253349048917534,0.010155672684638442,0.01594888619700911,0.006515582599979802
0.9520604785663936,0.01662070352167001,0.009851624405676945,0.016248244890225194,0.005218948616034424
0.9427201812755661,0.022488244107380605,0.013839948490045717,0.01551234127991043,0.005439284847097281
0.8903789401428214,0.04960056709571554,0.029412206032386173,0.023410637637498104,0.007197649091578746
0.9371120056374935,0.02182582455326871,0.01702727658014225,0.01835273032969296,0.005682162899402694
0.8376786141069793,0.07124007280839478,0.03507224422626845,0.044121424696453616,0.011887644161903865
0.8995532617119674,0.05705204509979526,0.02173846129960352,0.01602326390900207,0.0056329679796317455
0.8780717459285308,0.07687039469489128,0.019053607571372252,0.018944445629897697,0.0070598061753081
0.9334502679458249,0.03754166082196945,0.014448368962865738,0.010800721686116274,0.003758980583223648
0.8815432743377067,0.04006490228916413,0.0436408547465054,0.02697250538884092,0.0077784632377828735
0.9312924929758064,0.03968798360700674,0.010837189799780756,0.014386700117074814,0.0037956335003312166
0.8243152355885702,0.0866046990823907,0.046475594717101415,0.03235075481736546,0.010253715794572285
0.8261300921309939,0.09733222067936226,0.047618648502881784,0.022834051418380918,0.006084987268381239
0.8338665758867472,0.08958572770417632,0.036185986542035975,0.028886268864919015,0.011475441002121597
0.8993995734473643,0.0642571660340291,0.015408412918784605,0.015688278813704503,0.005246568786117707
0.8786735985449943,0.05573637241437941,0.03574957464691754,0.023498341199085962,0.006342113194622696
0.8729052298939434,0.07154516954580324,0.030793707563754748,0.01857446332634797,0.006181429670150636
0.8691516669108341,0.055003331322273454,0.030470176754740053,0.03365077301323992,0.011724051998912362
0.9261151231665351,0.03391580396253051,0.018365596190657193,0.016931242821918654,0.004672233858358483
0.9113779656257642,0.056911375247447465,0.01054083005320536,0.015422723454762182,0.005747105618820828
0.9201818320905185,0.050154628171978244,0.011435407201975301,0.014402905284469292,0.0038252272510586258
0.937806615026965,0.023511996035119272,0.018569284979287087,0.015202076731100588,0.004910027227528043
0.9404549434477915,0.03850520262128974,0.009402868613500244,0.008665974766607435,0.00297101055081115
0.9033903201204992,0.0458203049277994,0.025781197911243392,0.01873676896750357,0.006271408072954618
0.9115206780776274,0.04196041848059655,0.0242126005550238,0.016432851026367712,0.005873451860384543
0.9031247773837239,0.055926850177005945,0.01759116058603826,0.016846744626406066,0.006510467226825904
0.8306559064109552,0.11092219186798148,0.03040635351090857,0.021052483596207355,0.006963064613947345
0.8873146894487793,0.06357145071914523,0.02054972474013698,0.021626035587123935,0.006938099504814536
0.9203641227657602,0.03711065776086811,0.025074641659238898,0.013106805163233487,0.004343772650899118
0.8981324217778776,0.05584281790362859,0.020832921969479924,0.01944307063836789,0.005748767710646137
0.8706556872837821,0.0631672186950552,0.032940775138852,0.026735771003458145,0.00650054787885241
0.8639947681087417,0.08276368783080272,0.03153029013372961,0.01566112070534863,0.006050133221377555
0.9105318064616109,0.06103529839250081,0.015128678795769998,0.010278187595719685,0.003026028754398577
0.7676634721852962,0.10439718521233593,0.03453804535009286,0.05436982262423129,0.039031474628043634
0.9568552291135395,0.02492054050247071,0.004739642123880618,0.008480484538451532,0.005004103721657636
0.6490169166901193,0.14591214805243666,0.04788113135436158,0.10504664055036059,0.05214316335272192
0.8343395148548666,0.06906179044894274,0.020528379392878028,0.05158786225288691,0.024482453050425963
0.5738044716125037,0.13299835014830405,0.10000939737814887,0.14314979991395563,0.05003798094708757
0.707537005733966,0.09035436672953097,0.07464117038677248,0.08301614308128058,0.04445131406844979
0.7701988481100541,0.08554629634043479,0.03647503191296963,0.06982822724052351,0.0379515963960183
0.8645854723058947,0.06125936380583928,0.021369678628931684,0.03513992205971207,0.017645563199622523
0.9052136712132003,0.05785352812750612,0.018498011548159225,0.013054221717853247,0.00538056739328117
0.885643576956871,0.05187976674953381,0.03376585748324838,0.021320206704885235,0.007390592105461649
0.8189747883243874,0.11506111559310808,0.02683232213144874,0.027945343095966822,0.011186430855088834
0.8849986769548932,0.06681727086751532,0.015478207024674928,0.02517017060370909,0.0075356745492077175
0.850828553508163,0.09739932627940652,0.022704694924368718,0.02134888648681063,0.0077185388012510694
0.9152888157032983,0.03540367369310162,0.023436276386444944,0.01806523830800558,0.007805995909149453
0.9106752787825325,0.05020380688373801,0.013807928973028115,0.01826335909556651,0.007049626265134589
0.931233053996682,0.03795059911358746,0.013395668562475678,0.012682068293021024,0.004738610034233582
0.9459549480919437,0.02241875104281844,0.017342507712138792,0.00992242050406372,0.0043613726490353616
0.8306994312377015,0.0831656886567951,0.03839016838224223,0.03314232597949409,0.01460238574376683
0.8428798863411487,0.09437713133390072,0.028899446945889532,0.024709998363623496,0.009133537015437416
0.949277232354811,0.031538923467141454,0.006291216468256615,0.00891720721345772,0.0039754204963332665
0.8897354553205988,0.07888550028863886,0.014617080383966696,0.012006782303604902,0.004755181703191077
0.8892267566461832,0.06965077583919374,0.013883847138633278,0.020557309918289576,0.006681310457700179
0.9447560359515599,0.029723052337474253,0.014414078697466888,0.00787833930315635,0.003228493710342599
0.8780914111349726,0.06571961309252745,0.02583939041449251,0.022026346409414265,0.008323238948593287
0.7814468672058512,0.13064049232458447,0.03868086709032486,0.035099461955753836,0.014132311423485725
0.9103735127499653,0.04976301063749222,0.01721462537566797,0.01737180191424516,0.005277049322629281
0.9130224557371737,0.05062197588643558,0.015447885134236651,0.016071489710889272,0.004836193531264866
0.862594631080926,0.0824437768613185,0.02516109047227738,0.022299573032323605,0.007500928553154608
0.9341410922569396,0.0325488819417143,0.01405530779281995,0.014801196473251906,0.004453521535274332
0.8607477337702168,0.07453528124353713,0.03044186513782884,0.023801146021145986,0.010473973827271065
0.8660234223775892,0.07230281714440637,0.02357683455156834,0.02801415410356537,0.010082771822870784
0.9308936205551774,0.030425301162941554,0.01721145132258586,0.015724788613901263,0.005744838345393854
0.8939212971740867,0.053912417248294806,0.02417396443109839,0.022163040043663974,0.0058292811028562265
0.8576172419357218,0.07978278985589136,0.03052863072794306,0.025240169391175057,0.00683116808926869
0.9220742692164439,0.03450371892324038,0.02129692471617627,0.017201614306859434,0.004923472837280071
0.9312604295370407,0.043062854766969735,0.010648940216017429,0.011488912071659446,0.0035388634083128086
0.916698334169756,0.04988261890904071,0.01889918411663358,0.01124496629489434,0.003274896509675267
0.8778746615384367,0.0752879794105842,0.0254173744331726,0.01640282239111659,0.0050171622266900065
0.8891337204515712,0.08218419375441575,0.011424741528066896,0.013946272204602747,0.003311072061343301
0.9185560150886043,0.0503091053340582,0.016915729123096968,0.010549086337528043,0.003670064116712691
0.9440101455193861,0.018061803896798744,0.02327431798181143,0.011292479877683101,0.003361252724320098
0.9310461604830563,0.04018285358481772,0.014955067626255099,0.010378832744725603,0.003437085561145251
0.9508919909046404,0.03365119560820821,0.006716469285516749,0.006592520959528461,0.0021478232421063264
0.9214375501117875,0.043256270154198966,0.017246725779167957,0.01449404703313454,0.003565406921711068
0.7751269899847157,0.145824929289657,0.04299240768368763,0.029473499158479452,0.00658217388346003
0.947105076254081,0.021350227182304712,0.016314677345204805,0.013222146227094875,0.002007872991314368
0.9206802569017031,0.04237779132256053,0.013196463687089812,0.019140033748749757,0.004605454339896948
0.8992533942524585,0.05854355361606583,0.017564554853504725,0.02038643804099675,0.004252059236974232
0.8559958445053223,0.09877219788836436,0.027027019878337753,0.013479506293678278,0.0047254314342973
0.8769610329037455,0.07607188222130241,0.01505859597348406,0.026933844244052176,0.004974644657415851
0.899538239695348,0.055675474999543194,0.02183339218903525,0.01860683326237605,0.0043460598536975
0.8084753353332367,0.12864341998309636,0.02891791707933858,0.027117228619469802,0.006846098984858526
0.9388046151751833,0.03656052352455234,0.01158987497232238,0.010306103667129867,0.0027388826608118477
0.9222927368408924,0.04680602916706255,0.010275691272464006,0.012558071730582925,0.008067470988997679
0.8930043802501666,0.05779026038684335,0.026370999351853476,0.016340365328870236,0.006493994682266537
0.82934730890086,0.0861905807666087,0.027978159304923384,0.040767709752621874,0.015716241274986237
0.8444972567304033,0.10003908849295108,0.030839350179531367,0.019195362585703785,0.005428942011410255
0.8823636917970882,0.0754644923040337,0.020491706055708,0.017776738077089547,0.003903371766080463
0.9249125916962108,0.04128484619565875,0.01581623897321957,0.013851238143347214,0.004135084991563633
0.909703094791742,0.048659412075448806,0.019534750505468247,0.016463562544877384,0.005639180082463766
0.8995988170626006,0.0638504714173365,0.0197999633415088,0.013528599340165938,0.003222148838388089
0.8814710157668675,0.07753141704235358,0.020048896552351182,0.01655545283106295,0.004393217807364656
0.9019206982782202,0.06591073826318097,0.016432143117036918,0.012651320086843151,0.0030851002547188115
0.9237083346307211,0.03635437828131161,0.021214180246961784,0.014761378755294138,0.003961728085711041
0.9310231527509462,0.03999956365060585,0.01632976486004979,0.010309459339127334,0.0023380593992707943
0.9389267546954975,0.04046043374546097,0.012923423913648466,0.006250438454317769,0.0014389491910753445
0.9326704248943214,0.038472760622650114,0.01143720806520962,0.014292828085044845,0.003126778332773984
0.8955684474765435,0.057888266836573214,0.031211878674544256,0.01283175145713932,0.0024996555551998157
0.8895559561287175,0.07038695518482713,0.025672864130845654,0.011542936239057949,0.002841288316551707
0.8967402857575726,0.05596167661498312,0.018773596901521198,0.023837480363233344,0.004686960362689779
0.9203873382290068,0.03888872967667099,0.023182847641092526,0.012237201295281499,0.005303883157948099
0.9393501588245743,0.025350737279302323,0.01900557841668712,0.013109062409615065,0.003184463069821186
0.8532939982171697,0.08590949645476641,0.033587788312831865,0.020336654618918756,0.006872062396313261
0.905742313682991,0.05331503544184166,0.020962526563440047,0.01632715402692228,0.003652970284805218
0.9035629391784559,0.06417989623520705,0.017026728401614594,0.010911526421169306,0.0043189097635531045
0.9141583285696685,0.054166342455017516,0.014533887573782992,0.014054423212035361,0.0030870181894955395
0.9174373571728917,0.04840037077871928,0.016641036009528386,0.014177496233685439,0.0033437398051754602
0.918839610204252,0.05901211044144222,0.011378634684923195,0.009037874364746682,0.0017317703046360207
0.9403826538770061,0.031202270106277998,0.012778366329774068,0.012696307571659678,0.0029404021152822746
0.8929523948206114,0.05204743226007677,0.026725246610686194,0.02397647334610736,0.004298452962518069
0.9313027249339989,0.035829443078560994,0.01684985422499503,0.012404810523223841,0.003613167239221453
0.9473335302565827,0.03052274265622192,0.009955714192813905,0.009493646052930167,0.002694366841450943
0.9323275257470369,0.029791054061450686,0.022109321115092912,0.012328334672974093,0.003443764403445501
0.9267194575677589,0.041975058989934096,0.0141709641525963,0.013786319469503577,0.0033481998202073418
0.9740316096863508,0.014699378029503045,0.004763449429339344,0.005303153596285416,0.0012024092585212797
0.9301707665556463,0.032112588993534114,0.018016467030057423,0.016495203418094333,0.003204974002667698
0.8797443672570022,0.07030272642251226,0.020383871650827664,0.02428499546536252,0.005284039204295447
0.8453297436638819,0.1019968855333605,0.029046242042408094,0.018477112632261365,0.0051500161280880405
0.9434483008392381,0.03445462100614433,0.008514141173212532,0.011290133376630524,0.0022928036047744045
0.9806668754702973,0.01008671279429216,0.004864011874106572,0.003458717361074497,0.0009236825002295767
0.8921087074322441,0.047264193952971635,0.039530971757386034,0.016592970948095608,0.004503155909302663
0.8555456465085987,0.10616251169700616,0.017209257491207327,0.016358717188950024,0.004723867114237854
0.938231736677304,0.04033061056660188,0.007409512882822085,0.011639846738871616,0.002388293134400495
0.9598684654220592,0.026413051891597414,0.006831613579821484,0.005618648856148731,0.0012682202503732267
0.9547379621113344,0.027474769088828226,0.008908544715735073,0.006972153914406386,0.0019065701696957082
0.8703964697228963,0.07087611259869946,0.026413010538931157,0.027451276735562462,0.004863130403910474
0.8797415138574707,0.08894937811117105,0.015837441664227857,0.011980890740554341,0.003490775626576004
0.9256908121800986,0.044663854456988075,0.010716756162203068,0.016391130595579964,0.0025374466051305074
0.8831373294735717,0.06997201257523687,0.02581223579582775,0.01665093776972112,0.004427484385642503
0.8972583564952262,0.06409454952941783,0.020515570556112108,0.01498172356016576,0.003149799859078107
0.9588424003929684,0.02426105462523111,0.010240823411006987,0.005247295510200775,0.0014084260605927714
0.8102944885912075,0.06821194712148232,0.03530308035617056,0.047465730004045074,0.03872475392709468
0.9656928982058475,0.019083108841982603,0.006348712920485742,0.005762510483263093,0.003112769548421081
0.8687634725697776,0.0426516675474627,0.04356277867103911,0.03642803624533731,0.008594044966383224
0.8639992862293789,0.054734385457867435,0.0415512359074323,0.03342230387561835,0.006292788529702944
0.8969530353093215,0.05228281118260618,0.022522841915882077,0.02313258846437844,0.00510872312781151
0.8904239381195065,0.04595096498276548,0.033610721463077156,0.02341955026338889,0.00659482517126183
0.7057209529257328,0.18729388971259398,0.04591408466046928,0.0478170150725807,0.013254057628623094
0.8487938603706094,0.05051558407504172,0.03784928878590951,0.03645366366653533,0.0263876031019042
0.5112050780368612,0.056653868908811904,0.025590300712747406,0.12222381194831228,0.2843269403932672
0.874227215042292,0.06300080437696456,0.03560352208518246,0.02276583937090643,0.004402619124654488
0.9619454869416106,0.019656478208649707,0.010347087387376922,0.006691609154092268,0.0013593383082705585
0.935537468375404,0.03745455941246612,0.016044457456537264,0.008965870930855482,0.0019976438247370177
0.7496989850159473,0.20313110442328605,0.02971741325486904,0.014846978426579175,0.0026055188793182643
0.9061096387625253,0.0645724446611909,0.016067438596345292,0.011042633181332447,0.0022078447986063985
0.8950391860374489,0.058225986951148036,0.01900475764432352,0.02382601333086679,0.0039040560362126235
0.9303320241121054,0.04071055322825764,0.016005826172990976,0.010671904516362057,0.002279691970283754
0.867725593012003,0.07261264170409545,0.031317628319132186,0.02094777423694329,0.007396362727825946
0.9168162934642078,0.03587135380213086,0.011293466187311413,0.020196666486546225,0.015822220059803854
0.8696713430605193,0.06617295600110168,0.03705210416774278,0.02087531810578565,0.00622827866485079
0.8801430504932313,0.05347629084063186,0.037361239580704586,0.02449378358687884,0.0045256354985534165
0.9323399199001097,0.0384031782037385,0.015772097284242212,0.011528045187506913,0.0019567594244028013
0.9183339048159818,0.04354633736939957,0.02020279454631994,0.013091696468032252,0.004825266800266454
0.939981821627013,0.03850342235809296,0.007866512051073807,0.01033043560886064,0.0033178083549594683
0.9507889396320637,0.025714583010880754,0.008395249999609233,0.012409617040353229,0.002691610317093175
0.9078346884740531,0.06130201499026928,0.011839184105424583,0.01592046779292199,0.0031036446373313748
0.8801410964752368,0.06531891178184282,0.02714969115923191,0.023082863381519315,0.004307437202169141
0.8785153075828804,0.07502074810011083,0.02150536467680479,0.020526953594757365,0.004431626045446538
0.9447081351899758,0.034502414767902424,0.011566820560606894,0.007291723731840057,0.0019309057496747436
0.9192815328993168,0.055550647613495936,0.014118349855857124,0.008093322135049161,0.002956147496281108
0.8446318827163575,0.06853537046201524,0.02416743327649159,0.03564350663661269,0.027021806908522947
0.9725492002684395,0.01306183944591141,0.006887109415309862,0.005888617543471755,0.0016132333268674961
0.9144018897539715,0.03991926552510898,0.022405241633469474,0.0190233752995831,0.0042502277878669805
0.9104922418853302,0.0487103292209658,0.022178905699496057,0.01557476860809429,0.003043754586113764
0.8869316871998569,0.06301102545606013,0.026325687601883318,0.01869347535198851,0.005038124390211259
0.9103206313202817,0.056463177701473695,0.01811700512229452,0.01241944353957508,0.002679742316375175
0.8847344107017115,0.07039309175209586,0.019180475701094234,0.021408767562209625,0.004283254282888697
0.9150109503296431,0.05769608432748895,0.013356780188718987,0.011159699108710607,0.002776486045438435
0.9085541299178834,0.05155574446021086,0.021324616894942416,0.01579134639141992,0.0027741623355433715
0.898304931990609,0.059227179812540796,0.01974324287669623,0.01899622480590115,0.0037284205142527373
0.9436001899336678,0.03023443462622219,0.0121637844783523,0.01066246622114549,0.0033391247406120246
0.8670456709989391,0.08173499466848985,0.02437708652933326,0.021567094454762053,0.005275153348475853
0.9702275541250492,0.018535961357701847,0.005146627638211466,0.0048561402866435345,0.0012337165923938156
0.8598750724370747,0.09538337687125856,0.02030961232795046,0.020535738929559084,0.0038961994341573636
0.8972825876930582,0.04701781698257484,0.028086826184522077,0.023272923976430906,0.004339845163413995
0.8744508399657834,0.07088308640289653,0.025865016444856923,0.023438551721493887,0.005362505464969179
0.9087114302041183,0.056349915497560236,0.019561756683391933,0.01280540838757005,0.0025714892273596317
0.9513208372816933,0.027903363307607714,0.011242492037865799,0.008065005304678005,0.001468302068155235
0.9476864444914177,0.025464166900987066,0.013699881243311918,0.010379171292049386,0.0027703360722338083
0.9352336083931307,0.028927901350106096,0.018725333290558765,0.01389113188188907,0.003222025084315352
0.8885893098169219,0.06432730085959217,0.018037966096879795,0.023225780063940046,0.005819643162666272
0.9196200483481284,0.04352677924165047,0.014298867477745303,0.019507241784170355,0.003047063148305257
0.9076125327897316,0.06278779762892397,0.014154520077120316,0.013435588379436765,0.0020095611247874243
0.9411482327302114,0.04093762009802008,0.00927770264812393,0.00695662175725235,0.0016798227663920712
0.910486636953697,0.05009612578236726,0.012584841084551919,0.01824470208722658,0.008587694092157499
0.9387660009980676,0.023392091101275603,0.009036915947782359,0.015765727158164627,0.013039264794709985
0.9441867382867672,0.03295571714444701,0.012067046892705194,0.00942954081605254,0.001360956860028002
0.7284393997136117,0.08077343471812214,0.03665568150910941,0.07647566103472203,0.07765582302443466
0.9095970017089869,0.049948985644731006,0.013860787410934966,0.015501542221853843,0.01109168301349328
0.9086443116928047,0.0670703329454864,0.011343200987553845,0.010839305928529854,0.002102848445625327
0.9303955134909097,0.04165154376820968,0.01657685837982213,0.009383884771527675,0.0019921995895309285
0.9292700089163496,0.0482735426040361,0.012098468625706722,0.008695116296829971,0.0016628635570775725
0.8687188142896836,0.09238206268684504,0.02238829544080858,0.013628295072591822,0.002882532510071113
0.9150934127477045,0.05102746444603093,0.012331249060138952,0.016479282164933894,0.005068591581191542
0.8780327970811819,0.02736625664223583,0.022879089981977883,0.0428532882037905,0.028868568090814162
0.9331814625708035,0.038171058363365575,0.013311546875476667,0.012034700105188551,0.0033012320851657046
0.9163285665322202,0.036652722788207116,0.01734911955150326,0.0255938896614851,0.004075701466584276
0.8666696271123239,0.0682185735644588,0.025182589814218097,0.03503788209001962,0.004891327418979694
0.831736816306861,0.10367038183539785,0.024732183319260626,0.03392805098717874,0.00593256755130177
0.7859275251536826,0.09236413736440574,0.05655500368433031,0.05703929570218031,0.0081140380954012
0.8524866823939592,0.07247166650748023,0.04094467638155842,0.03017098579103435,0.0039259889259678805
0.8510195044132624,0.07741671824472791,0.039128177167969326,0.027095507926681413,0.00534009224735887
0.8798499688895326,0.06237353625448552,0.031185448741436868,0.022381838790266083,0.004209207324279021
0.9447403692855284,0.02498730943919301,0.019030560880115753,0.009156298235710354,0.0020854621594525694
0.9357082547081457,0.03873790053734126,0.009638941102571876,0.013094110815102634,0.0028207928368385333
0.9186252328557138,0.04674867966578971,0.016782899407273382,0.015053451536271587,0.002789736534951221
0.9035695921030139,0.06359706065032966,0.018055509680996788,0.010813712178756287,0.00396412538690326
0.9404027600438672,0.03874292156036936,0.007842649046441377,0.010773621249495692,0.0022380480998260652
0.9234941607399224,0.044006401910114706,0.016111510639727315,0.013749857707771039,0.0026380690024643085
0.8698282654702596,0.07569637452552926,0.024979149357635618,0.024585623394720413,0.004910587251855444
0.9423913729044349,0.03434136338845658,0.010495205165597096,0.010898945760929434,0.0018731127805820633
0.91638603587158,0.05189954680556042,0.014940656272768141,0.013543721611267726,0.00323003943882355
0.9057354954530389,0.06343703203501565,0.015435862373761156,0.012362753251093797,0.0030288568870904006
0.8798607001277743,0.07073659387765405,0.027538015992350784,0.017901795031244245,0.0039628949709766366
0.9218804024578457,0.0306338114569706,0.03333259545658131,0.010994647101655068,0.0031585435269473874
0.9162041850570158,0.04512387022370667,0.02135638473726933,0.015072691586208914,0.002242868395799199
0.8847218428358518,0.060675119445168624,0.031021707914026923,0.01924237603148092,0.00433895377347192
0.8848117309183273,0.03391496933351015,0.014357155676200023,0.038232397635063274,0.02868374643689949
0.8718661542598413,0.06907338765598563,0.020788964477690613,0.027478427539484682,0.010793066066997745
0.9221805059224871,0.05400963450947896,0.013954267317251,0.007739468746898616,0.002116123503884278
0.928677905891668,0.0527884084818714,0.009946324634353573,0.006991462693015762,0.0015958982990913306
0.9145353515715584,0.051351358012667686,0.018548509823358844,0.013483638190418366,0.002081142401996945
0.9202170134553981,0.04186095734998632,0.019246185214171065,0.0166644250445099,0.0020114189359345907
0.94378361006212,0.03590514889700865,0.008079426781646743,0.01084386585869583,0.001387948400528735
0.9224620400371273,0.04242477325063054,0.014755865111210426,0.013000890747767347,0.007356430853264301
0.9401997894378958,0.03449906705066112,0.013801564688638827,0.007792641228773895,0.0037069375940303583
0.9489921054481743,0.02652492364921725,0.01202303952909233,0.010159354847523153,0.0023005765259930823
0.9266225563311237,0.04672585997605442,0.009619688488277253,0.014474348754328771,0.0025575464502155085
0.9443088599237155,0.027517052540785406,0.014534792991043023,0.011412900426217945,0.002226394118237852
0.9591188867773085,0.02300785579585231,0.009986364513963328,0.0064060026963215265,0.0014808902165542443
0.9391885514998229,0.03390202033751193,0.015735153811195796,0.009282480859880489,0.0018917934915891846
0.9337810383296343,0.03331888267535833,0.01611284396521731,0.014402654925921134,0.002384580103868749
0.9222779295806568,0.042205102278928895,0.02126034686969698,0.011490764972636165,0.00276585629808135
0.92073712455292,0.053494402462943194,0.010776163392006573,0.011961412339954966,0.0030308972521752137
0.9347394868379652,0.03925756883494431,0.01283526888581158,0.01094993566163083,0.0022177397796479268
0.9194967105713114,0.054928991985766215,0.01134800722663383,0.01189673118253596,0.0023295590337525617
0.9344755216199048,0.04081618754459249,0.01313330379955387,0.009341309393361159,0.00223367764258741
0.8056282578951908,0.13478392953056773,0.030402628699907237,0.02314861019267139,0.006036573681662856
0.8333778195053997,0.11283339620505417,0.030432160883062408,0.020412414540311976,0.002944208866171665
0.8866925779311511,0.05100692115691589,0.03333363071735517,0.02425909061323263,0.004707779581345422
0.952314458724916,0.025560166320605194,0.011272132524453533,0.00899295641644733,0.0018602860135777325
0.9335689968908367,0.037384619214386586,0.0157654366629104,0.010708855688855625,0.0025720915430106563
0.9385158255831125,0.03837629337414242,0.011555315412202727,0.00970426731974556,0.0018482983107966755
0.9237603434210346,0.057575307454457846,0.009535517749314076,0.007441187703211136,0.0016876436719822595
0.8437036191872759,0.07573607073988756,0.025489107729108038,0.03320696741475181,0.021864234928976982
0.8771537572413639,0.06345903051656662,0.009148027354207465,0.025600651928524887,0.024638532959336965
0.9034759537568352,0.053107225070143586,0.02636137173118739,0.01459129058117291,0.0024641588606612325
0.9057794090428392,0.042218515497767305,0.02903243921566067,0.018868827620034206,0.004100808623698734
0.827241192769122,0.11803286695227402,0.02779415115230642,0.021073624378741166,0.0058581647475565235
0.946380756451077,0.029978698723320072,0.014102223756566954,0.00725537112375331,0.002282949945282713
0.9273209337922803,0.04302518803377448,0.015609201628910975,0.010759317006145281,0.0032853595388887976
0.9139196559463489,0.053634233152193594,0.016844280420650875,0.013106281782035583,0.0024955486987710634
0.9312078249377355,0.04596134112646643,0.010952727162760936,0.008440995006939024,0.0034371117660979846
0.8349579253063253,0.0919911232689732,0.024373776926487,0.03154848020051381,0.01712869429770044
0.9391977422785488,0.031724510725729335,0.014316669231184883,0.012341726755035113,0.002419351009501982
0.9495805544928319,0.025991345382343368,0.013531551253143786,0.009278296335536463,0.0016182525361445772
0.9306468813849056,0.039480931390897214,0.015554212016526034,0.01153351331394329,0.0027844618937279556
0.924316404040257,0.04202909308046585,0.015124701887745411,0.015337243288028494,0.0031925577035032794
0.8918613008335384,0.06514231242527861,0.017371627423289633,0.018163285089306067,0.00746147422858733
0.9382497605467832,0.04248562354244019,0.008672145418906011,0.008485841314641395,0.00210662917722926
0.9345373824430667,0.038433891750144104,0.011989002948320521,0.012087841474601475,0.0029518813838668697
0.8453649703382448,0.09001063205970103,0.025730549748618693,0.02617488336269732,0.012718964490738437
0.9111788010494957,0.03544013776976368,0.014586069926954472,0.021497302339761614,0.01729768891402465
0.8815810877476804,0.0617422831059719,0.02324959963621751,0.020522511415054446,0.01290451809507576
0.9471081772684304,0.02927199543018529,0.010082619126576013,0.01030282397493888,0.0032343841998693154
0.9357612200791797,0.04072923503706501,0.00961306708934719,0.01037696285784295,0.003519514936564708
0.9543998724178078,0.024850968059634843,0.010468287199522384,0.00813019749981629,0.0021506748232185905
0.9592883851344935,0.026746881053041814,0.006088692781870218,0.006339642205788468,0.0015363988248061824
0.9312996010640583,0.04992377541592807,0.010164334110395164,0.006797394748523905,0.0018148946610949163
0.917153793606371,0.04986073251097744,0.012815159151088228,0.015471443973725794,0.004698870757837546
0.9510952140703309,0.023422305898034977,0.012788854164764643,0.010521281062856354,0.002172344804013269
0.8754503960270933,0.08766251995967193,0.01880352317057675,0.01296424976441689,0.005119311078241167
0.8105892866133282,0.11310592125211774,0.03635123164499132,0.03320374665080124,0.00674981383876154
0.8382994361089333,0.1006264781472955,0.03577668652623274,0.021194558142145804,0.0041028410753924174
0.951969815521671,0.028151149477712748,0.008156800104570967,0.01007976409580692,0.0016424708002382598
0.9397358242930932,0.03826127649558957,0.007949797725780923,0.011415263496974472,0.002637837988561573
0.9187908240003059,0.032625050489659385,0.026179610740299484,0.018476733377266786,0.003927781392468456
0.8535295800331266,0.0653459293822463,0.03681793214551331,0.03136608443725082,0.012940474001862897
0.7952858036912195,0.11152970927767007,0.04506340852344636,0.037897206730397134,0.010223871777266942
0.8136085358652797,0.08794960091484151,0.0421770357410246,0.03933050016694679,0.01693432731190734
0.8230851764894183,0.09244832353632272,0.030624802219952858,0.03302711846197846,0.02081457929232783
0.7774362409043448,0.09160933652115674,0.053580458284072166,0.051630616196009595,0.02574334809441654
0.35757039282944086,0.3623221263922278,0.06406110094720374,0.06888318055672023,0.14716319927440755
0.817006586343159,0.09970666066910389,0.0236238013493556,0.0341628942316785,0.025500057406702772
0.8881000425691687,0.07200301359554374,0.016951412694951196,0.01831481093615416,0.0046307202041822055
0.9042201346064676,0.060186952534793864,0.014712217463016363,0.015759931860895502,0.005120763534826494
0.8837805527966005,0.07338311069166442,0.016956189413314768,0.016915829306994215,0.008964317791426155
0.9667415565688829,0.022042583978111492,0.007980517350509295,0.002727884383190033,0.0005074577193061668
0.9223025418040047,0.058143768189686744,0.010373322732787457,0.007201745817981279,0.0019786214555398097
0.8948908521447528,0.07284971313947276,0.019355206928526974,0.01024713528847739,0.0026570924987699826
0.9062866977534975,0.06967871561314742,0.009897588248874468,0.011548810078551776,0.0025881883059287545
0.9403310479403395,0.0374829552963937,0.011506930319367838,0.008623313418049044,0.0020557530258497516
0.9438054152288141,0.03427676535201881,0.010841228032288352,0.009142258019373175,0.001934333367505307
0.9133019461652744,0.05642060818096859,0.011923438931343577,0.015164816428960056,0.0031891902934534726
0.8766786695936922,0.07366037850437768,0.03071991956121544,0.014699850144965271,0.004241182195749304
0.8474625189731997,0.09693784530197748,0.03460609734232672,0.0170844796343555,0.003909058748140835
0.9052458264814758,0.056203595990203116,0.016596822807838224,0.017821243487405224,0.004132511233077722
0.9395358984899609,0.02936224892356722,0.015347624595559472,0.012302751398271507,0.003451476592640975
0.9454013436914369,0.028945436621687796,0.011107927165276612,0.01063288840503382,0.003912404116564724
0.9159152929085975,0.05946768460575039,0.013706445693562561,0.008774454806176632,0.0021361219859126254
0.9579539412440855,0.023719825049032334,0.00865359379022212,0.007315536930441473,0.0023571029862184396
0.9377947142812832,0.03376132909611337,0.01610549274994247,0.009462573291145372,0.002875890581515342
0.892323029388127,0.052724999792115916,0.029109599196026917,0.02024210595219385,0.005600265671536298
0.8926092190139523,0.04937498453717883,0.02791621175546391,0.024008241243143432,0.006091343450261613
0.9201205905468107,0.05225874455905045,0.01465498939633129,0.01030934995451468,0.0026563255432931893
0.8927167312784272,0.06630048723251446,0.01976990472967923,0.016326971034036537,0.0048859057253425086
0.8828169176118495,0.07007866102655394,0.02426039469936869,0.018129102291067612,0.004714924371160468
0.9356348278832448,0.04094273839971604,0.00928534794945216,0.011537671067132238,0.0025994147004546916
0.9158256847778872,0.04896680328527209,0.012718973692335576,0.018827548220767657,0.0036609900237376076
0.9155005732192022,0.051956703000519036,0.016872596069946417,0.012134963866547586,0.0035351638437847166
0.9274471695655409,0.040300360583151715,0.015511518651282148,0.01249511846208524,0.00424583273793986
0.9007062081727428,0.06661099643238501,0.01735389657013068,0.011061454867567858,0.004267443957173683
0.9254540489442507,0.04794233813716089,0.013101045975715485,0.011459361643871308,0.002043205299001622
0.9043923906510039,0.0677019956524095,0.013201379274167865,0.011819928401662199,0.00288430602075652
0.9458520588844878,0.031168986219616064,0.00907160339211211,0.01000655516778413,0.0039007963359998406
0.941934053310732,0.03551266468704512,0.00887578959101227,0.010722753260033104,0.002954739151177524
0.9020723123481867,0.05748542100969742,0.0188584968267799,0.017784730753113046,0.003799039062222972
0.9228807985412016,0.03237056033399166,0.02056179645954679,0.020405503560105693,0.003781341105154336
0.9103541693572801,0.03578605528196464,0.028616906143314882,0.020344412208077423,0.004898457009362978
0.9542874320914896,0.020249319629549633,0.013245854976029977,0.009730597406209124,0.0024867958967217502
0.8571417830169556,0.07997557662492222,0.025221400015532768,0.0324195698825403,0.00524167046004917
0.8213755763283074,0.1296841924775136,0.0250901374553599,0.018862226586015076,0.004987867152804176
0.9314641579245307,0.0498162989488356,0.007865125634356245,0.008069807952926254,0.0027846095393510664
0.8739918486284168,0.0729991701076746,0.018778100659336088,0.02876869001129943,0.0054621905932729755
0.9233088651501056,0.03789027029555904,0.019951259042670224,0.014589522214856387,0.00426008329680896
0.8910356942145556,0.04563346552306704,0.029785933988716144,0.027048169145073377,0.006496737128588036
0.9496451794210551,0.0301782001490482,0.009491849887153452,0.008682602790513113,0.002002167752230209
0.9039784600443387,0.060673620467145084,0.018200098323949955,0.013802957552708193,0.0033448636118579384
0.9147314250466383,0.057013800708428514,0.012203136419721186,0.01192465775301719,0.004126980072194611
0.9109376760456042,0.05942700656683243,0.0124103369549519,0.013793842328135377,0.0034311381044762144
0.9683043454241022,0.017734563832457285,0.006057851643845731,0.00621336024563379,0.001689878853961026
0.9189726115850977,0.057569428926032194,0.009893861517460927,0.010415806863880162,0.003148291107528997
0.8930096216947206,0.07053331598244736,0.013907785827761239,0.014237752156647803,0.008311524338422593
0.908183581282221,0.06866030712628136,0.0075476524539861,0.01199283985003675,0.0036156192874750074
0.9054534897037291,0.06030900492416511,0.014402875888654748,0.016172621267607847,0.003662008215843141
0.8852446956027432,0.07451358348120322,0.018443295243344673,0.017842811879708105,0.003955613793000844
0.8743712575406501,0.07749625058942165,0.027201216157329487,0.015207728950795425,0.005723546761803261
0.8977130116968207,0.05042639269725265,0.030382087411985354,0.015069723754959309,0.006408784438981895
0.9148118215898804,0.04971550978840914,0.020465454704975104,0.011295943163023067,0.0037112707537119926
0.9446922861314994,0.028595419788868735,0.013221148541058743,0.010604528840242104,0.0028866166983311397
0.9076005280169614,0.06318673203393237,0.015063947437860424,0.010626403488005799,0.0035223890232399615
0.89877223775937,0.061000616482538766,0.017029371832922722,0.014753873939650133,0.008443899985518501
0.7368287712258571,0.10307416648091075,0.04595065782190483,0.06486274808084139,0.049283656390486055
0.9264932944443784,0.04111217135818827,0.010749890034488783,0.016014652038364063,0.005629992124580481
0.6373687846207122,0.11414784078518964,0.11829298778255448,0.12382396696508154,0.006366419846461817
0.972484401190164,0.014068590146463963,0.0055690005753323574,0.006115398347335376,0.0017626097407044377
0.9489640715740918,0.031248789684777994,0.008847204555950032,0.008781748105417014,0.0021581860797631816
0.8924144232236945,0.06915824674021204,0.018803928417173866,0.016151165376781136,0.003472236242138737
0.9152020647126006,0.04922025353106549,0.02119704943812403,0.010125209377002658,0.004255422941207306
