Delta_Power,Theta_Power,Alpha_Power,Beta_Power,Gamma_Power
0.8806918517144284,0.06187817690434553,0.0253163265011145,0.02111559380492274,0.010998051075188937
0.8950127421535657,0.06031133748103674,0.01688998256437605,0.02091290022960963,0.006873037571411911
0.754935537495283,0.16654757592277158,0.03378611943961951,0.03262249531140268,0.012108271830923136
0.8040964000522373,0.12998067820896392,0.02784389505273662,0.02688534666121343,0.011193680024848891
0.8340237847925753,0.10689462479924915,0.022641513164874248,0.025682761446712415,0.010757315796588788
0.9415741471665701,0.03201778467772449,0.011458666746086704,0.01077571199711439,0.004173689412504542
0.8754962839368245,0.06823529258517926,0.027255384097219032,0.020905764218134948,0.00810727516264236
0.8285223879257099,0.10127683998392936,0.030257250282145626,0.030790502942948487,0.009153018865266717
0.8896123711324289,0.06305301036260373,0.022075864005269907,0.01774424985153038,0.007514504648167424
0.8600786511080888,0.08672298127795516,0.024455409150167067,0.020472789422923344,0.008270169040865817
0.8785396992782121,0.08244769996170495,0.011891626921763031,0.020406091267956672,0.006714882570363056
0.9300996076046293,0.04416171279300043,0.010841852256070922,0.01037401877276378,0.004522808573535685
0.926158671018916,0.05104544376061165,0.007452932650207942,0.01083867707885762,0.0045042754914066336
0.9339454953805535,0.036919998849626066,0.008885164637931221,0.014159212197917041,0.006090128933971992
0.7130023563748821,0.17036974179608294,0.0482885489179448,0.048656494671546674,0.019682858239543567
0.9382682460145411,0.040918060498625994,0.00855157850321933,0.008523690801400668,0.003738424182212822
0.9510987381888193,0.030507579344551138,0.008357966875724104,0.007335005991651018,0.0027007095992545595
0.8344328461928269,0.11156154398765948,0.02133120898649253,0.02382381150067296,0.008850589332348118
0.8281591159964568,0.10818367718327342,0.03141162782983197,0.024180666968930287,0.008064912021507501
0.9301756626238504,0.025961694373266904,0.021519371898391457,0.01698371477541783,0.005359556329073264
0.854037852911727,0.10215987633893792,0.02066636761386342,0.016774833008838565,0.006361070126632915
0.900213164970829,0.06880322499349863,0.016282046138666545,0.010002408281362897,0.004699155615643002
0.9152294138562103,0.04908790366938098,0.020967589908739877,0.010294497950896063,0.004420594614772839
0.9357613722849509,0.03543624851381462,0.013535347146413274,0.01086554627336329,0.004401485781458164
0.8741601497862906,0.07150942357483743,0.031065427035610327,0.018137606034557698,0.0051273935687038
0.86870174644533,0.08690859836691009,0.021720087472123,0.016792210390560666,0.005877357325076226
0.8991833102682932,0.054713357807379154,0.021893379962246266,0.01812314303452783,0.006086808927553382
0.9437647593873406,0.03476488955070683,0.007492144067669763,0.0105466791724351,0.0034315278218477385
0.8612110869626464,0.09471561924888537,0.019885510826851943,0.01804124797424812,0.006146534987368272
0.8754142182625813,0.0653174067749927,0.025447852080936556,0.02612787642569539,0.007692646455794181
0.8073127507557809,0.11969701170772028,0.029389245125052792,0.03233923174507196,0.01126176066637394
0.9071249448621881,0.06147758575168728,0.01208399897725948,0.014122221477038389,0.005191248931826739
0.8026519155413279,0.12164219684195611,0.02821995496690229,0.033516381024855414,0.013969551624958268
0.8602734109021547,0.09191132966831216,0.02302223590207739,0.01827425166922398,0.0065187718582316884
0.8881839359050713,0.07334614563292782,0.016823010885986693,0.015552325714642257,0.006094581861372113
0.7349640336456998,0.178799807167822,0.042253760177563666,0.03353975632880573,0.010442642680108782
0.8986048094079093,0.06084968261048316,0.01434925442534992,0.019372216241656717,0.006824037314600583
0.6404845186450775,0.22582193130533604,0.06369890913574444,0.0528140061388683,0.01718063477497344
0.8933940339671291,0.06749070301934533,0.018147220947806998,0.01586989183149638,0.005098150234222548
0.8366925469905931,0.09398785043531568,0.035788420268729755,0.024559223701341868,0.008971958604019755
0.8179407293445695,0.11384580497515838,0.026756619316942485,0.031253327119430234,0.010203519243899265
0.893340223517872,0.060158383400582625,0.018880647584554607,0.020940498908814206,0.006680246588176585
0.7859363197237667,0.14820449256952578,0.03274511867244075,0.023724627898311913,0.009389441135955108
0.7198657638594324,0.18798246026116425,0.04271142606902383,0.03789995221845286,0.01154039759192677
0.8750573423338018,0.07968638164948774,0.020881175444031886,0.018267719993721412,0.00610738057895702
0.8064707328216201,0.12489853749134697,0.0427252809594905,0.018985084715779706,0.006920364011762685
0.9430875685337724,0.03654386272259273,0.008163610763442004,0.009231352805599889,0.0029736051745930282
0.8898233192634374,0.07500978443016325,0.015934249920268165,0.013962328161929051,0.005270318224202253
0.8979663650721821,0.06365771546822452,0.01894564832556878,0.014229140177539184,0.005201130956485436
0.7652812534753206,0.11716701994804034,0.04833038190531804,0.05390779554715318,0.015313549124168014
0.8785652241615132,0.08034806982875575,0.014620377835880568,0.019193609317053086,0.00727271885679762
0.6862107941643127,0.2074021924203261,0.04252176634009474,0.04680812069225671,0.0170571263830098
0.8645798804223248,0.08110033093903303,0.023896546887584264,0.021399298420959865,0.009023943330097893
0.9159966154046019,0.05725357720003864,0.012201617470925703,0.010061066343086815,0.00448712358134717
0.8694089569218255,0.08641409495000546,0.01819205864415133,0.019051499074294695,0.006933390409723143
0.8282478899879349,0.11130477344611643,0.029384488961647755,0.02143892796569794,0.009623919638602983
0.8431202266225796,0.07823743415760673,0.0332872535922015,0.03330258217263249,0.012052503454979704
0.8741667525203859,0.07966877883154225,0.01614434436531455,0.021750328295868978,0.00826979598688822
0.7294203699714058,0.1568869791236063,0.05105933557008862,0.04408675788897617,0.01854655744592314
0.9074223036581112,0.050569012895965125,0.020953828695968273,0.014888319834451302,0.0061665349155039
0.9199019329798201,0.046252812700731824,0.01283340880805879,0.015679387106809297,0.00533245840457964
0.8262075348685661,0.10156551856678724,0.03571051161025344,0.026090516686421858,0.010425918267971552
0.8400883539896296,0.09050362618564343,0.027602945750071953,0.02970423916703615,0.012100834907618962
0.9135893635922044,0.05349152552821372,0.014404959142342013,0.013730042719740014,0.004784109017499459
0.8672116170756502,0.06732842469377734,0.028623463660553853,0.026970864270354365,0.009865630299664297
0.9286763392384656,0.03910102378214809,0.017242927154940812,0.011237418930344079,0.0037422908941011717
0.9280087795387851,0.04448101259009552,0.01326988974088601,0.011072597645268321,0.0031677204849650266
0.7890356942092921,0.13024105896120808,0.0403983742209814,0.02770706627549977,0.012617806333018707
0.8445585198667447,0.09274805201768548,0.030120499024948642,0.024180487626943244,0.008392441463677867
0.8277971679052594,0.12271729038843873,0.019769984455813492,0.02092317883363467,0.0087923784168538
0.9114696204911714,0.062008213648568664,0.010754523663577854,0.011241164059539444,0.004526478137142825
0.880981574751774,0.0754561761544928,0.022201013064031744,0.015744409232350987,0.005616826797350616
0.8874373360773319,0.0714632666338019,0.018052700973734348,0.017111309736665057,0.005935386578466659
0.8082600635106888,0.13261166828880544,0.023717431824937657,0.025966333973662496,0.009444502401905584
0.808857484870471,0.12856520703600724,0.02527085830883767,0.028306111309959827,0.009000338474724095
0.8339302457415035,0.11507789386582168,0.0224823773836476,0.020237921651870897,0.008271561357156423
0.9283005508819863,0.037798888373668474,0.012986765398102248,0.016235574296526042,0.004678221049716951
0.9195897489817789,0.044551718439337626,0.01946539622580326,0.01162503135939414,0.004768104993686203
0.8212368376065945,0.11461927109278959,0.028449575616553174,0.027714689866225217,0.007979625817837465
0.9028719592990495,0.061255734197888545,0.016793141921412104,0.015264308324993993,0.0038148562566558404
0.8716344171153323,0.08530947377278976,0.015765020102800214,0.02096568494162629,0.006325404067451454
0.9195498689388683,0.04656176925650103,0.015952008557159038,0.014177422839583089,0.0037589304078884333
0.8491572896675467,0.09551354149460516,0.024707498051816518,0.023995768992521472,0.006625901793510254
0.902407266365636,0.053662517783042464,0.017354827167592797,0.021171294014205252,0.005404094669523562
0.8097248218946741,0.13057096018357142,0.021963512512014793,0.02764967085864293,0.010091034551096596
0.7934686650134029,0.12239962661156087,0.040033630603056,0.035482225235811876,0.008615852536168492
0.7792782280933217,0.13550691329177578,0.039307290866708706,0.034011769919801614,0.011895797828392089
0.8984545610305338,0.058461850967342584,0.01677863183676803,0.017470868407553613,0.008834087757801829
0.8188026245196186,0.10920393461374843,0.026300987433208144,0.033081657377449156,0.012610796055975617
0.8884080339242071,0.060965612640965505,0.020642137483946194,0.020763755282478844,0.009220460668401962
0.8067163232732566,0.1257959852853988,0.02711899125398595,0.027855974324255822,0.012512725863102828
0.805030536703656,0.12007769862803548,0.03614525094921316,0.028121595154889323,0.010624918564206113
0.9227946572130948,0.05181725736373656,0.012220645405424493,0.009080345430631907,0.004087094587112078
0.7464255291703834,0.17028687233578715,0.029001413079166375,0.03359330850261154,0.020692876912051638
0.6383509609151454,0.30011589143292833,0.01709030179081326,0.030348252274833357,0.014094593586279965
0.5841234019948913,0.2032345147819558,0.04986762478727336,0.10028064217434114,0.062493816261538125
0.6215570935516876,0.17773998005356464,0.06969776720506372,0.062216934419356766,0.06878822477032738
0.8462857983263322,0.07948451272624812,0.03426998055798714,0.01609399479532386,0.02386571359410856
0.8084616848904367,0.06733573325981201,0.023207744046053712,0.021633288206325,0.07936154959737265
0.7687446952754581,0.14289819748640847,0.013095350023405518,0.04645110457018333,0.028810652644544653
0.8859370025383841,0.08656705086884829,0.010431625047535104,0.011295842084668764,0.005768479460563643
0.7746057361704921,0.12367434096691264,0.06981448038386587,0.024872289592999357,0.007033152885730006
0.9242343763147044,0.03567764350073597,0.013400912210350207,0.014735647511166324,0.011951420463043075
0.9451120894833698,0.026460385053847506,0.011114956269212665,0.011570411253123676,0.0057421579404463505
0.9169761463921552,0.05308490639931045,0.014828739976712062,0.010822980286060227,0.004287226945762148
0.8553244617200348,0.09634282336722018,0.027437265803024777,0.013186816755830728,0.0077086323538893406
0.8911492538502767,0.05990584712609247,0.022692007526028114,0.017124401745172903,0.009128489752429636
0.8547257600466948,0.06793699080572771,0.03857812751409073,0.026838709595140366,0.011920412038346486
0.8283188821673176,0.11739270518506736,0.026843819254765363,0.01848757256341597,0.008957020829433737
0.8445004159631716,0.08962678363647746,0.026415140047808674,0.02916544585557148,0.010292214496970795
0.9248014898940089,0.039456077069495374,0.016665332393650988,0.01432865074897559,0.004748449893868962
0.9191354299633815,0.03491221007639492,0.02149977480112348,0.01692312980741406,0.007529455351685935
0.8351832915606102,0.08526645556573653,0.03813526192772476,0.029332263916398718,0.012082727029529877
0.9317227717077948,0.03910658544846271,0.014489329005199236,0.01074378408696927,0.003937529751573862
0.832741171707188,0.12317587229242652,0.01845539919094602,0.019435312116652597,0.006192244692787139
0.8877539718353072,0.06592881973629076,0.02114413018248993,0.019530932975229415,0.005642145270682642
0.9070516742654389,0.05049049967476284,0.015033376189577917,0.020001331654846095,0.007423118215374305
0.8218133342938663,0.10752796649084549,0.033358740124061696,0.027308520135569992,0.009991438955656467
0.8875980797593489,0.0698936243153574,0.01823707066963343,0.017314221285509572,0.0069570039701506185
0.845213477099468,0.09930737638460535,0.025755435428340065,0.022750422709050103,0.006973288378536245
0.8130826538114109,0.10413832014383201,0.04602918120721643,0.026376070580015402,0.010373774257525357
0.9036915753963313,0.06127842773166234,0.017431987929870534,0.012075047125457851,0.005522961816677997
0.8796263064291605,0.07523179342175818,0.02099354175953448,0.018444115430543213,0.005704242959003586
0.8518934015908489,0.10973490090379119,0.020079500340488658,0.01426194627003401,0.0040302508948373604
0.8925808320028762,0.04926111467284152,0.03688090032650507,0.01590734543946962,0.005369807558307465
0.8438767216311378,0.08650199651680092,0.039927609551317786,0.021573497533037885,0.00812017476770583
0.8283686574783852,0.11797698333723311,0.025403532739660898,0.0215761544486467,0.006674671996074064
0.9013914435757115,0.04844072969549216,0.02587082765730168,0.01939753938523956,0.004899459686255181
0.9653074960557534,0.01639305001150726,0.010007000616066707,0.006077893471722492,0.002214559844950203
0.9580276194680621,0.020241873421894298,0.009886740536230171,0.008382435150113065,0.003461331423700211
0.8420232900524269,0.10324310705246242,0.02180141687235571,0.02580316241247703,0.007129023610278321
0.738606615860125,0.19804540887968788,0.02601001456563086,0.02827009751822497,0.009067863176331606
0.8782521408908788,0.08250554340068163,0.016615092079014716,0.017152332807084277,0.0054748908223406995
0.9277563483243514,0.04199150398232718,0.016098529440951467,0.010320793397725939,0.0038328248546438876
0.9132204639608107,0.05010539331164129,0.018542853363118426,0.014190574685707304,0.003940714678722446
0.8753879017030497,0.08892850595999237,0.01632148545540744,0.014513153145784295,0.004848953735766179
0.8839807010526094,0.07066088551234095,0.020217334100723117,0.018738825062086184,0.006402254272240502
0.9038222503485563,0.06431410488737102,0.013120258498092778,0.014404433415509123,0.004338952850470875
0.8945707308322893,0.056067994556155104,0.02866721532996417,0.01438472356745089,0.0063093357141406564
0.9491361843798973,0.033469938178654256,0.007035281429146615,0.007458852248996966,0.002899743763304682
0.8203323592851619,0.10262904200840645,0.03923239426550598,0.02657633774161518,0.011229866699310576
0.7331017539809174,0.15755902078336273,0.05343237025801181,0.040701392056409665,0.015205462921298598
0.8515489605456005,0.07234917003689875,0.03607015192061121,0.03129092059602974,0.008740796900859875
0.9041667537525673,0.05874132248600634,0.02250490433337989,0.010465263138381682,0.004121756289664566
0.5555926979543632,0.2907994741681973,0.08187005732443128,0.05408625998526486,0.017651510567743472
0.8533041961073636,0.0885760250365545,0.024700381295474638,0.025727400564531298,0.007691996996076019
0.9376501325240533,0.04012504323321753,0.01003469748025455,0.009431357358969383,0.002758769403505093
0.9408088779629125,0.0279851290059832,0.021216005841385846,0.007619548607532258,0.002370438582186075
0.7965055860436265,0.13488820530022513,0.034036172393311574,0.026972179682325383,0.007597856580511221
0.8364675412670025,0.10429849642311917,0.028723296157434543,0.024340571291240398,0.006170094861203323
0.7784114212888478,0.16402190353824095,0.02826701820969168,0.023223176241790502,0.006076480721429129
0.9093614041011836,0.05673766189470892,0.015660652847886355,0.014277998281096408,0.00396228287512478
0.8830794769705055,0.07082022913857709,0.01942427126979389,0.020311643613780173,0.006364379007343061
0.9251502880828597,0.04957103680449605,0.015279548742955599,0.00782313295575151,0.002175993413937278
0.8080640491707973,0.09302090943566806,0.04981446342704747,0.040346553739000784,0.008754024227486522
0.7754843780200472,0.1330918108065309,0.04173514694309051,0.04195253258967631,0.00773613164065518
0.7658362333125978,0.143597704997276,0.035684513287394186,0.04224305711236178,0.012638491290370462
0.8875872414061606,0.06798598759465332,0.020888294571661747,0.018385487544458592,0.00515298888306552
0.7879284392954256,0.14011736494022126,0.04050745847614642,0.02279264409180091,0.008654093196405699
0.8946870393445431,0.06246500594922294,0.01893337383914275,0.017836808905592468,0.0060777719614986325
0.8980586581949301,0.059936289134739355,0.020462103800781218,0.01622340920227703,0.005319539667272298
0.9357018022486165,0.03403327923714533,0.01710914189063448,0.010267583991423964,0.0028881926321797907
0.8891521977761011,0.06602802081054619,0.0210398160658236,0.018819446389845125,0.004960518957683867
0.8757344534541022,0.06250804099684662,0.0341356201180529,0.02185133684638221,0.005770548584616202
0.9327245328363581,0.0394615382540522,0.011569972339828729,0.012989984218198448,0.0032539723515623183
0.883522664636797,0.06787830295117711,0.018548385364206287,0.023574776616800408,0.006475870431019199
0.8636772756121008,0.07634555423496635,0.0261569958239151,0.027695200649854333,0.006124973679163429
0.9190262204299224,0.038990427358416804,0.016496073963004797,0.019103883461444638,0.006383394787211472
0.921254999905682,0.03380362186961525,0.020726080200245328,0.018239360628820346,0.005975937395637063
0.799379613011158,0.1259890882222472,0.03748351821536253,0.026212513015810995,0.01093526753542129
0.8902540398295266,0.0735037302953408,0.01562843023836827,0.015141310337338357,0.005472489299426088
0.9139514608135094,0.04386172960711664,0.022581636916057333,0.015568488256555808,0.0040366844067607705
0.9364151134457888,0.04318467394920637,0.010762361867352736,0.00694596874850243,0.002691881989149702
0.8455201068659833,0.08724589895586371,0.03051838360026933,0.027714919565945653,0.009000691011937944
0.8304891470588766,0.10470640496522768,0.036261860785383515,0.0212510982128079,0.007291488977704346
0.7729525396973977,0.15900010220272878,0.03495528342618668,0.025162780852039074,0.007929293821647684
0.8443663542955193,0.10083434775222268,0.023444415011049394,0.025084336685200603,0.006270546256008082
0.6171625131507252,0.17715998369429256,0.12342827843083237,0.06400051445855573,0.018248710265594156
0.8512459893142287,0.09775331673295637,0.025611591081931333,0.01890619601911094,0.006482906851772507
0.808001755415105,0.1343812410419545,0.023382601419539205,0.027947718715340686,0.006286683408060779
0.9102291650622127,0.058180256119978645,0.016522081000032475,0.01115121929668955,0.003917278521086464
0.7831593663995999,0.15335631776669226,0.032734464882130936,0.023414962813496948,0.007334888138079481
0.8401465594337149,0.0917476755028414,0.03548814003856103,0.026250831864780312,0.006366793160102367
0.8947001193532077,0.07343740876833015,0.01478969578805397,0.012752792036246375,0.004319984054161862
0.9037934108164238,0.0666250592862632,0.013330333631268032,0.012457558830688342,0.003793637435356637
0.8406974568783341,0.09421949924891548,0.03091643640374764,0.026731499461754477,0.007435108007248285
0.8162000841044402,0.12417346430738369,0.03191279695515917,0.0214305372808367,0.006283117352180246
0.875427198741239,0.07801979526334311,0.021152395172249167,0.020847141022803398,0.0045534698003652134
0.898262923353193,0.06446567749528004,0.021277529363287907,0.012149973738352506,0.003843896049886677
0.9328410812094325,0.040052768343014064,0.012170360113055173,0.012208049037845886,0.0027277412966523187
0.8707754182732662,0.08544636008812961,0.01875156612786353,0.018917941539984325,0.006108713970756645
0.8635958094744042,0.089372588615207,0.02255180291833472,0.01918778239639722,0.0052920165956568364
0.9215998226937312,0.047401013449724895,0.014685714124313992,0.012206989751745473,0.00410645998048471
0.854195332867362,0.07673484357361571,0.027708000886071667,0.02893718670809712,0.012424635964853364
0.8987052991972825,0.05893602604394868,0.022380097628578323,0.015209594401858272,0.004768982728332368
0.8665449833604524,0.05715044059839071,0.04050988826867704,0.028608323732549245,0.007186364039930627
0.7951981255687103,0.10674416985895853,0.029767480341202322,0.05511476783575768,0.013175456395370952
0.814744097239536,0.11769838910408645,0.026325309510818788,0.03238457895956471,0.008847625185993793
0.9035993054098547,0.05546026257706506,0.023784309941803253,0.01263767044482712,0.0045184516264498995
0.9038122881158109,0.0556672522737142,0.017449503037339123,0.019363261955305983,0.0037076946178296846
0.9039373803644696,0.05371959736139344,0.0176806274967235,0.018971429319924165,0.005690965457489362
0.935234650922562,0.027725745031530146,0.012746818383945119,0.01828604141509166,0.006006744246871176
0.896084647064216,0.06195916358954255,0.020200992943962673,0.01728864360166586,0.004466552800612944
0.7667335247318291,0.1560533513910847,0.04069306123636514,0.029455613268891335,0.0070644493718299926
0.9314631254312825,0.04002790514862716,0.014511935366858797,0.010391144168688766,0.003605889884542806
0.8871261390369118,0.08366056124089583,0.012665048190711915,0.012789731904423608,0.0037585196270567434
0.930712748676445,0.04495475656891596,0.012038283301538616,0.010087284978376097,0.002206926474724327
0.7593570533378835,0.1578598785645413,0.045112107402225085,0.030192426524839777,0.007478534170510237
0.8381655260114549,0.10442086727523484,0.026043350476341348,0.023746670012552564,0.00762358622441629
0.8451753063467887,0.11177949138310107,0.02049644440858718,0.016921911184808836,0.005626846676714221
0.8944732155918114,0.05924851317523776,0.022909113535688183,0.017132778784456033,0.006236378912806538
0.6536661154064194,0.2498667749705787,0.04354356316177937,0.03858831172344059,0.014335234737782
0.8895629277823265,0.074492621567416,0.014946324763857436,0.014947506730315441,0.006050619156084437
0.8736946476852794,0.07029327414836069,0.029704926498736947,0.021638236393378793,0.004668915274244422
0.841955213580286,0.09770903366078795,0.030679872078875264,0.022581965442480853,0.007073915237570137
0.7825386087249241,0.16706552672094166,0.02316229647765103,0.021179941019468365,0.006053627057015127
0.8651514590628889,0.09698377411564377,0.017541599678107058,0.015111132968749214,0.005212034174611026
0.8450305371254581,0.09975604848589534,0.027820511098643877,0.02000269215478866,0.0073902111352140715
0.9308506923556334,0.03976776533294909,0.013603816896462654,0.012060163293171682,0.0037175621217832946
0.963525691696515,0.02078062834194717,0.006605437635772622,0.007122337482995114,0.001965904842770176
0.8839224491502191,0.07721110652608529,0.01627719848747174,0.01883555158596683,0.00375369425025719
0.8742523309895064,0.07018788580629123,0.02843976223228379,0.020705251209380073,0.006414769762538709
0.8131328548700405,0.13293917347572462,0.029640949707172008,0.018405866875556207,0.005881155071506707
0.8442910792692195,0.09318603738303576,0.03675299460062708,0.020696899252238707,0.0050729894948789165
0.8967542187093858,0.06819993814201981,0.01642842439773315,0.014397708877293839,0.004219709873567347
0.9238649249103664,0.04632390518075767,0.015703362777174018,0.010409689738524895,0.0036981173931771817
0.8072588209798438,0.13858455705490919,0.019152124406589633,0.025741200035982667,0.009263297522674685
0.8212210701862565,0.09494606456141956,0.036458629879755275,0.03646948853366052,0.010904746838908071
0.9071391069595794,0.05825926497311191,0.016838677744230403,0.014050420099364287,0.003712530223714063
0.8481994933997915,0.08252505353997683,0.03814003263470196,0.02127187987023297,0.009863540555296728
0.9256140043390381,0.04836865230345696,0.013503531952112015,0.009173870817741476,0.0033399405876515086
0.9170365215263392,0.04253925724947328,0.024045102902661555,0.013243152614901266,0.003135965706624636
0.8532627219691664,0.08921632163560117,0.020576780990238405,0.02985470306187675,0.007089472343117106
0.8852774726064809,0.06773127460521518,0.019473787035856324,0.021646234938124714,0.005871230814322731
0.8648608330267976,0.0816256838779283,0.02240309829452863,0.025381922010676114,0.005728462790069425
0.805525073966903,0.1281327410355217,0.030913494349373506,0.02883195401654505,0.006596736631656652
0.9156657302982629,0.04960882394520459,0.016165257234699637,0.014684615662158675,0.003875572859674106
0.7725636819373195,0.14280235026626664,0.04208497984886411,0.033173868855854806,0.009375119091694948
0.9559770561441304,0.028988069050711534,0.007744564463187001,0.005529315416002733,0.0017609949259682818
0.8671389284392073,0.08468992448718105,0.02286260115531061,0.01925224912420439,0.00605629679409691
0.8035928053916535,0.13281428540823415,0.02906746471572058,0.02714584260685495,0.007379601877536743
0.9300540366413662,0.05043046892581286,0.010065906471187115,0.007264152033891137,0.002185435927742777
0.8704725966138053,0.09030181230620185,0.016398441516730786,0.017041784435233433,0.005785365128028681
0.7053413414963347,0.22222170641593877,0.033361621158360284,0.032420150769819384,0.006655180159547134
0.8878236026685785,0.0732133545561427,0.02073807903869639,0.014322728524916216,0.0039022352116661655
0.9178140035982533,0.05528904847739674,0.011836794076189865,0.011047074669232092,0.004013079178927983
0.8470244111171328,0.10764129317545838,0.023953043197429278,0.015206245484200286,0.006175007025779317
0.9421576398593337,0.03258199730597173,0.012068790778760129,0.009877328807248979,0.003314243248685618
0.8802071239812288,0.07049815604078377,0.024848984368907884,0.017650377480364087,0.0067953581287152585
0.9208976748393625,0.054696626909347984,0.011198008788620165,0.008964177454256539,0.004243512008412613
0.9394541750956523,0.03539404322355732,0.014368818636502072,0.00860693501687856,0.002176028027409523
0.9502909254163058,0.02775646504475396,0.01156922693068095,0.008045454393856538,0.0023379282144029116
0.7686801232071679,0.16563267251724378,0.030994522595478545,0.02772930725986736,0.00696337442024231
0.9181690020863204,0.05670481117261199,0.013865094332995499,0.008569896095606723,0.00269119631246554
0.8974136311890543,0.06837952103898101,0.015730625080649124,0.015430085932582363,0.003046136758733372
0.8663284399502683,0.10264338183953388,0.011794924764075936,0.01584601532829232,0.0033872381178293395
0.8191221399640277,0.1144535960980471,0.029709867756591717,0.02739128238880811,0.00932311379252509
0.8926746819545681,0.0584566636483929,0.025076345192131897,0.017295658250301507,0.006496650954605506
0.8590265841707108,0.08648998855518067,0.026038653265208135,0.02200615942501432,0.006438614583886061
0.9190054731937868,0.05464499601635775,0.014880599056622982,0.008949420598186694,0.0025195111350460125
0.8974557192133102,0.06071983057489612,0.021514276058312895,0.016421586853662247,0.0038885872998184936
0.7249150445800305,0.20912283536956452,0.03088464712187557,0.027344578332087872,0.007732894596441549
0.9116979381567033,0.058580813371397006,0.017162888958586243,0.009594451172339546,0.0029639083409740137
0.8719301380440808,0.07474665739664695,0.03021242894512391,0.01779767017785879,0.00531310543628945
0.7970511705686566,0.10952956738521719,0.04392519271442266,0.0409234958096765,0.008570573522027067
0.8694698552174661,0.07076161470712743,0.028793225133890425,0.023496719167952335,0.0074785857735638304
0.8750792501509849,0.07679021143052926,0.02423030077181477,0.018138371623908304,0.00576186602276293
0.7881335254019922,0.10591298514579242,0.05949893379050254,0.038623012001116515,0.007831543660596262
0.8284729118151071,0.11084977028860032,0.027124505563945755,0.025413882131812792,0.008138930200533986
0.8825373228457032,0.06763831252630421,0.023288452864574226,0.02168405934676738,0.004851852416650988
0.9002141397860492,0.0604953737722431,0.0181338442453956,0.016859264322744878,0.004297377873567051
0.9277677187222046,0.04771637717106984,0.01195272201219997,0.009301561556358428,0.0032616205381670693
0.8625787536352058,0.09772496113510888,0.01907220503847609,0.015732261501236515,0.004891818689972615
0.908705406637922,0.062274594191071,0.014200700307954846,0.011432931567761071,0.003386367295291142
0.9091958302900803,0.039583874422131175,0.027565511721304618,0.018655809987727253,0.004998973578756448
0.9037279497083417,0.055163664622827784,0.018524334338924822,0.01720518005409571,0.005378871275810043
0.8170637706122946,0.12435227208923325,0.028433788136533883,0.02473093169711829,0.0054192374648201645
0.7660057405897924,0.14932648194401793,0.03701546715025123,0.036426521384717685,0.011225788931220839
0.9212624971696072,0.044378198312315306,0.019326280689872927,0.01084192926909088,0.004191094559113701
0.9060710306371992,0.06283870753151641,0.014834670130725635,0.012011660964218254,0.0042439307363403836
0.9101845229436507,0.055414022082585106,0.014907423264285794,0.015439220845758956,0.004054810863719519
0.8522546422460707,0.10335294458237784,0.023215113202622692,0.01617807033537391,0.004999229633555014
0.9010028903808395,0.06509445069297036,0.01732827439043477,0.012937049356696106,0.0036373351790591063
0.886321719591567,0.07454338153228951,0.01899881914459275,0.016223329117272933,0.003912750614277537
0.8513009585050862,0.09383822692591279,0.023976541754779618,0.024369992408792025,0.00651428040542903
0.8215434983822284,0.11859868246773836,0.030615464802766938,0.022922286544178303,0.006320067803088092
0.8361499383450407,0.10782685127622364,0.02899571872559583,0.02060981127605413,0.0064176803770858125
0.8774075041811304,0.08237579962286594,0.017725239682059205,0.01702361990400036,0.0054678366099439185
0.952407135024736,0.02351194557597476,0.014169678889131168,0.00739569397814208,0.00251554653201636
0.8406396319500357,0.09953553281321123,0.030943129204953596,0.022285448409155712,0.00659625762264396
0.8562372967196391,0.08280185190667035,0.03518826672043356,0.01858606963917277,0.0071865150140840725
0.8452752365261968,0.08322140882186606,0.03824334771892612,0.02583482532792001,0.007425181605090868
0.8042067766580494,0.12840691767767082,0.03479750673075288,0.025721782758256134,0.006867016175270721
0.8027653946031521,0.12391873601827834,0.03297428644833618,0.030880486659856998,0.009461096270376687
0.8940020816842937,0.0735812224619504,0.01694769700402522,0.012121205794621738,0.0033477930551088207
0.8336382664428206,0.0829445838326752,0.03946578245094316,0.0353815633645978,0.008569803908963072
0.9026549014835819,0.052916657017861995,0.021149607862946944,0.01725370351596485,0.006025130119644253
0.8810505433685204,0.07340167386619062,0.019620176512238796,0.01987468266799905,0.006052923585051196
0.8962157818328278,0.061258310354811725,0.028767880739477794,0.010621333710828915,0.0031366933620538243
0.9157566269304623,0.04910772261947542,0.016457391571593864,0.01475674026749504,0.003921518610973319
0.7496666346147967,0.13078957920624365,0.047549634100049094,0.05176016216585981,0.02023398991305074
0.7435414984490136,0.15364811231901485,0.05598289967933608,0.036471893677517464,0.01035559587511797
0.8046339430484655,0.12875763438396995,0.03066085464201211,0.025684582717245934,0.010262985208306478
0.8544085401022977,0.10375071832653786,0.020593033237278336,0.014660875168380102,0.006586833165506095
0.8707301617348103,0.08344509838176915,0.019976035577078458,0.019641584057046017,0.006207120249295986
0.8333232325153392,0.10265099920286326,0.02951639431958226,0.025016090850071664,0.009493283112143465
0.8775195963898083,0.07784836825581949,0.018099768313685188,0.02005466346336143,0.006477603577325905
0.7641720779616755,0.1596834824480966,0.03858067493677164,0.02942707334138376,0.008136691312072262
0.8536950587984264,0.09614066192657067,0.02615885147423214,0.01979002080065279,0.004215407000118065
0.9479449984423075,0.02859582320513598,0.01320648337549811,0.008317104015015094,0.0019355909620434233
0.9281675531097541,0.040305954480778214,0.01468058304259064,0.012677733971231925,0.004168175395644963
0.8337077335321708,0.09841490121617738,0.03356148398506689,0.025947689304866912,0.008368191961717928
0.9581120426739703,0.028469012843181304,0.004815791741007866,0.006836855133926969,0.0017662976079134984
0.9046156514683624,0.05356095140283902,0.019104224336882587,0.01863090464325818,0.004088268148657859
0.8256439669214394,0.11802545574688393,0.02731816544041035,0.02191671733236093,0.007095694558905369
0.9125184606017772,0.05503767514564097,0.01703893459083749,0.011473002280906237,0.0039319273808381084
0.9250112585863747,0.05136848837729819,0.012080525744325802,0.008583342889525208,0.002956384402476217
0.8697570666716737,0.085583627221818,0.024773521783019063,0.014866079200150343,0.005019705123338709
0.7950946636365118,0.13006884532474589,0.03196510708158237,0.034792001105545506,0.00807938285161449
0.7714058057535794,0.12991678021441924,0.045994005412425924,0.0426483422320172,0.010035066387558054
0.9060825447210376,0.06791757540377275,0.011253120023223963,0.011516296878763979,0.0032304629732018775
0.9451538013084682,0.02679777121661114,0.013344109546772282,0.010948911069859513,0.00375540685828914
0.911539046403116,0.050783322766399,0.020933329095566146,0.013228914676783833,0.0035153870581348078
0.947031034580778,0.03476367615100579,0.008677505362526733,0.007139625304771531,0.002388158600918025
0.8905664038136969,0.07370569423157991,0.02093351447177087,0.010828615730385167,0.003965771752567115
0.9358546625511774,0.03657165123240611,0.014167821699454268,0.010400344049968917,0.0030055204669931935
0.8999982398652989,0.06038979183646115,0.015829952306423718,0.018370879379998577,0.00541113661181764
0.8897937410878952,0.06995239684817776,0.018207188903885965,0.01711330774725479,0.004933365412786311
0.8600299413441355,0.07774581037127981,0.02859350510003876,0.023644831577926236,0.009985911606619673
0.9270716070842454,0.039467451789106316,0.017269993426581996,0.012066906351257352,0.00412404134880874
0.8641805296673075,0.10181485816318073,0.016166581437250572,0.013337414284139669,0.004500616448121607
0.8024409896283097,0.14575422424151394,0.027249796184084848,0.017309924924902347,0.007245065021189375
0.9182466773122682,0.042436185365309506,0.01768160510343708,0.01529156033531351,0.006343971883671499
0.8842579881734851,0.0777511119443209,0.01635681689899149,0.01574358365871789,0.005890499324484632
0.9376709339102163,0.03575509805657334,0.01144295550470004,0.011997721137085226,0.0031332913914252723
0.9033442148860206,0.0642955243842514,0.01434124265949074,0.013640223102271849,0.004378794967965474
0.9485851243706693,0.03534857232057165,0.007048465459902745,0.006770113028828431,0.002247724820027887
0.8022688637129131,0.15669882779823746,0.018023706407364903,0.01834061223061423,0.004667989850870426
0.7991831476330044,0.12933407661496849,0.034047854365761555,0.02930446891417426,0.008130452472091447
0.8716743185099183,0.09178591278036546,0.01783461623954974,0.014302693313155673,0.004402459157010723
0.8839504033288771,0.07062612915456605,0.025864486420484455,0.01464955096861554,0.004909430127456909
0.8810686923725184,0.06376428003343426,0.024304593019389913,0.023588994819315,0.007273439755342415
0.7899097524137791,0.12086342947473047,0.053716283724315916,0.027435726254783153,0.008074808132391533
0.9280980594853667,0.04123174589185563,0.013741474498840988,0.013463213621053875,0.003465506502883035
0.7578572662163084,0.1598052978440792,0.04328694648641289,0.030550411732986203,0.008500077720213103
0.8719775630905292,0.08426268833531007,0.020265465096191194,0.018802636336536817,0.004691647141432839
0.8062773300352837,0.12943716039543124,0.03124783028586571,0.0248289077743327,0.00820877150908652
0.8300260558492378,0.10911581580622051,0.02572899029853458,0.026408950826437953,0.00872018721956905
0.8553698795760035,0.07368571804667383,0.03745607672723081,0.02654398717131766,0.006944338478774071
0.8280615729501792,0.1027905657137396,0.03271225771153361,0.028956064765254093,0.007479538859293509
0.8948223339234539,0.05753325311496236,0.02306895108267455,0.019176507721083452,0.005398954157825701
0.8461692673926828,0.1071792775959743,0.024182433203641888,0.01644259299648735,0.006026428811213639
0.9146389588836179,0.05017303397496115,0.012560163767201234,0.01548892992061804,0.007138913453601407
0.9328788481373687,0.03809456169014059,0.014091731217773792,0.010898340975325065,0.004036517979391961
0.9083579339425067,0.04892704530811723,0.018603645265345074,0.01765838789209444,0.006452987591936657
0.9067777747675501,0.050316164963588386,0.024845462652898102,0.013242568632756552,0.004818028983207168
0.843181134676633,0.10189137406564705,0.024912781263442044,0.02258989719161304,0.007424812802664527
0.8393111216591812,0.1090188189260195,0.026962365811803023,0.017802731122126044,0.006904962480870013
0.8781739412826991,0.07970216101541115,0.017987375323092324,0.019593365193951794,0.004543157184845641
0.9016862552367958,0.06068453502806497,0.016960858604811543,0.015681748461343462,0.004986602668984112
0.9264993250079886,0.04385039869550262,0.012878418830854003,0.012672489729525647,0.004099367736129347
0.8295401823431906,0.12621903746789567,0.021439544050233794,0.017369207693923017,0.005432028444756886
0.8620700582710845,0.08556340957617463,0.030573202873540463,0.015016516491651873,0.0067768127875482585
0.8846379708107086,0.06751405091822009,0.018785604008388523,0.018761950426422147,0.010300423836260751
0.9102807560527936,0.052138413920145565,0.013683265031104265,0.018909924991027765,0.00498764000492876
0.8218676935644168,0.1203201156748882,0.02981449209996758,0.020132677343619627,0.007865021317107779
0.9550345485758797,0.02244453634205144,0.008910241038481414,0.010024660444221692,0.0035860135993657774
