Delta_Power,Theta_Power,Alpha_Power,Beta_Power,Gamma_Power
0.9330170425197855,0.03579745137564754,0.017637255696202576,0.0076343079647713695,0.005913942443592787
0.8763797826556523,0.07119587764222982,0.02622405415352469,0.017001238821597205,0.0091990467269961
0.8732639417379982,0.0773836088816533,0.02372875067147644,0.014954022498026527,0.010669676210845561
0.8631751414521356,0.08042417776346727,0.028617314903853826,0.014428634346531683,0.013354731534011635
0.9156993847808695,0.0510432509116072,0.017015508178433336,0.008957482275885815,0.007284373853204404
0.9043963932449285,0.05760638335623551,0.01694456028473486,0.012535038845180655,0.00851762426892043
0.8855988615149307,0.06635152934266308,0.01806296647306204,0.019981755366996666,0.01000488730234751
0.8572426473968512,0.10693868728408217,0.015397120709573883,0.011660014344455159,0.008761530265037567
0.9404597548793409,0.03181410722382088,0.00932894688021205,0.013748432985542729,0.0046487580310835
0.8628874445218637,0.08604806797097599,0.01995167046530545,0.019960103518977316,0.0111527135228772
0.9482446212443674,0.033215934878891164,0.007885460921752192,0.00648641413232939,0.004167568822660032
0.923918803327759,0.034837909671654115,0.024121936821601134,0.010015673702282908,0.007105676476702874
0.869689135747944,0.0748658512501159,0.02632007923622002,0.018365854493715708,0.01075907927200419
0.8697244550003699,0.08651886756781442,0.020407665763145916,0.013902540630578109,0.00944647103809172
0.8678889798305492,0.07410115159200487,0.026726337334922228,0.02011363317350213,0.01116989806902159
0.903863451328656,0.05625551084005935,0.015002655372610694,0.013725210577664331,0.011153171881009885
0.8563829593261483,0.05032389875076632,0.03478008076821384,0.03401827438377763,0.024494786771093943
0.8526186741686145,0.09954802147827872,0.021122406777661966,0.014967822876147143,0.01174307469929764
0.9256111008104771,0.038686125019909916,0.012018814462978342,0.014339214081858946,0.009344745624775525
0.9057627378066271,0.05241100033438573,0.015377170010826235,0.014895768585765828,0.011553323262395174
0.7491150547272579,0.14950288255068675,0.0512563214664276,0.025697617144768845,0.02442812411085889
0.9321041121907309,0.042062575320872334,0.012526226164902416,0.007811440804529192,0.005495645518965195
0.8919833792844291,0.07714053268189876,0.016155661899346658,0.007890295513032103,0.006830130621293559
0.9214417366795107,0.05587051905508623,0.005958590815964301,0.010240868476870418,0.006488284972568192
0.9592416120808908,0.020466511612369665,0.007916313735395713,0.007835826591833654,0.00453973597951032
0.9171198152048111,0.04627604740730969,0.01692984447001517,0.011608421486885708,0.008065871430978387
0.8530038976070492,0.08638991017369481,0.031882431087193804,0.016077033583051733,0.012646727549010367
0.8854907105063482,0.05828574556958727,0.024077736680510598,0.020109165879362904,0.012036641364191063
0.8588801695577207,0.05402812968938499,0.020648126536152243,0.026978741571513254,0.039464832645228765
0.927047579342194,0.03533447983063384,0.016496868762340158,0.012131008747066113,0.008990063317765811
0.9265136182928961,0.04686562752805607,0.011337061707846966,0.009136258340496738,0.006147434130703776
0.864860159425791,0.04257869076401081,0.0456934157991593,0.030483095347719615,0.016384638663319462
0.7578375209246849,0.12065003451174641,0.06098498427929518,0.03800728470789432,0.022520175576379337
0.898614396748199,0.049965910835429915,0.020818012782031638,0.0198611605493618,0.010740519084977721
0.9332138678187882,0.037491704839240955,0.014532500963699714,0.009720940328987834,0.005040986049283349
0.8840391820508932,0.06929331892183384,0.019278844977138568,0.01783540106856382,0.009553252981570773
0.8778641800882573,0.08461158031919332,0.019958325059732857,0.010065389966567254,0.007500524566249272
0.9248463066295514,0.03505329818365013,0.019085239777548602,0.013413889305311354,0.00760126610393839
0.9138212979485366,0.04158721494114018,0.02239835768153444,0.014678209405061277,0.007514920023727549
0.7851918495238669,0.10635180449561682,0.044821924503291706,0.04150387972672535,0.022130541750499114
0.9510765639928869,0.027984829591558406,0.00809179229889668,0.007894610802219117,0.004952203314438984
0.9348463680291974,0.03253349048917534,0.010155672684638442,0.013476977086508803,0.008987491710480104
0.9520604785663936,0.01662070352167001,0.009851624405676945,0.013815530129770931,0.0076516633764886835
0.9427201812755661,0.022488244107380605,0.013839948490045717,0.013209925802637136,0.007741700324370578
0.8903789401428214,0.04960056709571554,0.029412206032386173,0.01957584814105791,0.011032438588018943
0.9371120056374935,0.02182582455326871,0.01702727658014225,0.015299434654472078,0.008735458574623572
0.8376786141069793,0.07124007280839478,0.03507224422626845,0.03850785110617271,0.017501217752184776
0.8995532617119674,0.05705204509979526,0.02173846129960352,0.012564429400861766,0.009091802487772053
0.8780717459285308,0.07687039469489128,0.019053607571372252,0.015703222695216817,0.010301029109988985
0.9334502679458249,0.03754166082196945,0.014448368962865738,0.008939799475996177,0.005619902793343748
0.8815432743377067,0.04006490228916413,0.0436408547465054,0.021518113504371623,0.013232855122252174
0.9312924929758064,0.03968798360700674,0.010837189799780756,0.012119721587781601,0.006062612029624427
0.8243152355885702,0.0866046990823907,0.046475594717101415,0.026421859742990165,0.016182610868947574
0.8261300921309939,0.09733222067936226,0.047618648502881784,0.01892268466603158,0.00999635402073058
0.8338665758867472,0.08958572770417632,0.036185986542035975,0.02389334650993547,0.016468363357105144
0.8993995734473643,0.0642571660340291,0.015408412918784605,0.01360063616175799,0.007334211438064217
0.8786735985449943,0.05573637241437941,0.03574957464691754,0.019436053094697384,0.010404401299011276
0.8729052298939434,0.07154516954580324,0.030793707563754748,0.015681020667299064,0.00907487232919954
0.8691516669108341,0.055003331322273454,0.030470176754740053,0.028562952225499313,0.01681187278665296
0.9261151231665351,0.03391580396253051,0.018365596190657193,0.014928680544573426,0.006674796135703715
0.9113779656257642,0.056911375247447465,0.01054083005320536,0.011779733992885958,0.009390095080697046
0.9201818320905185,0.050154628171978244,0.011435407201975301,0.012079171482350012,0.006148961053177905
0.937806615026965,0.023511996035119272,0.018569284979287087,0.012673746404194185,0.007438357554434443
0.9404549434477915,0.03850520262128974,0.009402868613500244,0.0072209087063363426,0.004416076611082243
0.9033903201204992,0.0458203049277994,0.025781197911243392,0.016262872132171965,0.008745304908286226
0.9115206780776274,0.04196041848059655,0.0242126005550238,0.013689357705379953,0.008616945181372305
0.9031247773837239,0.055926850177005945,0.01759116058603826,0.013492310681005334,0.00986490117222664
0.8306559064109552,0.11092219186798148,0.03040635351090857,0.01809265428280559,0.009922893927349106
0.8873146894487793,0.06357145071914523,0.02054972474013698,0.018071029087071876,0.010493106004866595
0.9203641227657602,0.03711065776086811,0.025074641659238898,0.010410453386224495,0.007040124427908108
0.8981324217778776,0.05584281790362859,0.020832921969479924,0.01647460330952774,0.008717235039486288
0.8706556872837821,0.0631672186950552,0.032940775138852,0.021931921881232042,0.011304397001078508
0.8639947681087417,0.08276368783080272,0.03153029013372961,0.013639751046413424,0.00807150288031276
0.9105318064616109,0.06103529839250081,0.015128678795769998,0.008620430279937447,0.004683786070180814
0.7676634721852962,0.10439718521233593,0.03453804535009286,0.04151012300371594,0.05189117424855896
0.9568552291135395,0.02492054050247071,0.004739642123880618,0.0068534316338653,0.006631156626243868
0.6490169166901193,0.14591214805243666,0.04788113135436158,0.07964370828557561,0.07754609561750689
0.8343395148548666,0.06906179044894274,0.020528379392878028,0.041093050504437754,0.03497726479887512
0.5738044716125037,0.13299835014830405,0.10000939737814887,0.12036959488767165,0.07281818597337157
0.707537005733966,0.09035436672953097,0.07464117038677248,0.06651234827376849,0.06095510887596185
0.7701988481100541,0.08554629634043479,0.03647503191296963,0.05473499954848339,0.0530448240880584
0.8645854723058947,0.06125936380583928,0.021369678628931684,0.02840803575509426,0.024377449504240332
0.9052136712132003,0.05785352812750612,0.018498011548159225,0.010449789886570629,0.007984999224563784
0.885643576956871,0.05187976674953381,0.03376585748324838,0.0180513204883748,0.01065947832197208
0.8189747883243874,0.11506111559310808,0.02683232213144874,0.02397610630544843,0.015155667645607227
0.8849986769548932,0.06681727086751532,0.015478207024674928,0.021827003391479537,0.010878841761437271
0.850828553508163,0.09739932627940652,0.022704694924368718,0.0179975470528019,0.011069878235259801
0.9152888157032983,0.03540367369310162,0.023436276386444944,0.015302871136908988,0.01056836308024605
0.9106752787825325,0.05020380688373801,0.013807928973028115,0.015713852507997627,0.00959913285270347
0.931233053996682,0.03795059911358746,0.013395668562475678,0.010373520941275622,0.007047157385978986
0.9459549480919437,0.02241875104281844,0.017342507712138792,0.008133296881008287,0.006150496272090795
0.8306994312377015,0.0831656886567951,0.03839016838224223,0.0249674066098573,0.022777305113403614
0.8428798863411487,0.09437713133390072,0.028899446945889532,0.019396540499113702,0.014446994879947208
0.949277232354811,0.031538923467141454,0.006291216468256615,0.0069803519101450506,0.005912275799645939
0.8897354553205988,0.07888550028863886,0.014617080383966696,0.009683706807630543,0.007078257199165437
0.8892267566461832,0.06965077583919374,0.013883847138633278,0.017482524456822024,0.009756095919167733
0.9447560359515599,0.029723052337474253,0.014414078697466888,0.006384985086131862,0.004721847927367088
0.8780914111349726,0.06571961309252745,0.02583939041449251,0.017691825034986553,0.012657760323021003
0.7814468672058512,0.13064049232458447,0.03868086709032486,0.029578105331937832,0.019653668047301717
0.9103735127499653,0.04976301063749222,0.01721462537566797,0.014950283330206808,0.007698567906667636
0.9130224557371737,0.05062197588643558,0.015447885134236651,0.014053007441607144,0.006854675800546994
0.862594631080926,0.0824437768613185,0.02516109047227738,0.018272372904797655,0.011528128680680564
0.9341410922569396,0.0325488819417143,0.01405530779281995,0.013541008894251756,0.00571370911427448
0.8607477337702168,0.07453528124353713,0.03044186513782884,0.018545979739765243,0.015729140108651805
0.8660234223775892,0.07230281714440637,0.02357683455156834,0.02486733945664603,0.013229586469790128
0.9308936205551774,0.030425301162941554,0.01721145132258586,0.01242012027116516,0.009049506688129958
0.8939212971740867,0.053912417248294806,0.02417396443109839,0.019375551535788318,0.008616769610731885
0.8576172419357218,0.07978278985589136,0.03052863072794306,0.021603915594285497,0.010467421886158257
0.9220742692164439,0.03450371892324038,0.02129692471617627,0.014718077830859206,0.007407009313280297
0.9312604295370407,0.043062854766969735,0.010648940216017429,0.00969356108352746,0.005334214396444793
0.916698334169756,0.04988261890904071,0.01889918411663358,0.009025125404834976,0.005494737399734634
0.8778746615384367,0.0752879794105842,0.0254173744331726,0.014191450063850504,0.007228534553956095
0.8891337204515712,0.08218419375441575,0.011424741528066896,0.012436922004757529,0.004820422261188518
0.9185560150886043,0.0503091053340582,0.016915729123096968,0.008895203123984789,0.005323947330255944
0.9440101455193861,0.018061803896798744,0.02327431798181143,0.009467486810447496,0.005186245791555703
0.9310461604830563,0.04018285358481772,0.014955067626255099,0.00888124290356753,0.004934675402303325
0.9508919909046404,0.03365119560820821,0.006716469285516749,0.005614816809343124,0.003125527392291663
0.9214375501117875,0.043256270154198966,0.017246725779167957,0.012386546041216136,0.00567290791362947
0.7751269899847157,0.145824929289657,0.04299240768368763,0.02512647555309971,0.010929197488839764
0.947105076254081,0.021350227182304712,0.016314677345204805,0.011453578318109557,0.0037764409002996827
0.9206802569017031,0.04237779132256053,0.013196463687089812,0.017099893297856297,0.006645594790790407
0.8992533942524585,0.05854355361606583,0.017564554853504725,0.017809897806013653,0.006828599471957332
0.8559958445053223,0.09877219788836436,0.027027019878337753,0.01111024773245042,0.007094689995525162
0.8769610329037455,0.07607188222130241,0.01505859597348406,0.02379388523294729,0.008114603668520739
0.899538239695348,0.055675474999543194,0.02183339218903525,0.016168310096587337,0.006784583019486212
0.8084753353332367,0.12864341998309636,0.02891791707933858,0.023766974955145945,0.01019635264918238
0.9388046151751833,0.03656052352455234,0.01158987497232238,0.009267598441784592,0.0037773878861571243
0.9222927368408924,0.04680602916706255,0.010275691272464006,0.009604182021655873,0.01102136069792473
0.8930043802501666,0.05779026038684335,0.026370999351853476,0.011530019393668019,0.011304340617468753
0.82934730890086,0.0861905807666087,0.027978159304923384,0.02881092811586784,0.027673022911740272
0.8444972567304033,0.10003908849295108,0.030839350179531367,0.016772526793383577,0.007851777803730463
0.8823636917970882,0.0754644923040337,0.020491706055708,0.014887149177468782,0.006792960665701231
0.9249125916962108,0.04128484619565875,0.01581623897321957,0.011499441334340547,0.0064868818005703
0.909703094791742,0.048659412075448806,0.019534750505468247,0.014324265761293727,0.007778476866047422
0.8995988170626006,0.0638504714173365,0.0197999633415088,0.011426083751935337,0.005324664426618689
0.8814710157668675,0.07753141704235358,0.020048896552351182,0.01386301954079202,0.007085651097635585
0.9019206982782202,0.06591073826318097,0.016432143117036918,0.011118389643856936,0.004618030697705028
0.9237083346307211,0.03635437828131161,0.021214180246961784,0.012981689901318053,0.005741416939687126
0.9310231527509462,0.03999956365060585,0.01632976486004979,0.008475659970745513,0.0041718587676526165
0.9389267546954975,0.04046043374546097,0.012923423913648466,0.005420792116998846,0.0022685955283942667
0.9326704248943214,0.038472760622650114,0.01143720806520962,0.01330416403435285,0.004115442383465982
0.8955684474765435,0.057888266836573214,0.031211878674544256,0.010606826157659444,0.00472458085467969
0.8895559561287175,0.07038695518482713,0.025672864130845654,0.010766411073031633,0.003617813482578026
0.8967402857575726,0.05596167661498312,0.018773596901521198,0.020979742517736766,0.007544698208186355
0.9203873382290068,0.03888872967667099,0.023182847641092526,0.010022286910671358,0.007518797542558241
0.9393501588245743,0.025350737279302323,0.01900557841668712,0.011098491185102517,0.005195034294333737
0.8532939982171697,0.08590949645476641,0.033587788312831865,0.01677052459461508,0.010438192420616933
0.905742313682991,0.05331503544184166,0.020962526563440047,0.01347259596659897,0.0065075283451285285
0.9035629391784559,0.06417989623520705,0.017026728401614594,0.009169450262020993,0.006060985922701415
0.9141583285696685,0.054166342455017516,0.014533887573782992,0.01281305266328188,0.004328388738249021
0.9174373571728917,0.04840037077871928,0.016641036009528386,0.0116944240388106,0.005826812000050301
0.918839610204252,0.05901211044144222,0.011378634684923195,0.007599759682977388,0.0031698849864053124
0.9403826538770061,0.031202270106277998,0.012778366329774068,0.010635062679937982,0.0050016470070039735
0.8929523948206114,0.05204743226007677,0.026725246610686194,0.021511237266277097,0.0067636890423483295
0.9313027249339989,0.035829443078560994,0.01684985422499503,0.010305573636661675,0.005712404125783616
0.9473335302565827,0.03052274265622192,0.009955714192813905,0.008401064839780557,0.0037869480546005555
0.9323275257470369,0.029791054061450686,0.022109321115092912,0.010227383706328256,0.0055447153700913365
0.9267194575677589,0.041975058989934096,0.0141709641525963,0.012172908592533265,0.004961610697177654
0.9740316096863508,0.014699378029503045,0.004763449429339344,0.00469254687079766,0.001813015984009033
0.9301707665556463,0.032112588993534114,0.018016467030057423,0.01344750912764254,0.006252668293119488
0.8797443672570022,0.07030272642251226,0.020383871650827664,0.02220795462491309,0.007361080044744878
0.8453297436638819,0.1019968855333605,0.029046242042408094,0.01646657290265298,0.007160555857696432
0.9434483008392381,0.03445462100614433,0.008514141173212532,0.010000498122846029,0.003582438858558901
0.9806668754702973,0.01008671279429216,0.004864011874106572,0.002787670911130449,0.0015947289501736252
0.8921087074322441,0.047264193952971635,0.039530971757386034,0.014227943177178907,0.006868183680219365
0.8555456465085987,0.10616251169700616,0.017209257491207327,0.014126905988841585,0.00695567831434629
0.938231736677304,0.04033061056660188,0.007409512882822085,0.010227392254430189,0.0038007476188419214
0.9598684654220592,0.026413051891597414,0.006831613579821484,0.004679945366832036,0.002206923739689921
0.9547379621113344,0.027474769088828226,0.008908544715735073,0.005900747020840196,0.0029779770632618976
0.8703964697228963,0.07087611259869946,0.026413010538931157,0.024522784353997337,0.007791622785475597
0.8797415138574707,0.08894937811117105,0.015837441664227857,0.010235057356619998,0.005236609010510347
0.9256908121800986,0.044663854456988075,0.010716756162203068,0.014328998465892749,0.004599578734817727
0.8831373294735717,0.06997201257523687,0.02581223579582775,0.01477338266987032,0.006305039485493304
0.8972583564952262,0.06409454952941783,0.020515570556112108,0.011984632037364365,0.006146891381879503
0.9588424003929684,0.02426105462523111,0.010240823411006987,0.004313945376071174,0.0023417761947223735
0.8102944885912075,0.06821194712148232,0.03530308035617056,0.03648623648195379,0.04970424744918595
0.9656928982058475,0.019083108841982603,0.006348712920485742,0.00471781708635595,0.0041574629453282235
0.8687634725697776,0.0426516675474627,0.04356277867103911,0.031286739537726725,0.013735341673993802
0.8639992862293789,0.054734385457867435,0.0415512359074323,0.02951360637609186,0.010201486029229434
0.8969530353093215,0.05228281118260618,0.022522841915882077,0.0199070323957589,0.00833427919643105
0.8904239381195065,0.04595096498276548,0.033610721463077156,0.02041114628071404,0.00960322915393668
0.7057209529257328,0.18729388971259398,0.04591408466046928,0.040702937675228826,0.02036813502597497
0.8487938603706094,0.05051558407504172,0.03784928878590951,0.02893172879096283,0.03390953797747669
0.5112050780368612,0.056653868908811904,0.025590300712747406,0.07634879176986645,0.330201960571713
0.874227215042292,0.06300080437696456,0.03560352208518246,0.019755930725309838,0.007412527770251078
0.9619454869416106,0.019656478208649707,0.010347087387376922,0.005740176728538483,0.002310770733824344
0.935537468375404,0.03745455941246612,0.016044457456537264,0.007317628883662756,0.003645885871929743
0.7496989850159473,0.20313110442328605,0.02971741325486904,0.013318223583802047,0.004134273722095392
0.9061096387625253,0.0645724446611909,0.016067438596345292,0.009772674618042798,0.0034778033618960446
0.8950391860374489,0.058225986951148036,0.01900475764432352,0.021240966175315193,0.0064891031917642195
0.9303320241121054,0.04071055322825764,0.016005826172990976,0.009086055459366702,0.0038655410272791088
0.867725593012003,0.07261264170409545,0.031317628319132186,0.018823219217466325,0.009520917747302909
0.9168162934642078,0.03587135380213086,0.011293466187311413,0.017681757342378035,0.018337129203972038
0.8696713430605193,0.06617295600110168,0.03705210416774278,0.0164066894593456,0.010696907311290846
0.8801430504932313,0.05347629084063186,0.037361239580704586,0.021687228519723937,0.007332190565708313
0.9323399199001097,0.0384031782037385,0.015772097284242212,0.009597443152022002,0.0038873614598877136
0.9183339048159818,0.04354633736939957,0.02020279454631994,0.011007593346954489,0.006909369921344217
0.939981821627013,0.03850342235809296,0.007866512051073807,0.008700437823258264,0.004947806140561843
0.9507889396320637,0.025714583010880754,0.008395249999609233,0.011203702161101557,0.003897525196344849
0.9078346884740531,0.06130201499026928,0.011839184105424583,0.014524406267286464,0.0044997061629668995
0.8801410964752368,0.06531891178184282,0.02714969115923191,0.020899554978361694,0.006490745605326764
0.8785153075828804,0.07502074810011083,0.02150536467680479,0.01824934447562007,0.006709235164583836
0.9447081351899758,0.034502414767902424,0.011566820560606894,0.006440590726443914,0.0027820387550708905
0.9192815328993168,0.055550647613495936,0.014118349855857124,0.006740557346678048,0.004308912284652222
0.8446318827163575,0.06853537046201524,0.02416743327649159,0.030264576815721526,0.03240073672941411
0.9725492002684395,0.01306183944591141,0.006887109415309862,0.004984799483865895,0.0025170513864733565
0.9144018897539715,0.03991926552510898,0.022405241633469474,0.01660687082846217,0.006666732258987913
0.9104922418853302,0.0487103292209658,0.022178905699496057,0.014331269680032396,0.00428725351417566
0.8869316871998569,0.06301102545606013,0.026325687601883318,0.015910536567037628,0.007821063175162141
0.9103206313202817,0.056463177701473695,0.01811700512229452,0.01010177166789936,0.004997414188050894
0.8847344107017115,0.07039309175209586,0.019180475701094234,0.017444123464542362,0.00824789838055596
0.9150109503296431,0.05769608432748895,0.013356780188718987,0.009627126322310666,0.004309058831838376
0.9085541299178834,0.05155574446021086,0.021324616894942416,0.01389255432339257,0.0046729544035707185
0.898304931990609,0.059227179812540796,0.01974324287669623,0.015938369603649583,0.006786275716504303
0.9436001899336678,0.03023443462622219,0.0121637844783523,0.009524104489649922,0.004477486472107593
0.8670456709989391,0.08173499466848985,0.02437708652933326,0.017773965729385957,0.009068282073851944
0.9702275541250492,0.018535961357701847,0.005146627638211466,0.004150668838251202,0.001939188040786149
0.8598750724370747,0.09538337687125856,0.02030961232795046,0.017420231049514498,0.007011707314201953
0.8972825876930582,0.04701781698257484,0.028086826184522077,0.02076020445462723,0.006852564685217674
0.8744508399657834,0.07088308640289653,0.025865016444856923,0.019834934560960683,0.00896612262550239
0.9087114302041183,0.056349915497560236,0.019561756683391933,0.011563758498419242,0.0038131391165104386
0.9513208372816933,0.027903363307607714,0.011242492037865799,0.007015527270456647,0.0025177801023765923
0.9476864444914177,0.025464166900987066,0.013699881243311918,0.008907886453506016,0.00424162091077718
0.9352336083931307,0.028927901350106096,0.018725333290558765,0.012424544307536511,0.004688612658667911
0.8885893098169219,0.06432730085959217,0.018037966096879795,0.01937989008945547,0.009665533137150845
0.9196200483481284,0.04352677924165047,0.014298867477745303,0.017855895300349388,0.004698409632126222
0.9076125327897316,0.06278779762892397,0.014154520077120316,0.012004776355384827,0.00344037314883936
0.9411482327302114,0.04093762009802008,0.00927770264812393,0.005983426896011088,0.0026530176276333326
0.910486636953697,0.05009612578236726,0.012584841084551919,0.013642493190874358,0.01318990298850972
0.9387660009980676,0.023392091101275603,0.009036915947782359,0.012302433342900458,0.01650255860997415
0.9441867382867672,0.03295571714444701,0.012067046892705194,0.008173522779893055,0.002616974896187488
0.7284393997136117,0.08077343471812214,0.03665568150910941,0.057950277007314456,0.09618120705184223
0.9095970017089869,0.049948985644731006,0.013860787410934966,0.012389792671811123,0.014203432563536
0.9086443116928047,0.0670703329454864,0.011343200987553845,0.009854181164590069,0.0030879732095651113
0.9303955134909097,0.04165154376820968,0.01657685837982213,0.00841928913220613,0.002956795228852473
0.9292700089163496,0.0482735426040361,0.012098468625706722,0.007444653106528967,0.002913326747378576
0.8687188142896836,0.09238206268684504,0.02238829544080858,0.012059808316687242,0.0044510192659756925
0.9150934127477045,0.05102746444603093,0.012331249060138952,0.013186010559626557,0.008361863186498881
0.8780327970811819,0.02736625664223583,0.022879089981977883,0.03110212418645061,0.040619732108154054
0.9331814625708035,0.038171058363365575,0.013311546875476667,0.010268640661902428,0.005067291528451828
0.9163285665322202,0.036652722788207116,0.01734911955150326,0.021872996897960968,0.007796594230108409
0.8666696271123239,0.0682185735644588,0.025182589814218097,0.03099262733147707,0.008936582177522249
0.831736816306861,0.10367038183539785,0.024732183319260626,0.029723490506174233,0.010137128032306278
0.7859275251536826,0.09236413736440574,0.05655500368433031,0.05066415661804898,0.014489177179532534
0.8524866823939592,0.07247166650748023,0.04094467638155842,0.02719105756973344,0.006905917147268794
0.8510195044132624,0.07741671824472791,0.039128177167969326,0.02334718250843082,0.009088417665609468
0.8798499688895326,0.06237353625448552,0.031185448741436868,0.019431629330725095,0.007159416783820012
0.9447403692855284,0.02498730943919301,0.019030560880115753,0.008046837497676039,0.0031949228974868854
0.9357082547081457,0.03873790053734126,0.009638941102571876,0.011923672808044402,0.0039912308438967686
0.9186252328557138,0.04674867966578971,0.016782899407273382,0.013621333795786669,0.0042218542754361415
0.9035695921030139,0.06359706065032966,0.018055509680996788,0.008715922985902118,0.006061914579757429
0.9404027600438672,0.03874292156036936,0.007842649046441377,0.009996506190361146,0.003015163158960612
0.9234941607399224,0.044006401910114706,0.016111510639727315,0.011884342668405823,0.004503584041829522
0.8698282654702596,0.07569637452552926,0.024979149357635618,0.02121408582785157,0.008282124818724286
0.9423913729044349,0.03434136338845658,0.010495205165597096,0.008824253717506104,0.0039478048240053935
0.91638603587158,0.05189954680556042,0.014940656272768141,0.01183698073687952,0.00493678031321175
0.9057354954530389,0.06343703203501565,0.015435862373761156,0.011076701131335909,0.00431490900684829
0.8798607001277743,0.07073659387765405,0.027538015992350784,0.01603405002653555,0.005830639975685332
0.9218804024578457,0.0306338114569706,0.03333259545658131,0.009031408007214978,0.005121782621387476
0.9162041850570158,0.04512387022370667,0.02135638473726933,0.013045187016316937,0.0042703729656911734
0.8847218428358518,0.060675119445168624,0.031021707914026923,0.016883644794785286,0.006697685010167556
0.8848117309183273,0.03391496933351015,0.014357155676200023,0.0292860926345019,0.037630051437460864
0.8718661542598413,0.06907338765598563,0.020788964477690613,0.02263423172872781,0.015637261877754608
0.9221805059224871,0.05400963450947896,0.013954267317251,0.006619523672461274,0.0032360685783216206
0.928677905891668,0.0527884084818714,0.009946324634353573,0.005723098071814056,0.0028642629202930378
0.9145353515715584,0.051351358012667686,0.018548509823358844,0.01132200863940864,0.00424277195300667
0.9202170134553981,0.04186095734998632,0.019246185214171065,0.014960567741503913,0.0037152762389405783
0.94378361006212,0.03590514889700865,0.008079426781646743,0.009090446430989073,0.003141367828235494
0.9224620400371273,0.04242477325063054,0.014755865111210426,0.01019458791108925,0.010162733689942395
0.9401997894378958,0.03449906705066112,0.013801564688638827,0.006469753163519981,0.005029825659284273
0.9489921054481743,0.02652492364921725,0.01202303952909233,0.009231443166369846,0.0032284882071463884
0.9266225563311237,0.04672585997605442,0.009619688488277253,0.012848115295231038,0.004183779909313241
0.9443088599237155,0.027517052540785406,0.014534792991043023,0.009812554894565327,0.003826739649890466
0.9591188867773085,0.02300785579585231,0.009986364513963328,0.005584367466357556,0.002302525446518216
0.9391885514998229,0.03390202033751193,0.015735153811195796,0.008357531355418767,0.002816742996050905
0.9337810383296343,0.03331888267535833,0.01611284396521731,0.012106224491703706,0.004681010538086175
0.9222779295806568,0.042205102278928895,0.02126034686969698,0.010146630705428008,0.004109990565289507
0.92073712455292,0.053494402462943194,0.010776163392006573,0.010457278991055186,0.004535030601074991
0.9347394868379652,0.03925756883494431,0.01283526888581158,0.009728886110869542,0.003438789330409215
0.9194967105713114,0.054928991985766215,0.01134800722663383,0.010414912029307126,0.0038113781869813933
0.9344755216199048,0.04081618754459249,0.01313330379955387,0.008082775570106263,0.003492211465842306
0.8056282578951908,0.13478392953056773,0.030402628699907237,0.019791488044401884,0.009393695829932358
0.8333778195053997,0.11283339620505417,0.030432160883062408,0.018043849939279384,0.005312773467204253
0.8866925779311511,0.05100692115691589,0.03333363071735517,0.020970125961466964,0.007996744233111084
0.952314458724916,0.025560166320605194,0.011272132524453533,0.007696102780512005,0.0031571396495130542
0.9335689968908367,0.037384619214386586,0.0157654366629104,0.00897547116736979,0.004305476064496495
0.9385158255831125,0.03837629337414242,0.011555315412202727,0.00860148549646985,0.0029510801340723847
0.9237603434210346,0.057575307454457846,0.009535517749314076,0.006613191841579403,0.0025156395336139933
0.8437036191872759,0.07573607073988756,0.025489107729108038,0.027201704071151498,0.02786949827257729
0.8771537572413639,0.06345903051656662,0.009148027354207465,0.02104862821019928,0.02919055667766258
0.9034759537568352,0.053107225070143586,0.02636137173118739,0.01257673947970267,0.004478709962131472
0.9057794090428392,0.042218515497767305,0.02903243921566067,0.016456006489107344,0.006513629754625598
0.827241192769122,0.11803286695227402,0.02779415115230642,0.017978945722479392,0.008952843403818297
0.946380756451077,0.029978698723320072,0.014102223756566954,0.005822979278456147,0.0037153417905798746
0.9273209337922803,0.04302518803377448,0.015609201628910975,0.009666386062121422,0.004378290482912658
0.9139196559463489,0.053634233152193594,0.016844280420650875,0.011808610203422207,0.0037932202773844387
0.9312078249377355,0.04596134112646643,0.010952727162760936,0.007062901868319505,0.004815204904717504
0.8349579253063253,0.0919911232689732,0.024373776926487,0.027149986110991807,0.02152718838722245
0.9391977422785488,0.031724510725729335,0.014316669231184883,0.011038568281023729,0.0037225094835133653
0.9495805544928319,0.025991345382343368,0.013531551253143786,0.008224297020177495,0.0026722518515035452
0.9306468813849056,0.039480931390897214,0.015554212016526034,0.010268568393562941,0.004049406814108304
0.924316404040257,0.04202909308046585,0.015124701887745411,0.013036588103765697,0.005493212887766075
0.8918613008335384,0.06514231242527861,0.017371627423289633,0.0154690824452969,0.010155676872596497
0.9382497605467832,0.04248562354244019,0.008672145418906011,0.0072559174028725216,0.003336553088998134
0.9345373824430667,0.038433891750144104,0.011989002948320521,0.0105954522129328,0.004444270645535546
0.8453649703382448,0.09001063205970103,0.025730549748618693,0.02154614963312545,0.017347698220310313
0.9111788010494957,0.03544013776976368,0.014586069926954472,0.016458525537935153,0.02233646571585111
0.8815810877476804,0.0617422831059719,0.02324959963621751,0.016627108228439796,0.016799921281690413
0.9471081772684304,0.02927199543018529,0.010082619126576013,0.00876538133202732,0.004771826842780877
0.9357612200791797,0.04072923503706501,0.00961306708934719,0.008102485446975923,0.005793992347431736
0.9543998724178078,0.024850968059634843,0.010468287199522384,0.006937087716988032,0.003343784606046845
0.9592883851344935,0.026746881053041814,0.006088692781870218,0.005528556297065768,0.0023474847335288834
0.9312996010640583,0.04992377541592807,0.010164334110395164,0.0055180471811109005,0.0030942422285079206
0.917153793606371,0.04986073251097744,0.012815159151088228,0.013719175720600265,0.006451139010963072
0.9510952140703309,0.023422305898034977,0.012788854164764643,0.008666298869210224,0.0040273269976594
0.8754503960270933,0.08766251995967193,0.01880352317057675,0.010642835658529715,0.007440725184128339
0.8105892866133282,0.11310592125211774,0.03635123164499132,0.02895018705453581,0.01100337343502697
0.8382994361089333,0.1006264781472955,0.03577668652623274,0.01816175996870656,0.007135639248831665
0.951969815521671,0.028151149477712748,0.008156800104570967,0.009152425802233228,0.0025698090938119523
0.9397358242930932,0.03826127649558957,0.007949797725780923,0.010342959445380152,0.0037101420401558964
0.9187908240003059,0.032625050489659385,0.026179610740299484,0.016036539714685258,0.006367975055049991
0.8535295800331266,0.0653459293822463,0.03681793214551331,0.025898979331198228,0.01840757910791549
0.7952858036912195,0.11152970927767007,0.04506340852344636,0.03385582127392327,0.014265257233740806
0.8136085358652797,0.08794960091484151,0.0421770357410246,0.03415509932747499,0.02210972815137913
0.8230851764894183,0.09244832353632272,0.030624802219952858,0.026114995865338303,0.027726701888967985
0.7774362409043448,0.09160933652115674,0.053580458284072166,0.04300965727291862,0.03436430701750753
0.35757039282944086,0.3623221263922278,0.06406110094720374,0.046545500552435094,0.1695008792786927
0.817006586343159,0.09970666066910389,0.0236238013493556,0.027113883584786072,0.032549068053595205
0.8881000425691687,0.07200301359554374,0.016951412694951196,0.015207936692630894,0.007737594447705475
0.9042201346064676,0.060186952534793864,0.014712217463016363,0.013053320556916367,0.007827374838805629
0.8837805527966005,0.07338311069166442,0.016956189413314768,0.014156235142532246,0.01172391195588812
0.9667415565688829,0.022042583978111492,0.007980517350509295,0.0023231112526775825,0.0009122308498186173
0.9223025418040047,0.058143768189686744,0.010373322732787457,0.006172346838630414,0.0030080204348906757
0.8948908521447528,0.07284971313947276,0.019355206928526974,0.008523356957150985,0.00438087083009639
0.9062866977534975,0.06967871561314742,0.009897588248874468,0.009828362575194875,0.004308635809285655
0.9403310479403395,0.0374829552963937,0.011506930319367838,0.007645564260244649,0.0030335021836541466
0.9438054152288141,0.03427676535201881,0.010841228032288352,0.008001770050273624,0.0030748213366048574
0.9133019461652744,0.05642060818096859,0.011923438931343577,0.013557648728572881,0.004796357993840646
0.8766786695936922,0.07366037850437768,0.03071991956121544,0.01240687681349243,0.006534155527222145
0.8474625189731997,0.09693784530197748,0.03460609734232672,0.014985569120081142,0.006007969262415189
0.9052458264814758,0.056203595990203116,0.016596822807838224,0.01590603634151876,0.006047718378964188
0.9395358984899609,0.02936224892356722,0.015347624595559472,0.010584100622694373,0.005170127368218108
0.9454013436914369,0.028945436621687796,0.011107927165276612,0.007935049836004111,0.006610242685594433
0.9159152929085975,0.05946768460575039,0.013706445693562561,0.007075645202986248,0.003834931589103008
0.9579539412440855,0.023719825049032334,0.00865359379022212,0.005942102843241866,0.003730537073418046
0.9377947142812832,0.03376132909611337,0.01610549274994247,0.008043604289473774,0.00429485958318694
0.892323029388127,0.052724999792115916,0.029109599196026917,0.016994842777167667,0.008847528846562484
0.8926092190139523,0.04937498453717883,0.02791621175546391,0.021026720403156823,0.00907286429024822
0.9201205905468107,0.05225874455905045,0.01465498939633129,0.008552484508860567,0.004413190988947303
0.8927167312784272,0.06630048723251446,0.01976990472967923,0.01349855566060423,0.007714321098774811
0.8828169176118495,0.07007866102655394,0.02426039469936869,0.014538505982828367,0.008305520679399707
0.9356348278832448,0.04094273839971604,0.00928534794945216,0.010280821445294566,0.0038562643222923632
0.9158256847778872,0.04896680328527209,0.012718973692335576,0.016902347692396277,0.005586190552108991
0.9155005732192022,0.051956703000519036,0.016872596069946417,0.010317856250514883,0.00535227145981742
0.9274471695655409,0.040300360583151715,0.015511518651282148,0.010798185485414238,0.005942765714610858
0.9007062081727428,0.06661099643238501,0.01735389657013068,0.009365058131283516,0.005963840693458025
0.9254540489442507,0.04794233813716089,0.013101045975715485,0.010031701127079263,0.003470865815793668
0.9043923906510039,0.0677019956524095,0.013201379274167865,0.009543531814331646,0.005160702608087073
0.9458520588844878,0.031168986219616064,0.00907160339211211,0.008052081883621604,0.005855269620162368
0.941934053310732,0.03551266468704512,0.00887578959101227,0.009416926971265971,0.00426056543994466
0.9020723123481867,0.05748542100969742,0.0188584968267799,0.014904006236714767,0.0066797635786212525
0.9228807985412016,0.03237056033399166,0.02056179645954679,0.017321155405202914,0.006865689260057114
0.9103541693572801,0.03578605528196464,0.028616906143314882,0.018124065779428888,0.007118803438011516
0.9542874320914896,0.020249319629549633,0.013245854976029977,0.007916390346406949,0.004301002956523926
0.8571417830169556,0.07997557662492222,0.025221400015532768,0.028530770436632113,0.009130469905957348
0.8213755763283074,0.1296841924775136,0.0250901374553599,0.015577890864989305,0.008272202873829944
0.9314641579245307,0.0498162989488356,0.007865125634356245,0.007078724233949571,0.00377569325832775
0.8739918486284168,0.0729991701076746,0.018778100659336088,0.02566616685147976,0.008564713753092656
0.9233088651501056,0.03789027029555904,0.019951259042670224,0.012580524818328135,0.0062690806933372095
0.8910356942145556,0.04563346552306704,0.029785933988716144,0.02348091464002309,0.010063991633638332
0.9496451794210551,0.0301782001490482,0.009491849887153452,0.007823776052913692,0.0028609944898296317
0.9039784600443387,0.060673620467145084,0.018200098323949955,0.012236027304394582,0.0049117938601715505
0.9147314250466383,0.057013800708428514,0.012203136419721186,0.009896122991019092,0.0061555148341927105
0.9109376760456042,0.05942700656683243,0.0124103369549519,0.012327691339842158,0.004897289092769435
0.9683043454241022,0.017734563832457285,0.006057851643845731,0.005416160473514091,0.002487078626080723
0.9189726115850977,0.057569428926032194,0.009893861517460927,0.008568549524180876,0.004995548447228283
0.8930096216947206,0.07053331598244736,0.013907785827761239,0.011333386637260436,0.011215889857809955
0.908183581282221,0.06866030712628136,0.0075476524539861,0.010348048467086951,0.005260410670424806
0.9054534897037291,0.06030900492416511,0.014402875888654748,0.013593457218903525,0.006241172264547464
0.8852446956027432,0.07451358348120322,0.018443295243344673,0.01569850555585446,0.006099920116854488
0.8743712575406501,0.07749625058942165,0.027201216157329487,0.012776419866163076,0.008154855846435608
0.8977130116968207,0.05042639269725265,0.030382087411985354,0.012013799738647874,0.009464708455293328
0.9148118215898804,0.04971550978840914,0.020465454704975104,0.009760981920917695,0.005246231995817366
0.9446922861314994,0.028595419788868735,0.013221148541058743,0.008817208690542798,0.0046739368480304445
0.9076005280169614,0.06318673203393237,0.015063947437860424,0.009126024203994141,0.005022768307251619
0.89877223775937,0.061000616482538766,0.017029371832922722,0.012077753848313683,0.011120020076854949
0.7368287712258571,0.10307416648091075,0.04595065782190483,0.04946739958479401,0.06467900488653343
0.9264932944443784,0.04111217135818827,0.010749890034488783,0.013001931692406486,0.008642712470538053
0.6373687846207122,0.11414784078518964,0.11829298778255448,0.11535675792392676,0.014833628887616605
0.972484401190164,0.014068590146463963,0.0055690005753323574,0.0052380648918793965,0.002639943196160418
0.9489640715740918,0.031248789684777994,0.008847204555950032,0.0077502762350988704,0.003189657950081326
0.8924144232236945,0.06915824674021204,0.018803928417173866,0.014199611058910456,0.005423790560009416
0.9152020647126006,0.04922025353106549,0.02119704943812403,0.008647634027571884,0.005732998290638083
0.8631887384447913,0.08704710636865999,0.023921706191384756,0.016610539245981278,0.009231909749182556
