Delta_Power,Theta_Power,Alpha_Power,Beta_Power,Gamma_Power
0.9526596518532998,0.02704130439331403,0.011600026746415505,0.005786407910296981,0.002912609096673845
0.9297908573286898,0.045925932098911576,0.01167574678583713,0.007065526153266861,0.0055419376332948534
0.9062082168536382,0.061613652520332796,0.014336156570839623,0.012449234997564876,0.005392739057624222
0.8757105662736048,0.08057110329803309,0.025421932220667312,0.011854569213756197,0.006441828993938504
0.9031333473588334,0.05904192597428768,0.018434284767180845,0.012356650861183477,0.007033791038514298
0.9455354782572323,0.02356902299720826,0.010618337461745075,0.013233687587103178,0.007043473696711051
0.7311716035698411,0.0889671749814891,0.041819800742922436,0.05766735552038124,0.08037406518536638
0.9248808798906142,0.04040212238766783,0.011227664960967896,0.010664747518021088,0.012824585242728798
0.8630276367837157,0.06808497191661511,0.03180158783302441,0.021297091995937496,0.015788711470707067
0.8912109258172178,0.047169190000190014,0.034515133916597295,0.013341017833268699,0.013763732432726035
0.8167298858020196,0.09066242486441933,0.04861230627172561,0.026405971974274276,0.017589411087561336
0.9481726860345892,0.015901016796176833,0.021012158884835076,0.008899108689839414,0.006015029594559602
0.9171341726792104,0.04368804234465364,0.01733318778129429,0.014187247675085207,0.007657349519756264
0.8016327365021105,0.12861414349735706,0.0374101871940398,0.020182383887170526,0.012160548919321982
0.8918883540735746,0.05127517551736141,0.03480273172985115,0.013846014087214259,0.008187724591998386
0.9250637218000394,0.03842075935140312,0.020268257337050004,0.010088776930140441,0.006158484581367004
0.8668582793034207,0.0761045174992164,0.020699158792881353,0.023524308296502264,0.012813736107979107
0.7950340053867748,0.13017095882702964,0.04170329921153556,0.02142425956886667,0.011667477005793136
0.9049837105844907,0.05317652679117017,0.02282561020737803,0.012543875730627018,0.006470276686333997
0.835231096110887,0.08566306687848206,0.0361105430210607,0.027716493592521117,0.015278800397049219
0.9097845536391478,0.048042688787864364,0.018190221867477457,0.015791044419173863,0.008191491286336536
0.8880619474525515,0.06337595097653785,0.02723362310605553,0.014677516069607831,0.0066509623952472376
0.9403009884156811,0.03700202121291186,0.010894994997703342,0.006618599033783188,0.005183396339920798
0.8765674071378705,0.06258668544475528,0.03367413899659182,0.018494596029357952,0.00867717239142456
0.8823355429778073,0.062544294056414,0.02701799123359548,0.018113770106972245,0.009988401625211142
0.840827835299985,0.06905025858057809,0.02989461230584899,0.030423821359050817,0.0298034724545373
0.8729497573430455,0.052011258620743066,0.03582675478457844,0.020393657121195993,0.018818572130437146
0.8095489372184737,0.07548807301444481,0.03452562426030659,0.04113420844685126,0.03930315705992371
0.7961509079586458,0.11370140250280944,0.037770029167886784,0.03058558224121247,0.021792078129445502
0.93439311537999,0.03501590406117384,0.015338502819452671,0.009304613453901234,0.005947864285482509
0.8436324925564881,0.0866785309848986,0.042863056622444405,0.015361198950869832,0.01146472088529921
0.9180048246580481,0.050377964081086545,0.01461385801783666,0.0098280495701202,0.007175303672908431
0.9486347478817878,0.017742471644765355,0.01765130633166873,0.00892331529684324,0.007048158844934843
0.9203714362766005,0.0454989062455752,0.0158642306882117,0.011496576151222602,0.006768850638390342
0.8661619774522108,0.08073181027190142,0.022301564686752103,0.019937078884137698,0.010867568704998047
0.8519771113162452,0.08207949291513146,0.034468504015199096,0.01975493994779208,0.0117199518056321
0.8607419008126256,0.09302568332043054,0.02418375125415802,0.014555960214293619,0.007492704398492175
0.8925476463490104,0.061793525206932653,0.02881632261953655,0.0113439143363324,0.0054985914881881
0.9295339402723245,0.04307103521475994,0.010632476195750898,0.009887202869771494,0.0068753454473929705
0.9485187914247997,0.03229797637246896,0.009474972720902494,0.0069379686337983654,0.0027702908480308716
0.9372836656696802,0.04258391679369892,0.007283677160778845,0.007954543981512052,0.0048941963943294935
0.9346315022128441,0.03232039702290363,0.01561467020424209,0.010808364303510015,0.006625066256500256
0.9296743477306032,0.036996962770554184,0.016561998653466598,0.009841772276552386,0.006924918568823893
0.8922138008295256,0.06366924247651526,0.023053145957742147,0.010558060609134279,0.010505750127082825
0.8724833480346134,0.08541282643053787,0.026066397155526604,0.01055751229047829,0.005479916088843765
0.9284838802510766,0.03675292224554078,0.0175357616082468,0.011519704316166498,0.005707731578969307
0.9217988790997746,0.042429971948941936,0.021702819676692728,0.008506289023929976,0.005562040250660571
0.9347765438530173,0.0390688246231614,0.0132679896453121,0.008386853511767111,0.004499788366741912
0.9284610866953039,0.04419002183453104,0.010898917314729367,0.010459339982722537,0.0059906341727131345
0.9427515805807918,0.0281479529572329,0.015464223007523264,0.008680988589248909,0.004955254865203258
0.9002988449951234,0.05548102711238664,0.015978627218673134,0.016256244461010674,0.011985256212806406
0.9360713979907213,0.03634791228385845,0.012861721879966079,0.009886739160714907,0.004832228684739414
0.8534095657295981,0.07304333491925342,0.02835310586955604,0.028651793646311718,0.016542199835280724
0.8949336535052163,0.05942625988924596,0.02174561724927094,0.01575558239564289,0.008138886960624175
0.7804707136953487,0.12769913828982857,0.034839543883169885,0.033562145725266536,0.023428458406386337
0.9395965285505719,0.03264749263399313,0.00837759863119978,0.010591654387333099,0.008786725796902218
0.9467473954070126,0.0321600054121074,0.009433847228856209,0.007415227152018756,0.004243524800004774
0.9110952393348004,0.027750650182671036,0.04400087827304185,0.01016249541584978,0.006990736793637004
0.9401398730074347,0.025042707206946298,0.02207711144343518,0.007243058499441307,0.005497249842742633
0.901727168208913,0.05597756120503167,0.023635432067203407,0.011886947087531864,0.006772891431320178
0.8890234715941768,0.07297746606815562,0.019973121338989295,0.011982831543443007,0.006043109455235374
0.9208726039165612,0.03993184464355381,0.020055235218155127,0.013121429473835237,0.006018886747894661
0.8773128836972154,0.07591168568365596,0.02432998734857452,0.014185245174830267,0.008260198095723842
0.8678524535284455,0.07891133863813303,0.02817202776718841,0.01554619434856202,0.009517985717670912
0.9176050630327484,0.04550980605756133,0.020727006618386,0.009591213891899287,0.006566910399405165
0.8349382424620229,0.09949087306824166,0.029001195485958683,0.025031321048507745,0.011538367935268969
0.8611136555623837,0.10298642703215315,0.019834797752714205,0.009353927860158462,0.006711191792590405
0.9136590105165063,0.06120053662287932,0.011234275965790914,0.009389757610589347,0.004516419284234019
0.9394983426080924,0.025576423388736457,0.016587674660900806,0.01230991259676337,0.006027646745506901
0.9291240378345077,0.047944210592548206,0.013132993182860122,0.00654110707513518,0.0032576513149488577
0.88193326245903,0.04851240700137578,0.028454243105469623,0.028796120386364553,0.012303967047760034
0.942679305756744,0.02530527450010146,0.01278428910875424,0.013526403070423413,0.005704727563977031
0.8752363015686414,0.07532835657061102,0.01852716790157513,0.01911359090557608,0.011794583053596638
0.8875196164046208,0.0673237839576997,0.0189651903691025,0.016557463179894535,0.009633946088682331
0.884163971068479,0.0720656749157579,0.027056243872261482,0.010862149715963297,0.005851960427538551
0.8252697512493955,0.13016380198808786,0.024367556207727296,0.01389003926507745,0.006308851289711849
0.724097688322987,0.1579257608624614,0.07322874166460908,0.031667932327608055,0.013079876822334337
0.9022549524124083,0.06501089173081634,0.018358455106769454,0.009725976780739462,0.004649723969266738
0.7924447356498571,0.13418873788949973,0.03340090397080816,0.026242344206370883,0.013723278283464214
0.8940323593218884,0.051089996751009316,0.032768057553540376,0.01605265913661462,0.006056927236947444
0.9396119957939647,0.03416406286251917,0.013123481654628734,0.008083612232701305,0.005016847456186024
0.9300552902089766,0.049013177991078696,0.011464378573382932,0.0066566983702539976,0.002810454856307999
0.9160960042692474,0.04079657974160648,0.019932027304628844,0.01529977229762415,0.007875616386893247
0.9207595363337487,0.04794242243367362,0.02090600861040161,0.006514675560045978,0.003877357062130004
0.8388601262486806,0.10338920983850378,0.028261752543750237,0.01887018511394918,0.01061872625511616
0.9109585736143531,0.0602167144866976,0.013635128296210957,0.00900792382509829,0.006181659777640447
0.9365762023944898,0.04265443980525691,0.008552204646972395,0.008175192272484344,0.004041960880796466
0.9162290681899272,0.061533299275770545,0.0094558385234902,0.007452570984233178,0.0053292230265788955
0.7416021533179517,0.16068056242319748,0.04294868898169783,0.036832102362406166,0.017936492914746836
0.9135466822267562,0.0529639356757615,0.014212370110718728,0.012203453722102756,0.007073558264660808
0.8666642002664524,0.07887457002355759,0.024397047930358247,0.01752338599068369,0.012540795788948188
0.8698617075917128,0.07509594488001524,0.03341360985565545,0.01265977531715119,0.008968962355465238
0.9263192588877625,0.035768620334599106,0.019055011055897676,0.008812991934651761,0.01004411778708901
0.8639109088339937,0.08964322956670792,0.022554854442944423,0.014763794401654004,0.009127212754700074
0.7945080846605725,0.13486259112178284,0.041453717045585356,0.01900726222048639,0.010168344951572844
0.9079455539044475,0.04540522440865001,0.02669501881732281,0.013437504102019248,0.006516698767560499
0.8858076928063193,0.08099841296869129,0.018196163527324703,0.009623593046391198,0.00537413765127346
0.8931132421308069,0.06676254452748005,0.01794646330160104,0.012139082735400871,0.010038667304711212
0.8923781560534277,0.0475029836725621,0.03379776354260217,0.017400118249773132,0.008920978481635058
0.9030233917938767,0.058522308872771135,0.020213609710642226,0.00973006433933372,0.008510625283376184
0.8927316007682474,0.06184511870889504,0.015844023770431353,0.021238922859060275,0.008340333893366084
0.9017991857691511,0.04642032376389123,0.02543264237536225,0.019250364341234852,0.0070974837503603805
0.8456090092473295,0.09654810567951454,0.0267738914108546,0.019536814199072088,0.011532179463229465
0.8353967522270254,0.10927395144128697,0.023057060430570507,0.018225347442679164,0.014046888458438041
0.887447752522996,0.059838891453484894,0.030183931852225544,0.013721455815744715,0.008807968355548913
0.930460612341332,0.046067465823502955,0.013139753794041207,0.006468422530554243,0.003863745510569655
0.8969336672988081,0.06321154133197465,0.022501372717946194,0.011297777273454454,0.006055641377816663
0.8534139379376481,0.10028701560681264,0.022450874717151244,0.013729056473304276,0.010119115265083578
0.9123212262882433,0.06310899454841772,0.010604008070043556,0.00990286116541002,0.004062909927885526
0.8665210898262381,0.06428530843385707,0.03572018697919772,0.021134502532930168,0.012338912227776777
0.7952283492766439,0.10573742147049976,0.04517714385609121,0.0378171429204282,0.01603994247633684
0.7624731336470969,0.16891097106805886,0.027849311288794736,0.02813905077689937,0.0126275332191501
0.8234789985205098,0.11733966949814106,0.023540440758714223,0.02631887365183711,0.0093220175707979
0.8973768202103654,0.06499773190666083,0.017417215016251947,0.014646913538656383,0.005561319328065533
0.8952802693858465,0.07493537576464786,0.017191065132580157,0.008214169211602363,0.004379120505323307
0.8209301586002645,0.13553738491841866,0.023448188895231342,0.013167909707917171,0.0069163578781678324
0.8492456414165602,0.11293767572220245,0.017138218509805028,0.013370742896375949,0.007307721455056258
0.7739104365656018,0.13185077853019983,0.06179574198601489,0.020345030810310888,0.012098012107872603
0.892738506234115,0.0650580746033521,0.015194781674221376,0.01941500496685783,0.007593632521453813
0.9634764493481832,0.020610637589071973,0.006296168556517306,0.0064781993254678415,0.003138545180759461
0.9058786143315942,0.06270435168599642,0.017662691797236077,0.009503965519141028,0.004250376666032147
0.8835116789790702,0.0523330450473496,0.03145641838354176,0.022188048065142494,0.01051080952489612
0.9241868406134515,0.038670241502927,0.015143685877147964,0.014399634006885697,0.007599597999587848
0.8345955883517144,0.10505572456623498,0.03554059696725051,0.013328954357648201,0.011479135757152165
0.8689530747618758,0.07970349748094853,0.02613310890457007,0.01674611325818313,0.008464205594422671
0.9226656880492311,0.05012143177620705,0.013455197008848363,0.007894245832141301,0.005863437333572331
0.9770186012078501,0.01214427844983516,0.005485446526735554,0.003293270853082599,0.0020584029624968014
0.9370270623976689,0.05015387515850985,0.0034586411315075077,0.005471714011120088,0.003888707301193706
0.8777109419678268,0.0908221891170589,0.014455720716816504,0.010290425644745735,0.006720722553551774
0.8236148688501027,0.1270295718074833,0.022687722545272862,0.017416370253305617,0.009251466543835718
0.8922016262805019,0.07504578639080325,0.015977557543541628,0.009992056357857727,0.006782973427295337
0.9421702721813225,0.02836039003980487,0.014389123705518045,0.009787103853690643,0.0052931102196639365
0.9424703772826145,0.024800143790504305,0.018940332555626,0.00856193929098147,0.005227207080273603
0.9351418472529841,0.03590078802259823,0.015491744810285016,0.007730207247543342,0.005735412666589335
0.8297858481458075,0.09422131581022375,0.05077769110888936,0.016085600671657138,0.009129544263422221
0.8027369398806308,0.14922197125647485,0.02330204114081606,0.017338605771990888,0.0074004419500874
0.8512251213186571,0.08865842311254371,0.03697206319085195,0.014287183369015818,0.008857209008931598
0.9725435413125159,0.013113480831933151,0.007974740582921015,0.004393998087798071,0.001974239184831748
0.8544237517181317,0.08327452071366444,0.03258559109365394,0.019736843021418416,0.009979293453131711
0.884154131822551,0.07405931987242932,0.021319696704980292,0.013342079898168591,0.007124771701870908
0.9152739823194848,0.05459792764393382,0.014407124617260968,0.011291063744028749,0.004429901675291643
0.9005747240485753,0.0602998521067973,0.023886290469521346,0.0110891884508769,0.0041499449242292106
0.8573181474445146,0.0917786738866698,0.026943991401851254,0.014736474230892483,0.009222713036071938
0.8556130817147194,0.09593525949755055,0.02609626635068934,0.01505155457658721,0.007303837860453483
0.7326145430542751,0.1577794947284898,0.06756677697390875,0.024289001094582548,0.017750184148743964
0.8432236999881261,0.10156783200401506,0.027815945130131945,0.019413435400607266,0.007979087477119621
0.882769987879195,0.08267775999631367,0.018669379017348157,0.01023717814501367,0.005645694962129508
0.8908757883363979,0.07261221321740718,0.017671337620060696,0.012674045778069047,0.006166615048065124
0.9539365456566432,0.024814020901549383,0.012738179739890556,0.005541702240318165,0.002969551461598609
0.8311255503862109,0.11226726377701349,0.031281816980257185,0.015856212786002837,0.009469156070515518
0.9232252818045497,0.05091884353877453,0.016175722209217133,0.005922125787691665,0.0037580266597672767
0.9325681063972726,0.03695114763250125,0.017330665651326602,0.00878041857022351,0.00436966174867625
0.9175613450113489,0.052245699685625376,0.014274134140914012,0.010366597592977745,0.005552223569133968
0.9168577166323524,0.04537519624454169,0.01610848365513344,0.014372492695107859,0.007286110772864452
0.910210903728027,0.05663229888999729,0.014730256079310618,0.012992046197461382,0.005434495105203753
0.9031809653027153,0.0767188569885238,0.009710773125097863,0.006707795822133735,0.0036816087615292427
0.8170028708217983,0.12077723624455845,0.03189552628269079,0.019828862529599738,0.010495504121352766
0.8658452736483898,0.09420904349933085,0.022393536909366095,0.012211673141346415,0.005340472801566947
0.8608435681011464,0.07227890606596897,0.041395962250299845,0.017759594142241694,0.007721969440342881
0.822581991747558,0.11080542200578784,0.029427055285661644,0.027061693440535217,0.010123837520457195
0.9016527046432633,0.05323410677145728,0.029022341699505304,0.011320186824881359,0.004770660060893043
0.9074097476082611,0.0535537238365331,0.022793384485234627,0.011366786052467133,0.00487635801750414
0.7905741313667822,0.135622046054731,0.03920376146779577,0.02352253857930243,0.011077522531388696
0.8550191314044245,0.08884468729732879,0.026430397772846184,0.020748702368716825,0.008957081156683797
0.9281911820373974,0.032878689413688204,0.019955723600377253,0.013337038929252731,0.005637366019284546
0.9327673601492537,0.040415519527540994,0.01535949836106836,0.006726046607502982,0.004731575354633872
0.8149552717564361,0.11387471401992279,0.04345703332072843,0.016731364646220867,0.010981616256691827
0.7763480633641058,0.14638703078750845,0.03532773173067227,0.02427985041373324,0.01765732370398031
0.9383521090478071,0.04030890125258299,0.009603471218874931,0.0073365398477183465,0.004398978633016601
0.9256172250691996,0.04014314783803542,0.017523927518110726,0.010847399782508423,0.00586829979214579
0.7295335437416092,0.18689999312109531,0.04326337586836267,0.02714602995878576,0.013157057310146901
0.8722193572391825,0.070258241318894,0.028463741848365764,0.020611095111978086,0.008447564481579607
0.8425368347643512,0.10617152903615142,0.02512306352175145,0.01755261974595105,0.008615952931794917
0.9218578974119848,0.03897762612539951,0.01940828874110744,0.012341058853272434,0.0074151288682356665
0.8152934443311458,0.11896921754216842,0.031688123962249966,0.024191642475149336,0.00985757168928655
0.890426464658587,0.06753739198300714,0.022248268152973188,0.010668333239216064,0.0091195419662165
0.8375455880377191,0.11286274551613557,0.02849419769069546,0.013026555504612998,0.008070913250836882
0.9058732555692424,0.05114158945088406,0.021993671014646495,0.014479623326518509,0.0065118606387085986
0.9132225909456004,0.048795459428482645,0.012770368667683872,0.014258403206365003,0.010953177751867937
0.9272969203547302,0.04528666146880746,0.011424725536710957,0.011618835031819265,0.004372857607932066
0.9343323371766769,0.042505363480190524,0.009657766747519796,0.008976923504958134,0.004527609090654639
0.8871059191594268,0.061949589213924613,0.03258538588561495,0.009187022975122852,0.009172082765910848
0.8978337298411337,0.05539749035556042,0.023059389260428893,0.013225001083331881,0.010484389459545128
0.8817214442095849,0.06427461563046641,0.028260884269021982,0.01859933469581343,0.007143721195113418
0.9421653295488481,0.03033123880492608,0.015280733918353682,0.0075371590992864505,0.004685538628585567
0.9259209995549442,0.03185845720051853,0.022611320903304522,0.014178506910220899,0.005430715431011711
0.9417015749419617,0.03414131891768214,0.016377253822824036,0.005149277995508183,0.00263057432202403
0.8915724345383155,0.059043319497721354,0.02928154516368306,0.013631967327669194,0.006470733472610903
0.8809331204087782,0.06098186973582117,0.02930754067096221,0.016790151173063234,0.011987318011375092
0.9102549260954096,0.056018029851013486,0.018101948430120227,0.010056172911700332,0.00556892271175613
0.8634815287692463,0.0818933002663993,0.02740015186389383,0.017195787232845167,0.01002923186761524
0.8453026097267026,0.0969763106960938,0.03374136563302499,0.015925082970812136,0.008054630973366542
0.7963210717223054,0.12405182696073876,0.04322739826180976,0.026165376157588585,0.010234326897557499
0.9137280509833197,0.05346090046304137,0.01676823409771599,0.010915797441410923,0.00512701701451198
0.9003674188929177,0.06864178886145814,0.01821199289244447,0.008828971704088997,0.003949827649090689
0.8467310310490341,0.11984441644411756,0.01412615262170257,0.013376544117219533,0.005921855767926269
0.9042570300818232,0.0483807231813612,0.02741148738274363,0.011766460326084562,0.008184299027987252
0.9074556297261966,0.07227602933085023,0.009192835110034107,0.006118923784355915,0.004956582048563028
0.839782200664924,0.09473483444312528,0.03709885082853132,0.018869216801366235,0.00951489726205303
0.8457835902881334,0.0880378823525437,0.036054101504872406,0.020804549459246882,0.009319876395203545
0.9214282439915129,0.03576471621718103,0.02268519176800054,0.013062832498224689,0.0070590155250809675
0.921317711371318,0.043639474899954615,0.021708791899573133,0.00855472232554823,0.004779299503606212
0.865418733123803,0.062057151235554144,0.04394555899560292,0.017870049644134963,0.010708507000904886
0.866937442283969,0.07968736492436317,0.02749776837515677,0.017056967658366312,0.008820456758144862
0.8789125166960673,0.08340508679250085,0.01938329356617431,0.011538520881423046,0.0067605820638347355
0.7945918702552164,0.12124442009029768,0.04967486406878446,0.02277415313531066,0.011714692450390989
0.9170338770490993,0.0431418283825137,0.022853137886768477,0.010369060445108765,0.006602096236509675
0.9027909755260455,0.06796122375603632,0.014724202748136184,0.007911468138897843,0.006612129830884248
0.8719340394435993,0.07513254360612541,0.03398125528632971,0.010961601278012472,0.007990560385933019
0.8858572144879588,0.06506083321500188,0.028593801372842054,0.013221822554631961,0.007266328369565154
0.8956843280691111,0.05780402379335056,0.023554399323384927,0.014139416577860133,0.008817832236293295
0.9558483126908861,0.018494638556384384,0.012808527713698784,0.008289555054979678,0.004558965984050999
0.910207426062439,0.06329655465914287,0.012154142646748026,0.00919267899530063,0.005149197636369459
0.9530923545469612,0.03287339355719689,0.007082690874287597,0.005042403893775547,0.0019091571277787872
0.9424385517178693,0.036350397911694136,0.011574703904104382,0.005709694310575091,0.003926652155757178
0.863181953593643,0.08335742601030538,0.027773295907198414,0.017369823643733923,0.008317500845119227
0.8080616095799759,0.0958917104816599,0.05245074951602857,0.028981685297351126,0.014614245124984592
0.8197796706111459,0.13308259620802207,0.023751501136625136,0.014098076699432492,0.00928815534477451
0.8660039345250121,0.08436760863274981,0.026861503490585786,0.015859896423738078,0.006907056927914142
0.9400597119826468,0.03330065656374957,0.012687105062042795,0.00865560052259046,0.005296925868970141
0.8016949341582748,0.1531923584711899,0.022321993767108396,0.015471642189262969,0.007319071414164377
0.9528624047966185,0.02896864351592086,0.009634451684295857,0.005710133585319797,0.0028243664178446946
0.9315501059421937,0.038281139839557395,0.017553974562749083,0.009117960537009534,0.0034968191184902068
0.8588744975763449,0.09306531494868943,0.027071186405706733,0.014664413789301849,0.006324587279956933
0.9212368253341641,0.05489339018986867,0.011891850830180347,0.007562060486124866,0.004415873159662265
0.9115806280475949,0.05187074247465516,0.019825200103236146,0.010926801003297092,0.0057966283712168245
0.9020750616894411,0.057957570642575174,0.021773230328026007,0.01230139801707653,0.005892739322881066
0.8633408290546996,0.09086051493842516,0.02329218662772559,0.015106374813139372,0.007400094566010402
0.8941293848866882,0.05471009005949639,0.02372273150730101,0.018976613090363213,0.008461180456150994
0.7620414560094029,0.1429403229961682,0.05120744076631916,0.02832358408977732,0.015487196138332535
0.8698675723469096,0.09291451978253162,0.0194109904732285,0.010866998031667381,0.006939919365662951
0.873684503926853,0.0940279120785381,0.015385779409919793,0.011384490898532246,0.005517313686156876
0.8798992023785288,0.07104827528451584,0.022235538672254366,0.018324662633272332,0.008492321031428758
0.9246871756619722,0.05076560202052066,0.014733816121535317,0.0065593526935552125,0.0032540535024163132
0.870475459923443,0.0946845044212414,0.016971361225146673,0.009991321195539608,0.007877353234629602
0.862172744173427,0.1057322079500929,0.015067960779257658,0.010137581889103707,0.006889505208118776
0.9003604531564104,0.07911366406018672,0.007770882334079294,0.00834844986735795,0.0044065505819656505
0.9449427209698207,0.04357411850182472,0.005298597007461441,0.0044321546652213925,0.001752408855671355
0.9053386331881493,0.05446157450521473,0.020956118910267458,0.012737339153731137,0.006506334242637257
0.8892517353831411,0.059091237644845605,0.023848461890001758,0.019338103603347746,0.008470461478663621
0.8573564613033561,0.0726026910008765,0.03606189236045447,0.024769832341745034,0.009209122993567912
0.8569518018783164,0.0674901177463843,0.05505251469936331,0.013675070528256495,0.0068304951476791985
0.856060762796129,0.0912118023622961,0.029620971222890775,0.01500584476532614,0.008100618853357945
0.8963712724633719,0.05532007048251759,0.028044212947658183,0.013909313101733553,0.006355131004718792
0.92089204097584,0.044854887693396496,0.017869995718743203,0.01118319982158847,0.0051998757904318125
0.8535709489847935,0.09844650464469797,0.022145722259998134,0.016513696225846284,0.009323127884664226
0.8427051524647949,0.09660500288933199,0.03712694274723267,0.015423688947749798,0.008139212950890602
0.843091361202986,0.10270620742316261,0.03055057974863023,0.016101039774384786,0.007550811850836321
0.9005953879628912,0.06534079405115406,0.018420183205829672,0.010615130939297706,0.005028503840827252
0.9074876055131266,0.059825769057354344,0.018303903135854983,0.009007283370266812,0.005375438923397326
0.9480375003963807,0.02612708211370452,0.01297650515371026,0.008165778561454,0.004693133774750643
0.8840251885226449,0.06304575200502119,0.021154051328299853,0.01705240668169472,0.014722601462339361
0.9600848076813734,0.021163721923723018,0.01035192268632011,0.005071788254639171,0.0033277594539442143
0.94236794463098,0.031648888450501095,0.011907146147308303,0.009448706817404928,0.004627313953805863
0.7409654047696413,0.16363901784598914,0.037226433252232696,0.03853745728392362,0.019631686848213373
0.9148507447434959,0.05439860061525277,0.013547103957727015,0.011648479536523454,0.005555071147000676
0.8512120355299422,0.10083730254984664,0.029014849509214367,0.011616560303737285,0.00731925210725983
0.9348250099999367,0.03291827965289129,0.016502735573473613,0.010862700220134615,0.004891274553563705
0.8880412752783449,0.06540637308332371,0.026628393947568073,0.013383536987903288,0.006540420702860053
0.901260307520155,0.05730271613311568,0.021524465179428968,0.013736386198892609,0.0061761249684079405
0.9180333613302485,0.04197198105734943,0.023770099318722832,0.01005390951046279,0.0061706487832164135
0.8294999742823116,0.13244090873767858,0.021021502460793522,0.01017540890305799,0.006862205616158273
0.9227443904124565,0.05264417659265045,0.01327261532298439,0.007023064497530195,0.0043157531743786785
0.9171992839177201,0.05658735358474025,0.011161179015428443,0.009835037567613286,0.0052171459144979
0.8495911057161591,0.09709258359429285,0.022233532065171042,0.020614063333771974,0.01046871529060513
0.9045691971646029,0.06239386481585841,0.013315508389775145,0.012209552836463543,0.007511876793299865
0.9173717265758345,0.056007480042607104,0.011712882860738945,0.010279561660493229,0.004628348860326199
0.8447853520007957,0.11049658251750412,0.02714044495192399,0.011479823281768664,0.006097797248007247
0.9073056212541354,0.06452201660843017,0.015168287325987627,0.008572423833002177,0.0044316509784444935
0.890431579512786,0.0712856921366971,0.01864284856045675,0.013189920406700808,0.006449959383359288
0.9609745549947284,0.0153976424518827,0.013044431752491438,0.00781455872855605,0.0027688120723413172
0.9421413893866732,0.03491830245098003,0.014776203204301591,0.004827182767407867,0.0033369221906374997
0.7682796162367971,0.16297414486636888,0.04168685713738219,0.015665300170044704,0.011394081589407239
0.8925775568259127,0.06118823397785957,0.025981510832621797,0.014301856383511839,0.0059508419800940624
0.8634381861716233,0.08275485907827099,0.0304776845193228,0.015664502123863652,0.007664768106919215
0.8946179438382302,0.07153193742765386,0.02017087387045604,0.00944833533408872,0.0042309095295711766
0.8731216987420934,0.0696200130435593,0.032290865982826315,0.01771113876971431,0.007256283461806573
0.9626256229067034,0.022362681897814388,0.007016915047998444,0.005060721754511168,0.0029340583929726876
0.8341383988116982,0.10254987405616697,0.037509142302873735,0.01632355239298505,0.009479032436276012
0.9077951952686618,0.068673357351928,0.010798133091866025,0.007606528803562744,0.005126785483981516
0.9661720115607078,0.015779999819019962,0.011602726964571621,0.0038271431150726813,0.002618118540627852
0.8459375981687273,0.08144769948861644,0.03966724629255859,0.022003322378544854,0.010944133671552777
0.8076419870548888,0.12857168539140695,0.03404105899850668,0.019064612561520596,0.010680655993676768
0.9002880916281992,0.048342322569867396,0.030586352283747547,0.014216266406320855,0.006566967111864819
0.8519174593551718,0.10293691323312305,0.023499196882875245,0.014519801580868413,0.007126628947961644
0.9583574605272746,0.024146956558601912,0.007038802395075521,0.007504668148380615,0.002952112370667471
0.9555258155488154,0.026459430804021244,0.010485986003629917,0.005301269658629042,0.002227497984904462
0.866395019438884,0.0698253933347026,0.0382109939011048,0.01853269108482831,0.007035902240480316
0.755645062898869,0.13678445519941493,0.07031117039464703,0.024031127114446663,0.013228184392622603
0.8808399580707148,0.07704669354258101,0.02704926512408963,0.010157706962182865,0.004906376300431565
0.9200912828024171,0.049553442945161355,0.01769094578107898,0.007787284151077656,0.004877044320264721
0.8392648002022575,0.0968738307047404,0.039126810449777366,0.017261901069249075,0.007472657573975952
0.9017404149963129,0.05819275701721701,0.024141248988489454,0.010466761370126313,0.005458817627854282
0.9002787470859829,0.0504200893145559,0.026512091336383665,0.017093974073241508,0.005695098189835884
0.8501341211678399,0.10111367070770332,0.01964027547760972,0.021066621696556025,0.008045310950291052
0.7826559486810757,0.1053147043156713,0.06128139910177575,0.03690892688467532,0.01383902101680191
0.9572676333135349,0.017008982441812374,0.013374643308533085,0.006870365579504419,0.0054783753566151824
0.9028100243628107,0.05876827811254626,0.01549344249705482,0.013406690494753704,0.00952156453283443
0.9045446133730336,0.037088401679787227,0.026957117746454904,0.021444154489369042,0.009965712711354909
0.8183256255462295,0.10092597991087984,0.04060118121698051,0.029247609564282535,0.010899603761627625
0.871531705474658,0.07792825913836747,0.024440931238729806,0.01519741409182741,0.010901690056417302
0.9441652507308349,0.0350418786694463,0.00930725041952525,0.007240791115156476,0.004244829065036989
0.9305584956812842,0.04517329413552123,0.01359329050777275,0.006539838602730328,0.00413508107269122
0.9415264351114987,0.025566040299400447,0.016469431834978655,0.010552449335561593,0.005885643418560772
0.897194765794143,0.05509980449367232,0.024230591381104807,0.016357781193591398,0.007117057137488696
0.9224473193851624,0.051334289933917275,0.012561263009871964,0.008381260712428526,0.005275866958619869
0.8113017747587793,0.11970064684043241,0.02719971324807806,0.02607250946525835,0.01572535568745203
0.9368809549109158,0.03440127462068657,0.014087472770554298,0.007212434021538972,0.007417863676304204
0.9420000808462945,0.030236380779869634,0.013652885909922564,0.00949469821122,0.004615954252693481
0.8735368603548225,0.07046429618142462,0.03468767925470714,0.013938702084124803,0.007372462124920907
0.8100335801179207,0.11604850727234285,0.03500558399007726,0.026003005202441306,0.012909323417218028
0.9171270712879616,0.052917542852385584,0.0145018563166905,0.00967489265497829,0.005778636887983906
0.9317334699280394,0.043515244752017845,0.012093247592825348,0.009101343128463436,0.0035566945986536484
0.8240791862987847,0.0928214485636505,0.043774945563112226,0.02421455374795525,0.015109865826497348
0.9083007727945247,0.054995597963870574,0.016879800392405882,0.013315220142282494,0.006508608706916536
0.9175425452610784,0.05191554848013488,0.0127052570234779,0.0121190627696561,0.005717586465652661
0.8208669930819712,0.12077666512240473,0.029343611939520942,0.0190390047563621,0.009973725099740753
0.8143454468113044,0.1091398093367807,0.03618232346425373,0.02520540190532589,0.015127018482335254
0.9096206314305983,0.062205712003648876,0.013752558688378312,0.008526113517065462,0.005894984360308981
0.9147356974638817,0.05672110311597582,0.015711466904871102,0.008643522832799443,0.004188209682471977
0.9437675977741299,0.03575417860430848,0.010779498733365981,0.0064855368459643395,0.0032131880422312654
0.9377474380436132,0.03297045834682347,0.017344417652001794,0.008218444539239637,0.00371924141832172
0.9521379051658391,0.02691354478030548,0.01108673989072572,0.006548863683052161,0.0033129464800774238
0.8991712157089667,0.07121966533890063,0.016278780499422257,0.008512711069373555,0.004817627383336582
0.8787047874800886,0.0659155635101352,0.03163170979013561,0.016265577730960136,0.00748236148868031
0.9078995498164764,0.056938473247188454,0.016747520309585828,0.012699950536850762,0.005714506089898491
0.9473327640563376,0.029258760455387098,0.010672491129341188,0.0073998480810347385,0.005336136277899096
0.9337913508162358,0.040805731324405015,0.013838452607441645,0.0073681941835037,0.004196271068413899
0.8366746280809758,0.11040992969756823,0.0266158185741795,0.016012985907286396,0.010286637739990027
0.9135834826057556,0.04129431951085601,0.024058578161432,0.012372786699371564,0.008690833022584476
0.9350159360661587,0.02732737208713729,0.01653378425161724,0.013476557407547862,0.007646350187538754
0.9261790980192568,0.035545206006882005,0.017236186900198357,0.013984548717838222,0.007054960355824574
0.8882284371114199,0.05592041642095284,0.025965411963396873,0.018134112065013978,0.01175162243921628
0.811374739401223,0.12971219074430085,0.027713547534385197,0.01825834531463611,0.012941177005454985
0.8426719456131241,0.08346011371401828,0.03176351462122978,0.023446372444754577,0.018658053606873087
0.8931341893502248,0.05661217839291354,0.02531580792780305,0.016597609240881987,0.008340215088176626
0.8369381137984827,0.09823429528768862,0.0337865407894174,0.017777046420917136,0.013264003703494086
0.9193676179939374,0.04483936102794759,0.01512043489809168,0.012502358838010994,0.008170227242012426
0.966521304029729,0.017148821195744273,0.00757614454707686,0.004946430152123471,0.0038073000753263667
0.8939618470936792,0.06283428763947563,0.02202578967053897,0.01230982443028857,0.00886825116601758
0.8825302191950589,0.07228417824486871,0.02298202799686064,0.01344813517852079,0.00875543938469089
0.9229625036337612,0.03922665925608169,0.020429413193524575,0.009795250872383424,0.007586173044249239
0.9360110620912974,0.045381535025203264,0.00529722471272289,0.007518415849277345,0.005791762321499191
0.8319854485534486,0.07776531277744227,0.035109970367080766,0.02374496546527053,0.03139430283675789
0.4855843300387856,0.17512215490148114,0.1385104746874666,0.08185722831664548,0.11892581205562103
0.8049519754431868,0.1334995932871293,0.0316366432262522,0.014906658668490724,0.01500512937494086
0.901136242457544,0.06009736568191441,0.019009998297254808,0.01114435892804117,0.008612034635245541
0.753104177322423,0.17552856484185916,0.03229205854736789,0.02388077187383758,0.015194427414512464
0.810920753827993,0.13218748511719314,0.026584800225165697,0.019299879994186264,0.01100708083546183
0.9028914570879981,0.06124339003627678,0.018445685436611306,0.012441216405596539,0.004978251033517228
0.9401457540060217,0.04045153751913187,0.00921217384718651,0.0056886597712099175,0.004501874856449697
0.8129351467402047,0.12466750141934256,0.034509094801059376,0.01546925791584345,0.012418999123549752
0.7867145934894257,0.14251447713863716,0.035876375696440234,0.023684712667302547,0.011209841008194088
0.8620271545240048,0.08656150785074888,0.024207714213811578,0.015076889226540146,0.012126734184894605
0.9451621766009816,0.029860413609087005,0.011221697219686268,0.009474680605762035,0.004281031964483204
0.8312753410315983,0.1072262389458643,0.02771622107912866,0.022121804000367,0.011660394943041642
0.8545432581705122,0.07582407311326185,0.035627178135940164,0.02093893464052482,0.013066555939760796
0.9415658616696078,0.03755013695789614,0.010642781144969625,0.005909471107972543,0.004331749119553805
0.9491639361145362,0.032134955155707516,0.007026980066965861,0.008084147805087202,0.0035899808577033445
0.8947972593623998,0.06583573677100797,0.01618201113558168,0.01411486166527806,0.009070131065732377
0.9624633262525478,0.022897452047374523,0.008421152383228558,0.003786144179696873,0.0024319251371521574
0.890076001629398,0.058649034837137064,0.026586413694554233,0.017103230342722233,0.007585319496188477
0.8979935455075284,0.05169683773382233,0.023860759200711634,0.019016755667857252,0.007432101890080391
0.9591213067409062,0.021698458969060645,0.008401201043929237,0.00691598297124939,0.0038630502748545066
0.8784955949684448,0.0765629397461464,0.023108978170140623,0.014895791249617938,0.006936695865650187
0.9256266046410431,0.0451674684516827,0.016795687124923183,0.007936485928401196,0.004473753853949759
0.9408668070877036,0.026768114274456935,0.017500453390583388,0.009837484487405198,0.0050271407598510365
0.954197784269742,0.025900687413141416,0.011347613337728605,0.00538352881220815,0.0031703861671797985
0.8756317562531689,0.07403823920941573,0.024611001387139387,0.01731648015788588,0.008402522992390112
0.9235081462521196,0.0495203462481201,0.014033622342258875,0.008106519081374748,0.004831366076126367
0.869740532246343,0.10335352732586295,0.011660611225528488,0.009645079467090943,0.005600249735174894
0.9247831722879967,0.04097991494975893,0.012770811042474826,0.013736812418520384,0.007729289301249064
0.9397343059441595,0.0386270335117541,0.008289070943207872,0.008530654526848312,0.004818935074030085
0.925867708235116,0.04052100151112366,0.016466818692033126,0.010043835098377831,0.007100636463349404
0.967972608295377,0.01663109295006442,0.0070593935579561645,0.004924840563665127,0.003412064632937199
0.8965975486019636,0.037730564455375745,0.01963288956129351,0.024569479634635294,0.021469517746731864
0.8707381357354417,0.07633852998633196,0.015614481050671947,0.022328851062410428,0.014980002165144139
0.8568096716302385,0.08469955569586339,0.029089117741772145,0.01906542963839552,0.01033622529373029
0.8999066444095102,0.06214672612346196,0.020469301694162518,0.010372571202430883,0.007104756570434332
0.9179263418464958,0.04860984149986608,0.010923922621111639,0.012749755952032019,0.009790138080494604
0.8941889486342699,0.04662664433046441,0.016920262571556457,0.018803673381214202,0.02346047108249496
0.9336505286316412,0.03268936652756762,0.0163534619748639,0.010023507052873299,0.0072831358130540855
0.9403285644197458,0.03574795291707187,0.010049648254000544,0.00862434503377235,0.005249489375409711
0.9483852030128971,0.02407430997154538,0.013856500956202701,0.008097352289821292,0.005586633769533798
0.8589212077105857,0.08489778084161369,0.02975586550782159,0.016653958444947832,0.009771187495031124
0.6840936967573932,0.16188626962964833,0.0733346229490569,0.04672010799104595,0.03396530267285577
0.8978097430081285,0.043372329812976965,0.02941270505509346,0.019494342257432785,0.00991087986636815
0.9055904781837093,0.05266098415733942,0.02087213291954283,0.012020806438999781,0.008855598300408801
0.9350709163603076,0.03466475650036558,0.014786796295664775,0.008763075776934418,0.006714455066727377
0.8525567623268553,0.07300584860848044,0.04287133481004947,0.01782526859706499,0.013740785657549808
0.8600965609884237,0.08268047599841809,0.025979505339745343,0.017435330487563593,0.013808127185849433
0.9345785218356458,0.034808001987411685,0.010154101163924453,0.013699325246337449,0.006760049766680595
0.9361406223073255,0.03569291353766758,0.01150450701542844,0.007857261186103639,0.008804695953474799
0.9391549551811731,0.033196536934649586,0.012205557666663239,0.00853795074017116,0.006904999477342808
