Delta_Power,Theta_Power,Alpha_Power,Beta_Power,Gamma_Power
0.9304785214032387,0.04828451554980107,0.011524746289327932,0.007262954328571068,0.0024492624290612603
0.931456039335286,0.04298657323032945,0.013775371449646853,0.008593689218901789,0.0031883267658360075
0.9507463679770688,0.03153792010740683,0.00840363472676178,0.006822780925293746,0.002489296263469045
0.9756277534645913,0.011143835488555886,0.0056550273932337945,0.005837565383361706,0.001735818270257362
0.9365931625878993,0.029131366754638476,0.01711400175599271,0.013488062131614194,0.0036734067698555102
0.92383224358941,0.05055345913944501,0.014062068178571733,0.008468306660716974,0.003083922431856293
0.883255764891679,0.05653901608084289,0.03045024700263636,0.024884319809415568,0.004870652215426233
0.8617054321125459,0.1003094312202605,0.01723530404991833,0.01704924711018933,0.0037005855070859624
0.9105475644871122,0.07137853508241122,0.008145147501826577,0.007791747984648966,0.0021370049440011447
0.9090282232731826,0.06487555513252229,0.013565569272031845,0.010355331006816054,0.0021753213154470535
0.8111044066660239,0.12067388818651097,0.041820955171626005,0.021061762523199336,0.005338987452640005
0.7443729851060147,0.18103396383726417,0.04307295310939042,0.025904486249736087,0.0056156116975944765
0.8506120843267369,0.08207677275080755,0.02833131190290607,0.030560532384440803,0.008419298635108787
0.8777781659629742,0.07969261671717937,0.01706319804682702,0.02090961735769445,0.0045564019153247854
0.931773459829665,0.028675799851371357,0.022384611199307486,0.013260298376847458,0.003905830742808657
0.9246574727221379,0.03964655313503949,0.017398887011156522,0.014125629424763976,0.004171457706901804
0.9061299890889429,0.06700148800630881,0.013985258604283584,0.010481557926990601,0.0024017063734742146
0.9511059682131313,0.02706910190284159,0.012116537483325618,0.006620111144655841,0.0030882812560456877
0.9375722443576956,0.04341668151758836,0.010097075160414833,0.006631620099805711,0.0022823788644952955
0.9455034734978917,0.023401278219216438,0.015949227676583265,0.011891601777449726,0.0032544188288586044
0.9315682171628378,0.045896470489426515,0.01002682332698854,0.010237971278477828,0.0022705177422693698
0.894415653753237,0.07467311086449231,0.014755118998531009,0.012601650278155022,0.003554466105584915
0.9424527297598975,0.04049602417256576,0.007998923051467172,0.007029798092640675,0.0020225249234288654
0.887598185056463,0.08771743190474988,0.011741488064578092,0.010164380343632606,0.002778514630576432
0.9559161865444197,0.027781011514744637,0.005934801967473943,0.008314301452632476,0.00205369852072908
0.9357481707309304,0.04421865149510493,0.010092353623697935,0.0076611475426456715,0.0022796766076208716
0.7757055655476287,0.14119573452230544,0.03462593294081834,0.038280667625417875,0.010192099363829584
0.9381552850256386,0.042767754968798075,0.008485922449079752,0.008015351528043646,0.0025756860284399576
0.8752432929562374,0.0861260059361223,0.01934393819756656,0.015362897500167491,0.0039238654099062725
0.8321843006604138,0.0891423784937949,0.039815504145826595,0.03212251973615478,0.006735296963810072
0.8893288531487449,0.0695831072631334,0.019629816815899412,0.0173537203851406,0.004104502387081746
0.9086533496859458,0.04880852481025297,0.022685962119087112,0.01592098863426149,0.003931174750452511
0.9579636781334043,0.0252425973706342,0.009093503942910952,0.006109461363305627,0.0015907591897450456
0.9207306157524624,0.043755946409374684,0.01565869483080666,0.015174299632050086,0.004680443375306184
0.9467958393532874,0.030007515791679172,0.013384688596548037,0.007433242264067474,0.0023787139944176994
0.8644219940573794,0.09184606586136077,0.02321569743762953,0.015672555988570796,0.004843686655059542
0.9015266628519262,0.04755221154554949,0.02643093204038479,0.020420527150798246,0.004069666411341394
0.9042623386017921,0.04087390997484244,0.025029572166683795,0.022950816567974975,0.006883362688706987
0.9341425820117376,0.03878397602547044,0.014700703888223107,0.008583503511793334,0.003789234562775662
0.8361448042317939,0.08046435939753518,0.03923285773016827,0.035427941043207095,0.008730037597295322
0.9361750608573925,0.03492559618126662,0.016198385630600855,0.009928078865669016,0.002772878465071027
0.9037691114520477,0.05430968856772533,0.021048208937345686,0.016263275689583405,0.0046097153532978835
0.9471952801107844,0.033541940200098076,0.009527875039066328,0.007341881412023937,0.002393023238026819
0.9066267365639007,0.05715597140111093,0.01682743077373827,0.01450096545634189,0.004888895804908212
0.9267196827719844,0.0525271320315592,0.007262568491002383,0.010842906676883408,0.0026477100285705896
0.8609693211216332,0.09610454979839489,0.027999726607880308,0.010851844836095562,0.004074557635995923
0.950725547180147,0.025766007872185224,0.014380495030040928,0.0071838952485585375,0.0019440546690682652
0.9602605376713037,0.025957865842196264,0.005451354413201551,0.00696827248324833,0.0013619695900501064
0.841854682382422,0.09736906140382008,0.03739197006468316,0.017756702930504888,0.0056275832185696565
0.9654978096715716,0.024784633040234264,0.004731663111833163,0.0039120547691889685,0.001073839407172241
0.8650798135412912,0.1012800607207293,0.020284907561011842,0.009977533913797992,0.0033776842631695063
0.9122837010476955,0.05404895296250818,0.02143186894016033,0.008916762956421522,0.0033187140932144036
0.8870275437733757,0.07560641052887893,0.01488907475825691,0.018217339673109262,0.004259631266379237
0.8743831532755325,0.07581355595738151,0.01897688429037698,0.023460586026035388,0.007365820450673751
0.9441532418291457,0.02788159293389439,0.013886205256064302,0.011321841569999888,0.002757118410895812
0.8563495238808964,0.09889160495325194,0.019991474330737155,0.019016563850724276,0.005750832984390199
0.9285624502225005,0.03556238767259126,0.016950135356297483,0.01582953446253445,0.0030954922860763653
0.8829901716456323,0.066433706377996,0.028609886357168796,0.01784835640534663,0.004117879213856222
0.9599951054490674,0.025037506742728855,0.008560814725749736,0.00517933169018205,0.0012272413922719111
0.8966167133308076,0.060121198080159526,0.023254452693570567,0.016814773400727272,0.0031928624947351364
0.9236177065631493,0.04761994372811765,0.01261114282872273,0.013358565178529945,0.0027926417014801927
0.9337961085871123,0.04332479128939091,0.01518552905455307,0.006043973766544379,0.0016495973023994963
0.9369260333830073,0.04420641350980591,0.008094826685891525,0.008622510934170064,0.0021502154871253136
0.8830685971672433,0.08287844108965103,0.014851178034599306,0.015695423111053233,0.0035063605974531994
0.9515725025579401,0.032765051585563684,0.006384679171618955,0.00721307739302493,0.0020646892918522826
0.9448417345793361,0.032338614610901636,0.009470613322640568,0.0110056635624727,0.002343373924649364
0.8771043811041194,0.05376942855269725,0.03903398072153807,0.02381738408675153,0.006274825534893775
0.8447217628848274,0.09897773901405862,0.03273990419706441,0.019057389693454493,0.004503204210594769
0.7936381860626301,0.09766902457028535,0.0493173015048252,0.040073973162695044,0.019301514699564367
0.8403287954414635,0.09340462036068198,0.02583124701084724,0.026345863664969646,0.014089473522037505
0.7936658705253627,0.1568259709781319,0.022921347166293432,0.020929764096874526,0.0056570472333373565
0.7710125120228434,0.06525909262782095,0.03461127080907155,0.0737065859828442,0.05541053855741993
0.8734355200008345,0.0550363623741143,0.023224226060300134,0.02466034381312247,0.023643547751628673
0.8437424995546593,0.13331728316273728,0.010740198005920099,0.00998756385789614,0.002212455418787324
0.9058381056745731,0.05278312692675594,0.016891940361950217,0.021419598976209934,0.003067228060510701
0.8968672755215343,0.0667411151156551,0.016473958527522477,0.016934532819807138,0.002983118015480791
0.8351544950461011,0.11098128686406603,0.02647411223860456,0.022219016562271415,0.005171089288956887
0.9030405848312573,0.06356375779926317,0.017686441477032265,0.01195635679862683,0.003752859093820503
0.907592636192687,0.06739094341579456,0.01180245501968131,0.010732037948582558,0.0024819274232547087
0.9202740663060799,0.050659095740096874,0.015826412923520078,0.0107571481784297,0.0024832768518734563
0.8980960097674381,0.06035228054047066,0.022995983772772868,0.015051221640429732,0.0035045042788887787
0.9285778467833053,0.05292016440795701,0.008653539879785304,0.008103966372637427,0.001744482556315116
0.910750728460262,0.06371838913351215,0.011193908721273713,0.011180846184398066,0.0031561275005541536
0.8826435875660146,0.08174881334279337,0.015566918973278495,0.015920907758908073,0.004119772359005643
0.973774591056628,0.012106849003925347,0.0060796050891377875,0.006226712207180472,0.0018122426431280234
0.94798393534985,0.0344745356659936,0.007953374000650855,0.007769833262436056,0.001818321721069719
0.9493282071655744,0.03313330100845749,0.008861125751276084,0.007002694947646352,0.0016746711270453284
0.8729287968122382,0.0627403173026492,0.04176056371294819,0.01796496288813024,0.0046053592840340956
0.9182685184181392,0.039085684729108554,0.017157535014180086,0.021551715729351016,0.0039365461092212735
0.8956342585668805,0.06253342970114865,0.018827829023238055,0.01867051179933795,0.004333970909394928
0.9223714155517861,0.05035279654454876,0.019081871052448712,0.006365025774109179,0.0018288910771072891
0.9127532033235368,0.054569417462122675,0.017068677242498977,0.012041093659618413,0.0035676083122232363
0.920800676305676,0.045904794378062684,0.012001764897217182,0.017034470681818667,0.004258293737225535
0.9710173765985575,0.016236024421740453,0.005113108921736949,0.00599072075969632,0.0016427692982687073
0.9331254019550629,0.035534256846739616,0.021826520372163764,0.006868437599941075,0.002645383226092566
0.8591256150672676,0.08202068287896018,0.030176356432021944,0.024453328319894312,0.004224017301856258
0.7894522738828179,0.11964735981632593,0.0507454354991712,0.03127985275147574,0.00887507805020916
0.9135835167358889,0.06369604909682906,0.00983833334269336,0.010032531597171037,0.0028495692274175745
0.9015050778745467,0.046422189479018536,0.025968906845750872,0.020933681394971173,0.005170144405713027
0.8521646641943331,0.09349554545552897,0.022832030943085106,0.02586261081699735,0.005645148590055581
0.9039309645124831,0.07154392959771323,0.01011587199463689,0.01218673345928578,0.0022225004358811763
0.7645116315753611,0.17418621022228217,0.03793488832593431,0.018699602521247187,0.004667667355175269
0.9335087461817856,0.03639691149345483,0.014722492403815911,0.013133351818255656,0.002238498102687803
0.8923568596559991,0.06763543367223913,0.02151469032879959,0.015485188770181287,0.003007827572780764
0.9065180503872187,0.0592190174208477,0.014773452578980344,0.01701137194260664,0.0024781076703465714
0.9061165017373609,0.06091063067315767,0.01710761980663022,0.012023521224649706,0.0038417265582015667
0.9055810751783273,0.05624788476602934,0.02281507846373108,0.012004723204511814,0.0033512383874004215
0.9681288607868554,0.01858481942758285,0.007048264993958485,0.004829213966511322,0.001408840825091887
0.9164555354682151,0.05859050800196899,0.011140787060059155,0.010491104977757787,0.0033220644919990643
0.8797353752380423,0.1017164591032783,0.009072411404725185,0.007493738060113003,0.0019820161938412725
0.8041147137449227,0.1163995552746471,0.051879268069747526,0.022185617328900606,0.005420845581781852
0.855709982689326,0.08728646351771854,0.029847184671923772,0.02037083240337101,0.006785536717660777
0.9008603113166962,0.0687297928380416,0.01441563257798915,0.013547122163368694,0.002447141103904422
0.9263955470861208,0.04598719302834767,0.01181697723600748,0.012709924709737258,0.0030903579397866168
0.960179715332074,0.024233433304859983,0.00897284724218066,0.00522477152693208,0.0013892325939531443
0.9101561535999445,0.04697369803218936,0.022111663419842123,0.015425613199104123,0.005332871748920002
0.9152869393771805,0.05900381371634784,0.014749982010493021,0.008169320144469977,0.0027899447515086816
0.9450128942834238,0.040052084206239465,0.008692312335806283,0.005073953151565264,0.0011687560229651725
0.8246260035013938,0.10728625513042914,0.03906720657888969,0.023548750502358325,0.005471784286928838
0.9001672081994082,0.047645584163759795,0.02419338296636513,0.024700242858954686,0.0032935818115122774
0.9597232499646733,0.02465893264582301,0.008163158745834499,0.006038957709893829,0.0014157009337753734
0.8726739763924424,0.08075724463823789,0.020520693393651403,0.021509930113288007,0.00453815546238035
0.9076975830222099,0.0526583608428473,0.017713262731262003,0.018500532995141816,0.003430260408539255
0.9108270231150242,0.06282984254649528,0.01082950854687016,0.012695122845585308,0.0028185029460251736
0.8809394041459387,0.07676888475981637,0.020649040706796372,0.017773489802996756,0.0038691805844515742
0.9245984201443596,0.038920015974471714,0.020971818272968918,0.011826044797661705,0.0036837008105382336
0.9415434625931752,0.027557643884971224,0.019618271393448655,0.009532004253391468,0.001748617875013655
0.9074764669921334,0.05283683089885621,0.015774797415708197,0.02008594434589977,0.003825960347402473
0.9527274654091653,0.029428828024745494,0.007269494819130586,0.009008081803882366,0.001566129943076521
0.8990069156390664,0.05447104815206452,0.02107866602824149,0.021161164982712283,0.0042822051979153715
0.8828118105180747,0.0784381832747728,0.014118259959130915,0.020000713428213093,0.0046310328198084574
0.9291284306699764,0.04685344274839463,0.01591539320808617,0.006520818432004207,0.001581914941538423
0.8956523374105451,0.048789247694027794,0.02904492777391968,0.021524872752390546,0.0049886143691167395
0.9021912103666578,0.07673412432768832,0.010214332381308594,0.008804022993595,0.0020563099307503857
0.8780162023452288,0.0864149333099212,0.019382019147526155,0.013161166093281362,0.0030256791040422183
0.8882951278560443,0.08330333163678869,0.012549486331995997,0.012977273530072903,0.0028747806450979776
0.8958519798677357,0.04824641389585615,0.037970009355841626,0.013516665749495196,0.004414931131071221
0.9535058336376658,0.02511634147388887,0.008737067972221133,0.010488005188987872,0.002152751727236156
0.8356037575350657,0.11423107880154228,0.021622614121870866,0.024694556447457473,0.00384799309406371
0.9319057966718353,0.036819644092174655,0.01375847278453141,0.014204425166469904,0.0033116612849885298
0.9285860155425953,0.032503947800895154,0.024179126002607628,0.012008336938680024,0.002722573715221686
0.8783769671395736,0.06437382857536067,0.03393775560756115,0.017865800613253546,0.005445648064251041
0.9588051033470665,0.020889148188077775,0.012312480150325876,0.006545617479268415,0.0014476508352615756
0.935107924717908,0.04571242388774121,0.00960100333437734,0.007850601059387731,0.0017280470005854817
0.9350078663419237,0.04279304787247457,0.01019397477381119,0.009634384694737144,0.002370726317053206
0.8889910253959619,0.0769316279454045,0.017325587397214112,0.01349220810702018,0.0032595511543996327
0.9391797824481091,0.033995440420655325,0.011804263947063402,0.011828229729549451,0.003192283454622611
0.8375329294774542,0.10574906302684617,0.02603207066007776,0.025894990848661988,0.004790945986959908
0.9555434876622073,0.022371957827712615,0.010971904480851434,0.008995254235566293,0.002117395793662392
0.9214807573416149,0.05204176121780158,0.014065976090951348,0.009811046997567555,0.0026004583520644236
0.9677937897035551,0.02025442774854235,0.005604502932554969,0.0052767854475298335,0.001070494167817828
0.9285392367611749,0.04743032484676384,0.012264680244847777,0.009754132631205989,0.0020116255160076276
0.7527336910279524,0.19549639225604504,0.021258424279028333,0.02584212685091513,0.004669365586058937
0.9300998082051686,0.04644623091481823,0.011147034135559859,0.01004892018017273,0.002258006564280716
0.9093509750341158,0.057868770357407256,0.018916882992062338,0.010566990963400172,0.0032963806530146335
0.9090494675905757,0.047962552577762704,0.020696436743223814,0.01860260245949158,0.0036889406289459695
0.8388456838968167,0.09539722483796,0.03689387062214514,0.022233993740954798,0.006629226902123288
0.8447977960455433,0.11159098353656147,0.022148379435563935,0.017428567831427644,0.004034273150903728
0.9046343318554205,0.053354488492304564,0.019216983723552617,0.01799451676238452,0.004799679166337694
0.8897609085767046,0.05953888161009641,0.029209566941079953,0.016899531216738692,0.004591111655380187
0.8468409169503767,0.1082571462098968,0.025265050344274505,0.015481079154154538,0.0041558073412975415
0.9418654344955606,0.03172648866633922,0.01246527414444151,0.011122733065485467,0.002820069628173367
0.8442506018398169,0.09612008332591536,0.031145131468316854,0.023574085988672087,0.00491009737727871
0.8297891270008885,0.1309161647239391,0.013860633119208892,0.019633324252148664,0.005800750903814945
0.9012546353589646,0.061388499292201824,0.02000802877452692,0.014154355631946287,0.0031944809423605234
0.9498725282743294,0.026858131290296006,0.013264226472968642,0.008088174388220635,0.0019169395741850757
0.952566656021979,0.026871580621989032,0.008729054291460404,0.00996727261161041,0.0018654364529611404
0.9211549617833379,0.05413907367409093,0.011067872002159567,0.011474339422412739,0.0021637531179987462
0.9440813360751642,0.03242773222189498,0.014457503206218445,0.006988946791751835,0.0020444817049706313
0.8834762058086878,0.08230428138011836,0.01874609714071963,0.012461410588392363,0.0030120050820816625
0.8605795761175906,0.08183421829948061,0.029737936882699514,0.02250481820050477,0.0053434504997246285
0.9299110205909746,0.04537652660087791,0.012291284565321007,0.009905900444922986,0.0025152677979034116
0.895351560999753,0.06117105517296577,0.02831446565526805,0.011110195634895523,0.0040527225371176515
0.9516979416516975,0.025339737962939018,0.008478553999371773,0.011780201212258663,0.002703565173732877
0.947118071490831,0.03635579219603538,0.006996618775911217,0.006991026101729624,0.0025384914354927004
0.9082002408807739,0.056931777739025885,0.016937107244831467,0.014534938081296885,0.003395936054072104
0.9255886457479838,0.04388452459086676,0.011971369289738253,0.015444364777255868,0.003111095594155462
0.9570480040703032,0.017058551086753665,0.014859184581800642,0.009139313163328703,0.0018949470978137073
0.9360251137557088,0.03860559289946009,0.00948807085421727,0.012741641451571504,0.0031395810390421317
0.8476811357960327,0.11507807013747508,0.016145611330657703,0.016798975453815937,0.004296207282018597
0.9351952801549943,0.039239597237818905,0.015162909022783434,0.008541715703257924,0.001860497881145391
0.9095179285218743,0.052339369126938116,0.019235865433464387,0.014012637606986848,0.004894199310736344
0.9024745816446644,0.06267971155006365,0.021581555677539672,0.0103271738645326,0.002936977263199373
0.9635517307728418,0.023476842898569952,0.007912848036970342,0.004286592780101053,0.0007719855115166407
0.9578111428543383,0.025504407958691334,0.008660054614200814,0.006187215849341372,0.0018371787234281822
0.9389972483946032,0.029987512580031385,0.014471797042005432,0.01488456875936632,0.001658873223993776
0.8853297775122795,0.05541271637162735,0.02458042643551777,0.029256754431092963,0.00542032524948244
0.8217132733558178,0.1403997610613364,0.017310278675195665,0.01740138562033934,0.0031753012873110644
0.9180105583097186,0.05462511946141913,0.012995701890941505,0.011528751596068565,0.0028398687418521294
0.9070804877685353,0.06526014312179115,0.008362350806366351,0.0148136114667337,0.004483406836573774
0.8304969634547891,0.12882400396539875,0.01606161804677302,0.02009977353636487,0.0045176409966740105
0.7069099926181147,0.180317279126535,0.05752125375844245,0.047876333467408314,0.0073751410294994124
0.9241033434851287,0.04524624240932105,0.018651913271265894,0.00950117061402831,0.0024973302202561305
0.948265560477494,0.027190475146177454,0.014431350720004985,0.008271229349266123,0.0018413843070573524
0.9409255606291241,0.043693463600086774,0.007184459976791208,0.006639597678445937,0.0015569181155519081
0.9252294651472456,0.05592608339736097,0.010505273603986951,0.006405152042157706,0.0019340258092487895
0.8490125148570847,0.1112130085148151,0.022099224793215067,0.013778638006828261,0.0038966138280569253
0.6849210738915267,0.2410891859173099,0.03675059697273502,0.029807808840598356,0.00743133437783015
0.9625189008091815,0.024262367821732283,0.0067314383343134885,0.005129651736517654,0.0013576412982551514
0.9116767630500904,0.05654874092263731,0.019805654359834158,0.009258184313227169,0.0027106573542109995
0.9042421153864383,0.0649552565681432,0.017004804348786845,0.009684217178500532,0.004113606518131208
0.8531555052590121,0.09953676334466334,0.027275815494343953,0.016525971687616298,0.0035059442143647577
0.9558949634146416,0.029555645482570878,0.007234381568447321,0.006021352364297877,0.0012936571700424297
0.9521786737817034,0.03529533900867539,0.007590945431071568,0.0036062731244742696,0.0013287686540753288
0.94906274714469,0.03347782797774726,0.008217823302202512,0.007218785108569644,0.00202281646679084
0.8129689679515941,0.12766222267916025,0.025262032536535212,0.027588081964408765,0.0065186948683015125
0.9202638828688051,0.048025988169159546,0.018074183327661517,0.010736458205119918,0.002899487429253819
0.9667730676274954,0.020215216396954266,0.005298460093491798,0.005800393171540832,0.0019128627105177958
0.9687782431053398,0.021357428352089404,0.0036262704604201226,0.004953315388387747,0.001284742693763023
0.9232922731583383,0.03367613488591232,0.013488352777597428,0.017850117901020972,0.011693121277130849
0.9038914584424689,0.06854446241339116,0.012173044163898831,0.012526183879310874,0.002864851100930288
0.8740861530718026,0.08436167248814955,0.019158226356852093,0.017979369184546467,0.00441457889864941
0.9226399087990153,0.03158900814070576,0.020203028140886873,0.02147602829419343,0.004092026625198377
0.8919476271689326,0.05468076946004147,0.031235014618131225,0.01629901371077695,0.00583757504211763
0.9193175815273017,0.04836402954835306,0.015920150682251433,0.01363393751002928,0.002764300732064511
0.8766310538580783,0.08232491184890299,0.019192139719271223,0.018033434455574808,0.0038184601181728015
0.93131831096439,0.04524710389021662,0.009589008667665561,0.01045070478722196,0.0033948716905059613
0.8881489756672588,0.09033964855225425,0.00522192244615556,0.01376401402067269,0.0025254393136585006
0.9129987759341313,0.059138234410328984,0.011888047953392994,0.012027784767207906,0.003947156934938851
0.9147499833553193,0.06007748748752767,0.010366138004432889,0.01273061098022287,0.0020757801724972727
0.91999328454261,0.056567683722349625,0.009377490932975364,0.01142902707549968,0.0026325137265652775
0.8986555208943079,0.08045050517721355,0.012125489485751224,0.007264998400844436,0.001503486041882949
0.8909964345154808,0.06898938259352604,0.01538439666752825,0.020057209241676963,0.0045725769817879045
0.9151099829388875,0.050445210780227366,0.02032855452257696,0.011100492839517214,0.003015758918791081
0.9218821503046962,0.060831544292493496,0.008582819484807323,0.006798219986308664,0.0019052659316942644
0.9076516061899171,0.07142918976601224,0.012297692747717125,0.006873398223254592,0.0017481130730987698
0.9150857759829657,0.06406713601380391,0.01404312805812362,0.005432213697977348,0.0013717462471294277
0.9013529237682634,0.07084519875084286,0.011620850339362925,0.013757813361575161,0.0024232137799556257
0.908996292227359,0.05873671525256815,0.013153704221535709,0.014765304008254067,0.004347984290283053
0.9384463086672802,0.045700343241831504,0.006824847617465592,0.007227477930376642,0.0018010225430458585
0.818600055005661,0.11029445304593133,0.04119832444370729,0.02478515373912736,0.005122013765573036
0.8704038495772423,0.07016529629780731,0.03976081699392526,0.01576686002557668,0.0039031771054481024
0.906743280856719,0.05993618768202187,0.01596550692108046,0.014597574167772277,0.0027574503724064887
0.9003056156815289,0.049335942141484554,0.02491995060538892,0.02042308816878238,0.005015403402815214
0.949141435203982,0.02875407066917135,0.011604735921110358,0.008709579900875232,0.0017901783048612245
0.7807722146987275,0.10391051829012586,0.06741941016395794,0.03908021846941252,0.00881763837777606
0.831711167903164,0.11066236664560565,0.02778861187150734,0.02337878933153614,0.006459064248186764
0.9311711341440695,0.0452998386513747,0.013908781599330577,0.007707724641035827,0.0019125209641895028
0.8619799936560599,0.09504842550157688,0.020097973478824208,0.017485987992805242,0.005387619370733599
0.9157448589786327,0.06517747637078171,0.005981942648943798,0.010162124416957253,0.0029335975846845716
0.9509944997828965,0.027922066936972453,0.00887343941839206,0.009729560240932977,0.0024804336208059385
0.7282931911299492,0.15989253688270005,0.07937988289257428,0.026943283685582648,0.005491105409193888
0.772679866423106,0.1208927566377867,0.05502462465442931,0.04518350922257445,0.006219243062103533
0.8927642986508311,0.05983443045727599,0.029845464232856615,0.013555846681235807,0.0039999599778004925
0.8879713012287797,0.09013615579906042,0.010351992082297614,0.008995974713504523,0.0025445761763576605
0.9657122669736256,0.017498017686095574,0.009275410217771344,0.006016413317382571,0.001497891805125281
0.8842944421310834,0.07870141075794497,0.017768558637824162,0.015752554816296702,0.0034830336568507005
0.8720856869836073,0.08276462953693235,0.02618069083726533,0.014528870870563128,0.0044401217716318496
0.9547649467346147,0.02659193367049637,0.00960777705279043,0.006962894793181749,0.002072447748916814
0.9389027449533822,0.039175931781874826,0.01056996072943986,0.008615158653451648,0.0027362038818515913
0.8976394519082389,0.06827089512635409,0.017306566975185057,0.01363573676493569,0.003147349225286408
0.8982781932520574,0.06950811894164692,0.01656321190789084,0.012682472704544626,0.00296800319386024
0.8426838452949402,0.10845340431236496,0.02518854933045887,0.017758568985928654,0.005915632076307229
0.9526325062109887,0.03064631244255601,0.007152186428595518,0.007935667695919815,0.0016333272219398662
0.8612363664041437,0.07713375866449829,0.03516118837171473,0.021005774364209872,0.0054629121954335
0.8214166155695614,0.14117003351124405,0.020882659123417267,0.01374448075780342,0.002786211037974087
0.9022679640128114,0.0686849070274043,0.016038391962872572,0.010694650011707316,0.002314086985204386
0.9121496931967652,0.04783646286115024,0.022567632988371514,0.013927487532170161,0.003518723421542785
0.9139863322409709,0.06274141322071973,0.012816682706287934,0.00839941024587558,0.002056161586146222
0.7376542159874986,0.2040818059234275,0.032163346185891784,0.021123315884300657,0.00497731601888148
0.9176649956311068,0.05556586263986716,0.013989739518286082,0.009576506686332817,0.0032028955244071157
0.9338061550753204,0.05014760053546247,0.006694426802783992,0.007836615937667164,0.0015152016487659037
0.7592626460240862,0.13548498554321586,0.042531777240967274,0.05117336942015226,0.011547221771578412
0.8293582397645061,0.11641395423181745,0.02810355306924789,0.020070515742937767,0.006053737191490757
0.8180041189579078,0.14789748380953374,0.01889810205865589,0.01148442920243819,0.0037158659714641566
0.6695423370122467,0.17640620569832238,0.06413298149587841,0.07488063610751938,0.015037839686033049
0.6264730199515841,0.20072546684321016,0.08705723982762155,0.0704741608427411,0.015270112534843096
0.9133102796103223,0.054466818124198325,0.020321158065473938,0.009424851899953422,0.0024768923000520783
0.9389946991333885,0.05141622447162651,0.006047482911946447,0.0030185043851668094,0.0005230890978718402
0.945583023743018,0.03627935927715821,0.01043534644498589,0.006130086994400007,0.0015721835404378481
0.9616945160752415,0.019432858359764504,0.011230570923660728,0.00589933497572389,0.0017427196656091889
0.8837366980794606,0.07267734456459228,0.025496121439282933,0.013769442762492609,0.0043203931541714305
0.9130140666803567,0.056751717802529,0.016052165430422403,0.011581311109296473,0.0026007389773953418
0.9298299466644495,0.05281377464654863,0.00844672179513584,0.006836925764463856,0.0020726311294023735
0.9761436371614132,0.015300558986529003,0.003820549801541405,0.0038928475254738893,0.0008424065250423492
0.9293866192576467,0.046971069540563154,0.011981329687072339,0.009314469073961888,0.0023465124407559754
0.8981577112250783,0.049963651398492036,0.03121636857121926,0.015460202999798126,0.005202065805412508
0.9567393765087276,0.028242041813678162,0.00834985511697446,0.004970110305849673,0.0016986162547702004
0.9098194822950163,0.05364562813073917,0.023755842077192443,0.009551249726921078,0.0032277977701311886
0.8855785179054169,0.06789524525768233,0.025783767391085864,0.015664191726799878,0.005078277719014924
0.9261124288026025,0.03653152751143998,0.019677531162993443,0.013003075928156773,0.004675436594807448
0.957469386239626,0.026207762929586854,0.007871211939504484,0.0065625316504840684,0.0018891072407986125
0.9354437697566517,0.04150436518487348,0.016072974992280477,0.005348367729567616,0.001630522336626967
0.9126423308782932,0.06008033827254465,0.01191622185890027,0.012157085043173723,0.00320402394708828
0.8848241899692292,0.08056781352330611,0.018898188757192912,0.011514508280167394,0.0041952994701044246
0.9082328401368709,0.03426424448798613,0.03140093455697526,0.019894008886261135,0.006207971931906632
0.8387455200571878,0.09454244891362297,0.029692700995561063,0.027819747287621314,0.00919958274600687
0.8031887235317461,0.1420320076558338,0.02881925731704978,0.019914237625351692,0.006045773870018474
0.858128183774061,0.0868500245421288,0.02689860113850621,0.02141416150306523,0.006709029042238937
0.9156068757728729,0.058262034905142916,0.013944208539132304,0.009922099181897069,0.0022647816009547673
0.9373074690549795,0.03552643900763574,0.016910673526809115,0.00854397686834304,0.0017114415422327266
0.9583080379117966,0.019681889832156716,0.008587349781426477,0.011433396717137178,0.0019893257574829
0.8988573304967419,0.05928745706500499,0.02143458293217884,0.015379949311083272,0.00504068019499118
0.9587831439547488,0.02682274307830911,0.007358499012325642,0.005695311086426577,0.001340302868189622
0.8901290584311141,0.07432455723364119,0.018199005047361393,0.012978826729717148,0.004368552558166165
0.9249972347462673,0.04631260052902035,0.017395409245170607,0.00829459541757747,0.003000160061964579
0.9474708430195915,0.031060104868676,0.01157418485548681,0.00729832205353205,0.0025965452027135903
0.8898278909306587,0.0785967095409557,0.01501877708781696,0.012458589827996039,0.00409803261257257
0.9134068073809475,0.04881251658124841,0.017352390237098437,0.016238337780548007,0.004189948020157383
0.9499756687560338,0.03474218634124718,0.006459636208611034,0.006622882269543598,0.0021996264245644354
0.8259196890274674,0.10914438581380434,0.029445301625358983,0.028281707603230087,0.007208915930139174
0.9184221422695305,0.04935697280255837,0.017189812197997686,0.011309176552754542,0.003721896177159058
0.9338328867820958,0.033744125084690296,0.015551319962774503,0.013508129225261246,0.00336353894517823
0.9259065916376218,0.032982108862714875,0.022285088095768294,0.01567228059169783,0.0031539308121970294
0.8675848081744426,0.08638414907320807,0.02401812950567621,0.017744838163027018,0.004268075083646146
0.9388922435596251,0.03750749349018343,0.013143170970467716,0.008614837794343832,0.001842254185379853
0.7960455123278887,0.09101434769782955,0.06031926260660831,0.045670237616504454,0.006950639751169456
0.9266264030600048,0.04340635023548814,0.016481696896094786,0.011144259996364767,0.002341289812047684
0.9280341438852434,0.037955506641845056,0.020658715861940267,0.011816470603924437,0.001535163007046911
0.8456978729220251,0.10309392315468639,0.02140242475104627,0.023422315876121178,0.006383463296120849
0.5320729020289408,0.22646708596521953,0.05309623550859527,0.07122854910240384,0.11713522739484052
0.7723719006652784,0.15701740360867947,0.028405152354748574,0.02543693023821534,0.016768613133078245
0.8209866031035258,0.09994173573798314,0.014574227811653255,0.02470334347002018,0.03979408987681773
0.7638561131139652,0.12520810194682844,0.05479510954363723,0.02894949384712559,0.027191181548443643
0.6712515661765506,0.2616823378648284,0.03650915929868799,0.023077822442566558,0.007479114217366368
0.894932338698135,0.06136829823694506,0.023460069283708283,0.01614601377217147,0.004093280009039875
0.9598024475819154,0.027548531205839315,0.007571600484826982,0.003989797908878021,0.001087622818540669
0.8018623031111062,0.13568996715343848,0.035792755545088775,0.0205307702194181,0.0061242039709484405
0.8879896137726551,0.0629436582952409,0.03172236990083859,0.014773595993584694,0.002570762037680763
0.8686780871930181,0.09262232599257457,0.022573885506245547,0.013643035634949393,0.0024826656732126096
0.8935490828202257,0.06952518657941649,0.017946498173337034,0.015222136269319057,0.003757096157701855
0.8630784354501165,0.09610512389084952,0.02158869522147549,0.016416290739773878,0.0028114546977845694
0.8908414474687676,0.07264427543274248,0.01844299207052425,0.014824565313438388,0.0032467197145270702
0.9321366027002549,0.04530586800170502,0.013017876726985312,0.007170775428950551,0.0023688771421042894
0.9378716983069529,0.03893201481817782,0.011415908993003654,0.009605746673305137,0.0021746312085604556
0.8792567887338018,0.09232965924993651,0.012602215628369438,0.012054040577757679,0.003757295810134794
0.8687747043581788,0.09141898013351588,0.020072196080945657,0.01618877937857514,0.0035453400487844657
0.9579013920815259,0.022132812962525946,0.010014473613791949,0.007289798498644467,0.0026615228435116103
0.8873653822271554,0.07774430747676063,0.014908463079303751,0.01567160752778139,0.004310239688998697
0.9385336606706947,0.035032459652724515,0.01459513856981953,0.009730562521715842,0.00210817858504531
0.8604087843224136,0.10384751863999366,0.020492519400590846,0.012128329094886831,0.003122848542115017
0.8908495731996605,0.08207183864951496,0.01093745308086164,0.01316961559091313,0.002971519479049795
0.9629503694475999,0.02206791992376971,0.008504261676561205,0.005219518096660102,0.0012579308554089444
0.9613324067416084,0.02595059870219399,0.005629142150480856,0.005444540831460325,0.0016433115742567174
0.9613228561017627,0.024725337549133575,0.008183147325519856,0.004631493471040181,0.0011371655525433772
0.9006270215490277,0.05594898688448953,0.024100928043310627,0.013760929925809611,0.0055621335973630275
0.9087424673705407,0.051184439837007156,0.019667988896945682,0.016440589121819987,0.003964514773686582
0.9225421039327794,0.04604942420305334,0.014474362361673446,0.013193310547642742,0.0037407989548512467
0.8370386592465047,0.08525875141406292,0.03352812657390551,0.027355891403752237,0.016818571361774635
0.9274264961431493,0.046415535973536835,0.01314760731935286,0.009472467537575987,0.0035378930263851804
0.8712639265882813,0.08776008047920086,0.024009888193418216,0.012778903919682309,0.004187200819417258
0.7856557613428499,0.16430648432491213,0.022048669853805502,0.01982114366521051,0.008167940813222118
0.8770322653976131,0.05258057154517964,0.030972301302267257,0.024128493523092744,0.015286368231847085
0.9141731066645037,0.047829052721249876,0.019372558776352227,0.013003566060702776,0.00562171577719142
0.938082461627626,0.04451135653006297,0.007321274905998978,0.007699638252177911,0.0023852686841343063
0.8901837256882155,0.0666745457293374,0.023424858561933944,0.016014568467284124,0.003702301553229263
0.8722773788779966,0.08354423578611879,0.03125213751333814,0.010141217979357674,0.0027850298431888335
0.9133155036646786,0.05359798687901592,0.012196877547250514,0.017055061040961026,0.0038345708680937738
0.8938879930981845,0.054168330254408016,0.02374167169211455,0.01999992945541464,0.008202075499878262
0.8063558243992507,0.11654742389772259,0.021995399951334198,0.03449011880086927,0.020611232950823052
0.9125605013243449,0.04481305307387258,0.01441191403295736,0.015975136834293482,0.012239394734531643
0.8938913791788955,0.060647254595574546,0.016064183817790692,0.01617157782134913,0.013225604586389937
0.9369890742647327,0.03024851824666224,0.00558618927302994,0.012026474503209005,0.015149743712366137
0.9500297136898453,0.03728253936442597,0.004935065489954064,0.005633907130930099,0.002118774324844366
0.8883839570607078,0.0639524158394193,0.025900872721521827,0.015521313185005096,0.006241441193345855
0.8401800748238706,0.11245679128236774,0.020876916495680676,0.01835313864202456,0.00813307875605667
0.9222687599206056,0.04688489017356699,0.014842786790771778,0.012860563032685585,0.003143000082369897
0.8980360585476422,0.06306028841017329,0.012770861212216789,0.02047734835504094,0.0056554434749267425
0.9711779256180965,0.018662567373530625,0.005596032032431875,0.003392345731090059,0.001171129244851156
0.9296485489064716,0.044525723053938565,0.010927668404202284,0.011087683833343763,0.0038103758020436277
0.9298145722053786,0.043056634805936064,0.011400251042232006,0.011455577570066969,0.004272964376386313
0.925457475934087,0.03292476458297427,0.01750736891616033,0.019191317638473718,0.00491907292830474
0.9493154947735984,0.023430094817090463,0.01372515608391766,0.010052209863023628,0.0034770444623696685
0.944988441631192,0.03281890301552464,0.010095453074033967,0.008989135522540203,0.0031080667567088276
0.9215322830493671,0.05477826469987713,0.009218572139335033,0.010989102158098039,0.003481777953322743
0.9081976235357619,0.051540738299823675,0.018726399756880077,0.018073698409950583,0.0034615399975837626
0.9249988616559183,0.059327657665066945,0.0066750777384295,0.006926887346458124,0.0020715155941271237
0.9042969988106078,0.06462130963503912,0.01653605306517058,0.010622778597021595,0.003922859892161032
0.9036858357330866,0.061556150524627984,0.01721906572735515,0.013050522747184877,0.0044884252677452425
0.8406729760093486,0.10118430231470697,0.029057342938780525,0.022981645954740944,0.0061037327824226
0.9176361173962443,0.04309934133129608,0.022370923473522587,0.0131559908511664,0.0037376269477709958
0.9679929613101673,0.014836121395024526,0.006059030178322465,0.009335657856317946,0.0017762292601678077
0.9094857788151666,0.05496188526338441,0.01910080439103366,0.01301551268387718,0.0034360188465381394
0.9378124799780369,0.039664542566981154,0.011957327097649014,0.008620101646876436,0.001945548710456607
0.8640809626206757,0.07812106131678302,0.029278905033585656,0.024282324602118772,0.0042367464268372405
0.958596210434263,0.0235940103911848,0.008470201948110405,0.007113633662183616,0.002225943564258111
0.8830833507380266,0.07534342580017049,0.022861690489700718,0.015304725810786445,0.003406807161315649
0.933550888289532,0.0443011508064836,0.010050229321054047,0.009308257641971043,0.0027894739409591684
0.8167127064343832,0.09503554365861003,0.0456785392424565,0.03481423411555019,0.007758976549000181
0.9050587979014583,0.06243671100693555,0.017034548053970776,0.01146822721444091,0.0040017158231944175
0.8640960342897787,0.10755364528501161,0.010417094684682344,0.014204302571003134,0.0037289231695242188
0.9177112741103327,0.058327696628196916,0.009715877505243152,0.010889413167747605,0.003355738588479623
0.9558773000161847,0.021095220553281294,0.012529932270711355,0.008395296639851278,0.0021022505199711633
0.9483991822556683,0.03472828197788618,0.008632706224178527,0.005951546616306809,0.0022882829259600773
0.9547534503200465,0.02764913265056594,0.010801491780712812,0.005310038908847917,0.0014858863398266948
0.95265219966408,0.02002374130187035,0.016812286991830905,0.008710783012533023,0.0018009890296857367
0.9570909213336622,0.025707549302047078,0.008069410769777198,0.007091704465285642,0.0020404141292277808
0.8703170521011567,0.08780724823419625,0.02288443823070354,0.015682802726051527,0.003308458707891895
0.9294667168472499,0.04250066400890546,0.015770643308859904,0.010311089356308926,0.001950886478675805
0.9242339390942936,0.04383360306281029,0.017842777726695763,0.010745395977118204,0.0033442841390821654
0.9212533079543164,0.057878594660765566,0.009585186641742847,0.00847260432294532,0.0028103064202299037
0.8582937787221361,0.11319158324620872,0.014280592934851125,0.010311388687466033,0.003922656409337967
