Delta_Power,Theta_Power,Alpha_Power,Beta_Power,Gamma_Power
0.9109489691248782,0.05254577442028269,0.012341874079187269,0.015167088099434347,0.00899629427621743
0.8068667200052189,0.07639841117649984,0.044550525431891246,0.04547401801014854,0.02671032537624165
0.6846566961305126,0.10665949020454872,0.12315984821683051,0.05362720379004046,0.03189676165806744
0.7317055578964808,0.10758419409678703,0.07695870473717296,0.057552722427797104,0.026198820841761956
0.7229871405497476,0.1302350338734147,0.05575230172731312,0.05677411449247054,0.03425140935705423
0.9294248004376441,0.02266747298855669,0.026974475046289727,0.012929021682011335,0.008004229845498069
0.7725433275749574,0.07363937182728775,0.0864939166791542,0.04501166150226048,0.022311722416340184
0.7753990148862286,0.0940376128648417,0.06748707906184831,0.04104142453065675,0.022034868656424733
0.8237606904048848,0.06950759999722518,0.052505276880282725,0.03176643991636417,0.022459992801243087
0.8659980659603604,0.062092480361289774,0.018632889581372013,0.03409985849651871,0.019176705600459188
0.8511004825048255,0.08152055979167575,0.023143828151508946,0.029350008540500135,0.014885121011490011
0.8796431925516874,0.05462639859977297,0.036707837899281885,0.019371256406882847,0.009651314542374655
0.5840326115361922,0.1493040400804582,0.17814105081485285,0.05789221689473167,0.030630080673765155
0.7945684045365853,0.059587727429586346,0.09520793180684246,0.03297964326649646,0.01765629296048963
0.8657926826918583,0.03576275181738695,0.06831363927567354,0.018906229569409634,0.011224696645671543
0.876086624130398,0.047759096355732056,0.04782895599498179,0.018292249310390328,0.010033074208497852
0.9073411781799228,0.032314038695530886,0.020923414767378693,0.02214494017218158,0.017276428184985967
0.9157133192284137,0.031743519203500034,0.035398083814463896,0.012111656067437563,0.005033421686184983
0.6830478331877032,0.25343757453032556,0.046757263236685234,0.011884982872686517,0.004872346172599242
0.8084165654404467,0.08610323923859976,0.05934103380212413,0.030235930333483235,0.015903231185346135
0.8869029263789332,0.027065873288774456,0.05507760526649165,0.01992618475949647,0.011027410306304225
0.8297130686167197,0.05118251360009688,0.06951798739921358,0.03220563151636958,0.017380798867600505
0.7285088690021226,0.05699929903529348,0.1350035576104861,0.050264407783672395,0.02922386656842552
0.8848530769476164,0.04463546480030293,0.0450550264776247,0.01674445058995905,0.00871198118449695
0.9528691419461469,0.022275906497076732,0.009479041023975761,0.00997102670343765,0.005404883829363112
0.8509107550530496,0.08142657100249771,0.020934986638158938,0.030748777610341373,0.015978909695952326
0.8256967116495942,0.06006819606711187,0.05969187183519759,0.03904416377179656,0.01549905667629936
0.7892548075848925,0.05154324931307487,0.11952454294585248,0.026574171373741486,0.013103228782438452
0.8622644573867305,0.05069079474987307,0.06300262126470225,0.016596825708343324,0.007445300890350781
0.767397535986799,0.06380620791189574,0.11689283936949615,0.03365847759901475,0.018244939132794208
0.868949730511163,0.03637643585343754,0.06095502379660012,0.02147255183100897,0.012246258007790407
0.9173427544715528,0.019859547713912237,0.04349363803691151,0.013155251480268675,0.006148808297354729
0.8721466023498955,0.02276659716717908,0.0699007637210913,0.022110149888613588,0.013075886873220515
0.8506057436504477,0.04298443217041869,0.06758361025751342,0.024826788340105172,0.013999425581514773
0.8385365717514205,0.05090187246928271,0.07147561136885165,0.025325019074753558,0.013760925335691794
0.8055616008565766,0.049622135054462876,0.09943138069263979,0.029184678630944715,0.016200204765376033
0.8171918712021394,0.06183090107992318,0.07843453031876463,0.02736276945984719,0.015179927939325604
0.9321244375411352,0.02484151114866798,0.02099206877933924,0.014169855362249687,0.007872127168608111
0.9336106917292342,0.01852565374951296,0.022797574949196032,0.015420397196736732,0.009645682375320055
0.8633037519169564,0.05038712811363813,0.05066771918684721,0.0233827873184979,0.012258613464060396
0.8863790047158662,0.06677140719381625,0.01228589720255243,0.023581037541873365,0.010982653345892063
0.9117635504641775,0.03087641446217869,0.03501346627582718,0.014730348099228817,0.007616220698587708
0.9014705852254385,0.021231935490031606,0.05690116340796649,0.013691713490805073,0.006704602385758313
0.8316414526158724,0.03649748858577941,0.08495352046695706,0.031321391389192196,0.015586146942198946
0.7254879831248202,0.09475274688740143,0.12258233186817576,0.03645006793397008,0.020726870185632493
0.6873350807643137,0.08282145203864945,0.14819268766140217,0.05382778366785732,0.027822995867777096
0.713175760147023,0.08958850857783733,0.13617343795654271,0.03976303134713754,0.02129926197145949
0.7000556704074918,0.10588083320148499,0.11614997831348121,0.05257544048999816,0.025338077587543695
0.6985795695536028,0.12418459263828702,0.11491637313440912,0.03968822291818415,0.022631241755516833
0.8722975691299835,0.031966149581340766,0.05554807671108778,0.02639773518808378,0.013790469389504175
0.834099631453975,0.052433625247607064,0.07994996767020432,0.02186813778598438,0.011648637842229248
0.8872171903737632,0.02925713789509755,0.054388149815792375,0.01897276006559001,0.01016476184975675
0.819349645339071,0.07051174054122698,0.06772388308275289,0.029135194670459923,0.01327953636648922
0.9088208847780188,0.02472393249424965,0.04059287265582232,0.01635581254816026,0.009506497523748707
0.8037691647411839,0.06216366792400118,0.07757016520926534,0.03893480609816738,0.017562196027382362
0.88725384780126,0.0597116618128707,0.030341892335885846,0.01450757942004838,0.00818501862993498
0.837167419737319,0.06694167902022846,0.049942758281440264,0.030728774864320615,0.015219368096691737
0.7716320267320022,0.07766911367549253,0.08528127123045429,0.04594615697856962,0.019471431383481265
0.7297314868630136,0.1672256112982625,0.05682799620594805,0.03017168212384408,0.01604322350893188
0.857444719636633,0.054640870157047876,0.028518296933834834,0.03617440931714904,0.023221703955335155
0.7770240159415256,0.06064827819674191,0.08628801947654852,0.051949404214280216,0.024090282170903896
0.8564258494858774,0.05532661656074832,0.03534454821249102,0.03227578445341874,0.020627201287464442
0.8656233656223967,0.04045368257296747,0.05373642120190496,0.028133805340203925,0.01205272526252691
0.7536021633240066,0.07405869948680453,0.11217541394015366,0.037973265953125716,0.022190457295909367
0.8429956680315432,0.06529262294053445,0.05499023938502488,0.02488991479187603,0.011831554851021674
0.8163024887651228,0.046450872695523775,0.0887938893660617,0.031163035770180265,0.017289713403111338
0.7332851315994172,0.08832973886103376,0.12001472753561189,0.03903136866230898,0.019339033341628002
0.7803916104872384,0.05435338296365214,0.10086238126470709,0.03876543645411565,0.025627188830286834
0.7368358482236381,0.09262179624115728,0.10929587872190302,0.03770408979404984,0.02354238701925171
0.7489750410320418,0.11969064590530251,0.07392844638931954,0.036615372754702356,0.020790493918633603
0.6612639101779223,0.14929683684696898,0.11840036788930708,0.045921522993478694,0.02511736209232298
0.8843834549255516,0.033761520924946144,0.05255061205616826,0.020823251071911585,0.008481161021422328
0.8229467825656921,0.05056420696657196,0.07366553237510289,0.034078124226427,0.018745353866205964
0.766022277573869,0.05345365727273881,0.11427384226338999,0.039293141869091004,0.0269570810209111
0.9238029468714402,0.01761835364125321,0.03647863706516896,0.01357935260632481,0.008520709815812934
0.6809052077693682,0.1148864414667583,0.11871216924518865,0.048307840161533964,0.037188341357150885
0.6268509263553828,0.11277244413951086,0.16254824538656004,0.06031853156261773,0.037509852555928605
0.883630070204115,0.03693175298673211,0.05021709538997344,0.01948102785541257,0.009740053563767039
0.6862856362306028,0.13378341967752677,0.11110155604334442,0.04082036892169407,0.02800901912683194
0.8529038037472731,0.0564396955639352,0.05386286782359543,0.023569832263011844,0.013223800602184348
0.8982796793552263,0.029348960551198927,0.04264023785383906,0.019018762274145062,0.01071235996559067
0.8365170371862638,0.05597394778327232,0.059727717132819574,0.030296848377348723,0.017484449520295573
0.8610422950593529,0.05734957839077375,0.03662140299196741,0.029193873955351196,0.015792849602554778
0.8555947952970794,0.05828025351341383,0.04554914355229856,0.02858227333275766,0.011993534304450573
0.862679107230413,0.06123568040076277,0.02795108359763544,0.02947079019338812,0.01866333857780095
0.8805914170642648,0.037700578961500426,0.039636882557647156,0.030295840352625933,0.01177528106396186
0.6767212330438749,0.07666201797476756,0.1688889621035334,0.05169908453274604,0.02602870234507819
0.8063095176108876,0.061871861961652105,0.0900650611547129,0.02685138588822185,0.014902173384525425
0.8204314307439821,0.05884361522438899,0.08003622455733465,0.025280318536153,0.015408410938141093
0.8504931240796122,0.06783998661484723,0.053464508491242436,0.0187435688387594,0.009458811975538477
0.8212416203178776,0.05942666961783058,0.07362694626512599,0.02756121856800906,0.01814354523115689
0.9216292126712257,0.04200420634794692,0.013194926610053994,0.01564482018991368,0.007526834180859567
0.8605481167413247,0.06680281439718945,0.029656419925293668,0.03192723823447544,0.011065410701716976
0.8089032151555957,0.11943307034191594,0.0324221482009372,0.02592437178373494,0.013317194517816489
0.8745769997427784,0.06919381415119027,0.026184642947421156,0.019308503534582067,0.01073603962402844
0.9039064808748506,0.04795618479421476,0.02168759060785235,0.018262394378440783,0.008187349344641662
0.7472374037811651,0.17516191302725656,0.043608083311928655,0.023086731444802736,0.01090586843484711
0.9412861294506919,0.02028841336399368,0.019192335450118267,0.0127990535120196,0.0064340682231764975
0.7756650278808515,0.11012958296742213,0.055985897441604066,0.04015720557179832,0.0180622861383243
0.9330207134113764,0.029696923678964995,0.02205012453345786,0.008532961764405097,0.0066992766117956425
0.9301586916234177,0.03580143210918675,0.013073546713621343,0.014971438764131316,0.005994890789642842
0.8995084445803719,0.04148092814614086,0.03182190904370128,0.01989273975289594,0.007295978476890166
0.952973182461958,0.022890714415410428,0.011720028582709534,0.009435454676870087,0.002980619863052253
0.9606862549509099,0.02004581539708301,0.010763825044282603,0.006218870974191345,0.0022852336335331515
0.4983108766297192,0.18007766638172143,0.23760994864036486,0.060008628473584145,0.023992879874610445
0.918136583695216,0.023191875734979616,0.04441902682858736,0.011084953384375923,0.003167560356841006
0.9138967864899102,0.01806394376333881,0.05151536307719392,0.012887873676022456,0.003636032993534564
0.8703578146527381,0.054746673780460296,0.04754524489453599,0.02186226160579433,0.0054880050664710646
0.8488229606454163,0.05766143408123432,0.07045988765448302,0.016518929547340536,0.006536788071525945
0.967139239629839,0.008715011702771216,0.018235467467071234,0.004433766908231106,0.0014765142920874995
0.8549019670782034,0.03352154251371826,0.08940458173167719,0.015300145463283968,0.006871763213117277
0.8729432536809187,0.0549535576094834,0.052588774150409426,0.013652619724871131,0.005861794834317207
0.7771289630174731,0.0733567961174325,0.10971942202961561,0.031142891227793398,0.008651927607685343
0.8535467414143373,0.04322830135068103,0.08189310949842064,0.015711695312346504,0.005620152424214421
0.8874751371183506,0.04758381832139562,0.046850440186176734,0.01300746581730528,0.005083138556771687
0.7872118154278589,0.07247100732142892,0.09444402352453485,0.03419394134165503,0.011679212384522299
0.7535311470938797,0.06426053296006236,0.12583983052393594,0.046020063672610204,0.010348425749511876
0.8279091248728108,0.06673737838353119,0.07126652898661996,0.024443436793960053,0.0096435309630781
0.786274040220401,0.08983901350560299,0.09029134257891804,0.025156566879438454,0.00843903681563952
0.7746249597429669,0.07583977302209274,0.10717786299835243,0.03298464393208986,0.009372760304498174
0.8002388553083908,0.09288011993214783,0.07934522353040813,0.018692913533115006,0.008842887695938145
0.7233078490393696,0.16207932577431672,0.08456707912206678,0.02236732116631589,0.00767842489793088
0.8525709050046724,0.06118078320281422,0.061069872928209354,0.018738449745531172,0.006439989118772921
0.9117517130878361,0.03873619447852668,0.03203327507563854,0.013746792779049192,0.003732024578949558
0.84456037489574,0.06155089569336719,0.0617205538015992,0.025009476772537925,0.007158698836755582
0.8722059826815138,0.04069440856714876,0.05500536286511989,0.025679701762268498,0.006414544123949029
0.738477891453192,0.12414072129539946,0.0849698748034746,0.03904535040473731,0.013366162043196551
0.897632947908837,0.053442932723543224,0.028069267546220668,0.015327786241133092,0.005527065580266334
0.9494381387648301,0.016067760627226285,0.02485339085419217,0.007640874949744838,0.0019998348040065747
0.8436482001452998,0.07358464736771199,0.05462380444639654,0.02049094886994936,0.007652399170642354
0.8836744888202241,0.029512280810282773,0.06267678791295637,0.01766942045986383,0.006467021996673164
0.8682255008387174,0.05126434746286598,0.06011087040500005,0.015358437049922057,0.005040844243494633
0.8147392735576844,0.06930833434594115,0.07182148743379202,0.022594470021510625,0.021536434641071727
0.7771551917388524,0.05394919628843859,0.10120676122756209,0.03684589088358454,0.03084295986156259
0.7995196915113701,0.08342474382737038,0.08634687006538412,0.02140669433222562,0.00930200026364986
0.8813757381233982,0.030563038303221567,0.06000043618365995,0.018440997646612972,0.009619789743107433
0.797958090961295,0.06740218722617883,0.09892188241965985,0.02821938392486902,0.0074984554679973425
0.8885982441867384,0.04524509373040693,0.04424702450778966,0.014704101883987578,0.007205535691077743
0.7747623196989041,0.08015419526317168,0.0977445275396564,0.03224750618566966,0.015091451312598281
0.855123068310269,0.0272879941482114,0.06022627711313387,0.029534759382773557,0.02782790104561216
0.6317754177130149,0.11279704084576049,0.18102343897182113,0.0489129397433465,0.025491162726057
0.905917469753611,0.03445514937038123,0.03653215672014643,0.014246718687473188,0.008848505468388085
0.7733455015594938,0.13017055230389007,0.052455072491306765,0.029164836001526993,0.014864037643782397
0.8947284394240316,0.043481388655648635,0.040661359573393965,0.01430961982020232,0.0068191925267235215
0.7963600400626715,0.05525525870308906,0.10577391164300479,0.03193172635149855,0.010679063239736277
0.845328657442025,0.08427445130866093,0.03624524979972377,0.02046621348043186,0.013685427969158469
0.9531838424905175,0.013123707612646016,0.022584822967340035,0.007383312213002445,0.003724314716494041
0.8154688284768737,0.044398474436172515,0.0781430448058355,0.036149871320539435,0.025839780960578863
0.8154410908738494,0.08322246982558681,0.052829044906989156,0.026616475923818567,0.021890918469756205
0.8952800728647164,0.02968411718164971,0.059466330404330255,0.011100485983303833,0.0044689935659997125
0.8649840657964641,0.03496440146255949,0.07705530306051168,0.015812518842830314,0.0071837108376343415
0.8853989973839956,0.044373542194980076,0.049461457089817654,0.015882717587835164,0.0048832857433716795
0.8154460689543263,0.04360453245524632,0.11132849094124617,0.022754675855646257,0.0068662317935350185
0.733402916522968,0.09007871679503854,0.1365846797466976,0.030641085436636024,0.009292601498659977
0.80349576197791,0.05166556505120274,0.10455135847071802,0.029729475510593233,0.010557838989576294
0.7932730309341383,0.06901732521253562,0.09176523686317904,0.035092038598655236,0.010852368391491946
0.7892096017732415,0.047082301009191696,0.12401996594273695,0.02406974566492402,0.015618385609905954
0.7481990741967882,0.11160126982177408,0.10861319878840364,0.0231722034553946,0.008414253737639482
0.8701867250911735,0.056697913804422025,0.0527869973609481,0.015073727206371106,0.005254636537085495
0.889470393009568,0.0401560383024175,0.053298342196787134,0.01368449569670039,0.0033907307945267467
0.8131835769477299,0.053591456355473875,0.10636365210440943,0.022556484102450338,0.004304830489936439
0.9351487023139948,0.028224948835790003,0.02774987825453678,0.007439282620375755,0.0014371879753025713
0.8465690590566508,0.05411570339646521,0.07840551028012027,0.017886708651076576,0.003023018615687075
0.8353376674357641,0.06050227744227473,0.08436018754264235,0.015720013811224166,0.004079853768094443
0.7331680694574386,0.14874521798429632,0.09613951116500956,0.01713156660067945,0.004815634792576207
0.8576955399666634,0.043831327369571446,0.08186264754025079,0.012834427350759792,0.003776057772754493
0.8041026294594509,0.05255057602283646,0.10931949203117088,0.028359493267962353,0.005667809218579513
0.836784704064792,0.04788263999236105,0.07432428497937386,0.029751264579335204,0.011257106384138104
0.763432161916153,0.10709038149190932,0.10247532110183818,0.020355769250399208,0.006646366239700488
0.7039752239524177,0.09318319553097916,0.16766339439864061,0.028564563597544137,0.006613622520418313
0.8472132109984325,0.059137822294211544,0.0532871511580379,0.031755945333740355,0.008605870215577651
0.7989700538020025,0.10459091756746468,0.06700794768144344,0.020376196864808724,0.009054884084280828
0.8810049282056976,0.06041951421460015,0.0413114762089565,0.013628091015547726,0.0036359903551977943
0.9301317485857359,0.031653309231257885,0.027196166682204228,0.008418297100299262,0.0026004784005028525
0.9216260728844448,0.0337375185173944,0.03447803517312327,0.008093489938532877,0.0020648834865046855
0.7663729881943058,0.09097719787877259,0.10389631598018173,0.03265963763040911,0.006093860316330859
0.8766456793977019,0.026563184647008877,0.07209729720690328,0.02006156945024829,0.004632269298137754
0.8916011366419442,0.02885837669534281,0.06353470291301923,0.012448233526731814,0.003557550222962107
0.941718979676618,0.02015838431174965,0.026750843433032915,0.008919605684278626,0.002452186894320893
0.8474095102166007,0.03517013238597721,0.09095205058368153,0.022409331722396897,0.004058975091343515
0.8319698725671547,0.03684425790447964,0.09944177792672522,0.025692491550193423,0.006051600051447029
0.788929952887295,0.09962914761933142,0.08245168327293058,0.023782734160587463,0.00520648205985557
0.8243633062204778,0.08215015629549977,0.07371499911229774,0.01572744621320706,0.0040440921585175775
0.7533307792564596,0.06798079669638128,0.14073639245598119,0.03128660230074272,0.006665429290435117
0.7486954681807443,0.05079154913586563,0.09219498024163018,0.04843976044290619,0.05987824199885386
0.8574003341661276,0.07266508560189958,0.049352326076812475,0.016099696347501736,0.004482557807658796
0.8610744381444998,0.06905706024917882,0.049064454594175654,0.01689253248502473,0.003911514527120817
0.9245320515099473,0.03517403430868436,0.030040456441301055,0.008320897977841777,0.001932559762225597
0.7976836742270965,0.06771048923737373,0.09771033560427039,0.02944249122266759,0.00745300970859169
0.8819596089578526,0.06105462653958049,0.03826272855838192,0.015080958798980967,0.003642077145203978
0.9273900587534627,0.02208874926821966,0.03955946148246889,0.008243516614556506,0.0027182138812921887
0.6797991005900864,0.13433461900589186,0.1504250728474939,0.028091206142026683,0.007350001414501389
0.7994378606311904,0.10542008708693397,0.07154521020060964,0.019284328543857344,0.004312513537408572
0.8707408384828338,0.05000906756368919,0.05875707533287365,0.016375976037594362,0.004117042583009181
0.9524530677585064,0.015678603478301835,0.023882175965372655,0.00617909932026998,0.0018070534775492411
0.9393029341969992,0.02075992809417888,0.030171532339268656,0.007821659079016068,0.0019439462905371826
0.7037607462048834,0.06926744945268812,0.08957540381854498,0.060519650080404615,0.07687675044347875
0.6945575248468626,0.06473195324009857,0.09774640622504475,0.08037150820121748,0.06259260748677624
0.5797458961336309,0.019352218485911954,0.03889855196735386,0.15111028917348465,0.21089304423961858
0.7693495877170119,0.07000624755808313,0.03367226143178161,0.05500725986666314,0.07196464342646025
0.8731486526920017,0.043276363892792394,0.06377883682340009,0.015991864526075247,0.003804282065730544
0.904493220709541,0.02782911552838258,0.05033379386579532,0.013921539025353898,0.0034223308709272694
0.8520601538967905,0.0983574957918242,0.035116311248590666,0.011966609799909609,0.0024994292628851803
0.8221299726207664,0.06962493544934112,0.08414913589285346,0.018198157176198965,0.005897798860839988
0.7979127091203504,0.08362446359599096,0.09864910982570749,0.01588416658575348,0.0039295508721975386
0.8962409559607843,0.038381625229474844,0.04880593160762496,0.01326432381069087,0.003307163391424984
0.7510430854269458,0.14001229743600885,0.08070292872227004,0.02263471980572121,0.005606968609054215
0.8577612264531937,0.06128876464135326,0.05615419937410791,0.01788478850159486,0.006911021029750186
0.8965543881632131,0.055702584821019724,0.03326737647978648,0.01155041361437482,0.0029252369216058167
0.7922760818040903,0.09161426629072489,0.08327805623351567,0.026038760589233646,0.006792835082435516
0.878968142416215,0.04938484694771179,0.049858064609671696,0.01874651009056412,0.003042435935837252
0.9321429726081899,0.019318782658450946,0.039794179206777094,0.006716125405643555,0.0020279401209388134
0.8210837311138466,0.0523949907904777,0.09843789322502948,0.022388808102032316,0.005694576768613949
0.8852789662818086,0.05253656153662277,0.049083099674468014,0.010337831505001236,0.002763541002099355
0.8924960532349492,0.0427183148602568,0.04910992768463961,0.01299562360595696,0.00268008061419751
0.8339191564446132,0.056023121616046785,0.08479906196637314,0.020897971107352593,0.004360688865614406
0.9342990753631261,0.02507455320922902,0.031934670016107135,0.00710693093225667,0.0015847704792813068
0.7676784778685835,0.06973494994473287,0.1177167299973221,0.03658144020532377,0.00828840198403789
0.8341358457645062,0.08174476328413055,0.05650736067046921,0.021049912354510196,0.006562117926384092
0.9174980487299556,0.03209985226830938,0.03429714091543621,0.013179547834044153,0.002925410252254829
0.9255037450796132,0.032050551783859994,0.027355318019270086,0.012037221664909434,0.003053163452347149
0.9073366133223276,0.04326020536284697,0.027255316739402537,0.018924221199704196,0.0032236433757186385
0.6789770921287989,0.09713005423230256,0.1738793382675871,0.04228281530316956,0.007730700068141881
0.8143535809679161,0.11438963745834131,0.04729223439046541,0.02063161200028865,0.003332935182988658
0.8750537790537564,0.05805142071905655,0.04475430354167708,0.017422206141426515,0.0047182905440834085
0.8367539639375122,0.07000669968789248,0.06473037583244404,0.0236057644580361,0.004903196084115192
0.9016421948211853,0.035828477619944996,0.04672648947050198,0.01295588730024125,0.00284695078812631
0.792605869365015,0.07416467366731551,0.09946405453577163,0.02786953923944114,0.005895863192456765
0.7505084104006485,0.10698483452779178,0.10800686480710825,0.02910809075191359,0.0053917995125379965
0.8475188509087178,0.06268202400658189,0.057417910422108163,0.026499226474765217,0.005881988187827098
0.8486862033679385,0.04249457399010597,0.0795393051721456,0.023452803889024466,0.005827113580785563
0.86264179580687,0.06566301472946541,0.047819815178065266,0.019780132784545938,0.004095241501053639
0.8425542531130952,0.06851078533668442,0.06469492299051466,0.019966714514108686,0.0042733240455970585
0.8017487645501833,0.07958715174374043,0.08740643652325672,0.024156956187573356,0.0071006909952462775
0.7403835046328635,0.11452800714992999,0.10388958187323967,0.03246299154396434,0.0087359148000026
0.7813372951029358,0.0755175274964077,0.1026499396094523,0.025471932903718502,0.015023304887485841
0.8424448183283196,0.03867335911220921,0.08744237988289472,0.023661551810274257,0.007777890866301907
0.6543190442592173,0.07865440477894971,0.024857539205021272,0.09938852779868658,0.14278048395812531
0.7360338552507152,0.06455213932045871,0.024044698560673518,0.08996349753337735,0.08540580933477528
0.9324898776964323,0.01519156993858881,0.03860376735692037,0.011986418928451993,0.0017283660796066748
0.883080417245445,0.04024878786491151,0.06034038146780863,0.013599213515107402,0.0027311999067276375
0.859632023138661,0.045192416896288265,0.0700691192851401,0.019859309870057674,0.005247130809853044
0.8628868665996818,0.04864284781742356,0.06718010177776411,0.0161304668167181,0.005159716988412293
0.8515097307629549,0.0651288205575727,0.06426834415821285,0.01499011218148957,0.0041029923397701016
0.8410386808356051,0.05522974942111356,0.07321188731425549,0.02419867719747116,0.006321005231554598
0.8666858229560689,0.06064403008634031,0.04833715197256783,0.018708626684418965,0.005624368300603867
0.9046238198242023,0.024001015888469545,0.05234472877627094,0.014801977918942402,0.004228457592115012
0.757489839893565,0.09413620278392998,0.11983975726657115,0.022134426321135846,0.006399773734798156
0.9026918036846877,0.026128512663876086,0.05027693875190492,0.015721857540601913,0.005180887358929589
0.9000137307715365,0.04167598908246372,0.04566177251912964,0.008767035896795861,0.0038814717300744562
0.8514406566291713,0.05571838072106576,0.06338714730900603,0.02313220574733905,0.006321609593417771
0.9383341619493282,0.017571637788545667,0.027030772147489026,0.010850290888330042,0.006213137226306997
0.7691148571501795,0.03871537564148371,0.025377719386790298,0.06337607491356792,0.10341597290797865
0.5133484027270401,0.03257055946927257,0.03358273411748312,0.18679603599882463,0.23370226768737962
0.8856214245358475,0.03117281380239326,0.043782263213445645,0.02396088470587778,0.015462613742435872
0.8935934350888344,0.034862849656288136,0.043156107911890014,0.01912112538264061,0.009266481960347054
0.6913071153157834,0.12673064960674477,0.1089061917461658,0.04137938778361343,0.03167665554769268
0.8779616756365105,0.03625670074053018,0.052906199796144006,0.01953624483189747,0.013339178994917723
0.8707587109504679,0.03486261254711956,0.048698584148630854,0.024715055921013758,0.020965036432768158
0.8035173390999405,0.07381094774524521,0.06862739880366776,0.030019237459390002,0.024025076891756366
0.8588259928371821,0.03319364558605508,0.06828419417587671,0.024084439644101643,0.015611727756784318
0.8906630301761241,0.04162822567644885,0.040524813674636964,0.0177611709316817,0.009422759541108331
0.9300125906783662,0.038850002383622385,0.0157578154286371,0.010753523140301622,0.004626068369072661
0.8720576418253029,0.05717114765659507,0.0529945323167894,0.01422620610854249,0.003550472092770266
0.8701005712806499,0.030900475537595354,0.07235988517947083,0.019743378842480393,0.006895689159803642
0.8651676748810081,0.04414299752178355,0.062096074455964455,0.022425631202345253,0.006167621938898564
0.8072657624637996,0.09250943952860208,0.06314152322746829,0.028533848589089267,0.008549426191040904
0.9282559510009646,0.030213850137136355,0.027656849168810678,0.010639579701257122,0.003233769991831423
0.8384981768160604,0.06340405820009241,0.06776008322532558,0.023392314681274035,0.006945367077247606
0.8235729181072118,0.07512709253370528,0.05859318910017235,0.0276224338408823,0.015084366418028261
0.8457560317885131,0.05481330056710662,0.041853847040580344,0.026485142187600102,0.03109167841620005
0.7496370882244776,0.04844877363560467,0.08254213661198888,0.058797026361306445,0.0605749751666224
0.8208628573980066,0.04797687271456011,0.06558717194839668,0.03288966452217123,0.03268343341686539
0.8526190678496331,0.06342227343950659,0.04119025548613327,0.021623842665366287,0.021144560559360783
0.8399595026251822,0.04540905500555865,0.08000975110944704,0.02205538156654325,0.01256630969326901
0.759561714579691,0.0822461528804036,0.1154224574411549,0.0293170332709966,0.013452641827754196
0.8739586524533505,0.037050467754042596,0.05847318059458191,0.01922238908495276,0.011295310113072131
0.815758181340978,0.04385613955931077,0.10106749439872724,0.026579317164208083,0.01273886753677617
0.6074048036819497,0.10840512068659301,0.20166632772829055,0.04866115304628036,0.033862594856886266
0.748961605612992,0.09957634245510369,0.09719791116065574,0.03667032443138306,0.017593816339865623
0.7446403045037772,0.0786068040234511,0.11984227093977413,0.03451808607102451,0.022392534461973267
0.8663315202508673,0.05192094482585466,0.053377702602736325,0.017346641750290336,0.011023190570251263
0.8463545345160596,0.07186757899274628,0.053406735415266575,0.016409073795757144,0.011962077280170416
0.8392476055499385,0.09555873504920127,0.01552098736174582,0.03361301182340988,0.01605966021570436
0.9118922242007776,0.031202742456952367,0.02530931383018736,0.01930252490715896,0.01229319460492339
0.7743276156653656,0.03602296177870811,0.07421013733454888,0.057541799930485915,0.05789748529089155
0.41215670979014735,0.028586728656214377,0.029845685746348126,0.23262335662945924,0.2967875191778311
0.29852979536256635,0.01569284635417218,0.0319069453589869,0.277496871389382,0.3763735415348925
0.5057990251142831,0.05247561846414018,0.027054041924702763,0.13252941587902964,0.2821418986178444
0.7003073086125857,0.17159492640295881,0.06942065408334767,0.050886009983181525,0.007791100917926485
0.8714913741089861,0.08355809120103128,0.026168967314507657,0.013558594637918435,0.005222972737556523
0.888802648566639,0.028536958876233903,0.05335565934453519,0.020456429505395193,0.008848303707196671
0.8791810299321282,0.044409671169507225,0.052498537574933786,0.015766342991361933,0.008144418332069029
0.8812620749059109,0.05620411580137912,0.03941871933342525,0.015169146277698073,0.007945943681586621
0.8307461900234614,0.054285409583531,0.06666386762253378,0.025413701660159986,0.022890831110313814
0.8454864540360355,0.041519835993171564,0.06224827550167875,0.03109091310033551,0.019654521368778516
0.82014505075017,0.055723467155880634,0.06598541232072687,0.026111168581388906,0.03203490119183366
0.8144718203495889,0.07910122031844062,0.06883534810349765,0.027803630665358025,0.009787980563114937
0.8323113182257885,0.06235754511006714,0.07503755158314061,0.021248066620209966,0.009045518460793916
0.7345888882018509,0.08064246575669233,0.13646131980256612,0.035702354797953306,0.012604971440937583
0.8346837063291718,0.04109583891614977,0.09130789511802298,0.023947676951249126,0.008964882685406359
0.8696814482408703,0.048607295891750044,0.0641992979650313,0.012217463460753591,0.005294494441594852
0.8741585167368492,0.047767191471557884,0.041509255252276805,0.018585421583256594,0.017979614956059552
0.8005516738021938,0.08141361479212,0.07541341985694928,0.02361601583263777,0.019005275716098884
0.8502067908906563,0.053286777124886595,0.05699238232910716,0.028421874572705935,0.011092175082643851
0.6520159486639737,0.12736126174952714,0.16505019996781112,0.0362216374018052,0.019350952216883016
0.8742906151465869,0.03890281538695013,0.06260492273186971,0.01643326354534943,0.007768383189243804
0.7398539417750997,0.10393655582118892,0.09708966606546972,0.038857959611951924,0.020261876726289773
0.7292561056041127,0.09451458289501377,0.12409151390647323,0.03763529308201037,0.01450250451238985
0.8644908228309894,0.05824840492041526,0.04019487185817164,0.02747285239451903,0.009593047995904696
0.8264762484478593,0.04898411952881141,0.05983035289575856,0.03323445513840982,0.03147482398916117
0.8769464755967294,0.04843826854669756,0.05029115223879747,0.01658147762390664,0.00774262599386902
0.9126909983089778,0.04023602748798416,0.026999174878824545,0.016214119511526567,0.0038596798126867187
0.9098153135812755,0.032153948300431286,0.03788666698014233,0.015415812683644817,0.004728258454505964
0.804149151298039,0.10448021832225814,0.06279688874613842,0.01946237274310226,0.009111368890462226
0.8563292822116501,0.0476751443141232,0.06202458402724999,0.024461417112608755,0.009509572334367918
0.8330034131931079,0.07116545120516013,0.06365323106744768,0.023201253813367066,0.008976650720917242
0.8543437683777371,0.07118854627546294,0.049237935761552755,0.017415466330352982,0.007814283254894121
0.8923824893257316,0.038713371213818154,0.04818160802567968,0.016033076654465666,0.004689454780304985
0.8894933939177769,0.03937880826055792,0.03546436543210969,0.02139662314009948,0.014266809249456046
0.7219202049109783,0.059706780617134456,0.09444285021728054,0.05515814282435916,0.06877202143024749
0.8870112983706826,0.062305836287634066,0.026643472597532962,0.017782347352290017,0.00625704539186061
0.7342582898533141,0.08537637168191331,0.11946001371174171,0.048410633855476407,0.012494690897554606
0.8317525089135338,0.06093671028057058,0.07927258346983465,0.01946121031237931,0.008576987023681641
0.8952695752291084,0.031038001614034808,0.05229912768441271,0.013411309308464204,0.00798198616398
0.9167445385534904,0.026032585341944255,0.03464298827883533,0.013877078853617907,0.008702808972112052
0.8507556996024339,0.056598893476647205,0.019325233979782305,0.041948146510091114,0.03137202643104544
0.9180268836480899,0.04853844583130485,0.013116011308997833,0.011511303050605262,0.008807356161002363
0.8769340264465414,0.04556272435105281,0.030987123200247192,0.027406330306371653,0.019109795695787312
0.8977940575503558,0.06822312805995889,0.014995088458260116,0.012750357194255366,0.0062373687371700785
0.8467691677676421,0.06442799127340285,0.055680137191301105,0.021953306690038102,0.011169397077615831
0.9487609225928921,0.021442663125802452,0.013825651451061481,0.011570455224873294,0.004400307605370566
0.8310829408294038,0.06391448833822914,0.07575383481739963,0.020080060907250542,0.0091686751077171
0.8090514516910655,0.0974673251720364,0.038102181491337456,0.02608045709497967,0.029298584550581104
0.7792534967729116,0.042905977149368564,0.040743140526974614,0.044252399955711154,0.09284498559503412
0.8478691812868469,0.09650467392980819,0.02157189462060511,0.02696595649207695,0.007088293670663189
0.9142112314462651,0.04671270578682603,0.021441317381769718,0.012667272556371073,0.00496747282876811
0.7951487828846086,0.05901160956911639,0.09627899906975972,0.03736363211223818,0.012196976364277379
0.9266819519550752,0.02851153171782747,0.02939046458803488,0.011681775062615975,0.003734276676446354
0.8584156400348986,0.06697086699841656,0.04761219528090297,0.019932914130973593,0.00706838355480842
0.7993330613690627,0.07695575133286665,0.09129249251458037,0.023677199013292845,0.00874149577019744
