Delta_Power,Theta_Power,Alpha_Power,Beta_Power,Gamma_Power
0.6744556579539485,0.07370186755910633,0.05936036651402552,0.05154975322554787,0.14093235474737187
0.924958076713173,0.024004289026675237,0.02811880869822725,0.012170285432009592,0.010748540129915237
0.9146222942053834,0.0461963619538986,0.026588877292020446,0.00675743270755128,0.005835033841146423
0.7817987203095927,0.11491236422830464,0.0688603816626055,0.015916154750435767,0.018512379049061403
0.8712380423142879,0.07067807703492388,0.034241950567335165,0.014850317123661813,0.00899161295979113
0.826949028081425,0.06303945882564219,0.0536811517774977,0.02579366363100603,0.030536697684429098
0.9085847938802324,0.02153944101510958,0.013037096093290443,0.014487469976531822,0.0423511990348358
0.811178078562591,0.06995861297657725,0.051067629798932396,0.026055978983037808,0.04173969967886169
0.7682498573306938,0.08639615483315138,0.0709010516848459,0.03297339631526495,0.04147953983604412
0.8952774627666651,0.03827774640319107,0.03536131039312981,0.01872194756043725,0.012361532876576695
0.8441615375087914,0.09724756666472081,0.03471818233683913,0.014018883633769266,0.009853829855879149
0.9059057968857662,0.041932010897409666,0.03588500710293333,0.009630724138876442,0.006646460975014364
0.8659972443753006,0.07834437061764013,0.037616997784101734,0.013091179446939437,0.004950207776018305
0.9080302055801842,0.0435476141748217,0.031570681586833245,0.012092509736226439,0.0047589889219344225
0.8388628864782534,0.08462543745790897,0.05161380242433071,0.0172388969589747,0.0076589766805323575
0.8714778940221601,0.060928334283858424,0.050647716340318026,0.011627610339073962,0.005318445014589164
0.8916384104391496,0.05536639546358542,0.03641285263070297,0.01172582131988156,0.004856520146680406
0.852256135955382,0.043580203314280516,0.07401202729556552,0.019295751114178812,0.010855882320593153
0.811063140556651,0.1064901940145604,0.05330776886624034,0.019275267319939123,0.009863629242609235
0.79773315643717,0.09219883250308306,0.06722345389745009,0.02364588770182603,0.019198669460470746
0.8769291094078494,0.06285094278586112,0.038276054745403645,0.014500404317214216,0.007443488743671892
0.8439887322093312,0.06949171837067578,0.05861709610109356,0.019032975261652277,0.00886947805724671
0.8843247284816363,0.06901285226638958,0.026795070579689807,0.01234652084837106,0.00752082782391341
0.8514837866145106,0.09291207612295918,0.03800969119174893,0.011273264678298776,0.006321181392482522
0.7149379193397667,0.15085536991176188,0.09334186882436862,0.02718433861096861,0.01368050331313401
0.7598227201611928,0.07712624289181703,0.052867737012125195,0.03840325286744591,0.07178004706741917
0.9012182125074404,0.040109871919212614,0.011999989864534669,0.013585802779762917,0.033086122929049305
0.8312557123254449,0.059795278810704094,0.02974059466214032,0.024922946399304684,0.05428546780240612
0.8640769849768781,0.04162178981328589,0.03826135382931213,0.019981921124584138,0.03605795025593952
0.8369744362508852,0.061686733545666464,0.05313185744592848,0.023644157074235967,0.02456281568328391
0.6404156686034023,0.17677362875696748,0.10113870514171701,0.03685429027825318,0.04481770721966012
0.9079155426032519,0.02722517913546275,0.031389795957313525,0.01687889011693816,0.016590592187033695
0.7502413933782791,0.1003576336332744,0.0814521426441226,0.03355489961053033,0.03439393073379347
0.7224653581407026,0.14931685942446601,0.06581853403520621,0.030206506766612528,0.032192741633012875
0.7289712645074595,0.11683433575680056,0.07902315754160118,0.032166204847739056,0.04300503734639969
0.9152570154968979,0.0434878401275687,0.023353871479772907,0.008267098454020785,0.00963417444173988
0.8665241128875392,0.0761446757988295,0.023371730083515913,0.015228255102271373,0.018731226127843996
0.9006260898750713,0.02416093971472137,0.04394314969667868,0.017255652008091888,0.014014168705436942
0.7513183095864794,0.06657876038717316,0.12366218822803139,0.031793614293523204,0.02664712750479302
0.26457568362501127,0.21288958209416708,0.3566091217760613,0.08588538502186743,0.08004022748289297
0.15352932659186466,0.15500944212332685,0.4679881862684115,0.10050696512890282,0.12296607988749401
0.21928136161502518,0.3061077836836884,0.3004398341233192,0.09569390652336895,0.07847711405459812
0.1818534799361951,0.2464015524927584,0.38570387349762664,0.07764664582519201,0.10839444824822785
0.19188975893485155,0.279188353243813,0.3191210608349126,0.10362914691536707,0.1061716800710556
0.23423772075819246,0.2642375312499278,0.2850015888885861,0.10972752509985223,0.10679563400344141
0.8177276972675073,0.05344320512067682,0.09198989628250112,0.022767233966371765,0.014071967362942825
0.7573152848189156,0.13903358247562245,0.05842468374981958,0.027288091714110497,0.017938357241531946
0.8628627735744554,0.06512595321602274,0.04658091702604805,0.015557224945643393,0.009873131237830436
0.7948309649262064,0.10795948386496126,0.06136028020920092,0.022544511755574502,0.013304759244056817
0.8045811315484901,0.10809401890702204,0.0575230304526737,0.015671061451962173,0.014130757639852116
0.8554537319577404,0.05569654291932651,0.019711730342754547,0.022104068089078107,0.047033926691100764
0.8723529488674691,0.04132392179483416,0.021495461998643745,0.022724053926483606,0.04210361341256943
0.7987056292658968,0.09746986743624021,0.04394845403819621,0.027162978860319115,0.032713070399347614
0.8986761306390056,0.04124089325680142,0.03302848640190422,0.015571597090308812,0.011482892611980058
0.8287845243167081,0.05926175129248128,0.06992571095803761,0.024732900946749195,0.017295112486023903
0.9127299386587304,0.035286101663481374,0.028641801051316588,0.013338085616211673,0.010004073010259965
0.8725811463442225,0.061515872023553096,0.04287989680380287,0.01483454458826948,0.008188540240151953
0.9224408070375765,0.04056662373217243,0.021743102936749546,0.009816690379475482,0.005432775914026227
0.9193362950907534,0.03968726734465932,0.025092568721446943,0.010239257777444716,0.005644611065695712
0.8923066001636717,0.05238023023577609,0.03443387557270314,0.014037325903724841,0.006841968124124171
0.8010853274963523,0.10977612862708007,0.06724603474603863,0.013559564386979863,0.008332944743549328
0.8602542042411879,0.06686254723320009,0.039754803337197823,0.021692406366327847,0.011436038822086403
0.9302628737775718,0.029688046613027538,0.025471213609439,0.010145519675392435,0.004432346324569397
0.8584894377388467,0.06907085693917636,0.04202996297354286,0.01911852295148293,0.011291219396951043
0.9348117177850288,0.030651487201925367,0.02239730392957495,0.007463686262599335,0.004675804820871689
0.8731386055750409,0.0734220292755705,0.032644983789960454,0.012972693439455202,0.007821687919972953
0.789565621002099,0.12260055060229753,0.057662509672061914,0.01981993481660485,0.010351383906936818
0.8940575415838262,0.04576408241260433,0.041382605122450095,0.012524062453097942,0.006271708428021518
0.9364358427921442,0.04177709488736743,0.011632902481021341,0.006297526801303409,0.003856633038163544
0.7850831215850138,0.12569129442840316,0.04982834509450596,0.026015739139711044,0.01338149975236606
0.9491056358996207,0.02898826048139467,0.014189366055075604,0.004706519210114113,0.0030102183537948314
0.8929561443820513,0.06620201590013924,0.02405637797184635,0.009157531237387962,0.007627930508575174
0.8115347115179039,0.08392902558938106,0.07035717978633989,0.020858742855806526,0.013320340250568573
0.817538701182779,0.0945805085307,0.04864206657858686,0.02513915110273345,0.014099572605200813
0.7325430963438015,0.1406879057158202,0.08737741657915302,0.0261247418934579,0.013266839467767464
0.8153805519514276,0.094188638729632,0.05704060366299894,0.019392504740416275,0.013997700915525301
0.8958505995736903,0.05860474752449548,0.029099154811850752,0.010239506019244775,0.006205992070718669
0.7983657757203523,0.09350305423271534,0.05892231399122755,0.02730892540563197,0.02189993065007274
0.900038678331197,0.044653515834186,0.027179777646060038,0.015927457538177075,0.012200570650379898
0.8999023769569136,0.04191005088582204,0.028559591637181622,0.016540912311764456,0.013087068208318299
0.870207640035351,0.06638204841732331,0.03158461464525836,0.019043973577617553,0.01278172332445006
0.8913365796394814,0.04168178424491388,0.04470863341773849,0.011472693513463111,0.010800309184403117
0.8109708317999043,0.11421902701559973,0.038145917022620254,0.01916080284424775,0.017503421317627835
0.8461107400563569,0.09815540700459059,0.02492512924592354,0.021211641380388033,0.009597082312740967
0.8123425502635389,0.09184748423874065,0.0404124251825178,0.029979990691052037,0.025417549624150538
0.8273586887236188,0.08828579753249936,0.03208332823079139,0.02942497565093123,0.022847209862159153
0.7659541633343406,0.11977947714508617,0.057549542289093814,0.028924441809652528,0.02779237542182696
0.6889021498612419,0.09789955364030273,0.06810672130532512,0.05226885679727969,0.09282271839585059
0.7652309565159894,0.06421444935463731,0.0433505811530961,0.031108448850562093,0.09609556412571503
0.8353015350481541,0.07016747517882749,0.044767692085961173,0.01901784520119439,0.03074545248586284
0.7076874947047891,0.15030053693358492,0.09807947407369871,0.02501361120809397,0.018918883079833325
0.822043554602569,0.07392159263873263,0.06346334939881755,0.027038758266622956,0.013532745093258098
0.8096933479771422,0.09769363957721741,0.0510064892860168,0.02100283013560077,0.020603693024022835
0.8384373296098181,0.08544306640316042,0.044798503544790605,0.01877405969809912,0.012547040744131628
0.8595901036977598,0.08021752217193538,0.033807084429565926,0.015120662377948202,0.011264627322790573
0.9271316832708754,0.033657302222090194,0.02074424119693113,0.01309195775926621,0.005374815550836841
0.755470243479728,0.12701105807643712,0.07235649347843173,0.027506304119644623,0.01765590084575847
0.7148996923079767,0.14602195003865787,0.0829178538838558,0.03508562051632967,0.02107488325317992
0.9342387735351814,0.03277816418212208,0.021272881584565827,0.007804205166906367,0.003905975531224587
0.7123482264876541,0.1529161351668292,0.08303297803922044,0.03431627429930607,0.01738638600699019
0.7635717889958685,0.09841374018293571,0.09605390662408449,0.029229317180176722,0.012731247016934519
0.7697873101912499,0.13425856761999155,0.059899007263826506,0.02446619463440673,0.011588920290525157
0.8317087028631752,0.07705490819160783,0.05552640373460852,0.024419129084667625,0.011290856125940892
0.8032717600190669,0.11353993373317643,0.05636048983838586,0.018987754145525247,0.00784006226384564
0.8663189346809036,0.08249030021255561,0.029203690550533873,0.015270636173218378,0.00671643838278849
0.8564459879303155,0.08727502212778443,0.03323956860522488,0.015058664109976192,0.007980757226699027
0.7206470760955995,0.11379633544593966,0.10956296027867549,0.03884042719320973,0.01715320098657585
0.6590126246224112,0.05833114729468447,0.024288075994009728,0.04023190041286229,0.21813625167603232
0.8775144384505345,0.056381393950498765,0.019438838521523207,0.016373640041606057,0.03029168903583763
0.8545633125856769,0.09699030065738207,0.02461625713472616,0.01495128292918262,0.008878846693032396
0.9552850219640322,0.027917495604835037,0.00949171887144985,0.004908879146330982,0.002396884413352021
0.8882736359340837,0.04771850225144185,0.03786403163484787,0.016341314422929056,0.009802515756697553
0.8794108261015335,0.07147223162431297,0.031865736945355515,0.011630149469111301,0.005621055859686601
0.9277973050618964,0.03623873381374128,0.018570338908743066,0.009315624109366446,0.00807799810625294
0.8552383240706548,0.08048000923474571,0.03658957355018685,0.017453365589681146,0.01023872755473166
0.885811130858816,0.0696462637496111,0.02679440647673528,0.01227458209416498,0.005473616820672607
0.951073455432693,0.02622145297262958,0.01270367620165355,0.006783259061164636,0.0032181563318592105
0.9499686145358928,0.026908395234920463,0.015039005455274045,0.00565449692825251,0.002429487845660148
0.9404361601791719,0.03382796482139896,0.014748457682790261,0.008343991825194541,0.0026434254914445413
0.7054304261752573,0.16413439200730426,0.08857289602303521,0.030644513950026035,0.011217771844377056
0.8426190111218301,0.06579521986087682,0.06461437698365101,0.018693714310837346,0.008277677722804898
0.9078200328903504,0.05533468751851243,0.020716951605886248,0.012002579805363992,0.004125748179886805
0.9039629040190907,0.040569947000766174,0.034596862019716686,0.01530411329354831,0.005566173666877958
0.8881567624669459,0.048411705756178904,0.04189250384818547,0.014092337583457005,0.007446690345232778
0.8651730362031058,0.037394345132441394,0.025655020737921825,0.027152425637947907,0.04462517228858319
0.857371751120629,0.060055485173449476,0.02985879459090183,0.027826092491092788,0.024887876623926764
0.5313721855737913,0.13078184307906418,0.029119412687286784,0.08700290781249825,0.22172365084735945
0.4791575858095679,0.08077988120733937,0.03208978046290007,0.05432173184271231,0.3536510206774802
0.8727072031315685,0.055731506158809715,0.023488903235897394,0.01950492595312957,0.0285674615205947
0.861158391641736,0.08258301366595053,0.02990054377262759,0.017512151017913258,0.008845899901772734
0.8751547870825476,0.07624850077219147,0.027110090839672002,0.014780705256745047,0.006705916048843938
0.8807483267926532,0.07256544631892527,0.030268537779427195,0.011617285908338335,0.004800403200656167
0.909971949128672,0.05163235474091529,0.025538575128132127,0.00930602171541739,0.0035510992868633107
0.847642534507436,0.06861923997643177,0.05067620088748689,0.02399717843729935,0.009064846191346133
0.8656180208223019,0.05699480178620638,0.054731274067517884,0.01532827095772545,0.007327632366248435
0.8236137486727043,0.10271675106134198,0.04868517520733581,0.015591469415795882,0.00939285564282199
0.8095307057726377,0.11801370411976769,0.04589650674626303,0.0203575795343199,0.006201503827011541
0.8964607049100268,0.049569963259703274,0.036105721797772765,0.013160356626207095,0.004703253406290037
0.9172754333604137,0.04271495175510705,0.024896888654018425,0.011235034835187195,0.0038776913952734003
0.8222049901793396,0.07670672042644186,0.06741859545060133,0.02614979366267358,0.007519900280943854
0.6848816966027381,0.21488870032579244,0.06723832165932661,0.02252969611559927,0.010461585296543584
0.8935489477873376,0.058711174886488554,0.03137099276349774,0.012172854168609288,0.004196030394066694
0.7775226750198444,0.13055418259771043,0.06523250282178862,0.020213618698791416,0.006477020861865213
0.8348411173741999,0.07993034727184187,0.06105691200886094,0.016949040774406857,0.007222582570690467
0.7367618880591387,0.17409879052409166,0.05815954751519992,0.0232739066859868,0.007705867215583093
0.8890245276125707,0.05210730863055858,0.041909475584289244,0.011985529766085216,0.004973158406496484
0.857618251318339,0.07026030380357312,0.05124805088862249,0.014985262142450407,0.005888131847014876
0.8174405175467798,0.07012822011393154,0.07369056278927494,0.03035888253084216,0.008381817019171407
0.7961004691861993,0.1097135802441987,0.05819333037788826,0.023428035014856224,0.012564585176857488
0.8978760635709543,0.059479749164527966,0.02824115061280607,0.009119276719614218,0.005283759932097275
0.8489551352530318,0.0879304017278805,0.03867197488167355,0.016213281377192378,0.008229206760221678
0.9057113321882411,0.05183815502970951,0.02829232830065569,0.010002586181717586,0.0041555982996761215
0.9325882975493192,0.03397165622867205,0.022246762393772605,0.00778041462880623,0.0034128691994297546
0.8639265042284648,0.06641602094018431,0.05065621069807663,0.012644314410524448,0.006356949722749951
0.7207320004152955,0.17452949951734897,0.06018546212310899,0.03292729086851551,0.011625747075731207
0.7147537713681377,0.15218439447898185,0.0822506286297134,0.03338966347162647,0.017421542051540694
0.7209805824312546,0.18071764587470426,0.06251788810804633,0.023832739333223735,0.011951144252770787
0.8201446861984156,0.08083943920275011,0.07198090231842683,0.01754005472968484,0.009494917550722674
0.8241833132860452,0.0926066480745207,0.05526172703463496,0.015803068033250232,0.012145243571549124
0.8118220169603092,0.09438904096525584,0.06099216194509396,0.01902572187676796,0.013771058252572986
0.790258506697887,0.09892352422172765,0.07384999207310912,0.025603379138606094,0.011364597868669965
0.8220996568765437,0.08876384370965117,0.06091632828536945,0.02051531224244856,0.007704858885987219
0.8137500443331657,0.07987167889893404,0.07574488664679124,0.021694790831291853,0.008938599289817127
0.684434472118768,0.19332238259615384,0.07764904091867462,0.03266786470307745,0.01192623966332596
0.8545206911361644,0.0943710672824022,0.035383522299542274,0.010848026194646459,0.004876693087244518
0.8768168901601107,0.06742258287628676,0.03728648353543989,0.012563455924241736,0.005910587503920898
0.888598629093466,0.061912601355700064,0.03216583818765323,0.0120221364759059,0.005300794887274834
0.867788090072649,0.08156884873601612,0.029286473637727347,0.015851815054257284,0.005504772499350442
0.7466611389243161,0.1527065950768063,0.06702467598706525,0.022679266200708318,0.010928323811104005
0.879948640271864,0.07081383291639341,0.030412588344146525,0.012170161137118557,0.006654777330477437
0.9227071707164834,0.041970010877467726,0.023848286518286153,0.0071143164322769155,0.004360215455485883
0.7976475738930774,0.12843947156956395,0.04065513987978135,0.021401928432480368,0.011855886225097215
0.8345694122930714,0.1038650218340243,0.03666508930027953,0.016936842480114758,0.007963634092509985
0.8445422405728482,0.09146327279685776,0.0263279084106572,0.013261625395722723,0.02440495282391407
0.8430980655778411,0.05104706907286351,0.03004556197298732,0.02479468891755751,0.0510146144587505
0.8428447493839315,0.08518682568752975,0.019396636871456215,0.02323515761804552,0.02933663043903665
0.7923313962130695,0.11256841096030938,0.03535538210333279,0.03176500245191514,0.027979808271373488
0.8031145317903926,0.09136268799469889,0.05168959131877591,0.033334998594289185,0.02049819030184324
0.8848152852850222,0.04446106456273381,0.04020746110488232,0.020268834316965672,0.01024735473039597
0.8356900243827673,0.09604619045395958,0.04255214241989618,0.014485318167951247,0.01122632457542583
0.9270087142670198,0.03252573671985023,0.026721375646458278,0.009332133431275471,0.004412039935395958
0.8801130415603349,0.07224755139237692,0.028056762859166934,0.013371277813225977,0.006211366374895023
0.9461123755135772,0.02612429576730301,0.019418683542093463,0.005901231480263226,0.002443413696763506
0.872022440563506,0.06494326756216535,0.037488446272192874,0.018284352771003855,0.007261492831131902
0.7977071100937735,0.12071455637913989,0.05009792319659313,0.023194578169300633,0.008285832161192998
0.7123326265142671,0.1478271585401586,0.0928858090444986,0.03594387089924756,0.011010535001828019
0.8431466814406435,0.08128973881523226,0.04482293596218893,0.021506247041245923,0.009234396740689325
0.8967689354515649,0.05361982112103373,0.02905249194731594,0.015811419497335163,0.004747331982750303
0.7842487763016969,0.11177184851724128,0.0744060605456678,0.020747569917874208,0.008825744717519847
0.7958117074213139,0.1269243002631248,0.04556761147961254,0.02130750824278954,0.010388872593159331
0.9436017078523279,0.0298562463121558,0.016562174745081065,0.0068226309471348685,0.003157240143300555
0.882393503672907,0.07426599836020403,0.02709509449836347,0.011405665881953273,0.0048397375865722354
0.9114715211699146,0.0441423651311129,0.023854420256445994,0.015257748591159347,0.005273944851367154
0.8471031320016954,0.0749454275955496,0.04302621836169793,0.02616531566850042,0.008759906372556862
0.8631715658083369,0.08903662366913156,0.02835934701564444,0.01323954561719544,0.006192917889691664
0.9037758065631438,0.046414842419200276,0.03137096677801206,0.013979255572737104,0.004459128666906948
0.8747452977911865,0.07201863918827808,0.03540174102451356,0.0128882998184753,0.004946022177546438
0.8345373840290555,0.09275539961637841,0.04719122102941027,0.01632639564493099,0.009189599680224791
0.8664335497921675,0.06275161870685186,0.045661725168453994,0.018347361436223487,0.006805744896302983
0.8429964311797844,0.09441708314057508,0.03789426590445033,0.017320222931322248,0.007371996843867912
0.8690566683717247,0.06783223843089196,0.03627091717182527,0.020380097926437815,0.0064600780991206
0.7365444423776308,0.17008087969660424,0.060332180644215014,0.023763890293002986,0.009278606988547088
0.8137198966023507,0.10275513397966425,0.05284657114402954,0.02130715579080306,0.009371242483152577
0.8369209226944242,0.09227252132645425,0.05336070992720173,0.012103482557123593,0.005342363494796223
0.6890304343493053,0.1869962045330546,0.07988587005153976,0.028704337704907903,0.015383153361192411
0.7416168860610849,0.13471329191490386,0.0841983971283613,0.026347448371313163,0.0131239765243368
0.8767176219319882,0.06536455420254499,0.03739415340323202,0.014315318733721586,0.006208351728513219
0.8469766881622401,0.08222049034290622,0.04971269033783926,0.013376464310987112,0.007713666846027345
0.8722066649828337,0.060962185553834106,0.043990981982586365,0.014256642595776905,0.008583524884968784
0.8433120938534777,0.07788483640241943,0.052074108709229606,0.018204891442478024,0.008524069592395178
0.9140303795047537,0.03622722454104043,0.029935570322303696,0.013983781451954641,0.005823044179947474
0.8374477867179272,0.0819981940334269,0.04005061964349691,0.03075710744211427,0.00974629216303475
0.6461105643884935,0.15349366119535537,0.10838993272563624,0.05855045917392851,0.033455382516586585
0.5756868970388843,0.216056482644802,0.09739999368405541,0.050358308926102074,0.06049831770615609
0.6591980343064519,0.2421232880044796,0.037632841785974924,0.02851586554990712,0.03252997035318661
0.9199316947454056,0.05249863538175148,0.008822303701059164,0.00803666927425522,0.010710696897528486
0.8765944055090016,0.04044646742455258,0.02700771807277972,0.016850877059785645,0.039100531933880495
0.7800587094510218,0.08980954235765842,0.07354381229573068,0.026988584864186118,0.029599351031403005
0.8513432776981038,0.10471504673820921,0.02506337541337902,0.010839378573472518,0.008038921576835478
0.8323360719510973,0.11644382226399932,0.025408540645177037,0.0165984232622917,0.0092131418774347
0.8783767521683171,0.06346168816145144,0.031228932542005317,0.017338678486850206,0.00959394864137582
0.8900589584802631,0.057339695215595274,0.02851677693515502,0.015584421592603282,0.00850014777638337
0.8494260031946466,0.08798166079593996,0.03467078596865342,0.0178861546691696,0.010035395371590608
0.8514812589454446,0.0748554883005189,0.0410226080145181,0.020290328068568526,0.012350316670949683
0.7445297003598285,0.1664141474540222,0.046041047325465705,0.027931716954556318,0.015083387906127404
0.8593383727668282,0.05751938517520561,0.041650421990117946,0.0264918637176258,0.014999956350222235
0.8059766068248325,0.12305414348396719,0.03623180022866547,0.02522776388473949,0.009509685577795256
0.8963091356100296,0.06788662995794092,0.022377277923864396,0.009027568322374906,0.004399388185790252
0.7982900796738257,0.090480282444261,0.060413264517611635,0.031646251900700785,0.0191701214636009
0.7724854044036928,0.11099807651232121,0.06255004407378566,0.034500881399557114,0.01946559361064342
0.7563053552353165,0.11651945389709527,0.0761260778307411,0.031982550370630955,0.019066562666216168
0.7894693381159311,0.09182236965530724,0.07174831199172088,0.029520560822125442,0.017439419414915426
0.7600440784124615,0.13018809524175481,0.05195232248163271,0.036654380503244474,0.021161123360906493
0.8049908533874759,0.11916772754233335,0.04400927804209749,0.018305570459139067,0.013526570568954491
0.9064372428860736,0.04507191524689387,0.026866033199017977,0.014234763774517963,0.007390044893496313
0.8370547901633818,0.11079119478224884,0.024863456071966904,0.016844361980830017,0.01044619700157258
0.950900380163883,0.022920314676143874,0.014325806446285689,0.007476938081144031,0.004376560632543346
0.9122023924008265,0.053798017572870754,0.017995744546932518,0.010560294545792085,0.005443550933577997
0.8556717079165139,0.09808924605918709,0.026744861601121894,0.011504237315202278,0.007989947107974743
0.8863358056875877,0.059452012565654994,0.029198360117425787,0.015250952179655159,0.009762869449676404
0.8801841172946763,0.06630559498300874,0.02883473679667544,0.015832152984277172,0.008843397941362281
0.7386822364942001,0.176066533738783,0.046708484081427575,0.0248082262246312,0.013734519460958336
0.8097548590616346,0.1061860923106425,0.04892858744886658,0.024077396258251834,0.011053064920604361
0.8174118867263217,0.11264721896144715,0.04398102588016121,0.015913065673340682,0.010046802758729248
0.805258133725423,0.11588666780355787,0.04360531435301248,0.021584736040855215,0.013665148077151686
0.7691291706256685,0.14785854046462396,0.04967110774550125,0.02077804594205561,0.012563135222150936
0.8447656185257983,0.07698411323242396,0.04767108057900085,0.020398780550260936,0.010180407112515853
0.8810338345209439,0.07292395596307666,0.023068261592195285,0.012408986636727268,0.010564961287056933
0.9250536993915922,0.04744308179893761,0.014928934368459885,0.006916636622223744,0.005657647818786514
0.9018768992125172,0.06352969823902135,0.017808621316089346,0.010345490216225826,0.006439291016146107
0.8725937067347693,0.06510890324923928,0.033492865492232196,0.018837432920847122,0.00996709160291227
0.7997455143726216,0.1049837821249991,0.05499993401592201,0.02610221200962377,0.014168557476833448
0.8812143240090904,0.05506676901787734,0.032453386712618146,0.02201846837606807,0.009247051884346087
0.9162879095514702,0.044140113998410786,0.023625170441057292,0.010664776967026736,0.005282029042034777
0.8314024966839236,0.08126682828249868,0.05073797900026838,0.021333526329520458,0.015259169703788942
0.8935891459882054,0.05825371957128136,0.02270430362639931,0.012439809194188326,0.01301302161992558
0.8849979768124108,0.07341670249554247,0.018544812408929412,0.013742600862794434,0.009297907420322892
0.7481603185814791,0.1460558411172567,0.04864066720291922,0.03090703082554314,0.02623614227280185
0.8721146292606123,0.05597862730680123,0.04592256436701893,0.01409077285178706,0.011893406213780225
0.8177603999521821,0.09304724531678872,0.04085403099334636,0.027936051960288852,0.020402271777394093
0.848882777246346,0.08120391361141806,0.031531103150275436,0.022157357024686485,0.016224848967274087
0.8992034658425102,0.05047046035665815,0.022740678467507464,0.013062200606556027,0.014523194726768275
0.7631438409026178,0.14054614846472474,0.04447198860980299,0.034367878998964804,0.017470143023889478
0.8417980341784056,0.06878715001832404,0.04837982679496303,0.02311159755848948,0.01792339144981794
0.8714260694263032,0.05920349225012537,0.03989893871440893,0.017044049963321747,0.0124274496458407
0.869442934584303,0.06886371916766343,0.03268651886191998,0.016353466793818505,0.012653360592295125
0.8858846641291601,0.05882976396394676,0.02735962171250195,0.01510123708131846,0.0128247131130724
0.8502149215335899,0.06966823923037763,0.04772051700584036,0.01862148599411472,0.013774836236077663
0.7379441316449458,0.12650467924825562,0.07598323935278506,0.03343450004639877,0.02613344970761507
0.8494882116549228,0.07843832833697258,0.04309426139560756,0.015808164331969174,0.013171034280527835
0.8715084793860856,0.08122920316005874,0.023412490435343186,0.012236132941251173,0.011613694077261354
0.9093075798750642,0.047328294349519934,0.020741788491666985,0.012313589425454009,0.010308747858294946
0.8626676420173276,0.07918642668819187,0.026568355448254696,0.019884317439022713,0.011693258407203089
0.9061567065792786,0.05541061593109351,0.019616209753895397,0.010601078515645788,0.008215389220086708
0.7934735527771354,0.09809355043026514,0.05812966344581934,0.025931817104054074,0.024371416242726075
0.8811282168859466,0.06414337647895776,0.02806664121227156,0.013912578814764416,0.012749186608059567
0.7885815051292454,0.12214019511749903,0.03817950737404752,0.030674028633577915,0.020424763745630178
0.8805061860181005,0.07027047428206745,0.026835120009338905,0.013133821485085968,0.0092543982054071
0.8559804654904279,0.08064033334829053,0.0334254828401029,0.01701487211654481,0.012938846204633883
0.5666649056248997,0.21740035473570887,0.1002342338451884,0.06776996219910943,0.047930543595093626
0.8711486210598784,0.0644197503787545,0.03509240452182044,0.015436808667504747,0.01390241537204186
0.7708922397721347,0.15362456739261254,0.0381888673479933,0.02150052521652962,0.015793800270729828
0.7589298760634605,0.14605445574866802,0.04228999233990855,0.02933547722058147,0.02339019862738139
0.8613321075444538,0.07769259628533039,0.03116628191676873,0.0183443715957517,0.011464642657695397
0.8366483225772607,0.09816874402439026,0.03338729768505606,0.013687123639864714,0.01810851207342815
0.8613081702788226,0.06830876697789978,0.04020684696103747,0.016186102594433205,0.013990113187807048
0.7157336418129018,0.15913360778313382,0.0707941030777755,0.02978576768086799,0.024552879645320918
0.9496762265769942,0.032422123877806915,0.008951012256522345,0.004346379358235575,0.004604257930441097
0.8215138983797025,0.09643816992935005,0.046921206879349114,0.01960981729252991,0.015516907519068526
0.866846246802232,0.07489347632526781,0.026489287344162532,0.014904829615207293,0.016866159913130358
0.9223888937853889,0.03479634761814912,0.022254587594638924,0.011309867667707,0.009250303334116146
0.8279771994500268,0.07983283935905841,0.050221109172403834,0.02291719713374513,0.019051654884765967
0.8464925855673582,0.0799936561123182,0.0374718441536844,0.020263512506489244,0.01577840166014998
0.9152586981606243,0.041998765698161265,0.020174219509341413,0.010863411237903903,0.011704905393969265
0.9411314701440988,0.03342595623400616,0.012129562103390898,0.0075636318201505294,0.005749379698353723
0.8205281302226254,0.09742527491493934,0.03627216783207986,0.021130349013270704,0.024644078017084483
0.718954284368593,0.16769420415559633,0.054221909324894645,0.02927539460310149,0.02985420754781446
0.9210561132205045,0.040249643871795526,0.01843443651157791,0.010995832596756924,0.009263973799365183
0.81418334778729,0.07160206449693526,0.05668194085865561,0.03407123817924909,0.023461408677870155
0.7428161610721993,0.1322852961294069,0.053555493719905894,0.03898566552318745,0.03235738355530057
0.8282364332542246,0.0782206117111317,0.024425901852282567,0.03060423555346041,0.0385128176289008
0.87449632871946,0.046270454604258035,0.020494715535089636,0.028940381597327557,0.029798119543864465
0.8027586920794948,0.07326083091789862,0.05317643236321219,0.034223082952120905,0.03658096168727362
0.8093453125987545,0.038511013740522584,0.023909422076496985,0.03711552954936906,0.09111872203485678
0.4859391867634988,0.05786303576912233,0.026867915034812437,0.09579150221921565,0.3335383602133508
0.5761403301272284,0.17386457571034522,0.08076997079963652,0.06206508254685187,0.10716004081593793
0.863418801403671,0.06841659477990034,0.02443233633534903,0.019911776489981152,0.023820490991098196
0.6821153047767017,0.17874815721399315,0.0575255820481576,0.04467032073531263,0.036940635225835156
0.7665540744601662,0.13542430031872038,0.046690730639921,0.02667557946839883,0.024655315112793702
0.7876590114183971,0.10934564985407712,0.04412999952801362,0.031581052993021164,0.027284286206490906
0.8435435179760442,0.054506168996725946,0.057546283148739955,0.024771874561864114,0.019632155316625814
0.8595968807529416,0.06270105582045253,0.045094978540146546,0.019253191444565027,0.01335389344189421
0.8462825771319045,0.05978621212431336,0.04877057804342848,0.026416690984261332,0.018743941716092474
0.9461361729702105,0.024823901070093007,0.01702407426512503,0.006839286257643914,0.005176565436927646
0.8924977068230829,0.05281997131986199,0.02748958866836297,0.015270453958974192,0.011922279229717848
0.8263978538921198,0.08967618742813704,0.04474151284520449,0.0210070306465981,0.01817741518794062
0.8279439106437592,0.08314357618731286,0.055760093627271134,0.020500682140607903,0.01265173740104899
0.7979941657798829,0.08855780672432673,0.06786839188860117,0.027780176431938402,0.017799459175250693
0.7819112833683886,0.10542502108964627,0.05860066460430041,0.03276134693138233,0.02130168400628222
0.8410076744127031,0.09221786622121138,0.03429088724747732,0.022091854476361646,0.01039171764224649
0.7734378679250384,0.14756933874659794,0.04234764161284019,0.023226075826602487,0.013419075888920912
0.8545827144926814,0.07147836975966154,0.04135856841971358,0.019680091858099606,0.012900255469843903
0.83492413858053,0.10261979215583517,0.026347685132524376,0.023128564909873757,0.012979819221236784
0.8459668225580104,0.058974900924408546,0.055997005811797694,0.02389132828472972,0.015169942421053843
0.8837558460745671,0.05937671333551628,0.026099733846755166,0.019479408037887204,0.011288298705274011
0.889208685730954,0.06700392914715482,0.025971860727399813,0.009338435171240105,0.008477089223251322
0.9380238410180034,0.028228497218425325,0.017821289258794483,0.009094324388041627,0.006832048116735293
0.8117514950784821,0.07946133143303748,0.06909495449282275,0.024999457857601052,0.014692761138056462
0.8809172807529841,0.050599030826139965,0.03566982925220028,0.020967983959288478,0.011845875209387334
0.7745580056614774,0.1282135456552534,0.056958146063990175,0.02262796719709211,0.01764233542218705
0.8404853448775427,0.08827445118578325,0.035833384807424075,0.021197950836670133,0.014208868292579538
0.9303750504149726,0.03329829927755876,0.020571278178524652,0.01008361804618606,0.005671754082757908
0.8974977149053754,0.05470884009087837,0.026955171589746793,0.011783949176112642,0.009054324237886385
0.8306933252990348,0.09772721049713615,0.03551554641485337,0.021658038062297307,0.014405879726678531
0.8713530141684238,0.07852504203758184,0.028574681217746097,0.012427052608668141,0.009120209967579878
0.7633343811723932,0.12278334129219431,0.07801462080434537,0.02501391358612122,0.01085374314494593
0.8023645573733889,0.11523968030261707,0.05168205015204073,0.019408628925177408,0.011305083246775918
0.9241517238072593,0.03952024359500002,0.021619826253140434,0.009553169297654294,0.005155037046946066
0.9268473063053857,0.03555497881834178,0.023844027947145782,0.009544412550239401,0.0042092743788873675
0.8346979448575079,0.09806738453303358,0.039862144670359194,0.01653556957208251,0.01083695636701671
0.8037283845809406,0.10598950181571389,0.0520930548867239,0.026108945672184167,0.012080113044437468
0.8145356270505809,0.11882590001041338,0.03324683904273202,0.022884937955605124,0.010506695940668807
0.8526508384097834,0.08839710924864506,0.0281489176817931,0.020705375655997806,0.010097759003780864
0.8613200711318076,0.0818278870269056,0.03581493016109522,0.013800071758774042,0.007237039921417415
0.8683751745306184,0.06040793879101452,0.042538899785903916,0.018764279264113757,0.00991370762834944
0.8637778192104014,0.07292966650057223,0.03597877578062328,0.017461542154302092,0.009852196354100834
0.8246477948982296,0.07840990715960357,0.06922743080132808,0.018216969679219912,0.009497897461618847
0.8752606469120031,0.06253661242769148,0.03948794028071756,0.014988830541260285,0.0077259698383275
0.8844696154981467,0.06213449521657353,0.025921515417673326,0.0174662759729534,0.010008097894653258
0.8129694015849755,0.08887151922445684,0.05744687862073125,0.024712562706834546,0.015999637863002028
0.9366746956641668,0.02995796669272691,0.020413796077290942,0.008187910316975282,0.004765631248839977
0.7602148290016488,0.1456924965036923,0.05447298293915344,0.025494516829703905,0.01412517472580155
0.9165447798227111,0.04421939412900861,0.02242508000065,0.009815567692492014,0.006995178355138253
0.7918434958023929,0.06605850524172338,0.08164807855953403,0.03778375593982913,0.022666164456520616
0.9084542639101278,0.04987362899449249,0.020683368162427884,0.012734688012708117,0.008254050920243483
0.9455737878688296,0.029535283746076283,0.013316014286921328,0.006828650256975015,0.004746263841197794
0.855182354838814,0.07106903650288668,0.04137143729088799,0.018790179143863602,0.013586992223547638
0.7932075551033894,0.10725637608170349,0.04274596454507454,0.034985988193604246,0.02180411607622844
0.8931992996186013,0.052356135094321625,0.02448293970498068,0.01980552547401667,0.010156100108079382
0.9158855431143342,0.04163912009382114,0.021183086411816498,0.012309524958779981,0.00898272542124789
0.8543725286725945,0.07986433253773784,0.033131712266885535,0.017063703094277106,0.015567723428505107
0.9236672509391473,0.04395152957808988,0.014769348214378038,0.008762177476480535,0.008849693791904152
0.6288198903949584,0.14627222140438112,0.06423113348870077,0.06724097257328829,0.0934357821386712
0.873201947359907,0.05572162387693017,0.02107553038541206,0.018390478972376605,0.031610419405374256
0.8758489769677299,0.04756271990244736,0.02676361994120345,0.01939343128536621,0.0304312519032531
0.9149905727093869,0.025741769002971357,0.029830782547683867,0.012990607160082402,0.016446268579875585
0.8249337869181279,0.0819455953695396,0.028714770867323727,0.031220869557776473,0.03318497728723227
0.8215645674527912,0.0727365145279738,0.045266068489142934,0.031109478535221276,0.02932337099487057
0.9143482764989076,0.03622458436971007,0.0231307779066586,0.014000192006548753,0.012296169218175237
0.7981395225623624,0.08337045543333647,0.056648266556975774,0.023709440320591864,0.038132315126733485
0.848474379089603,0.07031884862826791,0.024446015310424462,0.020940960564183098,0.035819796407521844
0.8071240045230189,0.09702139724755109,0.05893120780011281,0.023036958583265373,0.013886431846051784
0.8443271807930229,0.08906149818764468,0.040057335705552595,0.018270748461092282,0.008283236852687717
0.8729788261513753,0.06470722666553887,0.041501161518382325,0.013859131194599354,0.006953654470104178
0.7994113443559293,0.0846691612726358,0.08025913821090794,0.02408910252546214,0.01157125363506459
0.8795451386473117,0.05968400198438328,0.03616678383550698,0.014892019749080946,0.0097120557837171
0.7517748177188149,0.09600729118681155,0.10141227343124355,0.03122720215252281,0.019578415510607128
0.8213073029629491,0.10201801179376144,0.04450637864874185,0.01960696708987197,0.012561339504675792
0.9100238110215207,0.04209073414025001,0.029482347874881524,0.010993186274013161,0.007409920689334505
0.8458829752776155,0.08259487563851765,0.04185407166101878,0.019812626500966324,0.00985545092188178
0.8653918399170729,0.07793848764802944,0.031632265765217105,0.018391316380091182,0.006646090289589257
0.8375018446122046,0.07204129889935508,0.05184692568203628,0.02460688924766677,0.014003041558737281
0.8735077591880328,0.06867510044708333,0.03428871530808778,0.014836995773487413,0.008691429283308611
