Delta_Power,Theta_Power,Alpha_Power,Beta_Power,Gamma_Power
0.9373935012676644,0.03824016062086263,0.012931207822312217,0.00966019116089459,0.0017749391282660882
0.8360582802172953,0.08697126191260397,0.039139368563025315,0.03152522026019291,0.006305869046882375
0.8444813920459857,0.08249681198807977,0.03457316769901508,0.032593040840090244,0.005855587426829198
0.8792226448727951,0.08351353855512571,0.014154392854935959,0.019399200077480663,0.0037102236396626457
0.9402960939969,0.027626502094041827,0.015143542924879206,0.009632220683798317,0.007301640300380889
0.5465248412935937,0.17980798296768205,0.12641445624434594,0.0625553524294941,0.08469736706488402
0.5042833214311734,0.2956528663887478,0.0839999919210349,0.08605979794824446,0.030004022310799582
0.6351258814308354,0.15528442398971481,0.053994807532729824,0.11584832393341894,0.03974656311330102
0.8399688223131014,0.07162055744038126,0.05517388196150551,0.025641487611925664,0.007595250673086286
0.902912797271112,0.06466683232150668,0.016199011541169362,0.009561754153546284,0.006659604712665759
0.6569864353559277,0.205653127796384,0.06951881082011598,0.02914847288997887,0.03869315313759334
0.894442657289265,0.05370298874370716,0.021958728761910053,0.019097505476570926,0.010798119728546895
0.8767635816347567,0.08702509530802886,0.01045984020894865,0.010203243755140345,0.015548239093125443
0.8990849234676697,0.06885948080259226,0.009476356822728457,0.008257932433793693,0.014321306473215903
0.8363270915365052,0.0849743490983295,0.04142192493659421,0.019195098998542916,0.018081535430028085
0.9191118172703633,0.04257301414470686,0.020031205173891738,0.012156314746263528,0.006127648664774308
0.9365222071038647,0.037366575715090174,0.014123418675808996,0.009209864706828434,0.0027779337984078813
0.943104234808455,0.033517929479507505,0.01149292734973348,0.009133611153895181,0.0027512972084088945
0.8056240144581881,0.09203174372991685,0.044962928663015884,0.04573853899787359,0.01164277415100573
0.8493070989532564,0.07689555488155624,0.02763841408741885,0.03764644245158136,0.008512489626187078
0.8643854764469804,0.05063412126454009,0.055856200836320466,0.02367662897650872,0.005447572475650304
0.9347957941508014,0.028535202322939907,0.019890836816659836,0.013307395638238692,0.0034707710713602533
0.9454812695876418,0.024004658202866173,0.015687449077681027,0.01238560878388454,0.0024410143479263987
0.8994431139677045,0.05370772083956301,0.028691489280871382,0.013420330979914834,0.004737344931946359
0.9174434312889174,0.04075452173454097,0.01912651371578785,0.017603903414009938,0.005071629846743796
0.9142188792371018,0.04507575303955099,0.01929257785898288,0.01608595031951072,0.005326839544853814
0.7892682892279901,0.10759769757300136,0.05723908965954223,0.036011867383637396,0.009883056155829002
0.94587992956953,0.03151147678204939,0.012821624170074769,0.0072324903825603986,0.0025544790957854682
0.8441692090810796,0.07493658693611505,0.026878394784484096,0.038890617389982986,0.015125191808338146
0.8782810666862456,0.044038457414040715,0.026983756462423417,0.042276938353789276,0.008419781083501065
0.8748068010004799,0.061275338287940795,0.037063501564144195,0.021555639680224333,0.005298719467210733
0.7365977697869228,0.16493094572888056,0.04766615570642846,0.039750288221800566,0.01105484055596758
0.7919419061107047,0.1337583619093018,0.033930064814809695,0.03357066335412821,0.006799003811055603
0.941164017674138,0.026343967433052746,0.014067843008882261,0.015602442475321823,0.0028217294086053234
0.8737574295933506,0.0560204519672356,0.029403054307838416,0.03389108978024519,0.006927974351330339
0.9145704800246709,0.03713164946034591,0.02582163936884847,0.01945753035857676,0.003018700787557853
0.8803798607132811,0.06302823325229108,0.025766324496425443,0.02544612093852606,0.00537946059947638
0.907726862677993,0.04276619145809025,0.018727354324557466,0.024089983526921856,0.006689608012437501
0.9494031736361775,0.026125292711812846,0.012247389562391032,0.00984903187596569,0.0023751122136528306
0.9045529315172071,0.049607594379766924,0.019220818635771464,0.021263701978979546,0.005354953488274901
0.8127958335126186,0.12431558236034289,0.02550421779682934,0.030470216977642392,0.006914149352566417
0.7675060631917558,0.11507045522598693,0.059443739473059094,0.04270298251131537,0.015276759597882954
0.8729121406628184,0.07192516708333585,0.023869969059715317,0.02536239710873829,0.005930326085392346
0.9422531952575199,0.032572497171210864,0.012189880729222922,0.009947997633734386,0.0030364292083118203
0.8893543824499598,0.05269492219583927,0.03384258344771974,0.019230239205730963,0.00487787270075026
0.8562585198745488,0.0807557804432666,0.02986360632173707,0.025141910668035818,0.007980182692411483
0.9158414258688979,0.0376441670551458,0.01999881226181134,0.01819887830722767,0.008316716506917092
0.8850935924286772,0.06241176454395244,0.022065815623571586,0.022682322905890777,0.007746504497907954
0.9082781177385495,0.0519132935518176,0.020084388961385997,0.014997074796837238,0.004727124951409631
0.8060905024188006,0.10556490833341473,0.03575219559350161,0.04044577767514813,0.012146615979134938
0.8876166291274873,0.041048239512761334,0.043057889882664624,0.021446481469447082,0.0068307600076395105
0.953742220426813,0.019414264071259155,0.014930759414138187,0.008579549483308418,0.0033332066044811513
0.8073198302024477,0.12890545372678516,0.03243709297038287,0.02366168691437546,0.007675936186008986
0.8373982655234627,0.09563313567860125,0.039854730146967575,0.019161761857234266,0.007952106793734372
0.9080968820681731,0.05191376897094846,0.019751653600891827,0.014809010195231594,0.005428685164755044
0.9228754776156068,0.03943361629218229,0.021390598657277052,0.011912958261561836,0.004387349173372128
0.9354971360974289,0.03855668058233349,0.01438024681219784,0.009100936869212633,0.0024649996388271677
0.9182442742909283,0.036013460291294604,0.01894634154532127,0.020994024907877037,0.0058018989645788775
0.8571579301951964,0.08780552702968422,0.023310027166675136,0.024698740907642677,0.007027774700801636
0.8543409894435274,0.07447209774169537,0.0320705333533477,0.030121285556645058,0.008995093904784453
0.9089426014024675,0.032211247128397374,0.017420861618353337,0.03229008256268344,0.009135207288098513
0.8631272977099129,0.07183587684739262,0.031165453564322147,0.024253287173807404,0.009618084704565055
0.9614363507622955,0.02050562794859171,0.007659585048166267,0.007730304440994203,0.002668131799952428
0.8895701985026426,0.06473270391061088,0.017744830794266076,0.020268342210391102,0.007683924582089256
0.928226662039004,0.03163038133925663,0.020327413959641858,0.014744187942356686,0.005071354719740716
0.9342498178919111,0.03604103575707586,0.01240214777756289,0.013682296451766416,0.003624702121683822
0.9098125253472591,0.03935513870591911,0.028562906799268213,0.016153554657149724,0.006115874490403629
0.8779257050823099,0.0582154970793984,0.029973739276748627,0.026054693456750773,0.00783036510479232
0.9117321441282298,0.05533084978374755,0.013432466457604316,0.014998966920905623,0.004505572709512555
0.8100563856270031,0.08394725422819896,0.06875702837759971,0.027757666799749992,0.009481664967448086
0.854290029565527,0.06347864562949321,0.04787855828647009,0.02736637576531514,0.006986390753194501
0.8732274148987601,0.04320358479059428,0.04454818830334977,0.029849644746150063,0.009171167261145814
0.863107047537069,0.08073833398921217,0.021315731417131275,0.027653836084446153,0.007185050972141503
0.8894231944807123,0.06950651938809226,0.015821655900266123,0.0177790650742792,0.0074695651566500645
0.9046934995985911,0.06169644980407614,0.01724668216944886,0.011657481369686072,0.004705887058197987
0.8451577359152718,0.10474077708660498,0.021205601287061112,0.01950823117677866,0.009387654534283356
0.9321199181138794,0.022419621281086207,0.02567153217413152,0.014889064866676823,0.004899863564226059
0.9340698192271809,0.030283060080126656,0.01970470671142678,0.011757199416254487,0.004185214565010893
0.9455711514653664,0.028481772431640646,0.011199127010087802,0.010450971349972263,0.004296977742932985
0.8889006705509611,0.059878100836636174,0.024927150416086414,0.020767295543131538,0.0055267826531846765
0.8813480410427292,0.06936672233059503,0.021452547799305256,0.020673504379809603,0.007159184447560385
0.9402596271073282,0.026857010120518096,0.017586769422696866,0.01118730068144156,0.00410929266801498
0.9470167954022676,0.0164342314366641,0.016867721051913764,0.015072719304564684,0.004608532804589841
0.9250315392644198,0.03746092178246554,0.019523866272220945,0.012439770520687366,0.005543902160206173
0.9061778701031051,0.03502819962523622,0.0349147257485831,0.017315321540900167,0.006563882982175435
0.8981323762302645,0.058468002135547606,0.018703093777472264,0.0180811631675144,0.006615364689201019
0.8876596957049288,0.05202290064750043,0.025157810077643134,0.025259312980239968,0.009900280589687506
0.864817999699514,0.05282445581498764,0.042432795465410386,0.03012598593466862,0.009798763085419347
0.7173885020387101,0.1446013249297083,0.08683757842570014,0.03669811847844292,0.014474476127438523
0.9004497648931667,0.06701051014395962,0.012004556727747,0.014978210468422586,0.005556957766703975
0.9074093271569018,0.04468577943813747,0.020318392662213212,0.021333803214018184,0.006252697528729228
0.878408166362416,0.08014895556717114,0.018794900672407418,0.017117828242652313,0.00553014915535297
0.9213737325020479,0.04749502552011513,0.01105916922598271,0.015164652668598509,0.004907420083255676
0.9135683440391875,0.04370505341229823,0.016998729740553126,0.019664046558519777,0.006063826249441269
0.9210906892634285,0.04799772109888725,0.017162274646375597,0.010657662741113932,0.003091652250194906
0.7269428719002571,0.09833662080089813,0.1007606740219923,0.059977652780784846,0.013982180496067878
0.5856348159500754,0.27739377306957547,0.07326638885431888,0.04962018593873025,0.014084836187299967
0.8189769014999391,0.11539952950467947,0.03296024608442883,0.02367929037983103,0.008984032531121745
0.9110493911168299,0.04253237146328526,0.022006411972510152,0.019693310701773957,0.004718514745600563
0.9308335450513601,0.046316684586686974,0.008985120000967947,0.010290172059762558,0.003574478301222418
0.8504254030547739,0.08791187811224944,0.0342324670302257,0.0220212377424146,0.00540901406033637
0.9054571705768102,0.04789003063804651,0.025529869128546726,0.016469706525319948,0.004653223131276447
0.9538981294867769,0.019095741540562684,0.014753680141210779,0.009470572085052937,0.0027818767463969095
0.9389618942373532,0.026377639258592676,0.016075736966658302,0.014946143094265464,0.00363858644313043
0.8630361119070301,0.0679193674647585,0.04398946815454572,0.0190198759307026,0.006035176542963032
0.9423173261398575,0.028850696394889373,0.01311286399286452,0.012425655447552872,0.0032934580248354293
0.8421472222159581,0.07955237502225225,0.03904834246800961,0.030634624966286255,0.00861743532749362
0.8929303495318349,0.047932860129266126,0.02675481216558555,0.02541541384595471,0.006966564327358524
0.8370431830426889,0.090123414510065,0.036217899101828495,0.029514182475137554,0.0071013208702801365
0.8352727531059685,0.09301091620211703,0.041314057269711414,0.022536004879183655,0.007866268543019275
0.9464430901284169,0.014402325557368683,0.02192493584401858,0.012795013470771624,0.004434634999424104
0.9386906670661336,0.03231934445066987,0.014699737173928414,0.009959890982986086,0.0043303603262818
0.9007467458948871,0.03752272332240923,0.028056203326267244,0.025841322288575882,0.007833005167860545
0.9177785169307596,0.036764736467175624,0.019820366129617063,0.018846519101698364,0.0067898613707493265
0.9327812668797482,0.026581577247377416,0.021222935619202982,0.015840216760398023,0.0035740034932734213
0.9264193321717292,0.02637227562387181,0.03148600964963774,0.01229101807893717,0.0034313644758240257
0.8747984463863389,0.06564415671932256,0.03408162824794697,0.020367365968542574,0.005108402677849128
0.8699829431650786,0.07889186329073554,0.03130428352813905,0.014996041116608745,0.004824868899438029
0.913151915067078,0.0401982146408679,0.032334411034365684,0.010749387422178059,0.0035660718355103355
0.8428257418826308,0.10039209224342074,0.03073985332880963,0.01922155364785695,0.006820758897281973
0.8160496538019189,0.1055933889826317,0.03858677254912601,0.030006226367622586,0.009763958298700692
0.8936238997863145,0.07147316710158445,0.015583173043223549,0.013972112157158295,0.005347647911719194
0.915077620040404,0.05116926362197775,0.01582001225663463,0.012897442539112978,0.005035661541870649
0.8650077296551799,0.08639674024155403,0.0220583157728411,0.01850237956455874,0.008034834765866545
0.8623197535929437,0.07945499706985977,0.028322454166856813,0.023962956658767166,0.005939838511572739
0.8695375736785345,0.07397741179166553,0.02540775418314316,0.023474750740797284,0.007602509605859674
0.9224423720897486,0.03697456630331611,0.023735279648375327,0.011496390522603223,0.0053513914359569386
0.9153517671457915,0.04624567193956499,0.015313287149901673,0.018410951769162204,0.004678321995579593
0.9608139840800656,0.019325984581736122,0.007729104159210422,0.009265751647354261,0.002865175531633553
0.9331169972992366,0.03113357577394025,0.019126232486430653,0.012275514040932429,0.004347680399460105
0.9423786812804198,0.02868826253124515,0.014732106665971112,0.01079917107564086,0.0034017784467229722
0.9013609876620624,0.04568890534327253,0.017734893556492295,0.027181741643200415,0.0080334717949723
0.9208759513488664,0.0320140884706871,0.0253853444141423,0.01620262369288441,0.005521992073419722
0.7538400755658697,0.09448267440450772,0.09851790915426929,0.04265699338019306,0.010502347495160118
0.8246020899502626,0.06987278620607189,0.04558761170638765,0.05083175178056192,0.009105760356716177
0.8706467381021512,0.07920467273197246,0.025407338603472707,0.02019306540401962,0.00454818515838396
0.9398493214121462,0.027259730258348193,0.014551626033942973,0.015356629814404816,0.0029826924811578947
0.9318627267769485,0.03285445504421437,0.017554836949414863,0.014404368529343977,0.003323612700077916
0.9252704425365017,0.029575362329719364,0.027305993049309616,0.013489196331539466,0.00435900575292992
0.9141000225816458,0.05168551451242375,0.01087236398982442,0.017847375302398504,0.00549472361370748
0.9493442942931685,0.03148852412201018,0.008739866291202788,0.007472046200167452,0.002955269093450984
0.9008603301768551,0.05900013062944445,0.02033597996842182,0.014476841219323976,0.0053267180059546676
0.9003247095528643,0.043910915671807105,0.026763332608088632,0.02249380423034466,0.00650723793689557
0.9046394026061454,0.04691427720005755,0.023503083974750295,0.0178083057553268,0.00713493046371972
0.9151330777073571,0.047360980218936706,0.013776306247625502,0.016767856686424196,0.006961779139656463
0.8175109983641471,0.12173724859313881,0.033675898879341894,0.020296780717089864,0.006779073446282311
0.874671496406445,0.07953275556665332,0.021892031517559925,0.018172765478271714,0.005730951031070098
0.8259341138384032,0.08444236130495308,0.05192592523904145,0.028676012964358063,0.009021586653244328
0.9010015267464649,0.06209515558260082,0.018444170646834825,0.014459947333862204,0.003999199690237239
0.914686628772422,0.039431979852540766,0.027225907200830634,0.014254006105103625,0.004401478069103022
0.95796407963294,0.018471011997724465,0.014552930662976696,0.006219681162239652,0.002792296544119337
0.8773151029610232,0.0786808533716981,0.02448745974945609,0.013941649506722874,0.005574934411099817
0.9268174397666137,0.044489681005312594,0.013178639629129922,0.012589154606215278,0.0029250849927286563
0.961671804618667,0.013998959169889866,0.013411498842013434,0.009168631238416698,0.0017491061310129078
0.9302899673730737,0.028610862823135536,0.022354480980488436,0.014741211860005982,0.004003476963296499
0.8980047282615782,0.03622735041555497,0.04426044970868254,0.017468125883136128,0.004039345731048369
0.9607680507011818,0.014846434750429098,0.014513296515336596,0.008451937333859601,0.0014202806991930766
0.9154323837234676,0.03466038589570229,0.027722164318491786,0.0180669550406856,0.004118111021652698
0.9405604350172164,0.01716786724217555,0.02611584737822771,0.014053561871787277,0.0021022884905931194
0.9637914904731866,0.013581439186196531,0.01339936018816412,0.00780894557049944,0.001418764581953253
0.9234020611601276,0.022527888950979943,0.03237025878783489,0.01903166271676513,0.002668128384292452
0.8165597243968553,0.08472284004450444,0.05508617379751009,0.03719557114367668,0.0064356906174535145
0.9148046251216712,0.03776126110781857,0.0282660740931658,0.01556558751941715,0.003602452157927414
0.9127454859726223,0.0415984196345514,0.02672362810620802,0.015907713725714135,0.003024752560904052
0.9272549999399737,0.031597624995907694,0.02506911165041561,0.014125544718086072,0.0019527186956167942
0.9297144001033144,0.03195754471456789,0.022998012436956775,0.013237448253162537,0.0020925944919986533
0.8464453891397684,0.08755275391494058,0.03786993723905887,0.02424259688604389,0.0038893228201881303
0.9048268672561693,0.046429460673285745,0.03178054829968174,0.0140580399009239,0.002905083869939271
0.9171870989404081,0.027958704815672333,0.03287055940156023,0.018976526789830854,0.003007110052528699
0.8303574576131413,0.08135431853639638,0.05991356979242074,0.024072238141213276,0.00430241591682818
0.7865202208668296,0.10973499330822178,0.06577397725366892,0.031861392026603895,0.006109416544675758
0.839832704161532,0.08361458736807732,0.04652553709063694,0.02429727505986581,0.0057298963198880405
0.909307453484402,0.04738499531724795,0.02439234341154311,0.01598658973724279,0.0029286180495638196
0.8685118992001217,0.08307651097001326,0.025696533169249476,0.019286882864639913,0.003428173795975686
0.9124682960575935,0.05303491680218242,0.017881050881912972,0.014313466215102513,0.0023022700432087225
0.8179848701133235,0.07991913462172233,0.05585474871103414,0.03771060081937449,0.008530645734545098
0.9467406942374904,0.03344006416165896,0.010697148840650521,0.007663248431275801,0.0014588443289243068
0.8958520200539876,0.061011220738479775,0.027973349676209205,0.012412124818329642,0.0027512847129936503
0.9424682291389012,0.03330420817393896,0.012105996637862099,0.01058900525026085,0.0015325607990367618
0.8759294579710251,0.07691418629398204,0.02742375765112122,0.015368546704970946,0.004364051378900708
0.9082037603408086,0.043465690411734516,0.02522121406412674,0.018072666134671865,0.0050366690486585205
0.962276626356318,0.020164374612506947,0.009499764369264896,0.006674982159472134,0.0013842525024379195
0.9489819683975229,0.027395718063525334,0.013286788660235502,0.00834449308996284,0.001991031788753283
0.7596609265933448,0.13229088915573303,0.06017749353010408,0.03702217857060221,0.010848512150215858
0.8237173238540934,0.09590998667961372,0.02900813224221091,0.04388043652956488,0.0074841206945172566
0.8711547569337842,0.07394202523076948,0.0261269602927688,0.024982929744757375,0.0037933277979202325
0.8471853678291297,0.10227741102067883,0.028753119461015452,0.018694656140300612,0.003089445548875254
0.7485925283005803,0.15660366324732483,0.04084438350477394,0.04804688556085154,0.005912539386469253
0.9554127907855122,0.027577383532613447,0.008583881139214782,0.007169157379509975,0.001256787163149696
0.9706327623663838,0.020735217081427795,0.004181691137579933,0.0038626125791230365,0.0005877168354852652
0.933338847400995,0.03857326166416353,0.017957640363470483,0.008718552011091844,0.0014116985602790474
0.9139843916091653,0.04367478814923363,0.023858911046614698,0.015137826195184565,0.003344082999801896
0.8384003915650748,0.06012693247168653,0.06234962480993335,0.03188221176166565,0.00724083939163953
0.7072849066666986,0.17262126306397782,0.06853441379610342,0.046025180870250856,0.005534235602969441
0.8405197241134404,0.06407213653172002,0.04418437290155613,0.0470134920706404,0.004210274382643189
0.8293888622017678,0.10680471172144666,0.03341019453504903,0.02680138421540752,0.003594847326329151
0.836791138007306,0.06957397463928876,0.0573562052606094,0.030859838578512017,0.005418843514283606
0.8678994222318663,0.08071080300102351,0.03206537053023471,0.016636522006886447,0.0026878822299889345
0.8161952628657368,0.12320548715175149,0.031338609519207174,0.022958712227598838,0.00630192823570538
0.8326578518589315,0.08382083253612226,0.0357778363769815,0.04053811598980248,0.007205363238162222
0.9385557167021155,0.04111518436232578,0.009161148010469765,0.009707388063561102,0.0014605628615280395
0.9159148733951898,0.03098081186197759,0.030150573833612148,0.01996034823518925,0.002993392674031235
0.9131719963846968,0.04823409677885106,0.02201828595297298,0.013772054273185811,0.0028035666102933497
0.866219372223448,0.09398163488303361,0.02263278552779258,0.013784625796087507,0.0033815815696381624
0.870202891009815,0.05782141682048912,0.04616102735466546,0.022892082849298976,0.0029225819657314523
0.9287014670384417,0.03455516244957984,0.022060997941832472,0.0126197122573503,0.0020626603127957464
0.9351544636339891,0.029319044323344676,0.022145974171182862,0.010874746485285722,0.0025057713861978475
0.9135605832509296,0.05290108011990503,0.014413311803011235,0.016530844920005398,0.0025941799061486746
0.9047700133638888,0.05854090399873558,0.018451329787939494,0.01432734018357237,0.003910412665863606
0.898435677342798,0.05955197599242885,0.02376339883969517,0.01528345481506558,0.002965493010012591
0.8696577140878428,0.08329119684950727,0.02990786763923576,0.014340002330226642,0.002803219093187381
0.7372999742395274,0.15567208244817554,0.05561548892882249,0.04142170466681099,0.009990749716663508
0.8970612303244255,0.057042574282599505,0.02698570247505915,0.015414304445332278,0.0034961884725835846
0.9187704175720154,0.037954504378979396,0.026500964052226152,0.013625983084021812,0.0031481309127570204
0.9108949852307248,0.04145420360166513,0.02908685095312936,0.016608570276373223,0.001955389938107553
0.9005557469686167,0.048048886819329915,0.023643246771535464,0.024240513097548166,0.003511606342969573
0.908275155353232,0.053266300504987624,0.019441596833226316,0.01674233069575589,0.0022746166127982537
0.8452521501506381,0.08894518011468593,0.042803522050695195,0.01979480351164654,0.003204344172334334
0.919000463446312,0.04363110685001045,0.01912574513441434,0.015833462387090207,0.0024092221821728405
0.7996095477516261,0.112093808948844,0.04592721840648277,0.037814069063551635,0.00455535582949519
0.9121439489202873,0.040566835936273866,0.021709425461983966,0.022022833409802496,0.0035569562716524644
0.8500807206575998,0.10248053845494799,0.02107182366143061,0.022966897221696324,0.0034000200043252764
0.7561882068747522,0.12796608816476715,0.06750277840362374,0.03838613029021545,0.00995679626664147
0.8796026724952047,0.07069410922800878,0.024322323360742335,0.021201270898934598,0.004179624017109684
0.8779682386432479,0.07412692011612157,0.029197710112777345,0.015591574959323768,0.0031155561685295052
0.8921276192560805,0.06799880809084095,0.015842951720567863,0.020341345294378397,0.0036892756381321844
0.9128848063346852,0.05022791832732348,0.021278310856079556,0.012771533828572117,0.00283743065333934
0.90634993954017,0.057836274424131924,0.019044871539177846,0.014932831558328703,0.0018360829381915797
0.9581455940791131,0.025730731870360374,0.009626898406784188,0.005011399856364954,0.0014853757873776199
0.9523588630425482,0.02396622774849034,0.010941761161567485,0.01073493904539328,0.001998209002000736
0.915539246530152,0.043173537713868455,0.021879931865763497,0.015961067448884588,0.003446216441331358
0.9025805463455453,0.06958522521229385,0.01482201661153905,0.011211971725644853,0.0018002401049769048
0.9375693382837104,0.03160224240908083,0.013705656223277442,0.014358942582461122,0.002763820501470284
0.8931973955515742,0.057920217832372854,0.027045560321983894,0.018331425444843636,0.0035054008492249942
0.9320374039755337,0.0318263159894356,0.01837221013239311,0.014469522673657864,0.003294547228979929
0.9611463780540934,0.017554386520819507,0.010868811774123533,0.008680700706693112,0.001749722944270415
0.9393373108765461,0.04241811477213506,0.008365254739094765,0.007273955251049192,0.002605364361174911
0.9536970438829552,0.029257549868282006,0.00864956022513375,0.006670765425180791,0.0017250805984482228
0.8603522660388352,0.10509959334191661,0.019306405790381415,0.01181309678768859,0.003428638041178335
0.8772780417382574,0.08135457003709028,0.02449354638071355,0.014257246789918743,0.002616595054019849
0.755995316336594,0.09807146202462343,0.05865315410236423,0.07901821423475668,0.008261853301661522
0.8210858407175894,0.10084578464916613,0.04314128529292208,0.030776823914940278,0.0041502654253821715
0.757889102927377,0.12987303211339457,0.06321298845485697,0.04365081561616276,0.005374060888208903
0.7777903242182751,0.14300778407014275,0.04299994650739385,0.031270905402124675,0.004931039802063666
0.9030754359941817,0.06799710058155066,0.013567790228095586,0.013799430907701587,0.0015602422884706322
0.9259858460115941,0.04162763674640695,0.016591626601492444,0.0136244830634264,0.0021704075770802604
0.9113705727281886,0.04327888739866684,0.02398856503702841,0.017734243293872468,0.003627731542243751
0.9219403360656168,0.05328352567379225,0.012443149417801115,0.009563219586505375,0.0027697692562844546
0.915687800686434,0.05303514725722119,0.01580120452596556,0.012277858325149023,0.0031979892052301424
0.9760610001418009,0.012928577554484452,0.005624279455229686,0.004080535713748117,0.0013056071347369016
0.8322900784967696,0.12466480805549826,0.015262398805582264,0.02450718391375017,0.003275530728399939
0.913532397032035,0.04464859753382196,0.020056252224852026,0.01895294392968126,0.002809809279609921
0.9492731423576655,0.03206660620306947,0.009672380928501317,0.00755421474688775,0.001433655763876042
0.9498385569491681,0.019446226128092322,0.01857593898814668,0.01035218072476295,0.0017870972098300453
0.8967584483850063,0.05649312470853496,0.018144456077817735,0.025757499187186225,0.0028464716414544518
0.9364797860547396,0.03561769936787617,0.01629264186663021,0.010102740963041224,0.0015071317477130955
0.867581414236911,0.0959763442018346,0.01731282092383637,0.015551847318985632,0.0035775733184323943
0.9144767500837574,0.057913020419718714,0.013113073762837622,0.012764418481863526,0.0017327372518226346
0.8754934541289091,0.07694971048025544,0.02287151202386959,0.02079314078949977,0.0038921825774660937
0.9103743929795739,0.052739136715058456,0.017404282781126136,0.01727184160260477,0.0022103459216367524
0.8652094727290673,0.04937723838446653,0.04539998579950177,0.03497899697966509,0.005034306107299426
0.8950619812172148,0.059926573934408575,0.018813242294616873,0.022387560119634543,0.0038106424341249755
0.9284176915622829,0.031306787018925065,0.02155250188815554,0.016352794292216706,0.00237022523841951
0.8569553503741246,0.04954255897991255,0.04893381010047394,0.03977035898510192,0.004797921560386888
0.9021690754183163,0.05636962216829988,0.024701516373488396,0.014436257633720528,0.002323528406175107
0.7817202361045044,0.14243803863887405,0.03289555612986931,0.035456953939767284,0.007489215186985304
0.718187161197195,0.17768792891931157,0.046681951132330535,0.04623547455567443,0.011207484195488468
0.83593651696376,0.10011358941980567,0.035023127189387236,0.023062786388540642,0.005863980038506358
0.7773060393924738,0.18389838454028684,0.02663979373679063,0.0065262794524496015,0.0056295028779991246
0.8726250442199011,0.0653134464338514,0.017822351689729773,0.024059087834457996,0.020180069822059693
0.8901879666929047,0.07137824659289328,0.017083439048778716,0.015040132926928544,0.006310214738494745
0.858086133756992,0.08079691904129783,0.025657555611708984,0.025071319727003088,0.010388071862998097
0.8529736565552505,0.05904812756814014,0.040068037525143874,0.036124792193502446,0.011785386157963337
0.8719406488727282,0.05602082192262631,0.03063994423113993,0.025071051337630035,0.01632753363587551
0.8326025624274117,0.10121335785839079,0.021187251784246595,0.01972292256937004,0.025273905360580964
0.8157569751193954,0.1111429910900081,0.03692730314708955,0.02186187331980603,0.014310857323700911
0.9039160746364233,0.04550716626574094,0.022420196509647782,0.020503548268521785,0.0076530143196660355
0.8054658494017489,0.10288803098747733,0.04971054054456975,0.026915732871760075,0.015019846194444039
0.843569372900742,0.10264887773125463,0.03518262005457545,0.014155346415894136,0.004443782897533786
0.9102165204597634,0.05481494645829745,0.01772242979362884,0.013893202975588721,0.003352900312721486
0.6503654604332829,0.19885529566192112,0.07751682400834446,0.06149674577841757,0.01176567411803398
0.5776363167533967,0.15372535576341048,0.07134722903218169,0.13895256858408409,0.05833852986692716
0.9199279110955445,0.039955670881334754,0.020037191877262668,0.015585285490928743,0.004493940654929013
0.9364497765850626,0.029548446866758334,0.020997552115323587,0.010311563761035859,0.002692660671819949
0.8367486296512376,0.09627132521493108,0.03535408172961051,0.02658403489278249,0.0050419285114382765
0.8875303245965789,0.05482814937737221,0.03293431782456439,0.02185306221796234,0.0028541459835223658
0.92558316990228,0.04452158541017701,0.015850079649838804,0.011987150495358014,0.002058014542346084
0.7810859002114745,0.12520449293409514,0.052106745632535784,0.035228027748711935,0.006374833473182644
0.8337155140004787,0.07898689542706934,0.03898932315460864,0.04252648110540417,0.005781786312439346
0.9512139498299608,0.021600292282432425,0.017501351826340394,0.008376163720382336,0.0013082423408840814
0.9334186190029315,0.027092074707706644,0.019177553269044616,0.01746838586824559,0.0028433671520716377
0.9109768671836136,0.0480563153250758,0.022699368861669192,0.016148404023720822,0.002119044605920571
0.8476261102141225,0.06580048310648183,0.04650088017111707,0.03525841587767524,0.0048141106306033325
0.7797291267891245,0.10880563045271525,0.06614260403163467,0.0407869117830166,0.004535726943508961
0.9569429865966838,0.014737854085905123,0.016269837823368483,0.010647859461503217,0.0014014620325395796
0.9509409017499529,0.016951111100707277,0.02001019976299251,0.010974501550267085,0.0011232858360801588
0.820011688328202,0.09716326927976962,0.04733713475722672,0.031283538832146705,0.004204368802654962
0.8648440298213845,0.0682144092873505,0.042527018864528116,0.02170665965311499,0.0027078823736216397
0.9136741944962298,0.032967513164978084,0.02612989123746458,0.02356117179072237,0.003667229310605331
0.9631555365273733,0.016896736993070434,0.00864033175038331,0.009267535037905844,0.0020398596912671765
0.8943931176681146,0.055534649979274806,0.029796463786545966,0.017629132137344492,0.002646636428719966
0.9426103049408798,0.027022591952925275,0.01719799049459697,0.011473404604414377,0.001695708007183248
0.8938477295310852,0.05809542783396349,0.0264162850413562,0.018930488204307278,0.002710069389287921
0.9378903207746524,0.026159397237549755,0.02253931174997419,0.011502185007010439,0.0019087852308135702
0.9410428677856758,0.03678341720818073,0.012595875072895023,0.008420462790279113,0.0011573771429691222
0.9158402017852699,0.04824451081145747,0.02119759868145897,0.013280163833026394,0.001437524888787193
0.8500730181133928,0.07384714642810497,0.04729313107515925,0.02541668606982063,0.003370018313522399
0.9450769227247955,0.027684563855921836,0.015179835221964618,0.010597265601483758,0.0014614125958344842
0.9101387928408238,0.03709551297770215,0.030458348495130256,0.01969009935253536,0.0026172463338085656
0.9142628640766939,0.04242809396711303,0.026673210879988758,0.014284436078580891,0.0023513949976234983
0.8933613485832338,0.040712209006679385,0.036562801638477645,0.026609999716869146,0.0027536410547401367
0.8294475071888964,0.06180306586881083,0.07486966819751534,0.030130458633179757,0.003749300111597553
0.9323568037348942,0.031547410848352934,0.025519031368744328,0.009158945791247137,0.0014178082567615268
0.9232761727627217,0.031289444637811095,0.028771555127001667,0.01525904525093025,0.0014037822215354017
0.8503684094110919,0.07462100561463084,0.03654335617511027,0.033431460817131026,0.005035767982036069
0.8136846370052094,0.11385538114077785,0.03857451641881251,0.02862386552906782,0.005261599906132142
0.8697130285996542,0.04927204923473081,0.045754951666458155,0.03148091505149769,0.0037790554476595044
0.9378053999683045,0.02572518176984646,0.02038107299960976,0.013117265856426356,0.002971079405812923
0.9294096651467898,0.03384630351438936,0.023247505127314043,0.011750171820046052,0.0017463543914606082
0.9148053163485262,0.03993456364347957,0.028400910137127575,0.01433018333920138,0.0025290265316652936
0.9063077517706418,0.03993280273160878,0.027288615878590983,0.02362078131652211,0.0028500483026362468
0.8462534273072178,0.05776641436106524,0.046945963910172445,0.034473723356232625,0.014560471065311996
0.9313662406003127,0.015683469303763853,0.023558302302836842,0.02504801415656574,0.004343973636520918
0.7379255044632799,0.022831419446483998,0.11927724710668236,0.10858983108805262,0.011375997895501306
0.3422528532589253,0.09131835265237305,0.38742168940046334,0.16715292899367243,0.011854175694565715
0.7189617995497494,0.05303523282509442,0.16910777568377236,0.054562682214658084,0.004332509726725855
0.5983615009658468,0.055453820070395024,0.20026400248490692,0.13596265451541165,0.009958021963439515
0.5936617285473216,0.04658770675125021,0.2379449338574068,0.11133007957582756,0.010475551268194102
0.9128026950927104,0.012366071764682752,0.055719571407364804,0.017371830781516162,0.001739830953725903
0.9293554386013394,0.019996048655007127,0.02877883539816102,0.019853196133216414,0.002016481212275896
0.8648331841976667,0.07821882318660349,0.03505521188477837,0.019272814516349,0.002619966214602406
0.9158242986696463,0.03426868077879399,0.027820626633266232,0.019549775649009074,0.0025366182692845756
0.8835545934678025,0.06071887445967569,0.02780737852698287,0.025053669222941184,0.002865484322597935
0.9241292493229959,0.039272970617000025,0.01676623489978499,0.01733432871328239,0.0024972164469364176
0.8732277314737898,0.05538647254679372,0.04395800794384778,0.024218738766423466,0.003209049269145011
0.7949015871330832,0.08679043365768263,0.08431469575535996,0.02966054751000149,0.004332735943872679
0.8513119820418577,0.08031486124690329,0.039791604130861566,0.025295353119675158,0.0032861994607022143
0.834382163480959,0.0946003804797626,0.0441962325210893,0.023190531134996095,0.0036306923831930416
0.9153250590727676,0.024918286111674775,0.031214455610103217,0.025482869276089434,0.0030593299293650597
0.9290156624895283,0.02534075085212176,0.030062833829098645,0.013494615155587315,0.0020861376736639905
0.8884163517547518,0.06598904173834456,0.02729327936839475,0.016076916457477206,0.002224410681031749
0.9340902421984472,0.03152398171898215,0.018541482388914704,0.013781432697177347,0.002062860996478769
0.9581457078095368,0.019910794832416572,0.011092939107281307,0.009431118394399312,0.0014194398563661431
0.9043097968596099,0.0478250483833622,0.03337507825445559,0.011850252886374852,0.002639823616197432
0.9004191092942018,0.03427526529930462,0.0376110807807033,0.023895563160338706,0.003798981465451659
0.8980846961603722,0.0491442609991569,0.028529564401517674,0.021208906297639822,0.0030325721413131082
0.8327080228999102,0.06504966931131369,0.06408102833006207,0.03190042944166851,0.006260850017045675
0.8979993425548138,0.0517347142591437,0.03616377423910262,0.01182327623706738,0.0022788927098726934
0.7301849234531691,0.10208543594602022,0.12283058291696082,0.038151943228061966,0.006747114455787806
0.9126620324261603,0.050176189520844613,0.022211020590029582,0.012478686372802665,0.0024720710901628444
0.9481126047948085,0.02947465519428063,0.012176344094204615,0.008571177260464743,0.0016652186562414446
0.7741991496849494,0.13855531983837838,0.044167553168793464,0.03747428408664005,0.0056036932212385985
0.9377882727684707,0.02740272026697956,0.017105674147382913,0.015319349350459423,0.0023839834667076657
0.903410952201159,0.03236545848294026,0.035015324236510936,0.025876534998487286,0.0033317300809025856
0.7850950085735411,0.11500115131462271,0.06946734774098837,0.026246362699319122,0.004190129671528886
0.8414997063413782,0.09714912273140129,0.029663782765677788,0.027668730717816028,0.004018657443726799
0.8023119083409016,0.09131269820226956,0.06614699486917584,0.03493999300459758,0.005288405583055345
0.8923769572374968,0.058944310741344576,0.026166575224834364,0.020120506471194843,0.0023916503251292897
0.8913084528670555,0.0385790902486042,0.042554274130891884,0.023670956694797837,0.003887226058650489
0.905300701035476,0.03604843735498081,0.03589432098907835,0.019304225715617917,0.0034523149048468413
0.9549640718188472,0.025696301332435376,0.011442142903122085,0.006579730287267316,0.001317753658327855
0.9228871055553163,0.04305254807288263,0.01811844106236368,0.013084075563683496,0.0028578297457538962
0.8476588860296684,0.08815943179168033,0.03544740574020275,0.023579571092485613,0.005154705345962889
0.9329724332347407,0.03535500897834893,0.021850133744890983,0.008163636837947776,0.0016587872040716516
0.8135772628534055,0.11023558456837441,0.04950859849520271,0.022326752772278517,0.004351801310738975
0.8490312700677071,0.07410990114102306,0.044371569245319806,0.028384901172988263,0.004102358372961785
0.9389719027572057,0.02290154200707381,0.023738162661331663,0.011575057681280214,0.002813334893108722
0.8960562984655334,0.03360061000608602,0.04458310724818667,0.022048621085333526,0.0037113631948605197
0.93165011848193,0.025507822522003443,0.028196438768648215,0.012727336820328812,0.0019182834070895776
0.8134508195346699,0.11673106074209573,0.044423656553777106,0.021010201247288866,0.0043842619221684045
0.7839126685994404,0.15366087610974527,0.03961363547700518,0.01948140535634241,0.003331414457466785
0.8818000548023137,0.07158045741985207,0.031457594579998145,0.011688901419711233,0.00347299177812484
0.9154623605186963,0.036826169527824755,0.030338900081352843,0.013776086905712043,0.0035964829664138524
0.8805223905524346,0.061185726437730494,0.029517462731652427,0.02407186724182965,0.0047025530363526665
0.8786142123210173,0.05387844812306622,0.0376527186545744,0.025039205889440985,0.00481541501190122
0.905375609568696,0.05521215000665517,0.021671136766819463,0.014513681430797558,0.003227422227031817
0.8308259238033812,0.1176807609915567,0.02510742223026387,0.022132119875001598,0.0042537730997966585
0.9203635100342193,0.04346668777555714,0.024003304260272085,0.009899836470581557,0.002266661459369676
0.9418073556210239,0.028592572672030504,0.019447536929126166,0.008379924612441011,0.0017726101653782508
0.9177456856338023,0.03691028152241075,0.02694375243440495,0.015727723630912956,0.002672556778469101
0.9226788503483662,0.04608703036111017,0.019555384127479387,0.009568437438488708,0.002110297724555889
0.7548813503517898,0.15199104435878735,0.06024882807286506,0.02909389980176057,0.003784877414797248
0.8683617217501393,0.05898549798226627,0.038175345659452346,0.027999663911677266,0.006477770696464712
0.865091770308032,0.08126321711394245,0.03406090173614881,0.01673122912535809,0.002852881716518673
0.8677164665371956,0.06363322936618863,0.036280392682927404,0.02711167177540548,0.005258239638282868
0.9425384945160148,0.027543429256857765,0.01669949612850851,0.011359918035582903,0.0018586620630358626
0.9490146103532103,0.018255448856868386,0.019021551318423778,0.011281654970739447,0.002426734500757862
0.9480204462861018,0.023777935098088752,0.013863034397836586,0.012403010779981896,0.0019355734379910455
0.9413721473998345,0.025587066883473533,0.020455859291586182,0.010582847742267474,0.0020020786828385505
0.8781209054107111,0.07239330215531768,0.02677449528413269,0.018905708507231576,0.0038055886426069004
0.8036974696849535,0.09588256078500305,0.05937405472901571,0.0325253063159274,0.008520608485100323
0.9547329026731775,0.02583120854996107,0.009942673644965663,0.00741116999946009,0.0020820451324358056
0.9524819854474846,0.0260738497868784,0.008429323827575719,0.011046134092813924,0.0019687068452473896
