Delta_Power,Theta_Power,Alpha_Power,Beta_Power,Gamma_Power
0.889297970012925,0.07394232442029106,0.016403013282617302,0.014865513930870908,0.005491178353295746
0.8887915024187417,0.05622829051193005,0.02423230371391295,0.017374678987446848,0.013373224367968208
0.7688005084970129,0.10512340632407605,0.036622976844033706,0.048433886248015305,0.04101922208686203
0.834378059443482,0.07752357700830716,0.015364259368120848,0.030883067009979694,0.04185103717011043
0.7047615774683491,0.08608900963794794,0.025199709910180366,0.0720662450779024,0.11188345790562039
0.7671826489551801,0.05165608717509172,0.028769990293360612,0.06761777878841126,0.08477349478795623
0.6304165022886883,0.10274434445710048,0.03420960289126622,0.1095608426364768,0.12306870772646819
0.853863319053825,0.0819612370156467,0.02403093558573727,0.023616127783470366,0.01652838056132063
0.752729122578333,0.17633620466120134,0.03340503666857999,0.02837382745292212,0.009155808638963647
0.9485089675038311,0.03280406363507458,0.009326278876629424,0.00740372757121826,0.001956962413246518
0.887879236248647,0.08344457786105759,0.013393619615513202,0.01113802262117022,0.004144543653612223
0.9235071244074251,0.03211805472368283,0.01921456496815787,0.015808469919424167,0.009351785981310187
0.8809980302393391,0.06785669324701885,0.015797803008054816,0.020682079598576212,0.014665393907011201
0.9498819624579553,0.024022357540057566,0.010555678723900373,0.009227244772711637,0.006312756505375273
0.9453204742269823,0.02978775336626185,0.012859221756933192,0.00883168740007856,0.0032008632497439633
0.9028540811659785,0.05963735067694238,0.01699273169366647,0.015928070035225023,0.004587766428187577
0.8654821516858342,0.06596474264621023,0.031166883188680748,0.027847793254259512,0.009538429225015145
0.9159408059600571,0.0578293549480488,0.011696604606212807,0.010931199412342538,0.003602035073338771
0.8672972854514539,0.08310816196040437,0.025081203177487153,0.017392690172608694,0.007120659238045889
0.9260245499651608,0.03140569321444052,0.010575198899933917,0.014697139900547449,0.01729741801991717
0.8226901341001023,0.07950590552878914,0.03425325744332231,0.03586448890315008,0.027686214024635985
0.7647947613559326,0.11194383507653435,0.06473959440342932,0.036590667342058646,0.021931141822044937
0.8343475864916388,0.07543328418151435,0.024923605889820896,0.035107653565615016,0.030187869871410977
0.7677703055615421,0.03050379137276476,0.015114409439638368,0.06768156530842628,0.11892992831762857
0.40367795871660506,0.05112388043734235,0.019620715614546386,0.2047729216445634,0.3208045235869428
0.6972958635425878,0.06376712178929732,0.014460322721582243,0.10326355533624042,0.12121313661029248
0.7298578833140011,0.07828885028403755,0.026827931065885553,0.06644838045214894,0.09857695488392683
0.8263656860072696,0.03690175739306649,0.022656038072595548,0.047106273288137324,0.06697024523893105
0.6516555558977943,0.12228249512455999,0.025603926239576295,0.10018702371873921,0.10027099901933027
0.792005418304596,0.04202100906753564,0.015750290844303395,0.06762063979856914,0.08260264198499566
0.6384166005369868,0.0845820121622995,0.0347576691595287,0.09225566487105387,0.1499880532701313
0.6457217184259115,0.09660166466769181,0.03693507718946663,0.07490101882565198,0.14584052089127808
0.8400071351120705,0.0344940084968611,0.03404896749148751,0.04331845316632672,0.0481314357332543
0.7420442213608185,0.08133649040662963,0.048404452946474885,0.05633398344527144,0.07188085184080562
0.9156717357741779,0.05534282241389145,0.01374242460331542,0.010494940518686137,0.0047480766899291515
0.872032325691611,0.09101176670369514,0.01727426671690567,0.012873649630156855,0.006807991257631293
0.7610828666788703,0.14608208336538048,0.03821512002142722,0.04091804730169549,0.013701882632626587
0.9154906805329354,0.04667618299225691,0.010067299622620712,0.017914732209205638,0.009851104642981376
0.8052919365409095,0.06188196366601343,0.022844744671612675,0.05047238050455878,0.05950897461690573
0.8802732111741944,0.07793329865860583,0.015816377624249412,0.01787996592289858,0.008097146620051867
0.7760632477807229,0.10120657604932168,0.03488558168113644,0.05126502526951108,0.036579569219307835
0.6925665759417688,0.07189536223371769,0.017496773731862363,0.09053887440149777,0.12750241369115334
0.878974489088482,0.04404658551323689,0.011681873713802452,0.03141634071050277,0.03388071097397599
0.7276924684890693,0.07339865069575012,0.037076693889048384,0.07503838917564384,0.08679379775048816
0.792591422947381,0.07266309340988203,0.020822686019059324,0.05887789840469335,0.055044899218984124
0.8204782967297457,0.0821915225939171,0.012031867434489791,0.044500631426062434,0.04079768181578491
0.871616491275775,0.047672779195506325,0.01803234258392922,0.02771563049108529,0.034962756453704044
0.9406607502649139,0.03147547428124072,0.014303322561989807,0.009776577191972141,0.0037838756998837706
0.8510334688972814,0.08369788491582014,0.034025937360202214,0.025316060541558834,0.005926648285137322
0.8789694790626355,0.08575071853649588,0.017464060133411643,0.01361160966832303,0.004204132599134024
0.7879341407345481,0.10107138961521736,0.02551603956836821,0.04121052199320123,0.04426790808866505
0.7920923471164829,0.07050101192839305,0.024801820042275973,0.04666006859426729,0.06594475231858082
0.9205920144663545,0.051266463066456304,0.013367479687772636,0.009933020148028533,0.004841022631387918
0.7693357390488651,0.14049096151295762,0.029755669104526084,0.041102510260522175,0.019315120073129192
0.8659298527806397,0.05275584568453902,0.021925087010698778,0.031208808199525734,0.028180406324596775
0.8802981779783822,0.05414209729858347,0.013472938736497308,0.02584161726705594,0.026245168719480922
0.7163531638056378,0.14483787848229449,0.019933050873973342,0.06510660611565286,0.053769300722441474
0.7196306290764519,0.05059072713927687,0.03494663941408834,0.09459938676257008,0.1002326176076127
0.894608142774728,0.03797188151194193,0.011924622483003305,0.026594196683004313,0.028901156547322147
0.7759272794604097,0.09045569107189645,0.017825487999506423,0.05004438453665131,0.06574715693153607
0.8540372368569683,0.04469744968021701,0.012069946712521928,0.036364920939431895,0.05283044581086062
0.6808047055840482,0.08398159471593632,0.0436215780811291,0.08385371287381034,0.10773840874507606
0.8248957952610814,0.08799754241229109,0.017839643397017702,0.039308731893145425,0.02995828703646422
0.7133618878452372,0.18725736335202336,0.03962420097126802,0.041999653351402204,0.017756894480069035
0.855512706757542,0.08272209837672409,0.029274946752251906,0.027029663253897107,0.00546058485958524
0.9026029736191276,0.060839137216103525,0.01604375078944787,0.01587818106194686,0.004635957313374143
0.8891611554593712,0.07999982317296232,0.011469766821927355,0.01426015455170236,0.005109099994036755
0.8666379426178248,0.07184523184325046,0.014099503619050312,0.026076749319002,0.021340572600872493
0.8602724698903856,0.05457419299407959,0.013368397386616639,0.03908718017533217,0.032697759553585955
0.9357736780301393,0.03905507957363478,0.011169112906782975,0.010178965899669679,0.0038231635897730877
0.8279462011535152,0.10864279664776975,0.0285208227456193,0.02498817529307983,0.009902004160015897
0.9278771189604806,0.03699784358094788,0.01539849325858189,0.014398538215942138,0.005328005984047609
0.8601680316380124,0.0830520539346833,0.02588350600632527,0.020436221674788656,0.010460186746190578
0.9264039467926369,0.04523020023339593,0.016178929846885202,0.009797085071724063,0.0023898380553576673
0.8957497387798041,0.06847236688589133,0.015101655519006087,0.015394915558034055,0.005281323257264508
0.6529824687956888,0.08011950925689465,0.026135431151703487,0.11470597487887607,0.126056615916837
0.5505358130408534,0.08239343904016769,0.02479412466809225,0.17504134147014844,0.1672352817807383
0.744360514635231,0.05944526682659416,0.023927637242644562,0.09188356459361822,0.08038301670191215
0.7494115210761315,0.12863777244900057,0.04566234844608207,0.059439143006605855,0.016849215022180036
0.6213989460842878,0.12154491804475202,0.037248641290527996,0.10807264930143846,0.11173484527899344
0.7278268330535892,0.08264414208073284,0.03168711499807403,0.07654252456472378,0.0812993853028804
0.947093757807955,0.023999166987152605,0.011561096652948424,0.010573918888709448,0.006772059663234614
0.6405109893747655,0.10583653972482204,0.03527420669540862,0.11015652184078428,0.10822174236421947
0.6968768046198625,0.0640409438989426,0.022137559153219737,0.0852823964468909,0.1316622958810843
0.8901693187563798,0.021206170324967025,0.010088232523539246,0.03306457151164172,0.045471706883471984
0.7669034060964944,0.0639663659584403,0.016334043975958036,0.06154084624939769,0.09125533771970941
0.6476183752870011,0.05188699339917199,0.023407364327549834,0.16346900706214904,0.11361825992412783
0.7515492229362227,0.04724940258500561,0.028878930531567384,0.08825284101074134,0.08406960293646332
0.8549028668999185,0.09122273566973527,0.027066843820466632,0.017252504158079177,0.009555049451800407
0.8924163219238208,0.06701663800686113,0.01930922014158219,0.014969927733462039,0.006287892194273893
0.9579534882170696,0.02387374641726082,0.009273720259348235,0.00694837192758355,0.0019506731787379212
0.9092745269963785,0.04395957219369538,0.020275369503846945,0.020435900959935825,0.006054630346143398
0.7911886359330724,0.1280618168915297,0.043644575554037446,0.028787862129263445,0.008317109492097128
0.7396935956755116,0.100739339079575,0.02123168157218161,0.06942661757083944,0.06890876610189223
0.7218325541725543,0.0940299955606156,0.03632898221747439,0.06826750555829983,0.07954096249105598
0.6444055267487774,0.08025628514348493,0.03890986580401231,0.10265361930312034,0.13377470300060498
0.9309270512685247,0.04824962123268917,0.00950404417404133,0.006672620871298697,0.004646662453445854
0.9323523551707154,0.03544133731942158,0.014829019589751751,0.01026121376506439,0.007116074155047069
0.8371866379461542,0.07502413624188303,0.0498432150748926,0.028538517781492505,0.009407492955577438
0.8576370082012194,0.10281770343747006,0.022780533017648683,0.011812352530417165,0.004952402813244854
0.9259936037752416,0.032215202022809475,0.011952395432121362,0.01804134956427327,0.011797449205554457
0.8985320646461834,0.04298579287500407,0.012611815468562033,0.0247075369710611,0.021162790039189427
0.8905360702905608,0.04586558820242875,0.012298194492803628,0.025233140074618226,0.02606700693958858
0.8261830979068061,0.08447702999483632,0.01868280902693668,0.035580674435557916,0.03507638863586284
0.6767048350645425,0.1370552905042256,0.0528447822095262,0.07212422664833537,0.061270865573370324
0.7958506405394457,0.10389149683219724,0.03247176122556416,0.041153905036805154,0.026632196365987827
0.8508019922609835,0.059305542430732924,0.03432824032007048,0.030434668726633328,0.025129556261579793
0.8410052304673943,0.1054142009856454,0.019115059888475637,0.022574903364943135,0.011890605293541454
0.774247012425863,0.12963876000740615,0.0359888115785688,0.039698172133956926,0.0204272438542053
0.9542240974878374,0.022334088537964432,0.012267129413191812,0.007333501657768279,0.003841182903238417
0.920465794314782,0.04117774155457439,0.017532237257819976,0.013533234887671268,0.0072909919851523956
0.8702188920191469,0.0748174627558545,0.02205040875894463,0.021261705911828535,0.011651530554225275
0.9252095760626107,0.029335210352440685,0.01225559518160926,0.02053747536211084,0.01266214304122858
0.8907410546597707,0.05663614585997793,0.018991245306101814,0.01951122865141676,0.014120325522732798
0.8886069177225763,0.05637407127159007,0.013181453820411953,0.02442363330642696,0.017413923878994424
0.8424650082017144,0.08699408926881687,0.024664232571634342,0.025443289669590766,0.020433380288243687
0.8808280611273701,0.07543441765010558,0.021160244794708637,0.016532973366248517,0.006044303061567166
0.9388534452231966,0.03972088763110812,0.009236936982801444,0.008710504348146592,0.0034782258147472503
0.890048834553359,0.04865312006778392,0.033467212341237666,0.021555417672169043,0.006275415365450453
0.930593315159099,0.040129843589732705,0.012661001628938044,0.012580390834387632,0.004035448787842605
0.8518560929939599,0.06595589965171778,0.048609114218824835,0.02429806821172076,0.009280824923776744
0.90104494733329,0.0641915541125617,0.014955389982512942,0.014248651041240474,0.005559457530394879
0.6636530442784192,0.1887097759881871,0.06592689706739858,0.05720808858153916,0.024502194084455992
0.906401249925445,0.0621159820153386,0.013417925543060519,0.013280947293334424,0.004783895222821512
0.9174142635158096,0.05449775716728898,0.01519688712425728,0.009745260214545871,0.003145831978098277
0.8009076076740655,0.11946886733482726,0.046057635908067586,0.022731822663181613,0.010834066419857919
0.9355981462412565,0.04332364911520631,0.011627286502335039,0.006904552921125282,0.002546365220076852
0.8593190338711209,0.0864334245308989,0.026729042380515284,0.020744128781137298,0.006774370436327564
0.8528420458623559,0.09744542604020813,0.025167335781368053,0.018127811419529787,0.006417380896537986
0.9136196599194756,0.042209494585939644,0.016248459408471718,0.017484899380045927,0.010437486706067109
0.9127076067469274,0.05969616456625254,0.01216804382603911,0.011658949892420603,0.00376923496836031
0.8116836829647744,0.1276478631480765,0.030176611455465074,0.024344968855403982,0.006146873576279763
0.9060309737017923,0.05976029520748333,0.015856550032742032,0.015079628677996719,0.003272552379985606
0.9058219899978008,0.05609902157227438,0.014847836305209992,0.016251286850962842,0.006979865273752052
0.8722751164764012,0.07465785658392178,0.026669247193929088,0.019536102120759315,0.006861677624988374
0.8592003031095862,0.07611493290008095,0.03096027888801346,0.027024806843960802,0.006699678258358549
0.8757438579863884,0.08861458251931469,0.017156454830325785,0.014578946177418034,0.003906158486552996
0.9212592065744692,0.04873415886133636,0.015779205194326594,0.01089511083733745,0.0033323185325305907
0.8114794527639444,0.11598708130853884,0.040906597198618,0.024038521438351623,0.007588347290547157
0.8832412961514554,0.05770843479695039,0.024857756455033145,0.026812739311871586,0.007379773284689701
0.8297801164780789,0.09039348796274951,0.026745969333503112,0.028230557782738086,0.02484986844293051
0.8208942076112632,0.05610684353499102,0.010515827624552406,0.049043799331355394,0.06343932189783798
0.9047165206073131,0.04370628143366801,0.014304177569003271,0.019261727687965757,0.018011292702049736
0.8709252926065654,0.08237040678236329,0.019857196078042212,0.020472049443870998,0.006375055089157973
0.8187316425111277,0.07407814536954611,0.017380824416776564,0.039007396234812544,0.050801991467736674
0.9142485295592429,0.01927430192548237,0.011918490360168323,0.025502182674640977,0.029056495480465485
0.8185285851362946,0.061501377994678835,0.015518820447670138,0.04327697848924142,0.061174237932114926
0.9275377748810897,0.028643921376336652,0.01964978590767401,0.014400731351154878,0.009767786483744968
0.8023156218375322,0.09704204161481289,0.02993236130859945,0.04090368786573988,0.02980628737331562
0.8607606524800607,0.028207811451699587,0.009877504507425548,0.03564059207997757,0.06551343948083678
0.8593959940695114,0.053260918801441376,0.017559755129067472,0.034653732201723186,0.03512959979825653
0.6944326814713954,0.14061762896100827,0.0187943505798941,0.06924739752528794,0.07690794146241428
0.7438322594278813,0.09420552084823297,0.04067624521970121,0.06122656298310489,0.0600594115210793
0.8116936689191245,0.06228522040386101,0.021474546363619566,0.042873936920339674,0.06167262739305511
0.794382504874677,0.10232656131443103,0.015728824339625934,0.04207275579007111,0.04548935368119499
0.8835181109063699,0.04564143450250714,0.028580331553680442,0.030278183652349296,0.011981939385093149
0.7739838924336662,0.11017712116617154,0.052437936938877314,0.046608634316714484,0.0167924151445707
0.8982393522747057,0.05033821884066849,0.027212987332810874,0.014966798539298859,0.00924264301251601
0.9261158150966807,0.03665025097459833,0.01672916159984796,0.013430850255947339,0.007073922072925718
0.8999046662856086,0.0257411852260432,0.01722777655831094,0.03142990900084066,0.0256964629291967
0.7119122416612071,0.08145326526508952,0.01991605609038472,0.08152395563825099,0.1051944813450676
0.7254837532641524,0.12181263592176654,0.029183588786606044,0.05595923593510466,0.0675607860923703
0.43951366630000577,0.06604060645454496,0.054327464609679216,0.18314724106116184,0.25697102157460805
0.8080873848504125,0.045364680925202246,0.028012676603779024,0.04882305336624585,0.06971220425436028
0.852659226600686,0.09343019891030997,0.02264526034767546,0.02323227668565052,0.008033037455677907
0.8107652597637955,0.11923950965756701,0.035210599030754124,0.0243958361682331,0.01038879537965039
0.9151236486874923,0.055154134513098294,0.012335843064044495,0.013211558907708143,0.004174814827656843
0.910255553862937,0.05027508933808376,0.02076168597043248,0.013764205499909478,0.0049434653286371776
0.9223229720617588,0.04786761678927225,0.013143740340873334,0.011943798101813312,0.004721872706282145
0.6963758879423174,0.1771660736765036,0.04687924925320894,0.04841012925303124,0.031168659874938616
0.9210852449532159,0.04529418336553926,0.017071090291366053,0.013056331438192705,0.003493149951686004
0.9477982420906664,0.035662906171999936,0.007117640097516594,0.007868788358539564,0.0015524232812770694
0.9359008586848031,0.02754989699742674,0.015997533100723615,0.016575855247005777,0.003975855970040858
0.8898518141948653,0.0675427380043583,0.014588840801496023,0.023072006173838422,0.004944600825442
0.9357243344966157,0.038586182843505366,0.012505603124144877,0.010944522762203613,0.00223935677353041
0.7673450803109377,0.09786955155803707,0.037244206753439923,0.051343666575224656,0.04619749480236087
0.43891583466362616,0.03850000285344302,0.016355249108228404,0.16924891731578875,0.33697999605891354
0.781530464414296,0.04040776175384812,0.0174585725520866,0.07817263711331957,0.08243056416644994
0.8907767094848574,0.05446873603738795,0.022271623545066312,0.020910222786890843,0.011572708145797453
0.9150935340137785,0.049262835089733954,0.014141105826017936,0.015681555719614715,0.0058209693508544415
0.8874083198645665,0.07040003577140605,0.01989552327716719,0.015776979613204362,0.006519141473655861
0.7762089803884555,0.1247397157153797,0.04216998497215047,0.03421292868975106,0.022668390234263213
0.8376072611035893,0.06825816964429596,0.02832280332694824,0.036945125100411376,0.028866640824755124
0.8934180385913062,0.056979333525414864,0.012975170417433787,0.017259016575081304,0.01936844089076382
0.9188381264355362,0.04420277946784745,0.016764969685011934,0.014592771769737911,0.005601352641866563
0.8692808670584184,0.06929261382916856,0.03897026177587838,0.015990624374745622,0.006465632961789047
0.91136881180515,0.05402564190075488,0.01883149153519874,0.011454154528699707,0.004319900230196797
0.8868635348559151,0.08215152637450762,0.015471615042831642,0.01160665769354179,0.003906666033203776
0.816689895469468,0.11653768547722478,0.0362203118082322,0.021632972688399685,0.008919134556675251
0.9222302112306218,0.04903463450924388,0.016385175498898126,0.009267971232334526,0.0030820075289017153
0.9391227648511236,0.04402719197637122,0.009054439725307615,0.006040943563050594,0.0017546598841469364
0.9072880832510908,0.067810505584985,0.009259242373970487,0.012413393827382387,0.003228774962571169
0.8844136411941187,0.0716280847943531,0.01781137492674714,0.02134211035361362,0.004804788731167588
0.8998469606754682,0.04859847794666584,0.028582251364682874,0.019135372323838967,0.003836937689344124
0.76405836748693,0.10594488388260391,0.05763020267081315,0.045875285380312394,0.026491260579340516
0.8807271301957226,0.0458975012688396,0.021777375520008288,0.026611419199846612,0.024986573815582835
0.8571817094177133,0.0644542131992735,0.01660259000654734,0.033705488318475314,0.028055999057990614
0.9557312370605646,0.03233278071212197,0.004702668039842286,0.005009827142013183,0.002223487045457831
0.8897863643010374,0.06069578651925936,0.022911965715660995,0.020292079766527173,0.006313803697515008
0.9186053349698884,0.050088005484304046,0.011660251227405438,0.015910785071620998,0.003735623246781073
0.9249538434099243,0.04802803901423825,0.011481069543993234,0.011963623532274722,0.0035734244995693507
0.8611404636680116,0.08524443412866449,0.01931554919820903,0.027170068458403134,0.007129484546711698
0.9157844634012655,0.05190241129450765,0.014953502017718934,0.013446697942423085,0.003912925344084865
0.8882149039946319,0.05447471774996124,0.02870980350648052,0.01924360081418345,0.009356973934742717
0.9524495401623135,0.026311280890628404,0.007204001545209711,0.009525137210213298,0.004510040191634875
0.9389763519617753,0.02975511744963878,0.017488152547613073,0.009013818580420807,0.004766559460552004
0.912035678823249,0.034459616304628425,0.01897739683450063,0.024149896616862617,0.01037741142075912
0.6304121129951359,0.07053158611894284,0.026457813031291046,0.1375315515471588,0.13506693630747146
0.788008300919499,0.10713223329298485,0.012911906698037936,0.03990483524135152,0.05204272384812662
0.6311791542645189,0.15473852179870445,0.03837167680626418,0.09474181871863098,0.08096882841188155
0.7823479224758089,0.07979316014246035,0.037429684993430835,0.05885061894785001,0.04157861344045008
0.9086759257560698,0.05106417116347142,0.023127728187701552,0.012441031030291615,0.0046911438624654
0.8529775319878209,0.05171903229834113,0.014662544394306693,0.03933155695751097,0.04130933436202018
0.8490918084048092,0.047576551141581415,0.01265027387251232,0.045423155204136034,0.045258211376960976
0.7567710142901989,0.08533157194900824,0.021931882484962483,0.07036709137164832,0.06559843990418196
0.9213330588631555,0.025110278141075106,0.010618282281372987,0.022231865444804735,0.020706515269591663
0.8763213060267839,0.06598463127944088,0.014448027268258381,0.024749540774190944,0.01849649465132581
0.6019708528228286,0.1769633774872556,0.042235424281422726,0.0801461023168764,0.09868424309161654
0.8589436637131541,0.051005697554919016,0.023066912370851945,0.032715301158669816,0.03426842520240519
0.8236838229968009,0.04477186827079905,0.014083091243675171,0.05933462891819602,0.058126588570528805
0.8798305940744275,0.07477441161787286,0.016870877380639613,0.016214799296824376,0.012309317630235374
0.4966174686231189,0.06253848775370761,0.017601114634685226,0.19997284255584802,0.22327008643264032
0.9253015966727927,0.035930721543253726,0.01345846483773542,0.01399958527293955,0.011309631673278614
0.8919485274023639,0.050833706698213944,0.014200440911888736,0.025046989036307445,0.01797033595122589
0.9503035812030272,0.019028238392728845,0.007639637136350115,0.01240332506989856,0.010625218197995223
0.8087468621472191,0.06895175722814088,0.026486397044473826,0.043502104868580624,0.052312878711585416
0.877349390784578,0.03886138827850384,0.022907091571858648,0.030278681642717683,0.03060344772234178
0.9201097797864807,0.034893008432932505,0.009227997745201508,0.015080088532626478,0.020689125502758803
0.8585604456828884,0.04127347288120742,0.01787525268784621,0.0450702091299038,0.03722061961815437
0.8836318711307782,0.056669981343450554,0.02525478565434288,0.02225798514455151,0.012185376726876753
0.8692261718319533,0.09977913063368132,0.015138741040453403,0.01092549557062728,0.004930460923284791
0.858113421204644,0.0862972285597671,0.024202112985096343,0.023456881690358724,0.007930355560133915
0.5054608323115893,0.11642360473506798,0.041647401202361045,0.11975754300825005,0.2167106187427315
0.8042764885769763,0.05803446913792478,0.024445527467498868,0.058012689601769696,0.05523082521583054
0.8328949899442675,0.048327354983495316,0.024217644079450335,0.042797044610748215,0.05176296638203878
0.6817706300355303,0.12382069120604676,0.01821851478357865,0.09430597403304347,0.0818841899418009
0.7317887684129547,0.08126606104491439,0.024867792235165276,0.07536960459905173,0.08670777370791374
0.8365137628431946,0.04004771935011967,0.024344119226687444,0.05025400405964311,0.04884039452035531
0.8580568717492955,0.03073633523351822,0.00999695132809231,0.049459056316837134,0.05175078537225685
0.876877835619814,0.04885746142134073,0.010906558463235535,0.0302977399996734,0.03306040449593615
0.8790543561694532,0.06537183727005585,0.028772348269959867,0.01929071322773647,0.007510745062794835
0.8990092010453444,0.06680402476953155,0.017514477043367036,0.012122919386498232,0.004549377755258556
0.8122606138541336,0.09730520693015461,0.04450827784072641,0.036600081551664936,0.009325819823320244
0.8163024517667046,0.12496465532567864,0.030189638166823622,0.021724790923680345,0.006818463817112575
0.8936676006797778,0.060171715231738546,0.015504062585947883,0.019828548758554304,0.010828072743981332
0.8857141518693641,0.05780284994646371,0.02137359940520554,0.02181631665742935,0.013293082121537424
0.9090157053034684,0.04522120502163902,0.03070976288535433,0.011318688110484457,0.003734638679053764
0.9470251640404778,0.027988054616709647,0.01146863748186752,0.010265549952956398,0.003252593907988727
0.914953156405635,0.04918010967894554,0.018426848779505265,0.014194496804239651,0.003245388331674692
0.8382932928990122,0.07370273976029497,0.023206654436150758,0.030796576544130372,0.03400073636041154
0.8680055601046374,0.02904344489050699,0.016556907456865607,0.03714961218544326,0.049244475362546815
0.8430251239838263,0.06749682408070302,0.01983836726544633,0.030599419604257418,0.03904026506576682
0.7367732005607334,0.08011671330226756,0.01942727121958746,0.05527106576477897,0.10841174915263277
0.7103352391933422,0.048265128415172436,0.013083238471628022,0.09182725338609092,0.13648914053376646
0.757679806151846,0.05289602448418722,0.014055237237501234,0.07197080951685356,0.10339812260961208
0.8363399203359656,0.057809438737432904,0.010969221058000765,0.04009001643131762,0.05479140343728319
0.6658770790258145,0.06516415867672237,0.02373460165911029,0.09922029242849204,0.14600386820986058
0.7866909051262044,0.055776470195590296,0.027572486758687696,0.06444443714362523,0.0655157007758923
0.9618277994120717,0.02344776293570614,0.006567300527589552,0.005379960466745362,0.002777176657887177
0.9349535328489083,0.037136327823593614,0.011783848325633922,0.01195470959290056,0.0041715814089638165
0.9277769123321571,0.0425129982352733,0.014533024962046202,0.01105459922725105,0.004122465243272502
0.7070034163354777,0.2171616018279886,0.034566799500984964,0.030734130182446414,0.010534052153102517
0.8915295169629319,0.05991315715963891,0.022705339874404387,0.01772505548636172,0.00812693051666322
0.828882003434018,0.113172582669338,0.02933901292563556,0.018431794139154852,0.010174606831853613
0.9555628940070073,0.02473763672329414,0.010130450111238141,0.006374630317664775,0.0031943888407956677
0.8770227166920547,0.06660255158056386,0.027345080110267136,0.020803152537286304,0.008226499079827853
0.9020936514286706,0.02779929640942441,0.009814156570072287,0.025729387964731485,0.034563507627101045
0.7970688245792585,0.04725459366477293,0.015283138936691698,0.06366313734788707,0.0767303054713896
0.8054735468840134,0.03313132733707869,0.012589716891909533,0.06969954845341159,0.07910586043358676
0.7483391984407058,0.0597104513257275,0.0338536444131716,0.06173073177742948,0.09636597404296558
0.6913421336491583,0.135171683069433,0.026711713765029114,0.07192790499207691,0.07484656452430254
0.7867870680946992,0.06581278262364644,0.022017251285329636,0.0570904607239096,0.06829243727241535
0.6945814965918593,0.11754153395579568,0.03248334955620721,0.07572118529607116,0.07967243460006676
0.6847842520328368,0.10694664079662843,0.03968590057762009,0.07721713515516554,0.09136607143774912
0.9267047208873244,0.037385656223726825,0.019990600658463902,0.011644408965236918,0.0042746132652477726
0.8522983250227196,0.04227256334830992,0.012828510939043717,0.049460669587787026,0.043139931102139845
0.6821417189185363,0.06515732146205364,0.030226418572064234,0.0887626131985239,0.13371192784882227
0.8259951948574369,0.04783079848283532,0.01634895533495448,0.04784200989823613,0.06198304142653696
0.9244729590991441,0.035011310838438836,0.017262803339567607,0.016038186168260804,0.007214740554588747
0.9460565807948194,0.030787909946290253,0.011162750775427511,0.009136685031886633,0.0028560734515763082
0.7892606574438016,0.04473786560483648,0.024666544580263666,0.04324294280885627,0.09809198956224201
0.9041798757931334,0.04475981752915256,0.021613031468371884,0.01971106377048949,0.009736211438852855
0.8465375790922297,0.04306207702804626,0.026049413527586284,0.046513087495075246,0.037837842857062716
0.5900170677396026,0.023716318942576024,0.008643429021734254,0.15593717169497398,0.2216860126011131
0.629843672908779,0.04552094169649977,0.02752198019522869,0.13529318515817465,0.16182022004131758
0.898402474876546,0.04435150964687389,0.016907329090785815,0.020404677576067867,0.01993400880972647
0.8771689721550544,0.07412449317038344,0.029730440550623,0.014783058951914287,0.0041930351720247195
0.8759989645980658,0.08856621963092276,0.01519082279433277,0.014985152062260707,0.005258840914417976
0.7633043850375252,0.12273427190103987,0.042091717339897125,0.035828773435438846,0.03604085228609886
0.8699199132140029,0.031492975234150296,0.016245304101391574,0.03778976806850202,0.04455203938195346
0.8394127806476304,0.09463390393615419,0.02500230387622082,0.02765184522589198,0.013299166314102651
0.7295081725853021,0.10267281854846189,0.030417687296148917,0.07813168691041777,0.05926963465966958
0.7662955870589534,0.020567083918530023,0.03093132123252106,0.08817715887354094,0.09402884891645479
0.5197939302212813,0.0918196412530866,0.048999385662758875,0.1387060750715565,0.20068096779131672
0.882204560906373,0.04129007372685029,0.006101832822084607,0.029832401510231678,0.04057113103446026
0.7033911293147168,0.07769951692108273,0.026962627841915908,0.09474898227529853,0.09719774364698615
0.7908808676279476,0.05375187434499283,0.030003770746660222,0.05817991438586176,0.06718357289453766
0.6392087569451567,0.076363071776325,0.035021899767216376,0.1199692149072634,0.1294370566040385
0.6355601904849735,0.05311969672632329,0.03035890070304888,0.12194119888604579,0.15902001319960843
0.6935270778715564,0.07854920677068396,0.025370978922263608,0.07981034966330425,0.12274238677219192
0.5557940889966697,0.10440437794587683,0.03702767522574323,0.1436926432929949,0.15908121453871518
0.6233940137273997,0.07278569668834745,0.0250115177951777,0.11045707412753114,0.16835169766154395
0.7729629897546754,0.04127690800548927,0.023116144911448266,0.0793774671606078,0.08326649016777928
0.8610572597291352,0.06372551392356947,0.03811140722797297,0.026374287439176098,0.010731531680146282
0.9263480661849457,0.04615051867275595,0.011601959492326156,0.01129072921030737,0.004608726439665112
0.4758302519284473,0.05287503582149612,0.021724375092218518,0.19316173418273205,0.25640860297510615
0.716801592448706,0.06139470334147383,0.027644738379991818,0.0871304292648908,0.1070285365649375
0.9069376981161545,0.05838862636407468,0.017064924541601082,0.014252644619092529,0.003356106359077264
0.8915180173874633,0.06759964930022049,0.015551160788235367,0.017019208624615263,0.008311963899465457
0.765500055605006,0.0668882508907922,0.028211754539799964,0.06919265862359256,0.07020728034080913
0.8269208278943017,0.03389107944231958,0.016000558976418507,0.05243498552388898,0.070752548163071
0.8626702618778096,0.04186962812195397,0.01881860637725536,0.032294603177290146,0.04434690044569087
0.8907789331737799,0.036445804856511714,0.021175571611492174,0.02494594982603952,0.02665374053217664
0.8237784281340039,0.03629835721246994,0.015619695105304015,0.05358725126656795,0.07071626828165409
0.8163797866497745,0.053684394046287325,0.014250934141392672,0.046547890389678784,0.06913699477286682
0.7604364868553333,0.05351064699764395,0.01681759310326231,0.06538651079341175,0.10384876225034868
0.7964004737146281,0.06593703263812047,0.02967221237951441,0.045383391141628995,0.0626068901261081
0.8899336758967881,0.03590419568300276,0.016152778902667173,0.03175391248835704,0.026255437029184845
0.8195064103874712,0.061184497322789105,0.02135879919497729,0.04281305241961637,0.05513724067514589
0.7680199207948508,0.091812180395912,0.025954498621355286,0.05450803398501569,0.05970536620286622
0.6012742685966275,0.08143380641540804,0.042815311301309084,0.10444648139657085,0.17003013229008457
0.7016592839125674,0.07302726480144008,0.02369907965154069,0.08813082886862188,0.11348354276582996
0.8949054497088301,0.040186382690542546,0.00782369587347382,0.02421547004902178,0.032869001678131615
0.6380271920335601,0.08281534655541724,0.03997902967908675,0.11652648469403498,0.12265194703790094
0.6718380387980861,0.09430202263515829,0.030618914577018035,0.07667749065650944,0.12656353333322792
0.6428960656534789,0.08391069661980337,0.02288872316909262,0.10328762834690462,0.14701688621072068
0.552724302159349,0.037578801733923806,0.017224387556556944,0.17696995511068778,0.21550255343948235
0.3571123441255819,0.02974835389477933,0.017307714670484777,0.19526159080193378,0.4005699965072202
0.7766955223614139,0.0691988951433319,0.020905425351993676,0.05909924890793679,0.07410090823532359
0.8395991141822716,0.08950540168664912,0.03049052293823023,0.023590987798333643,0.016813973394515538
0.8663067929474979,0.07559771922672624,0.021961006216677438,0.02565205063148536,0.010482430977612991
0.8967687034537947,0.06520881316976451,0.013195825864858448,0.018502506257346025,0.006324151254236337
0.8611528926145966,0.07287670180324637,0.03216610906894242,0.024407553388486904,0.009396743124727559
0.9410211146302212,0.0404569491759478,0.009428246022051022,0.006838326515219692,0.0022553636565605475
0.8558443002597867,0.09555041163628404,0.019018995538993007,0.02319177532583507,0.006394517239101197
0.8938043921542614,0.06166036967869356,0.01609923974721847,0.023038022346504174,0.005397976073322435
0.8990922211453679,0.05899139868306313,0.022422202891559804,0.01398486985683301,0.005509307423176498
0.9060087707408117,0.04680848117538632,0.02205145495095918,0.018873748830375094,0.0062575443024678375
0.8420279922432217,0.03649845325826146,0.022616693898284884,0.04780048786291839,0.051056372737313914
0.9110912440016657,0.04909453053699343,0.01572953893812041,0.015801255147037164,0.008283431376183183
0.9300935066186415,0.033033669463140576,0.007926530312099568,0.016114708587216916,0.012831585018901342
0.8888852722586327,0.0672147893655955,0.018516648002330976,0.01920610533897556,0.006177185034465468
0.8556056576128452,0.08756902096816427,0.029989004166248674,0.020216425705418574,0.006619891547323286
0.9174213119119351,0.04391314787677663,0.013932331854114036,0.01607158929053348,0.00866161906664071
0.9107044713527127,0.03648552445780154,0.014950725982564615,0.020221607918850974,0.017637670288070326
0.791016256679101,0.04521265174190452,0.03000922573387287,0.06699505641467533,0.06676680943044642
0.7667283970404991,0.06987876481825521,0.02017572322110917,0.06888957946116955,0.07432753545896696
0.712249871800127,0.060157412983630594,0.023794146950593464,0.08765537923873835,0.11614318902691077
0.7790697228890352,0.08802251648084916,0.019757550684087875,0.05470309136763531,0.058447118578392666
0.8131637861960582,0.057096475503595374,0.014156394628812423,0.05021308230535206,0.06537026136618189
0.755167490661762,0.01974705810789173,0.012892632512644848,0.10636905951969379,0.10582375919800778
0.6584649395589471,0.04277581511503175,0.018199531927211677,0.11358620560164497,0.16697350779716433
0.7717812993893539,0.029749870959764287,0.023312260864658013,0.07778246063410137,0.0973741081521225
0.7223163063340033,0.05054124942565215,0.01779756761146186,0.09550822922370557,0.11383664740517722
0.6882589629464532,0.10052992962366439,0.020163938926132035,0.07973834171435155,0.11130882678939875
0.518678793878362,0.0291549053512498,0.01722336665321194,0.144633860540037,0.29030907357713925
0.5894176285204796,0.05329670266584036,0.03141748443738699,0.12980940557346496,0.19605877880282813
0.9328280861210095,0.04026962880957868,0.009959988296227679,0.011243400058803166,0.0056988967143810085
0.8837961597087269,0.08742592851730514,0.013246264455515883,0.011601086524885597,0.003930560793566744
0.7881239031241795,0.03659180923005837,0.016721724224581874,0.07274319113690006,0.08581937228428045
0.9213671290477342,0.03429378595629539,0.014767767409647834,0.017623159525424186,0.011948158060898722
0.4377327061621704,0.1143973781142639,0.027387789138415157,0.189529932038511,0.2309521945466395
0.776255186550158,0.04031711774358867,0.042069390789443065,0.08739445017978333,0.05396385473702687
0.956087369976683,0.0302298420118157,0.006689315695898129,0.005161274848512971,0.0018321974670900978
0.9053486465134551,0.06600757912083571,0.012718798271991412,0.012422255494182428,0.0035027205995351693
0.822171652781327,0.1429045813857685,0.01598603047582525,0.0145429032826928,0.0043948320743864185
0.6402943460456255,0.2859012469198826,0.0396271691169992,0.024868961887704502,0.00930827602978801
0.9072253940119939,0.04479358601666699,0.028735968323679327,0.0131637424822872,0.006081309165372498
0.9041508278659179,0.048430978911142626,0.02218409373524065,0.01766736134065473,0.007566738147044144
0.9572603194677277,0.022883614904426208,0.010999741382498495,0.006471266777300206,0.002385057468047312
0.7837363275266951,0.0768416640976314,0.04023384685476141,0.05934225945711678,0.03984590206379535
0.6554962119593339,0.04837149601468724,0.015451562057581476,0.11783815628708066,0.16284257368131655
0.767311443770351,0.02489751222639254,0.02207082198099255,0.07544771464969732,0.11027250737256669
0.8098835198803451,0.04790141779399122,0.027452071675654985,0.05617560193995915,0.05858738871004965
0.9394829075144987,0.03955768590854572,0.0083831089538934,0.009001101842468875,0.0035751957805934976
0.912903788591126,0.05326544447995386,0.015909575136013623,0.014012696447382724,0.003908495345523918
0.8290690430977781,0.09096926745878324,0.054053703026341264,0.018200323361324124,0.00770766305577323
0.6902588043877086,0.048507824657091206,0.01878467084423857,0.11880074116684373,0.12364795894411768
0.8872004466434603,0.03313669015429106,0.01148546807641376,0.033598086955240886,0.03457930817059405
0.8942361461980003,0.07870836927060566,0.0136012012052098,0.009993105194573589,0.003461178131610697
0.9310618920387291,0.0406595740631977,0.012052134060430096,0.01141468961002045,0.004811710227622474
0.9141900384774077,0.05792612767504557,0.010200959721298064,0.013069284947401357,0.004613589178847429
0.8995852097266472,0.0594938610788695,0.016145420077548697,0.0184533140256221,0.006322195091312465
0.732083102351401,0.03721045037167642,0.015814829976101293,0.09533002335976025,0.11956159394106101
0.91553415306561,0.0355775922685422,0.01375673820551477,0.022386788731893106,0.012744727728439785
0.9474016908139036,0.029418140082847634,0.013881837989567672,0.007094535831831194,0.0022037952818500725
0.8907795987312646,0.05759790670789466,0.027882212366213334,0.017209912671330974,0.006530369523296395
0.9222800980074383,0.044405424608559264,0.016295845718718272,0.011472060539363858,0.005546571125920377
0.9142420630901226,0.045742079328138174,0.01715953248694728,0.016359252500259824,0.0064970725945322555
0.7581114875029055,0.15362792118590163,0.04377151865700594,0.031512063172038474,0.012977009482148609
0.945750902493109,0.03251742579727603,0.011028830673859884,0.008019682142473216,0.0026831588932818428
0.6993593083091568,0.1138467699844517,0.028299019185572448,0.07168323893001538,0.08681166359080345
0.7820966844110262,0.039646476464487726,0.014305881766432244,0.060547424514123524,0.10340353284393035
0.6626513570170852,0.08308723967322688,0.04918520612562184,0.0867521218977841,0.11832407528628194
0.8247229860192452,0.06876391924014326,0.03804276353967659,0.0444910217133568,0.023979309487578072
0.9145125172238102,0.060229344511331204,0.011148314070024411,0.010462514982970135,0.0036473092118641357
0.9190815221599657,0.04448107618177083,0.016925946922037607,0.013630123683452375,0.0058813310527733925
