Delta_Power,Theta_Power,Alpha_Power,Beta_Power,Gamma_Power
0.8371161927912691,0.07396621670466115,0.03518884602691109,0.025511394061877163,0.028217350415281263
0.9660423883550223,0.010602402102533218,0.0075230246738001655,0.00837363373971381,0.007458551128930306
0.9190890389660966,0.040111799424780215,0.011095810679033319,0.015151949544525487,0.014551401385564447
0.6045253836576789,0.2353102358684003,0.07114169127493347,0.04855849273863555,0.040464196460351626
0.8742174660475956,0.046916959124634276,0.03633005602203599,0.0221935950719199,0.020341923733814205
0.9144527547579544,0.04807905049734491,0.013637108501322834,0.012231986125139102,0.011599100118238939
0.9485871016266535,0.02001550576748536,0.014201788922680753,0.009131238027759975,0.008064365655420324
0.910518434656171,0.03191562171463471,0.035843711751892875,0.013785538602499998,0.007936693274801248
0.8771573945327358,0.04622351388977009,0.051570567908776496,0.01526352770481374,0.00978499596390388
0.8667158532807098,0.08373301770600389,0.019563569313723782,0.015476832287958228,0.014510727411604439
0.8904137804354066,0.03838056771496204,0.02962456424102529,0.019452623677108257,0.02212846393149766
0.914552458203012,0.03875220707284987,0.01856522561695887,0.014286736061198917,0.013843373045980443
0.9270771176981978,0.027571990057102227,0.02299368742051912,0.011136869763442627,0.011220335060738317
0.8927528171258559,0.05845790963962235,0.016590750587332743,0.014668734488361392,0.01752978815882772
0.8498000426487646,0.08541681625361378,0.021992488876949285,0.02117238341659852,0.021618268804073765
0.9331681545949293,0.03617180541573227,0.012843565050673545,0.010412576311291687,0.007403898627373381
0.9555812547790202,0.022529230681388318,0.009549206303446852,0.007285151931407729,0.005055156304736874
0.9384506709549271,0.030017215860381405,0.016818235418844932,0.009018093507019615,0.005695784258827038
0.9239181019339331,0.03834144561366976,0.02304290495289872,0.010524566939036719,0.004172980560461805
0.9498972637767765,0.03917026241178756,0.0045563738578484544,0.004031862398141444,0.0023442375554459925
0.8418765925756784,0.10807394015776996,0.023887948634556847,0.0171317492982976,0.009029769333697046
0.9104054686421381,0.04154716487434763,0.022785965482481536,0.015954844276807694,0.009306556724225031
0.8927391214675479,0.03918671892917354,0.04188593485060515,0.01987938337778938,0.00630884137488383
0.8494878656176686,0.0870562810534293,0.03821391279904775,0.016772184698232804,0.008469755831621649
0.8520711783917997,0.07848802845716374,0.038741629427608476,0.022598740238762696,0.008100423484665463
0.8944083912650544,0.06580050501612875,0.024175764198133894,0.009739365817277185,0.0058759737034057
0.8538704612748778,0.0730443664440898,0.039523474308860045,0.022964810347794035,0.010596887624378477
0.9136161909063923,0.0513951428886638,0.019381381946079912,0.010060773485781256,0.005546510773082587
0.9355883972688225,0.0434646886354199,0.009425966451107872,0.00769392901227794,0.0038270186323717354
0.8853519467537028,0.06041741679721143,0.03225752237259393,0.015522952205034638,0.0064501618714572495
0.7608445873604304,0.1560684979172293,0.05050130323054391,0.022435363325826303,0.010150248165970344
0.8082692686277955,0.09506613246294712,0.05887941425172753,0.024825620297827564,0.01295956435970222
0.9080385328248665,0.03481710035309981,0.036572489615325415,0.014266379391599707,0.006305497815108906
0.9335729330289672,0.03263399616221712,0.02167720503905838,0.007965670906592882,0.004150194863164542
0.9244229962149417,0.048083176980137095,0.014598454074329604,0.007562545028906499,0.005332827701685153
0.9153914372920807,0.031405038217401655,0.020080532824110948,0.025045709455676027,0.008077282210730717
0.89809237011521,0.0466901908389599,0.013185823329864076,0.02921226080805622,0.01281935490791007
0.9500038105982648,0.02043302140484017,0.010197451027617911,0.011958233687585761,0.007407483281691456
0.911037293760065,0.05936224268646933,0.015414227077200724,0.009249892180545638,0.004936344295719441
0.9270860838976692,0.04491670492491091,0.01130140101232987,0.008344957073612679,0.008350853091477239
0.881049503194777,0.03227839787170905,0.013089756909752377,0.02806683668770536,0.04551550533605624
0.937147545809255,0.030729422793204963,0.010533995099167482,0.009796793654945844,0.011792242643426928
0.9573781735045157,0.023697758407657796,0.004356341805620685,0.006898542882845395,0.007669183399360551
0.9469960770695993,0.028001289597878815,0.007134525758325482,0.008411446576692677,0.009456660997503754
0.8321581419244166,0.08145050936569635,0.030433226707787413,0.02620593725021364,0.029752184751885936
0.9471672901693485,0.023793211175075813,0.00929879620990465,0.00960519034595668,0.01013551209971455
0.8526437528258691,0.05961373529360538,0.05426909744273448,0.017838540815292077,0.015634873622499067
0.766742154671051,0.12872535528357776,0.0455649655402795,0.036572245338451534,0.022395279166640115
0.8006052372888468,0.11926299187225141,0.04036437527361261,0.019111749780607895,0.020655645784681063
0.6814255143113791,0.20691922091720483,0.04217974617377492,0.03715538664959598,0.032320131948045235
0.8619114897333303,0.06062413071549595,0.03669243264607156,0.021185007887248447,0.019586939017853744
0.8873068855061249,0.062026193561164907,0.019616053967775434,0.0174814449059725,0.013569422058962317
0.884197892093058,0.053869023036254404,0.026865118915021247,0.018952660334828862,0.016115305620837444
0.8023423290483624,0.12346287907990948,0.030853972764854964,0.02080578477956482,0.02253503432730818
0.8571154930980657,0.08414331822591288,0.020370306855879355,0.022508866341252445,0.015862015478889633
0.9220451583565192,0.047009546101482974,0.014969716116554295,0.006989466409431011,0.008986113016012454
0.9525164592333143,0.020787657535240173,0.013780999463788166,0.0072443204619290396,0.005670563305728424
0.9610290590544218,0.016361440329574324,0.010483019177525739,0.006794019713278004,0.00533246172520016
0.9122099593118177,0.04489798935471684,0.018270298675314257,0.014098883474956282,0.01052286918319504
0.9576730973660998,0.016374186297605023,0.013011519841397317,0.006758899753198943,0.006182296741698982
0.9426437932048631,0.02115497993076193,0.01622101247309628,0.011274705560100793,0.008705508831178042
0.94480581107742,0.02917683955047911,0.011207000165863724,0.008131982952799969,0.0066783662534372285
0.9353346563789228,0.023935652822502748,0.013916530335700259,0.015799477882968184,0.011013682579906021
0.7396910026844887,0.14608120153142268,0.057772141838266886,0.02804618877747508,0.028409465168346807
0.8260858201510504,0.09594989269365982,0.03571347650119741,0.023669580551457407,0.018581230102634894
0.8708488229715594,0.0668331611692543,0.025565955653089327,0.023097400722782453,0.013654659483314695
0.890372727355497,0.05457398652174042,0.022905560012019866,0.01770389315825525,0.014443832952487455
0.9190511574671754,0.027471484382471534,0.01903112644369181,0.018136750330465242,0.016309481376196085
0.881406910697132,0.07216871701499378,0.025554846829610286,0.011459768071021156,0.009409757387242833
0.9249341353085655,0.024618143464809762,0.02309828706556494,0.012361099840229551,0.01498833432083021
0.761465499868556,0.1017467546976188,0.0724373837982932,0.029005763838979612,0.03534459779655243
0.9233424196589834,0.028321701018502593,0.021554770383530462,0.015105494138703941,0.01167561480027965
0.7990565070738044,0.09302388777248698,0.043897872007637076,0.0358446828579736,0.02817705028809792
0.8763943981116061,0.06291405567623258,0.021056743264469033,0.019823788380248872,0.019811014567443514
0.918789349230496,0.04309424997534,0.01156820890811684,0.015301973053695444,0.011246218832351777
0.8535438079237958,0.06285734616314753,0.03263298206403572,0.028857866567593867,0.022107997281427226
0.8614768946172344,0.07960564669882618,0.019239015224197752,0.02172657366591519,0.01795186979382644
0.8486742319218865,0.07979735022841629,0.029511074219213184,0.02501168339828887,0.017005660232194863
0.8695933590188508,0.06379095903135289,0.022970340219979297,0.02189390116241575,0.02175144056740124
0.7988063004452912,0.1381448562623243,0.021550227042433923,0.022273148517785904,0.019225467732164634
0.8769989060249451,0.06081162740233529,0.02168634851569949,0.022638103650171475,0.01786501440684853
0.7819609837065087,0.11581789030767316,0.039131601302915195,0.03424403711486035,0.02884548756804263
0.9238587645982513,0.04294059593696372,0.00977510873749978,0.011671839994507802,0.011753690732777393
0.759493801295558,0.1351674163602506,0.049815825172877,0.027543157436818136,0.02797979973449648
0.8987303234817615,0.04935672630541823,0.028210791823810203,0.013177090844482731,0.0105250675445271
0.830870674549942,0.08689221051971903,0.02961171937436789,0.0298495499195799,0.022775845636391297
0.908653642726889,0.04572246740639556,0.02100398545443815,0.012803391623338257,0.011816512788938858
0.7888932830408482,0.1208370331303932,0.040234211127404475,0.02921183912557092,0.020823633575783297
0.6639151186878306,0.22458217161216226,0.047483059921840105,0.03998936410573757,0.02403028567242957
0.8662848537509845,0.06890493164564063,0.03468290141247031,0.0156324797221888,0.014494833468715763
0.8884008135244862,0.05268722127143082,0.020743977315951453,0.01899334115177763,0.019174646736353756
0.9283515575536131,0.03467173528309428,0.01010264835052111,0.014392059470014774,0.012481999342756582
0.8605624221444149,0.07311945324416173,0.020365271803946792,0.024202741608821653,0.02175011119865504
0.667994797998728,0.18240821355354425,0.06665937722521112,0.043865993467320154,0.039071617755196596
0.8273295150845337,0.09338366513616113,0.02016595492927145,0.0318248430105399,0.027296021839493874
0.8859979716925825,0.05016167368479969,0.020721981869369837,0.020677325677601992,0.02244104707564599
0.8721770664568783,0.08366003763864226,0.015770239898088356,0.013742946438597874,0.014649709567793158
0.7534068619663955,0.12588997996519571,0.04320633160698089,0.03680567622309575,0.040691150238332384
0.9442698879746448,0.025561050130800993,0.011952881637516627,0.009946077350336457,0.008270102906700865
0.8936850183947593,0.07030248288692281,0.013869972944824059,0.010148329141649605,0.011994196631844268
0.9340180788205369,0.026602647779050446,0.01600180700299671,0.013145412167797212,0.010232054229618795
0.873117943156379,0.05678940471064211,0.024504645467459826,0.019438346983044252,0.026149659682474704
0.8610962353073631,0.06375061271744265,0.02112994717592398,0.02604684695725598,0.02797635784201439
0.8177290553262395,0.10955714610170372,0.022390836299827365,0.023778312490924308,0.02654464978130484
0.8977463888616198,0.03090605195277439,0.01960387314744238,0.028946001540320045,0.022797684497843453
0.8867319533060462,0.040864271965268935,0.02334314778554944,0.023790727940728916,0.025269899002406514
0.9197235917951214,0.03675243073590285,0.014029921103087218,0.016717339739042672,0.012776716626845677
0.9223639227225231,0.04503207446966298,0.011712672608784627,0.011354363103856008,0.009536967095173496
0.9365908083035088,0.026800250021243505,0.013852352267570039,0.01105312006629209,0.01170346934138558
0.8749292970317396,0.0665087659035593,0.020434308894524893,0.0231419336196065,0.014985694550569528
0.9256717389676175,0.04572679961408232,0.010436074038261415,0.008396460651861365,0.00976892672817738
0.9574178058974598,0.017739643289933608,0.008938150761523976,0.008062476801503467,0.00784192324957917
0.9304060331147551,0.03529379075167071,0.013038129309780514,0.009887385624323867,0.011374661199469902
0.8493284772837395,0.07947357015616971,0.030512497863257004,0.02017445833486922,0.020510996361964687
0.9397914412857715,0.025721053591340557,0.012500779648296786,0.0112421175407866,0.01074460793380436
0.9006130814212291,0.0433004499369046,0.026603451544838484,0.013883553587517231,0.01559946350951063
0.8361736969813873,0.05660306373473845,0.05180312491678138,0.02398727866391534,0.03143283570317762
0.9130730365454461,0.031457103752188624,0.01776852875485436,0.01976155191866222,0.017939779028848867
0.9386510980716478,0.03111051290443737,0.01106393432995996,0.009236320091074744,0.00993813460288006
0.9052746456253352,0.05776969628466784,0.014813326105213487,0.010855007394018845,0.011287324590764616
0.9132182591189018,0.03153227067104731,0.027612921054315582,0.012036447520852776,0.015600101634882303
0.8159750494749567,0.07612517730876109,0.039199882788068595,0.03584787262251843,0.032852017805695265
0.9064470456332593,0.04143095703469517,0.021360434711041484,0.01605556360527637,0.014705999015727821
0.9094194544041514,0.04565761883498121,0.014604518542886117,0.015467360360478249,0.01485104785750309
0.8180892177589768,0.07324648509179144,0.03902247775450508,0.035140379127952925,0.03450144026677377
0.921954597407441,0.039229594448820924,0.01951108895212013,0.009769360324013368,0.009535358867604857
0.871685324380182,0.061107297052809276,0.022441261521285807,0.02608612869384894,0.01867998835187392
0.7966060609452644,0.10545795257732803,0.03882299381321964,0.031537639347134036,0.027575353317053887
0.9390623823746336,0.02421826330281857,0.009398365631865857,0.01386674420526074,0.01345424448542122
0.8073608753128666,0.06373262266664978,0.06654690601180363,0.03069014742631442,0.0316694485823658
0.9609604997665685,0.016062033001086093,0.008870952004544005,0.00742091102772808,0.006685604200073386
0.8996512867075591,0.03820736207878145,0.018224854887465076,0.02491758184342444,0.018998914482769982
0.9372868516229274,0.022137259747029844,0.017290681360161264,0.010893942239298378,0.012391265030583194
0.8433943955291568,0.0861538776875137,0.03507639340586991,0.017353170534645294,0.018022162842814243
0.9257614094149217,0.031490068262850654,0.016028853791695438,0.014384671612215912,0.012334996918316314
0.7328430615659045,0.1035582545965555,0.08952282579978563,0.035234156730538646,0.03884170130721587
0.9105005989523568,0.040046445691722596,0.01762782568666496,0.016712506851993797,0.015112622817261872
0.8950040175416977,0.03612545120870911,0.024769874115881895,0.02202142001626466,0.022079237117446672
0.899269986105593,0.046388085772796205,0.02384228527320703,0.014579229831044663,0.015920413017359
0.83265717111359,0.07956284698578948,0.03436941827040626,0.026616400361013468,0.026794163269200873
0.914840474467531,0.02588105458365823,0.026760519403229214,0.01721155188339084,0.015306399662190896
0.8989441490010206,0.061865253419247944,0.01789745617758291,0.013018898106290292,0.008274243295858259
0.8999672521445536,0.037439295094529416,0.027478722966865463,0.02063025334553826,0.01448447644851309
0.8883790524754865,0.05318605258205705,0.028768057864549362,0.0182752023051036,0.011391634772803385
0.9251474593511931,0.038922702888167876,0.014293689831206626,0.014450046871643434,0.007186101057788679
0.9135239676395849,0.04247972379773032,0.024423379567681168,0.011832640571232827,0.007740288423770932
0.846942850407725,0.05985030801128712,0.04816443970931815,0.024673194833492687,0.020369207038177076
0.9117766941046425,0.032508732937853405,0.0302646835485079,0.014330925041502908,0.011118964367493303
0.9104386932246084,0.03128976562307578,0.02674254115975445,0.01790076835445797,0.013628231638103354
0.9088363499666929,0.05398014355225183,0.01387331581010847,0.012954984077907357,0.010355206593039451
0.8212990861800852,0.08593133753723141,0.05434532677418047,0.023340058400370463,0.01508419110813249
0.9357107927643015,0.030394275002510806,0.016482870538977526,0.011082464814770845,0.006329596879439353
0.9649360159096275,0.01655039581982436,0.010561349144367037,0.00417494411655604,0.0037772950096253773
0.9024854218628093,0.032597514567939405,0.03668616945102265,0.016256420589089715,0.011974473529138883
0.8921080781507132,0.05200077631164658,0.03267080677032862,0.013947280386107205,0.009273058381204641
0.8926046127868571,0.060415335015097216,0.024184509537005624,0.012697230923125429,0.010098311737914471
0.9282082862427629,0.04105213052769451,0.01418471935250166,0.009829379436926716,0.006725484440114108
0.8880770113360317,0.06481979977889986,0.015500229217607717,0.01697785378126557,0.014625105886195333
0.7623511451230617,0.11208241063421819,0.052298464747386975,0.045609481134632014,0.027658498360701063
0.7743252539801471,0.0888592355582311,0.08112107187772284,0.02981883290798087,0.025875605675918317
0.9646501367431105,0.011521437318208946,0.010719220869013297,0.007271203642354912,0.005838001427312424
0.8460445034338278,0.049399020748212445,0.049978709484045834,0.03247801695591199,0.022099749378001975
0.927124928010136,0.03634432782219485,0.01802909561984922,0.011556304771640567,0.006945343776179172
0.90023041491598,0.041454274116702806,0.025760143318020717,0.01690142784538873,0.01565373980390783
0.8989671419415386,0.0557092047634172,0.018268119086882032,0.014660983559945284,0.012394550648216821
0.9385638214627441,0.03690589194302692,0.01037845946062901,0.008021681439961606,0.0061301456936382745
0.890565454897739,0.049248386868509526,0.025314660196643003,0.020729437730256026,0.014142060306852524
0.8501705637936103,0.060083671866429066,0.04382946363060928,0.029219367701599327,0.0166969330077519
0.8840777505188647,0.0736707509069164,0.017118598354809195,0.013624431966465024,0.011508468252944694
0.9088781302852282,0.0393214299122561,0.021809584693357496,0.01673641037480326,0.013254444734354795
0.9207413206574101,0.032548251775198635,0.02089271432607633,0.015224884599440944,0.010592828641874124
0.8454121372580136,0.07795294591931735,0.03283279380005662,0.023406531337114636,0.020395591685498
0.8408769318243865,0.1024762922664619,0.026001520223133977,0.016872653891650487,0.013772601794367385
0.948124302418912,0.02967737678077787,0.009059958615120024,0.007302914264492401,0.005835447920697529
0.9304629479457316,0.03290340524076257,0.015984362784850423,0.011662380873492216,0.00898690315516323
0.9169811325377467,0.04256901320353222,0.017798515059829156,0.012244309370754571,0.010407029828137633
0.8837963729437809,0.0666320705842151,0.019597455648302654,0.0179327490532598,0.01204135177044182
0.8894832667253052,0.06782676646277302,0.018472471541450732,0.014972769492087151,0.00924472577838373
0.8425814604802652,0.0858176868969525,0.03327693293953344,0.021725746254560464,0.016598173428688374
0.9023372009851687,0.04394230967611139,0.023987494475777287,0.019233086697843734,0.010499908165098729
0.8961961437803833,0.04309198932448292,0.035482377298420714,0.015033147083903109,0.010196342512810163
0.9500238051083081,0.019476573554546635,0.012472342840010744,0.011787739185943216,0.006239539311191399
0.9325722092120927,0.03512986640628388,0.012817880797998069,0.011152382413571164,0.00832766117005458
0.809024615830052,0.08592669805793249,0.049055013892347246,0.03663360793758984,0.019360064282078156
0.8702190060679444,0.081397040397193,0.021673253589418538,0.01724770757746569,0.009462992367978342
0.8698547440080698,0.06214457214758416,0.027365490719754262,0.024704164507717157,0.015931028616874798
0.7956634193054852,0.1308380345316796,0.03318961783978313,0.021067614234832503,0.019241314088219556
0.9278475448722805,0.03559189695764402,0.013930337036138454,0.013704057840741544,0.008926163293195401
0.9094190134947322,0.03012198499744008,0.015770147902564303,0.013905441491374916,0.030783412113888523
0.8112568884904304,0.09708355973539873,0.02323526283681622,0.027433438617970516,0.04099085031938432
0.9019582742450344,0.04753014715174071,0.020078401497862726,0.019072238296656427,0.011360938808705482
0.8050186671405127,0.08608193221243456,0.05160164175270383,0.03861590917895397,0.018681849715394893
0.9231604760402321,0.043686881123954135,0.013593488675548056,0.01076226610092814,0.008796888059337763
0.9142177720835345,0.048242684588421805,0.01669771096463128,0.012256827415063728,0.008585004948348672
0.9357577779042612,0.031381836087581855,0.01766025237453794,0.008766719000468697,0.006433414633150118
0.9517891160959172,0.024294766213014192,0.008503355553362962,0.009451735000697174,0.005961027137008493
0.8106265401420327,0.09614798991650828,0.05355153776692448,0.021599580147710466,0.018074352026823823
0.8983488285196224,0.04620379573761111,0.025095969761620738,0.01864139883978538,0.011710007141360241
0.9130897385020571,0.037344633869057973,0.0221733458493305,0.014510475565297004,0.0128818062142572
0.7904384069554262,0.10381309829018796,0.05771151726919951,0.02929429548723467,0.0187426819979518
0.8346128331304293,0.09024970571947825,0.036031530614824114,0.02063901077808432,0.01846691975718397
0.8624035164186843,0.08163199228590783,0.019893274368847826,0.018688604563156474,0.017382612363403625
0.9411843316689721,0.022079535805743362,0.012152676514198123,0.013428926171463967,0.01115452983962257
0.9290739212255269,0.04677877612884064,0.008755675541390286,0.007190447012977458,0.008201180091264495
0.9049245801945321,0.05009634579579503,0.019011967814171634,0.013242865479995052,0.012724240715506074
0.8818501654200895,0.06300636113876425,0.026281177442473318,0.014506520312918613,0.01435577568575431
0.8535775236713297,0.04789136351322331,0.035473016696482715,0.035930150008561604,0.02712794611040238
0.7510363499961376,0.11301881141588031,0.054557036290909924,0.05080933996567291,0.0305784623313994
0.8755506076690226,0.0632294725119057,0.02656330287444391,0.01809955910530068,0.01655705783932702
0.8508925824756427,0.05186327355757125,0.030511071999043012,0.04008798419537263,0.026645087772370492
0.8563132291122684,0.054477432167897,0.04481771256742669,0.020814712263518526,0.0235769138888893
0.8806426880763364,0.06798051488583184,0.01852272778674348,0.017162210503729933,0.01569185874735843
0.9110340440451338,0.039205762077877626,0.022114600076230742,0.013642164519297303,0.014003429281460622
0.8535927817255659,0.061829567117104994,0.03489027521294336,0.025425603472392682,0.024261772471993126
0.9293783670704734,0.016613422984709473,0.027632141386469182,0.013504848023280286,0.012871220535067517
0.8886352607401573,0.06249076329784802,0.016272134812102036,0.014876405667772966,0.01772543548211989
0.6724427115321655,0.18747791112008066,0.04435534516911632,0.04760634265109305,0.04811768952754454
0.8867775299817423,0.05839397950139504,0.015858196852639696,0.017148802568856997,0.021821491095366158
0.7592695926414619,0.10596202900056054,0.04422517731314096,0.047013683149825895,0.0435295178950108
0.9036981357101882,0.02800632543241966,0.026158629688018912,0.022110709813433587,0.020026199355939654
0.7693081657085018,0.11394818838246211,0.03556898991625673,0.03998138604620434,0.04119326994657482
0.861212021958776,0.09315160179394112,0.014045316451259254,0.017397855086528514,0.014193204709494863
0.7965516468879185,0.09330287280851743,0.042173893626647155,0.036007052836637334,0.03196453384027945
0.8276681645595859,0.10735096426035144,0.016578488701276886,0.02450866467384523,0.023893717804940533
0.8658971030907915,0.0764835647686139,0.018310746469684815,0.022852448680194048,0.01645613699071554
0.9033751834920362,0.04233293593709825,0.023317016318791964,0.013582546368657057,0.017392317883416504
0.8631239074298008,0.09146292728536022,0.017161654031895436,0.013321439114634409,0.014930072138308926
0.8701634776117674,0.06851858498950118,0.01972353285606432,0.019861012563963144,0.02173339197870418
0.9261122840400569,0.028306438000714782,0.015391898345428538,0.016159748650212972,0.014029630963586783
0.9095316456537685,0.05564664455977361,0.013180665919745836,0.010721218708794897,0.010919825157917059
0.8446200952246051,0.0942762588184178,0.0164420731740942,0.023989752747329812,0.0206718200355533
0.8706198463470206,0.07485568306762566,0.015781776601387618,0.024604738080483517,0.014137955903482479
0.7631177109081837,0.14177800016901335,0.034830198235760876,0.035692144499307486,0.024581946187734512
0.9098767184128178,0.03812600827408413,0.019408374040457477,0.01810376129744701,0.014485137975193515
0.8665696433268957,0.05650405904927366,0.028306380812866655,0.02353512127292045,0.02508479553804342
0.9419754648286767,0.023027865044220257,0.014101372550505796,0.010046523889694955,0.010848773686902331
0.9472203061850114,0.030808546237899657,0.00661163797858322,0.008140060819440787,0.007219448779065199
0.9008733789348133,0.04341263815710018,0.015312463208807442,0.01757218171390665,0.02282933798537224
0.8809920756752041,0.03891972416359164,0.023988832890911308,0.033366788172640646,0.022732579097652198
0.9322707066534202,0.033480048291062686,0.012177384699272438,0.009878854239514435,0.01219300611673021
0.7717885301448367,0.11180536218627199,0.038876645871832975,0.03705937482781291,0.040470086969245325
0.8281006993800265,0.086843470658615,0.040368070790385305,0.01944224074366722,0.025245518427306258
0.9088670467569917,0.04596061396800184,0.01832734762783256,0.01284490937725333,0.01400008226992044
0.9371261394202962,0.028667142885747936,0.01277378636484873,0.01135584935343509,0.010077081975672373
0.9129273852387049,0.03210090125701194,0.01973563250717377,0.017427448890776062,0.017808632106333426
0.9281050261986673,0.032691060792694425,0.01454680572191935,0.01315030720329794,0.011506800083421056
0.9419848376175182,0.02688331947087645,0.012472717478344929,0.0085429330421191,0.010116192391141112
0.8950551478706085,0.042694308019302844,0.018658622984693892,0.02360250158873586,0.01998941953665886
0.8841867997344998,0.06288374297068468,0.012537857104012168,0.021790552150092873,0.018601048040710517
0.9221117842668848,0.029933735772936825,0.016905259265620046,0.017283012155376334,0.013766208539181703
0.9210334748501052,0.03517489295197561,0.010523752606966471,0.01844049644658002,0.014827383144372526
0.8845988222202789,0.04928298487492944,0.023712100150441312,0.021710282161839765,0.020695810592510317
0.9096019208171723,0.04071247158125123,0.017584569106512515,0.018413766043510225,0.01368727245155389
0.9391054244295379,0.022522884343766612,0.011198744730086635,0.01295536030793944,0.014217586188669543
0.8704997032537601,0.04342778459275952,0.03710371671485399,0.021403216224968123,0.02756557921365833
0.8024863600188188,0.07899057024834495,0.03361547240621119,0.04381360993713468,0.04109398738949053
0.9362866980520258,0.031367953802807054,0.005954197970439846,0.011566830408829647,0.014824319765897794
0.8451597138129611,0.07794743547369903,0.014447277204279012,0.025763527483936323,0.03668204602512441
0.9228068055251644,0.03687218234126303,0.011108768252204583,0.013315256614451005,0.015896987266917195
0.7588616276572078,0.08953937047676247,0.03677753604289846,0.054117391303034085,0.06070407452009711
0.912176758451806,0.03370245255890022,0.013294281565594744,0.01773528497066264,0.02309122245303658
0.8943842037973028,0.035349794348792325,0.017359452627523825,0.025080257909133426,0.02782629131724751
0.949816920410555,0.016696649962471444,0.008312092127642732,0.01326798557501714,0.011906351924313793
0.8472841489536639,0.06979317236424332,0.019216626330381674,0.030771851268458397,0.03293420108325264
0.9104405926965322,0.029310196410308197,0.019432315279443096,0.019237359356164704,0.02157953625755175
0.7937478468674581,0.11242780565523144,0.021715764551353215,0.03055678889975278,0.04155179402620429
0.887173982624036,0.05401064862762593,0.01408811900414719,0.01866465181511069,0.026062597929080143
0.6914988391420498,0.12003043600450088,0.05361666443909438,0.06257807974519933,0.07227598066915568
0.8892618465682329,0.042484048044684454,0.0171285721264412,0.023967407296317533,0.027158125964323664
0.8487958562538187,0.06122541405293186,0.023311557293590194,0.027900708557232853,0.03876646384242632
0.8955286556001373,0.06062490685830402,0.010640194547459115,0.0180734474725405,0.015132795521559089
0.9183200475023326,0.03466576829597423,0.0322494218851415,0.00978386286716688,0.004980899449384936
0.8622883976393575,0.06305342669600317,0.04569295947422774,0.021557951095900477,0.007407265094511302
0.889997114354281,0.07349957351354086,0.015292770941912207,0.014201014279315718,0.007009526910950232
0.8426294649355459,0.0891896288749941,0.03454393152738882,0.023811149256272177,0.00982582540579909
0.8538382427205494,0.09535463168397292,0.028563705386925563,0.016991182465422385,0.0052522377431296315
0.9583102073490216,0.02427399285571506,0.008698669028291018,0.00636336299306343,0.0023537677739087393
0.8179144221881797,0.11041629512491674,0.03561284572408409,0.02538255913705646,0.010673877825762955
0.8538434897916936,0.08400720241357211,0.030591490151412236,0.021586684893713792,0.009971132749608331
0.8801227670994464,0.07471510436245685,0.019588848358047393,0.0187617358516775,0.006811544328371704
0.9317242843805822,0.0392297826541141,0.014604785936883222,0.009625725737507333,0.0048154212909133935
0.9485733118766554,0.026311753166729197,0.012211678913195275,0.00965184516203775,0.0032514108813825105
0.8322488712438955,0.09661628411024434,0.037135402181320165,0.024325331507517405,0.009674110957022423
0.8225780644467491,0.1062244342813187,0.035568475753009594,0.023297148035364312,0.012331877483558188
0.7592130495326147,0.12258349266517408,0.05903131564038876,0.03632474083388403,0.022847401327938284
0.8647852025104829,0.06509553352317962,0.03813771733840198,0.021133516073598552,0.010848030554336984
0.906090729057427,0.0398989152281171,0.03598839129791791,0.010673016984409417,0.0073489474321285254
0.9314228123491013,0.04367828416698437,0.015563957116944572,0.005926864194092859,0.0034080821728770094
0.8976567638736237,0.057824513498899624,0.02568062963396968,0.012566383175724127,0.006271709817782997
0.9317866935823934,0.04852464495364022,0.008746609314374631,0.0075976516539865745,0.003344400495605068
0.8448287754216254,0.09614821282197977,0.026176926467029675,0.02104539878080647,0.011800686508558733
0.9066661352303913,0.051090524921682534,0.01786170978486149,0.015785697705561725,0.008595932357503062
0.8538986136675158,0.102778673788032,0.01960717947808327,0.016198274186888854,0.007517258879480056
0.8807631915241703,0.06772909240437996,0.0285918037359176,0.01446422995964305,0.0084516823758895
0.8607285652673321,0.09430532874522728,0.022848399011973858,0.015675743181046545,0.006441963794420049
0.9230829446931408,0.05197302712686457,0.009830188380597885,0.010505019966791275,0.004608819832605621
0.9400184836605041,0.04378482432205049,0.005730875490791053,0.007371972892410121,0.0030938436342440915
0.9531589713971512,0.024835617696579305,0.00947061241608855,0.009179889696776657,0.0033549087934041885
0.8276912336559492,0.10571741526877047,0.02135777616185706,0.03183878292789669,0.013394791985526554
0.8788145234591341,0.08523516509769696,0.014334571620366797,0.01248755873033551,0.009128181092466605
0.917648930413818,0.03367982625983738,0.02209927453396402,0.01601230838410941,0.010559660408270869
0.8946517335800358,0.05147444585924143,0.02331327919274281,0.019179499779111427,0.011381041588868462
0.8765371017097546,0.06199177344294366,0.025886160146667822,0.024895750829933432,0.010689213870700718
0.9145412207494953,0.046255126513568605,0.017388041530005012,0.015749063530353217,0.006066547676577996
0.9312293454055172,0.038663226774889634,0.013474566112616652,0.012099283063014016,0.004533578643962546
0.9253130970484286,0.03341536284190822,0.023198112115265235,0.011779771607344391,0.006293656387053554
0.9195001958649551,0.059217355285607655,0.007390044829874386,0.00995216087891595,0.00394024314064682
0.9415517099586633,0.03555134632153174,0.009256849089965559,0.009187527847921212,0.004452566781917965
0.9244802123375387,0.03589733942829836,0.015877530039112003,0.01581750191060774,0.007927416284443198
0.9309609155814416,0.047095690975596065,0.01045017502487346,0.007869726190811813,0.003623492227277052
0.9193313727006199,0.029958321072555444,0.028913178693852164,0.01387824789299894,0.007918879639973475
0.9668042475684767,0.020625571660628242,0.006898685072339439,0.0038821446776514954,0.001789351020904156
0.879042855769534,0.05343779830555704,0.036319569622993264,0.021347258107307098,0.009852518194608535
0.9556183992772066,0.021119416245400844,0.012295740892840332,0.006825417848160678,0.004141025736391436
0.9195475344313354,0.04896049928064529,0.013700041339128539,0.010828216203869567,0.006963708745021089
0.8936715592453316,0.04126273151497145,0.036987243119527724,0.01725742053201336,0.010821045588155886
0.9543225573538885,0.02919564003999815,0.007842865026127386,0.004777462722657876,0.003861474857327868
0.9084526567253425,0.04810180062646589,0.024137004294523052,0.011069055165018837,0.008239483188649572
0.9411373142824494,0.026795352420510267,0.013371252815004508,0.012162306989020709,0.006533773493014937
0.810225077117061,0.11474338465548956,0.03609207183571007,0.02372500798105294,0.015214458410686532
0.80009944656906,0.09893647465513984,0.038156359134934835,0.03176415414883516,0.031043565492030252
0.7024742010049595,0.13652947397793005,0.04364611440848744,0.048148832460485555,0.06920137814813752
0.9125051041001724,0.048087187729033996,0.01309820305839732,0.01433503422362812,0.011974470888768135
0.8641328559521809,0.08375148979513822,0.01719537023223181,0.018135785790687985,0.01678449822976124
0.904200202101658,0.06380327350339514,0.01720729237447093,0.007263783529046508,0.007525448491429618
0.9650129878925221,0.012511383066007131,0.0060498254672582555,0.007284523782367225,0.009141279791845522
0.9153137306322603,0.03688140504014584,0.017216579065171354,0.013983617182641933,0.01660466807978087
0.9117717683606144,0.04774805862478188,0.020943085468736987,0.012008308376044247,0.007528779169822347
0.9403157284533202,0.02923994404025917,0.013937575876356339,0.011017068641873266,0.00548968298819075
0.9028060290039558,0.05701750591283606,0.019476708696156062,0.011569618231193323,0.00913013815585867
0.8968086917246477,0.05082646408742135,0.025713315986894577,0.015466206984902958,0.011185321216133208
0.8896755644740711,0.057618693603556766,0.02205486015995538,0.020568494011066772,0.010082387751350001
0.8960997405061015,0.07155702461662242,0.0124554147143964,0.01161596233925031,0.008271857823629377
0.9383427061177995,0.03370116212513643,0.0110154892997302,0.011107048970601443,0.005833593486732586
0.9133906754647156,0.03919167750382623,0.02204814104006767,0.014811336854665265,0.010558169136725318
0.9063220776821558,0.06141792215674167,0.020184439315258776,0.00767463996906088,0.004400920876782993
0.9375958943459669,0.03900463184313016,0.012642441204331839,0.006270029226128797,0.004487003380442423
0.9441147519378132,0.036152331444852616,0.007948640212903299,0.006181609576179441,0.005602666828251437
0.8842700075927578,0.04681335755861095,0.04061174529927242,0.019124476940813047,0.00918041260854601
0.8896266359782294,0.0585265949318392,0.02204951829315849,0.019426405817879754,0.010370844978893092
0.8746284507972805,0.061603258966819265,0.03410209552090706,0.018332766489639694,0.011333428225353343
0.8569657262114767,0.05783970683271582,0.030530595411494044,0.03528002154175187,0.01938395000256143
0.953352633793402,0.026214813117136356,0.008414781894613086,0.006481775578292391,0.005535995616555983
0.9124232629311076,0.041736951388680936,0.020741772691157293,0.012938329806284508,0.01215968318276965
0.8197614221732885,0.06617564440355082,0.060607305767546714,0.03165619111480461,0.021799436540809496
0.9180706863944078,0.03897747177375458,0.01852332234458344,0.011583976975944772,0.012844542511309443
0.9536291639965843,0.023557311888254447,0.008446132324118026,0.008420891413796122,0.005946500377247143
0.8137879144642931,0.10314321432224509,0.04430845339706589,0.023277481400125265,0.015482936416270689
0.8716331999247364,0.05584261793870692,0.042056009809498994,0.01577043665878288,0.014697735668274956
0.886378634825497,0.07327219872660741,0.019955451636601722,0.010312820048569088,0.010080894762724741
0.9500324538743636,0.030396390023422714,0.008111158245386817,0.0060116931903009055,0.005448304666526002
0.9503980848289729,0.02795281514364235,0.010425555820609046,0.005896894412175295,0.005326649794600175
0.9162753388995544,0.03473906676424001,0.025694254521897875,0.013925219463702726,0.009366120350604901
0.9318347252825417,0.03339127262464751,0.014975808817555683,0.01244101074055656,0.0073571825346985245
0.9042734791554601,0.032095105995364887,0.025624512795006858,0.017159308797337996,0.020847593256830207
0.9355944736178573,0.02963427127134929,0.013866635388699563,0.011154427699391086,0.009750192022702777
0.8846687544717348,0.07936006782560895,0.01329235850165743,0.012808774909896226,0.009870044291102609
0.8750296074506471,0.05879847439055016,0.02512237799707998,0.02434251088369611,0.016707029278026624
0.8651019108736279,0.06198410901235721,0.04028598500757062,0.01874850917639128,0.013879485930052893
0.7912868805287546,0.10100150250172081,0.04571117184390496,0.02776614622877794,0.034234298896841764
0.9387060828459411,0.026127936033633708,0.01416994385796912,0.01105707015349488,0.009938967108961022
0.9396432868615827,0.03046851068418144,0.014233957785344501,0.008071842312883671,0.007582402356007656
0.9218001788082879,0.0476950502090338,0.01441849355084752,0.00951632251419107,0.006569954917639708
0.8938536327798381,0.06502159867482839,0.016733380364067796,0.013407547212082973,0.010983840969182678
0.8367269914816603,0.08244232406099143,0.03788757472676579,0.026033796583110527,0.016909313147471888
0.9338491778957976,0.02653931348277149,0.01546884139327374,0.014141909999837709,0.01000075722831945
0.9001630725578166,0.047378169837663846,0.027277717983286254,0.012866786586700475,0.012314253034532725
0.9508380804583607,0.02806290922850699,0.007697090153002154,0.006806069595966564,0.006595850564163428
0.8933066253984393,0.061731024752284674,0.018670927003533774,0.015829866287643525,0.01046155655809887
0.9348873824199044,0.031660131885048966,0.014580103673154392,0.01111242978156223,0.007759952240330071
0.8173290516331402,0.10013423813792106,0.0483698442748908,0.019245724271731667,0.014921141682316365
0.8812149614758882,0.05792922053667591,0.0299948838137069,0.020530166964611154,0.010330767209117787
0.8972540405704726,0.039171516828153397,0.03092760345294725,0.01941824685891805,0.013228592289508682
0.8879930507819267,0.05607369085182896,0.028653803383063316,0.0137313788368277,0.013548076146353177
0.9455814302899599,0.025720957713578678,0.017271042076469133,0.006804513384748685,0.004622056535243721
0.9318533160126413,0.029134722308907762,0.016328235587096184,0.012545091060429607,0.010138635030925176
0.9543525799693158,0.02965082805432854,0.00620648207422945,0.0056769414162332185,0.004113168485892969
0.8862581070694221,0.06790163116826609,0.025444320633631008,0.011496141478909375,0.00889979964977151
0.9052957825874581,0.04662977840628941,0.020596488603969614,0.014893848870063488,0.01258410153221943
0.7939790366713737,0.12753945096926808,0.047614774308970896,0.016375338632092496,0.014491399418295147
0.7502731874061641,0.1637738472377408,0.04006087644734585,0.027457138451066777,0.018434950457682266
0.8330627110261727,0.09739704732020198,0.04062141150096405,0.015039503137515215,0.013879327015146178
0.8525138846724087,0.07582254242491827,0.04018891444584154,0.017054334850279722,0.014420323606551558
0.8218158884789348,0.1141523610998664,0.037355378832901014,0.013953455284277648,0.01272291630402022
0.9505676351805171,0.02687075137056781,0.010649708927786567,0.006938338947232046,0.0049735655738965025
0.9389868028775014,0.036940061105115926,0.010301180268524158,0.008016677248422071,0.005755278500436691
0.9578089085373321,0.01906597280606054,0.008059613895492496,0.008380811923114025,0.0066846928380008535
0.9220716527385814,0.04293628650371019,0.014423778453596025,0.011667182324848641,0.008901099979263472
0.891042404844865,0.06832459135655598,0.0201199178051057,0.01272775509643836,0.0077853308970350175
0.8163569097759393,0.1174560477069975,0.02844478966248949,0.024872608205831204,0.012869644648742294
0.8004036743306936,0.12604856499640177,0.03496977737584892,0.026837763162537318,0.011740220134518541
0.8560887594706655,0.08481409920071023,0.026531771346234145,0.018387822901748813,0.014177547080641345
0.9148062036226973,0.036069552622543105,0.017127550707518993,0.019707794978202575,0.012288898069038138
0.8852600431833783,0.07812385336677229,0.014669909392067464,0.012565558923492816,0.009380635134289215
0.9455206372162311,0.0215600238899441,0.01546148690573387,0.009869481499700352,0.007588370488390571
