Delta_Power,Theta_Power,Alpha_Power,Beta_Power,Gamma_Power
0.8639769109063786,0.0774361958159901,0.025473888649663094,0.019380012735731533,0.013732991892236595
0.7463560431511919,0.13505928338394127,0.04342984214662567,0.053681747663979686,0.021473083654261534
0.9168825387551885,0.050438129688533694,0.015480921097149712,0.012474717874666355,0.004723692584461833
0.9225910368283161,0.039352593804282916,0.01498025025964167,0.017672513344856505,0.0054036057629029115
0.9093053833156043,0.049259689265903746,0.020331959408914285,0.0163655490531525,0.004737418956425236
0.8452624542907157,0.0839021295252251,0.034840454811854826,0.02708489815061714,0.008910063221587154
0.7571730213829891,0.16495718443831447,0.04229812201299088,0.02724317069403655,0.008328501471668928
0.9180618734114984,0.04804481186054504,0.01907953962630683,0.011724333116765497,0.0030894419848845555
0.9086083750182571,0.05423110404618091,0.021237290370033517,0.013912745105819007,0.0020104854597096573
0.9466448782729213,0.03334389357095756,0.011248477725315158,0.006783958490342804,0.001978791940463086
0.9371392319913293,0.03240271223595151,0.018370564960123514,0.00947216934357212,0.0026153214690235954
0.9401954660907851,0.030765291012500244,0.015286613537784925,0.01055730544420376,0.0031953239147260704
0.9443086290358249,0.0334313425721063,0.011730241257059808,0.008262198381109592,0.002267588753899289
0.8557840571359575,0.09950922139442185,0.022997700744081008,0.017332517164988136,0.004376503560551569
0.9260076559521702,0.04194280740712092,0.01839212461145906,0.010365171816223883,0.0032922402130259984
0.9507710486653219,0.03499013521266252,0.005813643987192978,0.006826441557856669,0.0015987305769660255
0.9320268311928166,0.04008207348328946,0.014871359820424937,0.00973489182835212,0.0032848436751168725
0.8587155706290737,0.07495772805518423,0.03895308642889391,0.02223438056458318,0.005139234322265106
0.8815871836981883,0.07868626285576295,0.02079739684682987,0.014290655461051162,0.004638501138167624
0.8026400971956617,0.09455470020264357,0.05390309983132859,0.039121561266524316,0.009780541503842173
0.8543491168114773,0.0802975120285154,0.04172113860680758,0.01841719244994453,0.005215040103255434
0.8610757188531967,0.08684246931109704,0.028870476634831766,0.018364836442759786,0.004846498758114663
0.8137880859901004,0.11583666602390882,0.03973291320322212,0.02535161351110645,0.005290721271662423
0.8839782097283371,0.06538004039107313,0.03226043231860815,0.014593521434505482,0.0037877961274763463
0.6936592724792694,0.19714801844683036,0.05877107453815679,0.04237722406075242,0.00804441047499098
0.9036245517204639,0.062444773034923934,0.01795937579979904,0.01312150187274977,0.0028497975720634737
0.9258388170528751,0.04497357678904247,0.01583121636191682,0.010903061374977423,0.0024533284211882347
0.8579737180525282,0.10273025922633104,0.021919050530223538,0.014373112426530485,0.0030038597643868518
0.8212155714076544,0.10923673266983508,0.03496186279190906,0.027235662575090712,0.007350170555510571
0.8496720181367228,0.10741097386100183,0.02256534351249485,0.015945160936269857,0.004406503553510886
0.8914626545112478,0.06838751252171632,0.022969906512825745,0.014553554086767225,0.0026263723674427256
0.8358823911264225,0.10938249995339863,0.021674516001765686,0.025457106236270226,0.007603486682142801
0.9136706509862527,0.05471192694315796,0.013555036972482074,0.014270906682100687,0.003791478416006562
0.9033736279996737,0.06146306001307522,0.017104335692580856,0.014704710857393636,0.003354265437276669
0.8175081063511387,0.11390455476809049,0.03646700688667084,0.02728861811891834,0.0048317138751818095
0.6790943509595418,0.22027916960895905,0.05377008169145306,0.037978586793255296,0.00887781094679063
0.8865851930552923,0.06702564416073375,0.027837454047742474,0.015334270106247895,0.0032174386299834066
0.7887307561941141,0.15300592381000938,0.033826630192958826,0.01901145174870502,0.005425238054212919
0.8750454145412828,0.08055702227411586,0.027666369126346,0.01260707544962541,0.00412411860863011
0.8925270404392069,0.07476760113858347,0.020209226907974654,0.009824687980501914,0.002671443533733055
0.8632967161505465,0.08925660583931447,0.025594256735307,0.017457682043816817,0.004394739231015298
0.8938296163099041,0.07719505692084942,0.014064454065201305,0.011916978609717894,0.0029938940943271476
0.8515953357094852,0.09394251365381479,0.0317292951770471,0.01759569582896169,0.0051371596306915256
0.8656465025877879,0.07110211596067786,0.04254500505458,0.016851300183236488,0.0038550762137177287
0.7843602683038293,0.14255417625925693,0.04315144464334511,0.023267122620688713,0.0066669881728799885
0.9546550641590759,0.030099055564408207,0.008656451712879699,0.005100857312634668,0.0014885712510017124
0.6268723442279099,0.1352108308306374,0.09149539761896358,0.12463743590985626,0.021783991412632906
0.9406866577092003,0.029789859744328278,0.012389092573117435,0.011834372630700194,0.005300017342653792
0.9199255102147851,0.05124862551907879,0.012008071876044916,0.01370602150460641,0.00311177088548481
0.8594011021212151,0.08798139133518292,0.029673059504395645,0.019295592278730074,0.0036488547604762818
0.8556328789922032,0.08990883966616582,0.027210927253194964,0.02276872068406605,0.004478633404370148
0.8637383545780186,0.07046116236964432,0.040981520001111486,0.019921410329917632,0.004897552721307951
0.8163150867225663,0.09566040118719893,0.05870069436873456,0.023693139335329023,0.005630678386171422
0.9081073697583698,0.060520264249944514,0.016609185983287315,0.01247890832381777,0.002284271684580623
0.7928879175533162,0.14120797757765047,0.0354005540388442,0.02268609936660995,0.00781745146357928
0.6592459688333012,0.2873963872434999,0.02829660971206146,0.01958212926763463,0.005478904943502739
0.8472071345704455,0.08207166991142371,0.034945914082470435,0.02926156789540679,0.006513713540253672
0.9058749061233619,0.05895817580335753,0.018682443443346103,0.014061552873836678,0.0024229217560979193
0.7699243396933214,0.14775746202084555,0.04325052391946694,0.03324596901674601,0.005821705349620032
0.8332266975212123,0.10763441451144591,0.034480118534351414,0.020799122256396057,0.0038596471765941723
0.9105884154869162,0.05540296610043024,0.02023442611032574,0.011190891353765968,0.002583300948561892
0.8756332970694614,0.08478045436955735,0.01776384328522273,0.01759026873347512,0.00423213654228352
0.8172764526258632,0.11797739326397405,0.030531331106074602,0.025651310097984444,0.008563512906103432
0.7990072994504744,0.12863458012183038,0.034636410485728936,0.027204474476240574,0.010517235465725468
0.8256675616625104,0.09074759872729554,0.04287985217822903,0.03264622871371914,0.008058758718245775
0.8745045041352812,0.07574277226592864,0.02473444628041373,0.0213237248723593,0.003694552446016947
0.8961501350814519,0.05764912397366912,0.026020693123884848,0.01609394538438134,0.004086102436612747
0.7644665824232736,0.17508397089593192,0.03668021814185464,0.01824522899747202,0.00552399954146781
0.8362269414162233,0.09792340698726351,0.04009844904861352,0.02089362847727333,0.004857574070626244
0.9373353873012806,0.0320900008896827,0.0180249079210806,0.009755084735176396,0.0027946191527798586
0.8765884268305062,0.0740799177243316,0.026542555813191048,0.01913891949315227,0.0036501801388188248
0.9209160675116794,0.05545827929630531,0.012858732014853434,0.009094775073285986,0.001672146103876043
0.8511416477695825,0.1004458781029471,0.026658133677145836,0.017710220318962844,0.004044120131361822
0.8174524278190338,0.12167584265606035,0.03392046213903825,0.02242372655717371,0.004527540828693695
0.9094113866436626,0.05433305600413838,0.020596332744141133,0.013183154525869791,0.002476070082188121
0.9227644933444561,0.05337779856964039,0.013713359659736923,0.008462986003963691,0.001681362422202777
0.8346212704152919,0.10332010005190467,0.033816776006806264,0.02244039615493865,0.00580145737105854
0.8432697354342187,0.07943121275364884,0.050173657045032724,0.023081677405360344,0.004043717361739412
0.7558262602199742,0.1675616384453185,0.048121917771539194,0.021186434587871686,0.007303748975296426
0.8798248586100244,0.08045346207898925,0.021670166404716494,0.015232599466670124,0.002818913439599913
0.8950116620705565,0.0644739630716942,0.02006849962636304,0.01706259903936809,0.0033832761920183107
0.857235142713625,0.08799020701400187,0.02702848784016748,0.02266677491599212,0.0050793875162134594
0.842808472794942,0.09394015495820313,0.03408311227243724,0.024053296365397533,0.005114963609020426
0.9269729100710044,0.042886532731763106,0.017716870175931987,0.010499775561370247,0.0019239114599302674
0.9350967190686883,0.04435047280326022,0.010395336580849733,0.00850020582615511,0.0016572657210464426
0.8395987921078442,0.10406002386741588,0.0320314353480327,0.02080960607312893,0.0035001426035785104
0.8403869749705748,0.1061493632576184,0.03308129541751111,0.0164969260569212,0.0038854402973741873
0.8492831329291948,0.09127451178818584,0.03795781919137289,0.016462700387938057,0.005021835703308434
0.8565889282207014,0.09718264555613972,0.018826444307275193,0.022730360066987802,0.004671621848896081
0.9037219705502137,0.07150381076286529,0.010386896744323535,0.011564985993045953,0.0028223359495513577
0.8175600616123085,0.13500734983079019,0.020119676267646484,0.02208808458445291,0.005224827704801857
0.9268306706775571,0.044010069265061146,0.014207812697246226,0.011891020094277354,0.0030604272658580484
0.9009513002296329,0.07010198250129118,0.01394809895456459,0.011809240444878575,0.0031893778696327137
0.8698364269981459,0.07593464523731233,0.02468660000759387,0.02498949759076882,0.004552830166179449
0.7318792984203638,0.1786341281223695,0.04696051004629727,0.03556656530708432,0.00695949810388504
0.8571395459291097,0.0954769786144024,0.023605015856731228,0.018371737169681063,0.005406722430075455
0.8931119072245924,0.07968909665991555,0.010543647226687198,0.01309274185758578,0.0035626070312188623
0.9053669129732876,0.055411269610022476,0.015028827766947422,0.019851186458977127,0.004341803190765302
0.9119044655896934,0.048371031406921554,0.015794908459372266,0.01868950792873792,0.005240086615274912
0.8964522234252402,0.07061960910183802,0.01477110080479418,0.01510640749236008,0.0030506591757675037
0.863838205351188,0.0778418591668862,0.030598921107805616,0.022152516086982113,0.005568498287137968
0.8854269300260266,0.08130486450638386,0.014678335765163125,0.015552340339906394,0.0030375293625200437
0.9429929389962405,0.03356148050730453,0.01149570999481936,0.010053042926900041,0.0018968275747354663
0.8044584175925908,0.14917758949335794,0.021013164923288544,0.020021000263993737,0.005329827726768865
0.8915781316442113,0.06775039238256177,0.015962182514838476,0.018811790412723448,0.005897503045665076
0.795339812592876,0.08934253216170887,0.07019823235011688,0.03463044539894104,0.010488977496357051
0.9071772335483805,0.06616039221567675,0.014144656086957008,0.009886666609447687,0.002631051539538274
0.8867781262773018,0.06823820247619937,0.02316641552079469,0.015738466299225918,0.006078789426478477
0.780881274103249,0.1204934385299793,0.056210053344501576,0.034973086849606226,0.007442147172663816
0.8562736799465288,0.091159372798651,0.022010117783104508,0.02299334526233991,0.007563484209375866
0.8253508595753426,0.09864023714193526,0.042225826413144776,0.027283936101431684,0.0064991407681457445
0.8482984166910351,0.09383164632859513,0.029072796413936303,0.02207420304771756,0.006722937518715907
0.8586509899950227,0.09295827408704961,0.027315155666743883,0.015721886504232587,0.005353693746951054
0.7739893006295211,0.13922731113761627,0.04726627514982952,0.03109615550852635,0.008420957574506999
0.8097187507807228,0.11722801570762076,0.03613361232385311,0.028827946722416297,0.008091674465387203
0.9321605206852044,0.045570318507095045,0.007255531981137586,0.012248233765170376,0.002765395061392577
0.9168818810111953,0.056209159895418095,0.01426021168751882,0.01037605304070445,0.0022726943651635557
0.8463374601742633,0.08292068987435051,0.03729392066751622,0.027890959187368027,0.005556970096502121
0.9228419804022812,0.043857768592001974,0.016601815814482637,0.01359538475487431,0.003103050436359859
0.9004862732316731,0.06306832310017493,0.015838396657326056,0.01548622763882431,0.005120779372001522
0.9143324112445099,0.053033632834178106,0.01543493407333484,0.013665495855829723,0.00353352599214724
0.8775357565542335,0.0853392930922968,0.019331725146175663,0.013333274277136195,0.004459950930157893
0.8831967459677079,0.07009244119712274,0.01900903370356065,0.022214441301640405,0.005487337829968595
0.8888199630311276,0.061232789929840575,0.027673721719545817,0.018149626931362347,0.00412389838812367
0.885606126234115,0.0702631612925834,0.017512523388190315,0.01994028440375304,0.0066779046813583536
0.7986937412346484,0.12030514531387305,0.040161711358942406,0.03314563053088889,0.007693771561647173
0.8876200890050042,0.058249730762844835,0.02808223206447125,0.019484311067204274,0.006563637100475161
0.9166210126970851,0.059225471372019216,0.009814844398547046,0.01083061291260287,0.0035080586197456316
0.9199775375729919,0.054905382383523604,0.013850807473853685,0.009045417194488634,0.0022208553751421243
0.8867950375262507,0.06356375860422328,0.02394537224244299,0.021063078794692505,0.0046327528323905805
0.870833679957209,0.07339425751398941,0.03851875214772183,0.013483956119057623,0.003769354262021985
0.8263801885051147,0.1166891900769929,0.02649406193330133,0.025388488335772043,0.005048071148819184
0.8888720254155862,0.06432432064766833,0.02677530420173938,0.015556024377307513,0.0044723253576985375
0.9108352761137885,0.061441518676928895,0.015543747964360225,0.008974863249661017,0.003204593995261269
0.7684439496650356,0.13369872499096547,0.05280072563269098,0.03624698531415243,0.008809614397155345
0.9098750570884874,0.048471673392568713,0.02079501771243166,0.016529687210848163,0.004328564595664206
0.8288356666708305,0.1110202048710651,0.03381719994266395,0.020215851901347812,0.006111076614092491
0.874866444790017,0.08180853593426166,0.024976031030552064,0.014581395033694485,0.003767593211474944
0.852860383172356,0.10028219149939183,0.022202678475671075,0.019694591915787103,0.004960154936793921
0.8147452898922205,0.13064787949291207,0.02674811185047113,0.022170966360956675,0.005687752403439592
0.7955696083688446,0.11919986620640226,0.05389001956906606,0.025592603617683018,0.005747902238004103
0.8781798155190199,0.08347259401357653,0.02009222956374763,0.01477958681495253,0.003475774088703264
0.847403249105468,0.1101180974967131,0.023737152269160625,0.014899800109350514,0.003841701019307531
0.8462400841760697,0.09818632892645196,0.030583864525133217,0.019094416661255612,0.005895305711089364
0.920262190120929,0.05457940258936602,0.012980721641523267,0.010197010875348023,0.0019806747728334153
0.8719778832326868,0.08190885175782445,0.023668884228103794,0.018009966145044597,0.00443441463634029
0.9274237987146912,0.04806828934087328,0.015277505553778964,0.007044998561705438,0.002185407828951071
0.8207010021407198,0.09657414802804497,0.04855927355002547,0.0281467830503643,0.006018793230845311
0.7839174725518234,0.12979734491975842,0.05241542194528245,0.028073864849627633,0.0057958957335081775
0.7764003161060122,0.1252699585103845,0.04733834995263528,0.040793029555426324,0.010198345875541828
0.9040612009818344,0.061054482558746855,0.0201750456453783,0.011721335333144818,0.0029879354808956277
0.8380590896917176,0.10178693319906927,0.03544796945741599,0.019616216728193667,0.005089790923603387
0.9071894152735931,0.05005130852077439,0.02295522269035763,0.016020536682868264,0.0037835168324066508
0.8605645756218585,0.09772426990501806,0.02205492928210419,0.015720739354921767,0.003935485836097396
0.8630676293016256,0.09252294903152157,0.021113943076188142,0.019451478465640167,0.003844000125024401
0.8653907967648469,0.08328734360182098,0.027483856779075867,0.019229816240712773,0.004608186613543486
0.8183898819335573,0.1046576330373372,0.03792910291925238,0.03148640405904141,0.007536978050811975
0.9035836207459284,0.057299098845668105,0.021795639221876845,0.014004624942593928,0.003317016243932632
0.7932641580635159,0.16400946706904942,0.01899359798059372,0.01882480873193437,0.004907968154906481
0.9090611201149903,0.05487387219557628,0.02042712368384367,0.013047921008291852,0.0025899629972977707
0.9118161965455249,0.05710189544078241,0.015225937590297455,0.01307374943713541,0.002782220986259711
0.869009675482114,0.0729335094177714,0.029958997173987593,0.023940731693954175,0.004157086232172761
0.8740935391609432,0.0856892232292607,0.02514895169157699,0.011719431407972946,0.0033488545102462247
0.7915228808091029,0.11699563869731779,0.04921580087160852,0.03426145335654425,0.008004226265426488
0.8715266417941454,0.07396748474954583,0.02338055975183881,0.0248159374636815,0.0063093762407888145
0.8431545011808625,0.09572033808121996,0.03466848331676489,0.020921675816136406,0.0055350016050160124
0.8436924654030167,0.09200265120441563,0.041839959670709796,0.018268031589002805,0.004196892132855284
0.915473910722396,0.0558602186016133,0.0174659748796067,0.00951336129900538,0.0016865344973783563
0.8845897296224718,0.0849991154574621,0.01422034324778536,0.013980483341779874,0.0022103283305008733
0.7424666849086974,0.1520358710548397,0.0688224791837028,0.029706065925797845,0.006968898926962635
0.8419652988075691,0.11865847795544383,0.019406082783433126,0.016373215768085377,0.003596924685468472
0.8189670714968987,0.12385683418833185,0.03242442309905014,0.02040398574116529,0.004347685474553955
0.8352690743273693,0.11191537012283438,0.02913660835856385,0.01994657037338271,0.0037323768178494795
0.9160287310976294,0.056720855370393626,0.016471338041529816,0.00864035421356494,0.0021387212768821957
0.8451484673304925,0.09961206139853952,0.03325292085664647,0.018417764155303516,0.003568786259017995
0.923127528248346,0.0481447621913958,0.015264842083026637,0.01109156424826057,0.0023713032289708474
0.9314023018694764,0.043554666005860034,0.011545622947028255,0.011482231522663104,0.0020151776549718506
0.8454797975582264,0.09658288589604136,0.03001097866661474,0.023191246221815624,0.00473509165730196
0.7985979128094789,0.15309672478899064,0.024085572833493864,0.019863612584025657,0.004356176984011002
0.857208018894762,0.0939967136943524,0.02482133258230635,0.019377693447919907,0.004596241380659222
0.9228400381170316,0.04287276546856288,0.020040531521114215,0.011724943473891171,0.0025217214194003263
0.8745569134113679,0.08737950506406934,0.02470062262294412,0.010752792225819274,0.002610166675799612
0.7606337989799437,0.1741499173862411,0.03161316306171291,0.028366606324078548,0.005236514248023787
0.7485214474198177,0.17048923455553616,0.03883446003356523,0.0353823340148891,0.006772523976191641
0.9057326231108076,0.05491982779043317,0.019697454935076922,0.01609796403970477,0.003552130123977646
0.8054216859022223,0.12543309265524125,0.04655669319416067,0.017937274450612935,0.004651253797762899
0.7979440282137688,0.12283899649387917,0.04642289404463327,0.027517440667540645,0.005276640580178155
0.9053499162525805,0.06256145570823964,0.018094160630081565,0.011435776391645398,0.0025586910174528335
0.8243192103425151,0.12654156176611636,0.02698506430365369,0.0170178391004244,0.005136324487290609
0.8492482135478188,0.10882589757349263,0.023477936976734833,0.0158528891412367,0.0025950627607169525
0.8950107476610635,0.06447283682182006,0.025653482023396047,0.012478410632408295,0.0023845228613121657
0.8285427954854675,0.1001165536193152,0.04362347830632189,0.023596269324043257,0.00412090326485229
0.9247211497870351,0.04163810036633183,0.01506050372735288,0.015545522629374498,0.0030347234899056096
0.8331000009455302,0.09068225052953936,0.03837284895569655,0.03085654041319866,0.006988359156035328
0.8405654660619876,0.09344725870441302,0.04073460080657979,0.02059002518197895,0.004662649245040753
0.8977388925855752,0.06488525248038236,0.018912648603392982,0.016015016978614013,0.002448189352035529
0.9092170750272224,0.05565217258248132,0.01988440425709091,0.01250358344367429,0.0027427646895309943
0.7472159127782761,0.15918693565019695,0.055788743343334904,0.03131615766370575,0.006492250564486178
0.8042357999993502,0.1357274091965857,0.031776181473283545,0.024858188822551423,0.003402420508229064
0.8676748427980788,0.08408822896035947,0.02665899011240719,0.018216661140488914,0.003361276988665447
0.7774275036715319,0.16158146985161276,0.03718256512273013,0.019060323765506836,0.004748137588618432
0.6278133274689232,0.24664972797484286,0.07506555017900927,0.042364892528263504,0.008106501848961344
0.5909183097722068,0.24238155043322518,0.08984371075847744,0.06736007037592262,0.009496358660168099
0.7599632957429037,0.165680030668378,0.03361001822180642,0.034535521601494784,0.006211133765417281
0.8228064663635034,0.12250262780948204,0.03036862979460473,0.020246127811477874,0.004076148220931951
0.8824631609150078,0.07131036207761218,0.02909477702864423,0.014726765215358983,0.002404934763376964
0.827563198743558,0.0834002153937253,0.05513034137101754,0.029511929034722502,0.004394315456976602
0.9209749901041053,0.04903769441100145,0.016517524684436805,0.010869775598428914,0.002600015202027255
0.7181368498373815,0.1989732626342138,0.046546260772507626,0.030402768284096746,0.0059408584718004245
0.9127459021707467,0.060028556897802884,0.013055322970259036,0.011672669251092059,0.0024975487100992455
0.8962073024097021,0.06845829005171436,0.01875179563347477,0.013482828120888272,0.0030997837842205436
0.875277130609327,0.08027766580874691,0.02129240641820477,0.020246238337867685,0.0029065588258537114
0.9083213651236687,0.055307996695698046,0.019991965351691905,0.011962377930444693,0.004416294898496753
0.8309175985088275,0.0941809321116478,0.0435094585202538,0.024518255335510823,0.006873755523759986
0.8466109666183895,0.11397667120544137,0.01962043799307996,0.01682873527992884,0.002963188903160202
0.8333741885665383,0.11068087718512869,0.03403749978578526,0.018475079896473342,0.003432354566074274
0.8834891808647859,0.0685936383475169,0.029385748831728852,0.014938831033256897,0.0035926009227114845
0.9374274128557897,0.041789035348399894,0.011111798740181667,0.007997335995419502,0.001674417060209179
0.8781164622999722,0.07947140034847507,0.02199297347048376,0.01711169702047358,0.003307466860595353
0.8579341495389226,0.08591286847507883,0.03336245904801979,0.019967505782339787,0.0028230171556389576
0.8695367731017188,0.09020058637598219,0.023295908087075164,0.014297175658387149,0.002669556776836624
0.8466907098731529,0.10386374157774246,0.02448879546559561,0.020652003308561134,0.004304749774948144
0.9024845750045053,0.06726301208924701,0.017654827915485706,0.010036103135763096,0.0025614818549987628
0.8484814168570123,0.07580251680730599,0.04638550920286357,0.02414121990708095,0.005189337225737216
0.9041203663591565,0.05058770234163662,0.028442897572201184,0.013382365455971223,0.0034666682710346526
0.8780959855649442,0.07973381649212696,0.024472849801775387,0.015069419904212025,0.002627928236941364
0.9632329436711654,0.021850013771305788,0.007067679038573247,0.006687425785605295,0.00116193773335009
0.849873015049796,0.09068673172853697,0.03485128128814002,0.020949246016652656,0.0036397259168744756
0.9385802401127719,0.040860929233811856,0.011133261204734015,0.00798260359775479,0.0014429658509275752
0.8917534821088876,0.07158228559839137,0.017159221500658437,0.017345322759196872,0.002159688032865715
0.8939287963669428,0.07332975963379258,0.016322806646718934,0.013013274789422304,0.003405362563123634
0.9136809098434076,0.05626472771248285,0.017363768727523623,0.010469866059853014,0.0022207276567330738
0.9275428708430549,0.039761799174258004,0.017541170604442383,0.012190519171382662,0.0029636402068621095
0.9522220227935516,0.03320654132499661,0.007871804417476692,0.005433596677545476,0.0012660347864296556
0.8810531713671629,0.07344580286322566,0.027653328991976287,0.014626437325107006,0.003221259452527973
0.8956773355817733,0.06074710729170925,0.019554140852865925,0.020942015739140573,0.0030794005345107208
0.8867272112401186,0.05864720356975015,0.03163951452167934,0.020271625225030426,0.002714445443421796
0.7322548154812285,0.1495468817427364,0.0732655850031209,0.03962201498348481,0.005310702789429531
0.8066983699071675,0.11587072608388412,0.046091974967499776,0.025726760133086432,0.005612168908362261
0.8905913180709512,0.05695261772046328,0.03426254798565273,0.015136053165675767,0.00305746305725703
0.8206621626278617,0.13502707180146412,0.017978056631846134,0.022501371738867168,0.003831337199960819
0.887099820038713,0.06733930806681246,0.024644953090838057,0.01729059104027034,0.0036253277633662402
0.8792289195707708,0.08111267294303456,0.024543488403654466,0.012692011896232206,0.002422907186307962
0.8622044136935415,0.10896346437881128,0.016495475306215014,0.009612679032339599,0.0027239675890925997
0.7706800346457773,0.1474149332644577,0.05727338565635839,0.020985565451471004,0.003646080981935505
0.8635630108390279,0.0856648332591723,0.026441939523484694,0.01969087855229549,0.004639337826019594
0.8446367023078952,0.10958756842722388,0.02064370457974578,0.02215575004027556,0.0029762746448595907
0.9446715683483826,0.031119688510435655,0.012302943219065308,0.010256346856928878,0.0016494530651876556
0.9179868676435854,0.04834855841559371,0.02127054296708365,0.010456088679420461,0.0019379422943169257
0.8718892206235208,0.08840435449076178,0.024722215460998072,0.012404822220969728,0.002579387203749591
0.8798799253996034,0.07876148738446805,0.02041153850741483,0.01702536999060857,0.003921678717905088
0.8433873416346246,0.08989134181511117,0.043067256524981744,0.019934172188478705,0.0037198878368036193
0.8765741724741144,0.0926648996199353,0.014921329419837861,0.013360416619130129,0.002479181866982235
0.8479498378759098,0.10464092871349585,0.027054606295564748,0.01746111244813104,0.0028935146668984603
0.8930746823860386,0.06491329332088784,0.02272760704664675,0.016241187643962974,0.0030432296024640476
0.8225783308168051,0.1151252651977476,0.04120594042369012,0.017932356856140627,0.003158106705616566
0.8930759786418833,0.06517453301230454,0.02268975031753556,0.015085012507801593,0.003974725520474831
0.827991226928881,0.10660879744953272,0.040250753453803884,0.02076583681757358,0.004383385350208725
0.8849261848910714,0.08117089809576375,0.017197084443595894,0.013629906398075072,0.003075926171493852
0.8349424116215184,0.08246418440909044,0.05344601464316915,0.023988831599047848,0.005158557727174084
0.9426847882826923,0.03677262711232706,0.011998186553622048,0.007101935877666448,0.0014424621736921753
0.8277842573484742,0.12116886946442348,0.032196560014996024,0.016304687104805662,0.002545626067300573
0.8370709518939129,0.10783292776311548,0.028928338735782873,0.022953499572597576,0.0032142820345912333
0.9083275973474103,0.0578717208315372,0.018189429824216532,0.01309906915797186,0.0025121828388641643
0.9472756863343732,0.030567306436745868,0.014923897036718052,0.005824257463888801,0.0014088527282739558
0.8501825672459906,0.08601899882477848,0.04230902776082847,0.017468364572412964,0.004021041595989752
0.9187247933283305,0.044652567570485815,0.02318459534646327,0.011659218290426161,0.0017788254642942425
0.8869798452468656,0.06205078667978352,0.03220464403933641,0.015434133403087502,0.0033305906309272757
0.9117627250301007,0.05729782736622796,0.020100343736132304,0.009426534072312706,0.001412569795226341
0.8418847862867304,0.09740724711680922,0.0436996718392095,0.014645835927745012,0.0023624588295059145
0.8623114419506481,0.06240107985004389,0.04265383017610181,0.02847803000370484,0.0041556180195013335
0.9050524466457568,0.05404174112266393,0.024395972005956595,0.013949764957042227,0.00256007526858062
0.8749898074762658,0.0880245220389319,0.019663808336984244,0.014591123987138738,0.002730738160679481
0.8568145934826116,0.08816685892086926,0.0309176771701969,0.020244095340827058,0.003856775085495246
0.9088670938126105,0.06379246583619887,0.016598695954714547,0.009466618389529556,0.0012751260069466769
0.8656859807483381,0.08799607710373411,0.02670479418614228,0.017306102670654234,0.0023070452911310496
0.8467248476178814,0.1013418160168718,0.03204525266342371,0.017134155608026492,0.002753928093796756
0.8359935998674767,0.10309502390980846,0.03767813072847709,0.019276304527895735,0.003956940966341654
0.8243025355775382,0.13841097287428847,0.01997514129122496,0.014129823753388,0.00318152650356018
0.8654819898966448,0.09523998452183788,0.022449688711690074,0.014265469271239499,0.0025628675985874603
0.9222496910938016,0.04753779223552569,0.016196084453911023,0.011905572717294656,0.0021108594994670464
0.7315703710034245,0.16578414598580243,0.05359316278375386,0.04154865945602482,0.0075036607709942525
0.756281016174484,0.17013512407508716,0.047950369797725385,0.02210227088242606,0.003531219070277413
0.8580614969603345,0.09173398216850888,0.03255086491795758,0.014439456254002806,0.0032141996991962704
0.764093327719081,0.16400749524512978,0.04657249854502588,0.020509240935123275,0.004817437555639908
0.8360763431109876,0.10551254960948724,0.03604471150255626,0.019201350475489903,0.0031650453014789347
0.9291166818859533,0.03521555988437745,0.020377549381157482,0.013393437784375442,0.0018967710641364583
0.9201598367027564,0.046268274494078276,0.02023244387297882,0.011547482029173214,0.0017919629010133954
0.9578172242306633,0.024764370611009907,0.008879879895660995,0.006952525299722612,0.0015859999629433054
0.9115583201887286,0.050226437246183246,0.020238693861188487,0.01512608680985839,0.0028504618940412983
0.9377234934593296,0.040079723930383046,0.011968408199197473,0.00851807759796208,0.0017102968131277477
0.8925736424632741,0.06390847576579095,0.021516857613617667,0.01849577377222336,0.00350525038509401
0.8828314839826789,0.07700074680396096,0.01989583384290328,0.017189290956375333,0.0030826444140815076
0.9689775767171908,0.01698430549261585,0.008217826102186094,0.004607170856168466,0.0012131208318386596
0.9324309531415916,0.04625225575464996,0.008935958305374093,0.011210587693293531,0.001170245105090634
0.8071745755819639,0.13564482528417598,0.03677729955745017,0.017359209285092096,0.0030440902913176
0.9393195804592741,0.042604308900634706,0.010917007514578107,0.0058581818088077366,0.0013009213167052046
0.9045201267226114,0.061821760492054664,0.01679574347358901,0.013602477223303513,0.003259892088441423
0.8985612892321588,0.07356214922142067,0.014559358848830337,0.010859538395069734,0.002457664302520078
0.8454555083828484,0.09979807084714026,0.026488096756594325,0.023278482189376087,0.004979841824040833
0.8576511437051719,0.09084270481242994,0.03262797400028418,0.014973696819838879,0.003904480662274964
0.8997823170799667,0.05187142255287438,0.028390802706225626,0.01607472046724965,0.0038807371936834694
0.9497317839891992,0.03100268167620528,0.00808330245336855,0.009464247224131415,0.0017179846570957483
0.8051701077354887,0.1326780600178742,0.03504350821033031,0.023309755291083218,0.0037985687452236037
0.8492512738130094,0.08432372558231159,0.042787048400611635,0.020902251982548584,0.002735700221519062
0.7466999318910164,0.1809065743319107,0.047640325117039445,0.020435316578712077,0.004317852081321424
0.9097275487022228,0.05453537642914153,0.02018235883551246,0.013502156871068477,0.002052559162054728
0.9345928737486877,0.03742429385990568,0.018367507908506536,0.00851082659827186,0.0011044978846281857
0.8334092788093079,0.12202895383014878,0.025207900244534107,0.017031892045834364,0.002321975070175037
0.8232535300946084,0.11265951459503325,0.03978265116925009,0.020233297274066524,0.004071006867041559
0.8842290802536726,0.078508801225444,0.020289062532302192,0.014391009923123156,0.0025820460654580033
0.8925886934799913,0.07497158502465837,0.015476902825369808,0.014902331429136516,0.0020604872408439235
0.8404152741128406,0.10139218670658774,0.032092042177840625,0.022517999811340624,0.003582497191390397
0.7851018731475589,0.11523363371688067,0.0438215391346491,0.04564823751544634,0.010194716485464848
0.9220764646730292,0.04781923170065221,0.017582950958910423,0.010171931088020473,0.0023494215793874373
0.8200769884102557,0.12175072593630774,0.03289302965179094,0.0211022269127924,0.00417702908885341
0.9564706658826942,0.027795629237792795,0.008771685728937469,0.005921609788422832,0.0010404093621528678
0.7714337869265621,0.16854383919000956,0.030057956816944682,0.025906225765175307,0.004058191301308585
0.9296894526701831,0.048963880710430535,0.011075881772064951,0.00871465486809018,0.0015561299792311053
0.8165601737590409,0.1364297981934419,0.026678119426092065,0.01791327166118487,0.0024186369602401717
0.9239379427155129,0.05422929302454714,0.012347591104253588,0.008222625074920605,0.0012625480807657555
0.9117013639389017,0.05242023714991622,0.024446093680074103,0.008832702718512006,0.0025996025125958507
0.8414213727909329,0.12220201488132068,0.01983672505064196,0.013482557447655117,0.0030573298294493934
0.8972608833129394,0.06995179173681368,0.020535053774194817,0.009805070411598333,0.0024472007644539004
0.8754067692860933,0.08890991460309183,0.015497787299907183,0.017521198233566813,0.0026643305773409297
0.9270061297368342,0.04488676568297186,0.014887919037401443,0.010863385046838456,0.0023558004959539744
0.8369106599837093,0.10598391147599297,0.030230165620035093,0.022200658282921754,0.004674604637340783
0.7416388760802545,0.16360221872222172,0.05432209249573238,0.032655626831037086,0.007781185870754376
0.8956925153275013,0.06783312740306632,0.017345504366636327,0.016834205780275623,0.002294647122520454
0.9304093201859084,0.043509930619431474,0.01141678885593048,0.011737477024168169,0.0029264833145615367
0.9549719708271267,0.026473869967196945,0.009946726763357715,0.007125683571893197,0.0014817488704254246
0.9283851275945743,0.04648591372594174,0.01363456620229657,0.009956026043184314,0.0015383664340030592
0.8783049909316407,0.07689837855426895,0.025626587058447246,0.016217113936463124,0.0029529295191797083
0.8106146219871055,0.11972924142081261,0.0407292857543941,0.024891428152592782,0.004035422685094918
0.9622625876796286,0.025674708346863074,0.005178701974984475,0.005392665541349075,0.0014913364571746066
0.9361438032696524,0.04412008035978719,0.010715426023693308,0.007710502265572989,0.001310188081294286
0.8286140563300971,0.1131390610074068,0.037425939975309325,0.01737130876132352,0.0034496339258629515
0.9168824229143246,0.05444823244616575,0.013368335723554852,0.01293847333827875,0.0023625355776760735
0.8547324661722444,0.10266284314079145,0.022038543041920773,0.01761623880657789,0.0029499088384655303
0.8353549740347802,0.10535838422527927,0.03615392109784012,0.02005859895053134,0.0030741216915691548
0.830134004006989,0.12497550247298946,0.023407833322924825,0.018484545603165925,0.0029981145939306417
0.8610153613813099,0.0903129763119346,0.026582153215592326,0.018156746154805163,0.003932762936358058
0.8158751055740296,0.11091126916912006,0.046474459422844804,0.022705039783503717,0.0040341260505017875
0.8356786445001414,0.10035992593960553,0.03287826790393242,0.026090406712889015,0.004992754943431674
0.9462915657203812,0.031288903497038605,0.01367810655663254,0.007390226003892168,0.0013511982220555658
0.9053655340052756,0.06481004800642043,0.018142144111101544,0.009715755141032826,0.0019665187361697996
0.8999734625640166,0.07027834970131912,0.017654463853794506,0.010327581856682498,0.0017661420241875884
0.9219636994474546,0.04607779120154861,0.02100863086185603,0.008584138872996612,0.00236573961614425
0.8055314840388669,0.14036247224889414,0.034663833355204524,0.01488408114415715,0.0045581292128772325
0.8097262438869463,0.11785601368076737,0.034376143848300324,0.032312462883809616,0.0057291357001765224
0.8755490717833125,0.08205637003063262,0.020420085830905144,0.018836227780889003,0.003138244574260811
0.9128091498662596,0.06306856212004928,0.011494414214623674,0.010531910995878878,0.0020959628031885493
0.8733476373020649,0.0842219496673574,0.021937373454252184,0.017613173103184755,0.0028798664731408703
0.9021174740132943,0.07123221879862555,0.012428528258314725,0.011385670982576876,0.002836107947188297
0.8831206156402372,0.06530755419344138,0.03180419642130483,0.014749927866953236,0.005017705878062986
0.8513921653632925,0.09429753905151227,0.03233790097879761,0.018516581321115316,0.0034558132852822586
0.8143367166446831,0.0965582307105626,0.037968313588883626,0.04319887727706004,0.007937861778810387
0.8829071366702045,0.0750539701821559,0.020675105170621527,0.018350465475725847,0.0030133225012922635
0.7131844239198758,0.20166042924608193,0.05277024454123557,0.02849836865748141,0.003886533635325317
0.7515127997956896,0.16709149983320284,0.04705166598531996,0.029232974862157358,0.005111059523630148
0.8717105105189007,0.08484986055306078,0.02068386361821953,0.018741067614147462,0.004014697695671413
0.9125112376754093,0.04392908822861833,0.022697502103294052,0.0180052922964737,0.0028568796962044622
0.8415415433466993,0.0922769491841433,0.03493095430326816,0.027847349639795595,0.0034032035260934163
0.9052231878158893,0.06433503724986561,0.01609266801876823,0.012582776871959894,0.0017663300435167512
0.8406371702183314,0.10607736331838438,0.027931923223721428,0.021919395502074165,0.0034341477374889074
0.9429937551794868,0.0339876633123761,0.01477698443518298,0.0070606104598298506,0.0011809866131243208
0.9186566735226007,0.052215128413719496,0.017335434338181743,0.010221674758531658,0.0015710889669664253
0.817528310134075,0.1124995228432371,0.042528372098276854,0.023448631817783516,0.003995163106627499
0.8969085268939453,0.061581264898043137,0.021279250873417463,0.017556706937659938,0.002674250396934019
0.942143284454505,0.040630092312402194,0.00901116397190219,0.006644627760118926,0.0015708315010714903
0.8285675010455881,0.11491579697379102,0.023878210616929962,0.0281980507607563,0.004440440602934497
0.8302975045848311,0.11973699235308066,0.03082430904787622,0.016105554362644107,0.003035639651567877
0.9004185959948083,0.0651482938840814,0.01805306935534087,0.013720326916508999,0.002659713849260342
0.651527511452525,0.20926235904320628,0.08476785240558726,0.047173109028876475,0.0072691680698053224
0.9032916337870319,0.04515589085242061,0.02670971191092215,0.0207019024102844,0.004140861039340964
0.8484653365526654,0.10100450226538789,0.032516727644721764,0.014854699587619721,0.00315873394960511
0.8433908867241956,0.10551810993415497,0.03155590207386677,0.01590832787202902,0.0036267733957537447
0.9209102214068676,0.05287671878169113,0.013814734508262991,0.01022230169196823,0.0021760236112099373
