Delta_Power,Theta_Power,Alpha_Power,Beta_Power,Gamma_Power
0.7877832834623856,0.1127588032149265,0.06487293875914255,0.026249322786864312,0.008335651776681047
0.9172311793029143,0.04464042030948954,0.028222607236512907,0.007471281618005335,0.002434511533078083
0.8343794194249075,0.07194099603532654,0.07151235278248871,0.016448727180423204,0.005718504576854277
0.5479856978347929,0.23347133134475284,0.16558974853918534,0.03772077732352556,0.015232444957743119
0.7790002151775811,0.12586046503108242,0.06798339374999801,0.019844968855039516,0.007310957186298674
0.7798785439147434,0.10635558711204708,0.08557602074829725,0.019051096760601655,0.009138751464310563
0.8143956799935307,0.08618184601928923,0.0751965669596434,0.0147320717760304,0.009493835251506414
0.8143170344851105,0.0782075939804606,0.07241018021892047,0.02233245421898092,0.012732737096527624
0.6866242701981342,0.17649739768840025,0.08429439129216888,0.028592163824019266,0.023991776997277343
0.8952212173922983,0.04901977818706584,0.039810516944522506,0.010312114109437956,0.0056363733666754375
0.8875378177811925,0.051727318508843864,0.04355342673215513,0.011443659727003112,0.005737777250805142
0.7839133492980985,0.08968131692428587,0.09066391099073884,0.026754907575752336,0.008986515211124316
0.7567905196058541,0.11328500551736022,0.10222813718008628,0.019862459427491083,0.007833878269208209
0.8216535083692712,0.12242256864331852,0.03907037625006287,0.0130316754897903,0.003821871247557194
0.8129787255826575,0.07958390753745294,0.08317293422196331,0.018078054717147428,0.006186377940778831
0.8075250970766039,0.09700615521625267,0.07188122049138884,0.016686146710091165,0.00690138050566321
0.7546235030143301,0.07934395080900046,0.13101108218066576,0.024477760584878702,0.010543703411124896
0.8859529987648772,0.053190329053070036,0.03665892901752826,0.0172023906132956,0.006995352551228682
0.8285212934808714,0.09131758861701368,0.05871855745419075,0.013786109371545285,0.007656451076378555
0.8946047864007927,0.04569163214664671,0.04282047878283608,0.010364834739677694,0.0065182679300469755
0.8703352333332611,0.050407642870785224,0.05342697555503484,0.016882601163754143,0.008947547077164563
0.8914605318684741,0.049325012115650435,0.03951123395814535,0.01246989960706301,0.0072333224506673285
0.8120171400048082,0.07377806531851178,0.08397545649314561,0.02005076932950804,0.01017856885402647
0.7758611790345742,0.10347939023549942,0.08531400057011113,0.024148187299625975,0.011197242860189313
0.8544522840915099,0.08965373922504574,0.04379490664355207,0.00819808417045516,0.003900985869437134
0.8144651816805196,0.09860216727797501,0.0644084763206529,0.013946983726564598,0.008577190994287972
0.8804098270496576,0.06769689251784408,0.03754227478807884,0.009403430559796314,0.004947575084623148
0.8606241085404032,0.07371602925744329,0.04537846770313193,0.014166587081303198,0.006114807417718529
0.8669217144795496,0.05768060115066024,0.04960251844958057,0.019369104975127255,0.006426060945082306
0.8773787289047833,0.05105403622728801,0.046494930135187254,0.018221637446341563,0.006850667286399923
0.92849728440267,0.0346954271525673,0.022361538835399576,0.01078441362365259,0.003661335985710674
0.8690358885088093,0.06258864722085063,0.0506296183811213,0.012113038231185475,0.005632807658033354
0.7648599618589752,0.10266341060798645,0.09734116768473632,0.024074118234793457,0.011061341613508583
0.8922718431470705,0.03916499498933864,0.05307790244959408,0.009396617614847875,0.006088641799148817
0.8480769951366921,0.08326851739540136,0.04770153385728182,0.01492793550674968,0.006025018103875034
0.8064715198597052,0.06036148633073998,0.10871762335292352,0.01757204713136988,0.006877323325261677
0.7807755430984016,0.10286708030821068,0.09201941490903609,0.016730160290933594,0.0076078013934180715
0.7656697157768038,0.1284962946162575,0.08399518865262982,0.016248785649372044,0.005590015304936963
0.8673094599553814,0.04704783679991902,0.06611230253553091,0.011967396462063904,0.0075630042471044705
0.8807871525445288,0.061238506530471595,0.04107886487562009,0.011848086690813947,0.005047389358565739
0.8370474098928906,0.0609827427749457,0.08295447821449384,0.014034515303915715,0.004980853813754303
0.8073607292579406,0.07534051030410677,0.08965186959360628,0.021223919999847872,0.006422970844498542
0.6498629260818147,0.16508760622533952,0.14086282144749407,0.031996485258965396,0.012190160986386351
0.8825510072291618,0.03575419952662936,0.06346983106011445,0.014199695361737489,0.0040252668223569685
0.7808008859992267,0.06573222877730726,0.12165215789975045,0.022939987360684106,0.00887473996303142
0.8742894078513646,0.04990860795115243,0.0635420879448782,0.008088446006632987,0.004171450245971867
0.7370566855891081,0.10730705736173737,0.12560126773920635,0.022202443520921065,0.007832545789027022
0.909400908679996,0.05134148778785143,0.02847736744230299,0.00808874889866766,0.0026914871911820236
0.8335781038304505,0.05886901447176421,0.07865820195360017,0.021456357543423565,0.007438322200761525
0.78053908014014,0.06987178848863876,0.11906652759578856,0.023965683739782608,0.006556920035650179
0.8500006211636886,0.04720332299436912,0.0810781867791852,0.016215128922194226,0.00550274014056263
0.8035095340114328,0.10585834670436099,0.06949578859711089,0.013368887769823918,0.007767442917271513
0.8685826693623849,0.051824746688241656,0.06422019833334804,0.010300469888941498,0.0050719157270840785
0.7469458443439166,0.11679916551416035,0.1040393426128285,0.02249405171497204,0.009721595814122352
0.8674352561607777,0.07206516552799595,0.04278180857582457,0.012191171779544423,0.005526597955857429
0.8216583427124343,0.08821952679521268,0.06580690729958914,0.017476164446302695,0.0068390587464611016
0.825650025055424,0.0843319665287384,0.07169999141329454,0.012968013462130593,0.005350003540412511
0.9308895478969048,0.032920311971030104,0.02785391329358899,0.006149642205276409,0.0021865846331996053
0.7760063314666652,0.08772389858557235,0.0983047298905115,0.02521448740402698,0.012750552653224083
0.8320641511467823,0.07767878967202504,0.06929038341762969,0.01431580635590849,0.0066508694076542075
0.7115811506403448,0.13623652282665788,0.11462742069183408,0.026827823663631043,0.01072708217753254
0.8221675836142742,0.11170681620995733,0.045263315286417014,0.014943275690060516,0.005919009199290938
0.8040648857735181,0.11346002814838424,0.06020178414563344,0.01534345713559144,0.0069298447968728005
0.810591454167143,0.12921970582167233,0.04814583198122812,0.008825395670045567,0.0032176123599109417
0.7343040234598213,0.16279213885537983,0.07967636372660185,0.016910422607378,0.006317051350819245
0.6807000847748843,0.20909637883187435,0.08258802857020818,0.01996453813130095,0.0076509696917323065
0.7960077176996566,0.10640298444554029,0.07669389829623297,0.015120026390440983,0.005775373168129147
0.5954008920744613,0.24348765394948238,0.13132256227830105,0.02112958231796888,0.008659309379786507
0.8227672634853106,0.11139293187716619,0.05111653014725647,0.009810927791999028,0.004912346698267538
0.646759623019331,0.2513444198975995,0.07816390094544473,0.015764841231192577,0.007967214906432122
0.6942209774969809,0.20048115710728676,0.08548323529631445,0.01412901590288641,0.0056856141965317105
0.675056354204364,0.20065946652573774,0.09187393141608438,0.02232991607007921,0.010080331783734733
0.67523147149077,0.20680741133743086,0.09948963692372917,0.012943732415853096,0.005527747832216805
0.676001269361999,0.23476730054040834,0.06822003346007272,0.014991928239520046,0.0060194683980000505
0.7161873494156054,0.18844252690205024,0.0677557071249219,0.019947539902902708,0.007666876654519934
0.5230220429762767,0.2909621925364379,0.15413443545047703,0.022939259889100873,0.008942069147707518
0.6919163794522187,0.2284817502913708,0.058154311313688464,0.014367899628839704,0.007079659313882392
0.7461842050418416,0.18739102438032137,0.04594643346696149,0.0154986650990145,0.004979672011861072
0.8831285461962632,0.06547852329293562,0.03792945477498132,0.010035859111341172,0.00342761662447854
0.6808463340356655,0.18511673373508686,0.10726801011186542,0.01942254472753011,0.007346377389851842
0.8180434552084648,0.08511566876889794,0.08199035001479595,0.010541833396065205,0.004308692611775994
0.6101132446235604,0.2540901285344077,0.10495854724568972,0.021927198507591707,0.008910881088750378
0.7781859732020913,0.10838601014821493,0.09238995100638518,0.013603381347120956,0.007434684296187512
0.6929579114186453,0.17091901424758102,0.10054365234019198,0.024481644217117345,0.01109777777646453
0.8238918434393006,0.09368747163502393,0.06645362585593363,0.010469369952509829,0.005497689117231761
0.7592534499671166,0.09275661378055572,0.11286533845523522,0.02537696076093981,0.009747637036152744
0.8186903804730855,0.09364663154491323,0.06484997012942029,0.016045615767169417,0.0067674020854116565
0.6981090662414874,0.1817305856248552,0.08946740315711525,0.018928959492249257,0.011763985484292827
0.8115330147365396,0.09409619972419521,0.07925057758106789,0.010323215561541189,0.004796992396655982
0.9093311300311384,0.029972375537192984,0.05033030436786861,0.0072099052835316495,0.003156284780268198
0.9009741343612269,0.027265293970606973,0.055514041253918255,0.01219654593076462,0.00404998448348348
0.8891826632300569,0.03560677674618553,0.05697601277976694,0.012350358475442098,0.005884188768548509
0.8497660593922738,0.061876487363242645,0.06124248371926943,0.021268836540199756,0.005846132985014219
0.8187560140662129,0.10097610042409795,0.05068607905521602,0.020800905507762642,0.008780900946710371
0.8528772495997875,0.07024500474872915,0.05595600759774819,0.015501714671279615,0.005420023382455542
0.8501201291507761,0.06993181165079822,0.06420118462791574,0.011929996932540095,0.0038168776379699145
0.7991431825886074,0.09310003385159621,0.07888039644267734,0.018847129183438862,0.010029257933680273
0.8026519957906595,0.08782105364097113,0.08792697502632439,0.013401234562180767,0.008198740979864368
0.7726422524081539,0.10357815975948881,0.09546168978159507,0.019787916717220327,0.008529981333541995
0.7400275302774358,0.12071072199581716,0.10912785221178861,0.02272308500480097,0.007410810510157415
0.8413031858101534,0.07146208835741426,0.07011362526977685,0.011582808452819636,0.005538292109835604
0.7625112909810082,0.09272941160535808,0.11954664937923712,0.01629097476846614,0.008921673265930463
0.7791995324863394,0.1123780307828241,0.08138688848840249,0.01840572336041546,0.008629824882018472
0.5835504864728027,0.18556833441682688,0.19241691727669485,0.024107822882559457,0.01435643895111596
0.6831705173955839,0.1376346115481108,0.14821582909164963,0.02219456588309842,0.008784476081557432
0.872489646948428,0.03484658827929398,0.07269592665441886,0.0121606626522154,0.007807175465643696
0.7149512103641477,0.13816764598311546,0.11435741429177099,0.023605470459443306,0.008918258901522537
0.8628198447211288,0.06187602957628171,0.05560263639917121,0.014186275731114698,0.005515213572303543
0.7431318152196505,0.14914521438191058,0.08337339968636467,0.016038432511531257,0.008311138200543026
0.8374365549073236,0.058917121964433196,0.08495268947781179,0.012849716544265982,0.005843917106165476
0.8096785127061901,0.0830438464980174,0.07535228017543716,0.0211356340315753,0.010789726588780139
0.7410057763514022,0.13745484723957968,0.08733265355927301,0.025703175506610016,0.008503547343135015
0.8124864049343916,0.0659690751158548,0.09869222613133856,0.015736122193655073,0.007116171624759991
0.9266979983658731,0.02921700624059302,0.034181298775171974,0.007138083692385722,0.0027656129259763097
0.8434485574770603,0.08586385015984772,0.054738188627369774,0.011552565512987101,0.004396838222735222
0.6709197522391568,0.1622444756391922,0.12902789435197248,0.02598078030552021,0.011827097464158337
0.5719941680794219,0.15425256193248246,0.22757230339366114,0.030433002054532806,0.01574796453990145
0.8041768466768316,0.10988454088126644,0.06169591946313062,0.016457186188252048,0.007785506790519217
0.8306933793989779,0.06931500697642193,0.0819174694767543,0.013261659197137229,0.004812484950708863
0.8002468996114568,0.07296965771008837,0.10292533073643559,0.015807646582710163,0.008050465359308796
0.8591970783621563,0.0645073468216,0.05160567762567591,0.018703526150952735,0.0059863710396149145
0.8414146372405077,0.086078299078562,0.05346407027480186,0.013217555568719367,0.005825437837409166
0.8520763918298209,0.06724456060145234,0.05325518118004083,0.018255893485659383,0.009167972903026365
0.8634424926393743,0.0581577097110057,0.05746360258387789,0.014013209792307475,0.00692298527343442
0.6264852910825711,0.20414567032749517,0.12914728942979006,0.025999051895326405,0.014222697264817187
0.9198629791745692,0.0430093150938451,0.030277441062157916,0.004870430709807564,0.0019798339596204355
0.8794176513991089,0.06139117305110377,0.041196850866401756,0.0128831635071777,0.005111161176207929
0.8713718423270457,0.0420468822424956,0.062053361141547345,0.016909055890675852,0.0076188583982355305
0.802706310679947,0.07474686441091943,0.09752697361165241,0.01696662099010841,0.008053230307372898
0.8139045721202778,0.07006076815247106,0.10078630643529878,0.010675005567503512,0.004573347724448736
0.8303925397851986,0.09276538419076173,0.0565761949123883,0.015392385370616954,0.004873495741034321
0.7741456255590989,0.08570888388456267,0.12033333595024617,0.014480054942346084,0.005332099663746212
0.7809460341159425,0.10387263948857518,0.09204772420811183,0.016227808479269218,0.006905793708101325
0.7867273947022674,0.08033265411290968,0.11074663454246879,0.016334397324164158,0.005858919318189807
0.7403791993698403,0.07353667332748737,0.15499526576846476,0.023390289707261407,0.0076985718269462645
0.8611375106922123,0.06470758178678297,0.05777850035701642,0.011152122840495634,0.005224284323492635
0.8848545098024275,0.05748834342253815,0.043984849922661676,0.010272091132056927,0.0034002057203157787
0.782181821205705,0.08185509164905777,0.10204966530237289,0.025196024121277784,0.008717397721586537
0.7954944457294562,0.08750145644163818,0.08259646861922666,0.023344247541175332,0.011063381668503501
0.5889781521177581,0.19791616891844446,0.16043902655790399,0.03469700276173956,0.01796964964415382
0.8016425964975142,0.09900263778366868,0.06930066687773999,0.021925657619432923,0.008128441221644342
0.6545560216967304,0.19877256106266109,0.11489035017584796,0.017579338855115634,0.014201728209644745
0.7765404528347525,0.08596166102438108,0.11816911814227933,0.013317540031023778,0.006011227967563405
0.8607143476844414,0.06571799895930976,0.06136630175273245,0.008365353297300227,0.0038359983062160553
0.8178526860274957,0.07966902889968644,0.08098565902785466,0.016853991037663336,0.004638635007299855
0.7390604578550204,0.11952105485149808,0.11354271784768877,0.021602701707479993,0.006273067738313182
0.7760625082054587,0.11444335869966224,0.08415264568591693,0.018254323319919483,0.007087164089042685
0.7362478980248706,0.14944870775450864,0.09189941974893054,0.016095347532295266,0.0063086269393950465
0.7976396276129938,0.11678273041279147,0.07028480187425806,0.01049957417960291,0.004793265920353756
0.8103798467384647,0.09722655354598511,0.07857922977616615,0.010083271899557704,0.003731098039826415
0.9007372488231778,0.045598966201866674,0.03880729846946033,0.011540100153986686,0.0033163863515085447
0.7313321035237832,0.10460398962571733,0.13099338556885504,0.02225827385473208,0.010812247426912473
