Delta_Power,Theta_Power,Alpha_Power,Beta_Power,Gamma_Power
0.9354905887517176,0.026835012847694656,0.026329493286554217,0.008692902971642909,0.0026520021423907104
0.8986238993350875,0.04860423606353288,0.029028026922555704,0.017290709839144734,0.006453127839679254
0.5554944003630391,0.13171926087870772,0.1073185566636738,0.09139292182989639,0.11407486026468285
0.940649911174921,0.016236466222514147,0.020410763172713307,0.014008672126738212,0.0086941873031128
0.7494392148340255,0.06676136252435919,0.09385426373473263,0.07379309297056372,0.016152065936319192
0.5110390975702339,0.08428445954527056,0.30554335075358774,0.07229122881956937,0.02684186331133859
0.45048644796906645,0.11102588692237358,0.2709200972111776,0.1289613142059429,0.038606253691439454
0.3755763043752414,0.109191898078771,0.3480070689680571,0.13234695285799936,0.03487777571993115
0.25825263140419696,0.13189642377964064,0.4456325266704535,0.12101746547237362,0.04320095267333541
0.22275629039577977,0.1684260351556382,0.48577117391256136,0.09330702811498313,0.029739472421037597
0.3741272125788976,0.11905161017709764,0.43316688328973024,0.05559633992867468,0.01805795402559978
0.8368262486290625,0.05272345018206973,0.0936679689197807,0.011499832894239795,0.0052824993748476
0.8601629355108622,0.06121163956043231,0.053239985027510664,0.017190243397954913,0.00819519650323995
0.8965169221165619,0.05761635234457129,0.02042324390885842,0.016964837488467083,0.008478644141541173
0.9518783827368411,0.027616327129388364,0.010410906943280228,0.005683187956275463,0.004411195234214697
0.8614447570290055,0.06725599930774805,0.0447637648301347,0.01797011127132548,0.008565367561786316
0.8810253786829175,0.040175304551203675,0.05310534069220038,0.01986911039642032,0.005824865677258321
0.8905081672914819,0.06347288013612465,0.025739969492816997,0.013525278719064362,0.006753704360512002
0.8079394647414547,0.09604320882131567,0.05310474883111491,0.03345119273953264,0.00946138486658192
0.8643034744022676,0.06450910564642078,0.047498843427513565,0.01726915416102763,0.006419422362770369
0.82680957443195,0.11137065369812428,0.03722392827713092,0.018304067737730988,0.006291775855063601
0.8251557266559185,0.09114463774960557,0.06034372399353534,0.016321789816388595,0.007034121784551997
0.7581492481934371,0.07782124663830658,0.12506822936783826,0.02786288690213575,0.011098388898282177
0.8568494118458096,0.06594169707833811,0.056682075573818054,0.014897493807032204,0.005629321695001868
0.7739131602343353,0.09750288265216649,0.09976533285960244,0.020008832081648872,0.008809792172246877
0.9233803300032553,0.03564765645989755,0.028257507138350083,0.009980786330510983,0.002733720067986022
0.8117317240546122,0.10718505682253485,0.05854233537306078,0.015357053676532824,0.007183830073259425
0.911262869731417,0.0483959671950947,0.027064543299499557,0.008988690925705688,0.004287928848282918
0.8658286991686497,0.07863878708445625,0.036193107587917835,0.013955918765395944,0.0053834873935801105
0.8445042119037409,0.08899450269233712,0.028265838137902375,0.02013773736495789,0.0180977099010616
0.9232384060925339,0.0356028670445395,0.0224711760081185,0.012510077298733583,0.006177473556074422
0.743065105740448,0.14796622253556596,0.06904455890662256,0.030107556154017525,0.009816556663345823
0.8804747899756823,0.07743430151808399,0.024910790166479495,0.013158397081742827,0.004021721258011592
0.8105119288239362,0.10183625563564859,0.06305672731714519,0.019420625677928863,0.0051744625453411155
0.8550031591009829,0.07162063769098755,0.05245259747379728,0.016526421496475523,0.004397184237756821
0.9455727135675712,0.019370230469761704,0.023993550197771996,0.0081252989506985,0.0029382068141964907
0.8898502710862572,0.03858481086231266,0.055769458999097105,0.010314519818767496,0.005480939233565564
0.930430260778002,0.02855790895046625,0.027627831485841074,0.010830378594881774,0.00255362019080864
0.9150141869351961,0.0392219279800828,0.029062707150060364,0.013843656594280964,0.002857521340379934
0.9122531436901934,0.043563087185602895,0.026418633791096924,0.011637065793367788,0.006128069539739095
0.8368216271626432,0.0840539145305765,0.05483121525009247,0.01584965576642784,0.00844358729026005
0.8918848327822066,0.03623158299688806,0.05669315031877209,0.010322755280072113,0.004867678622060917
0.8964390868771606,0.0651544122729996,0.026122091939756537,0.007871730217453056,0.004412678692630185
0.8768171172178417,0.06610753509094904,0.03781896155414833,0.01497639621829783,0.0042799899187629855
0.8797592466589981,0.05650809841228236,0.04542848380103066,0.012574856253438522,0.005729314874250514
0.8874512042014594,0.07286575813328902,0.024385224328857244,0.010796756443119135,0.004501056893275133
0.9132088100483549,0.04128904742494757,0.033172809681224706,0.010164381429869397,0.002164951415603285
0.8044714898687146,0.08792530139457246,0.0771659781967472,0.0224872969490675,0.007949933590898108
0.8992294589999982,0.06368039248488258,0.023282414324340035,0.008915913853964333,0.004891820336815018
0.9461489217589449,0.038124462896055755,0.007344346252442243,0.005128366145121121,0.0032539029474358922
0.9058467023201606,0.06153232220649805,0.01536843596027829,0.011420309600895613,0.005832229912167366
0.8663155879629159,0.05662903318372373,0.04987431972922507,0.020665550234081002,0.006515508890054276
0.7905090732347478,0.1350446511223583,0.048059233033863426,0.01940137876626937,0.006985663842761284
0.9521612203243184,0.029905958596058105,0.012133520008780289,0.004283365592012618,0.0015159354788303397
0.9214097423327717,0.04809689507173175,0.02181125597140744,0.006052539724619306,0.0026295668994699415
0.8720313092828964,0.08477402702717586,0.030112145531731818,0.007943523784032966,0.005138994374162962
0.9544283273284515,0.025734399089090972,0.01394604851331368,0.0041517806907656035,0.0017394443783783173
0.8941844099640128,0.060309867848804925,0.030991733308422947,0.009183577296009295,0.005330411582750068
0.9542782568640168,0.02846301790824082,0.008816767387489247,0.006460390034643746,0.0019815678056093354
0.8734524219959604,0.06594621193494696,0.04112678752300468,0.013100878678727326,0.006373699867360747
0.8900722349734872,0.05348816520614794,0.04079096826020502,0.01110857868394948,0.004540052876210228
0.8203150019237824,0.0737992435801959,0.06688387542687228,0.028855006400229567,0.010146872668920023
0.9281853864208105,0.021015238555096436,0.03923700558047274,0.00872083611082102,0.0028415333327990564
0.8765226310199837,0.04341650281647243,0.06311310419793986,0.012239943220788443,0.004707818744815334
0.8887257850404905,0.047526792650677614,0.052023250499903986,0.007196111945347249,0.0045280598635807
0.8787423822367589,0.05597374716737463,0.051669920250052764,0.00912360974421918,0.0044903406015944876
0.8992533142106143,0.04487758151316677,0.04199080150833515,0.009578930368173253,0.004299372399710613
0.8929786747290496,0.039460672202211125,0.051775605189710416,0.011708389499808227,0.004076658379220575
0.823366709323437,0.1065574578680742,0.05001330464317159,0.015204146545552343,0.004858381619765014
0.8078539358302652,0.07599782257949651,0.08533357299847281,0.02426100765829485,0.00655366093347036
0.8820902380132936,0.054966477510921485,0.04596765774909894,0.012461993176677798,0.004513633550008023
0.6370355108156007,0.18632196475670787,0.14363352554456063,0.02494398543574715,0.008065013447383657
0.8968680938313083,0.05282497770501067,0.03385769498895062,0.012252832094423063,0.004196401380307608
0.9121573358021807,0.03894945863386118,0.032113815998812516,0.011853755773695811,0.004925633791449622
0.8234210867472069,0.06746757872013354,0.0811018588368261,0.020615527293355307,0.007393948402478161
0.8682755216920685,0.06302053090117418,0.05666339777202349,0.008936673200710166,0.0031038764340237403
0.8982301100602598,0.054417627485813636,0.030861380181495077,0.012479671644450853,0.004011210627980443
0.8940988135615636,0.05451374612284136,0.024128704782345422,0.020972132000667686,0.006286603532581733
0.9269428836026319,0.04523853829814946,0.017227132784062335,0.007532619786674784,0.0030588255284814863
0.9471525858570389,0.025880533157158235,0.017508215052202524,0.007360392909056101,0.0020982730245442363
0.9024162297076334,0.04697633633830261,0.0359977486526069,0.01123274730125616,0.0033769380002009355
0.8841448333137351,0.03727114411250568,0.05892183767782721,0.01513951451988499,0.004522670376047192
0.9541828291765804,0.022729437063710747,0.017006565431388232,0.004209825124090505,0.0018713432042303168
0.9761468224597037,0.009429663455584882,0.009515759500068301,0.003423817689334945,0.001483936895308182
0.8942583528582905,0.04775330459182006,0.03906132808473766,0.012283663279408224,0.006643351185743691
0.8737003978750002,0.08042064103086341,0.028024475069865818,0.012991181497777374,0.0048633045264930555
0.9123160838110251,0.055837167554554326,0.018761837978603833,0.00917399486576443,0.003910915790052399
0.9068701246843915,0.03957941609905291,0.03358740004916515,0.015586354797234069,0.004376704370156294
0.8903532939411325,0.06565233092806734,0.027226111359089873,0.011296941049685282,0.0054713227220250776
0.8436779204003225,0.08430181981133449,0.03999135775696902,0.023693644332433414,0.008335257698940583
0.8966394839499839,0.05962052806483228,0.024947165773157323,0.013979377814369602,0.004813444397656737
0.9350622808603645,0.02677521744122409,0.02591296555537085,0.007790450945364429,0.004459085197676317
0.8415663907065422,0.07794650593385612,0.06395903316087982,0.011951127970340106,0.00457694222838153
0.8411309022746734,0.08464676981265222,0.050743620371154985,0.016837673031436746,0.006641034510082979
0.8643100905542154,0.05474001754363056,0.06381940840235428,0.01195741131211945,0.005173072187680122
0.7105808821099588,0.22570119415259832,0.031104163277443884,0.023587563091438984,0.009026197368560132
0.5152211598187937,0.30610221804981147,0.12819048352683432,0.038842248636191,0.011643889968369632
0.9306701910948648,0.04161464997855959,0.016955230735426187,0.007892226777949892,0.0028677014131994454
0.892344313515511,0.06904303216787715,0.02306508787994917,0.010664604735418904,0.004882961701243702
0.8776860035823495,0.0776502615912733,0.02889384197209182,0.011448908172175578,0.004320984682109782
0.6826716589435351,0.13628265528454533,0.08911214847067694,0.06318697303231004,0.028746564268932778
0.9147772633234401,0.04614924209710707,0.020392065305923576,0.013840584990807309,0.004840844282722019
0.8197724511243254,0.09954220743624606,0.04650758846720526,0.02422349486754575,0.009954258104677602
0.9093130224265443,0.06167535336264037,0.01788549850561155,0.007636587275978925,0.0034895384292248297
0.927495886736277,0.04048257150093497,0.020438692066304553,0.008219713050086388,0.003363136646396924
0.9235058449900568,0.05528273476275672,0.013785427573677272,0.005260827856562553,0.0021651648169465428
0.8272094752419915,0.13779587750896904,0.020413545982928893,0.01004241971676596,0.004538681549344759
0.929015674704512,0.04324794286045887,0.01645453135680724,0.008566724626127113,0.002715126452094768
0.8235997460527951,0.06165018752924874,0.08906163678270268,0.01915054537583326,0.006537884259420373
0.8551350435178199,0.06114147616113913,0.06699673388345755,0.01201491600126647,0.004711830436316808
0.8842728828211535,0.06716163913082397,0.03099418237466696,0.012247676975656601,0.005323618697698898
0.89706271920298,0.061166566359392244,0.02543794542269261,0.011871343452813163,0.004461425562121947
0.8583807756668174,0.07800622002971098,0.03847399996796225,0.01808322508241472,0.007055779253094659
0.8468642545981103,0.0696271937654454,0.06155609345583436,0.016633186184489362,0.005319271996120598
0.9269263236058733,0.019794175267319265,0.04122539568035121,0.00891980190832465,0.003134303538131574
0.8221150038577082,0.07911398239118253,0.07845831612453529,0.014645995769562655,0.0056667018570114485
0.8520570395031822,0.06075661851490825,0.06418056722336143,0.017644239196536324,0.005361535562011817
0.8478425442605411,0.07673587304157212,0.06003876129174212,0.010858766315086612,0.0045240550910581505
0.8647641953130578,0.0774572380612328,0.0396537413398785,0.01340694592895193,0.0047178793568790345
0.8805669853823669,0.0726409507839019,0.029775068114039665,0.012804600295008272,0.004212395424683332
0.7674855666349528,0.11374674117931818,0.09285826913632735,0.01703257078318039,0.008876852266221294
0.8529692985091571,0.07165578405960306,0.05240875012937431,0.015399627844564742,0.0075665394573007135
0.8915901164783138,0.049072147946930204,0.040190069651683924,0.014397683169542244,0.004749982753529827
0.9168778631855539,0.035983946722162596,0.031945466584509676,0.012139841846944522,0.0030528816608294423
0.897981008775644,0.041550208038025685,0.04374576933160722,0.012464438770107293,0.004258575084615385
0.9055861864467581,0.03562583422450301,0.04166711288349831,0.012682153016740146,0.004438713428500624
0.9054185413727527,0.0442552272278038,0.03908851258447058,0.006951776895764,0.0042859419192091165
0.9033562134556503,0.03279760936275756,0.04715924722918549,0.012569407276601397,0.004117522675805238
0.8492139442250436,0.06995245457538286,0.0594610707243092,0.015688059215619603,0.005684471259644868
0.863180199616931,0.08828755314398286,0.030574928038666266,0.013846161561431017,0.004111157638988737
0.887842520247927,0.057958060355691815,0.034713872645778555,0.015011127727338166,0.0044744190232643985
0.8968302714274023,0.04875071552424841,0.03682272366135432,0.013388153961287324,0.0042081354257077035
0.8853863500806162,0.05785430551821335,0.0382501127945396,0.013361570592927773,0.005147661013702992
0.9153908386337504,0.04653024736852182,0.024481138112674196,0.009599552065550227,0.003998223819503299
0.856375631789696,0.0742038810265507,0.04465282282600651,0.01625915494003689,0.008508509417709864
0.7860745123780517,0.08141286075555851,0.09729792800464673,0.026445919871675654,0.00876877899006744
0.9118819565388943,0.03640384584630649,0.041775761829346746,0.007764607471787434,0.0021738283136651724
0.8366252602016347,0.07981970579920217,0.05575926821954946,0.01927749787465474,0.008518267904959034
0.9154992122028528,0.05039818218881518,0.017408758352458833,0.011865194002904969,0.004828653252968109
0.9589118213815897,0.018231418510054973,0.014126640350708998,0.006715553726190022,0.002014566031456511
0.9376233493102701,0.04286779650348492,0.009970587276962659,0.0069179045674117885,0.002620362341870274
0.9254172689417984,0.03335701915622502,0.027681999283957398,0.010086862368780447,0.0034568502492387907
0.9021148868831671,0.04537780511885082,0.0410335842057265,0.007391316810665707,0.004082406981589908
0.831481989395621,0.0748391784331959,0.06895271720420361,0.017374549134723475,0.00735156583225594
0.8719231917451,0.06107959759716763,0.04691951514898293,0.014196071844050666,0.005881623664698537
0.8514994445025046,0.07902870643895432,0.04231423184870877,0.020262536605723802,0.006895080604108614
0.7907148791260572,0.11900153557647312,0.055313784438404456,0.025112146274620457,0.00985765458444454
0.8790798768320293,0.06889909795348872,0.03468045671404498,0.011887719744209132,0.0054528487562279186
0.967775390689616,0.011855228662742402,0.015178319419599687,0.0037073921144907085,0.0014836691135511543
0.9297514240026447,0.032777458459292225,0.024108041504791268,0.009487543136541548,0.0038755328967303554
0.912819476640814,0.04650720805993992,0.025371486279181454,0.009936878549153887,0.005364950470910854
0.7864297757555015,0.09544479710904473,0.07601937488172227,0.030532136550673016,0.011573915703058655
0.7757478930973825,0.08839329380959868,0.07151203322161703,0.030795782204454135,0.033550997666947635
0.624084972477022,0.09894567930371465,0.03763198994317073,0.05046533842155019,0.1888720198545424
0.9477889120570145,0.026879063002889225,0.016419122608496844,0.005686730722002982,0.0032261716095964227
0.9542780827617914,0.021784790890199267,0.01550410027284517,0.006472085994152282,0.001960940081011702
0.8464063885864272,0.0727644441707675,0.062308979638367235,0.012558400021624906,0.005961787582813035
0.8459168556097864,0.08213948239449863,0.05110745096010864,0.016050039368244836,0.004786171667361615
0.8988562827193813,0.04115489343544241,0.04419451214646636,0.012055833216144401,0.0037384784825657312
0.9659312271794389,0.01032975823056383,0.017209476965466965,0.004788020897713575,0.001741516726816751
0.9016723718916623,0.040009724383438416,0.046049502590375414,0.008495524970090693,0.003772876164433428
0.9207218269001374,0.04024745435446525,0.027780293959044522,0.007678426915743532,0.0035719978706093376
0.8324592114110984,0.07453731943950372,0.06712583797391981,0.018242458819536952,0.00763517235594089
0.8784004579576976,0.047806604796203175,0.04725195360935282,0.016427045669584982,0.010113937967161606
0.8164110812290143,0.10483092576400505,0.05721418293195176,0.015493895952291056,0.006049914122737856
0.8775106283845062,0.06097256172412512,0.04599564293995701,0.011817730050644853,0.003703436900766799
0.9344779113480384,0.03124575318040807,0.023985837943347535,0.006939987685690938,0.0033505098425148793
0.7153861082543679,0.1000949112755519,0.13608422542283352,0.03251822894998412,0.015916526097262605
0.8785180020572603,0.07994036624022688,0.029396194650563187,0.00867576890335736,0.0034696681485923146
0.7687802619631805,0.10391773901607708,0.09607594393549126,0.02022171770695866,0.011004337378292312
0.8643837877799477,0.08614246825977089,0.03657116546557614,0.008170151658369915,0.004732426836335326
0.8463574256747691,0.08379161149236147,0.04561819897249304,0.015066385240177591,0.009166378620198534
0.9008922517722768,0.06038644317426372,0.0258972958146245,0.009823655511964496,0.003000353726870711
0.8893519447392646,0.04194772007607331,0.05168596252581112,0.012565983565992398,0.004448389092858714
0.841421443526018,0.06306948914935687,0.06789515281583328,0.02229806040553658,0.005315854103255152
0.8441446445271386,0.10695060000628344,0.03237139879714958,0.011028492856126195,0.005504863813302294
0.8265901221985655,0.06216523862921998,0.08037327162403286,0.02151608219073143,0.009355285357450178
0.8451659111603067,0.07104514532537544,0.05935230363084593,0.01809188586918498,0.006344754014287082
0.7573459241829897,0.13120888053723426,0.07850018643770336,0.022080652379021307,0.010864356463051169
0.8492124271811995,0.07350260629902644,0.05359949749162216,0.017003978960072604,0.006681490068079011
0.8600110292296571,0.07053025848060328,0.04798424962767497,0.01631685230226699,0.005157610359797517
0.9068575736415068,0.056221537491575005,0.02386463546364055,0.009571855247360622,0.0034843981559170884
0.8285354029334696,0.07182918496324264,0.07410243981854361,0.019135931958418336,0.006397040326325841
0.8843395494216133,0.0479452728477374,0.04844577872728467,0.014096328432318159,0.00517307057104644
0.8368687183813724,0.08445848148285863,0.056359197272155145,0.013458524394644077,0.008855078468969881
0.8981846702389115,0.051773675532457826,0.03066098037101632,0.014158838361357055,0.005221835496257239
0.9264714318580352,0.03658712112585983,0.01980116271472017,0.011928298893848418,0.005211985407536438
0.8726878112015656,0.07979571581448744,0.027369365978580154,0.014180657266864152,0.005966449738502635
0.8895604330123486,0.05955304669730282,0.018526494149504455,0.019285706572062765,0.013074319568781382
0.8738377235791202,0.05981869655542022,0.036552318651306155,0.018498429900694505,0.011292831313458897
0.9399078712244685,0.027002632515198938,0.019395544546567542,0.009785341270941947,0.003908610442822931
0.9127315983322362,0.034002635284018104,0.03669090157913569,0.01102079244895927,0.005554072355650954
0.9424042564357592,0.017079993906161647,0.03062242462190238,0.0062788607420029155,0.0036144642941737864
0.9339256827203054,0.028311340477014977,0.027859503147933673,0.007414498481523523,0.0024889751732225145
0.8974279527719092,0.05388340590926101,0.0369519269108936,0.008031044956894433,0.0037056694510415565
0.9190783981621391,0.040051306661742836,0.029016819547664875,0.00755612345130458,0.00429735217714872
0.8703012461359398,0.07424249835037516,0.03777126115651367,0.013527705742909521,0.004157288614261543
0.9144775841564706,0.040825541721586436,0.03179288933336225,0.008492128229615465,0.004411856558965358
0.7980957892091832,0.10137497582394567,0.057852231718389456,0.02209918363480052,0.020577819613681412
0.7545858165220571,0.05014561306336892,0.04261938955492729,0.03895369772177755,0.11369548313786902
0.9223994892058363,0.038718696140811186,0.02460468197060435,0.009189336318707777,0.005087796364040526
0.9414710861520746,0.023320658780734773,0.02454952884397216,0.008019155586058103,0.0026395706371603227
0.9533573847479638,0.017112351498697977,0.021966399412198703,0.005764618454205966,0.0017992458869334948
0.9429741335244322,0.02638985877552439,0.01665498277565164,0.009166735397497083,0.004814289526894829
0.9477950018276442,0.03218921523972404,0.009998100475540126,0.006994958478206527,0.003022723978884938
0.9260959755541882,0.04185572242307482,0.01588314253058446,0.010083301563520842,0.006081857928631643
0.8174368846560801,0.10844799874352623,0.04430318221376216,0.021021648972035123,0.008790285414596269
0.9088400311234462,0.03799669429758048,0.03282941549578374,0.014577052993335152,0.005756806089854432
0.8419375749143464,0.09137559119874723,0.04373231410720263,0.017805194410981946,0.005149325368721694
0.8812923139179969,0.050486794706403416,0.04828910147877389,0.01407459034956575,0.005857199547259895
0.9508435267325418,0.016542157128555522,0.023678099347484046,0.006697779079142451,0.002238437712276261
0.8998874763593976,0.052936663857120245,0.034746131277438336,0.00925342788677819,0.003176300619265853
0.9378204832663294,0.025004133138256918,0.027882737893704934,0.006310651799223683,0.0029819939024850594
0.9002840990954615,0.047896973356190156,0.036793818638106386,0.010968532289318631,0.0040565766209231975
0.8504989318261647,0.08617740593318039,0.04106174629554993,0.016616611044104477,0.005645304901000455
0.8940381807184522,0.035197682733401736,0.055218107120083466,0.011426949382948042,0.004119080045114493
0.8431611925540399,0.07446229143674131,0.05656952114499326,0.01772880935457371,0.008078185509651723
0.9105267192689326,0.03688691282462899,0.032210756477486314,0.013756305777162173,0.006619305651789894
0.9182481660029247,0.042719215135774105,0.027521740709686195,0.007751152955305904,0.0037597251963090075
0.9137083320981919,0.039332408448661926,0.03303116430465746,0.010612397252614906,0.003315697895873765
0.8694428952262663,0.041120136696705875,0.06217766027964856,0.01764468943750096,0.009614618359878363
0.7197636068308073,0.12658701521550791,0.11217452036015252,0.029779159047758522,0.011695698545773897
0.74568009070909,0.15149814987756927,0.05809149247737776,0.03479482033379881,0.009935446602164085
0.8446563202290366,0.08766829292039875,0.040839617458705235,0.02010571874743578,0.0067300506444237605
0.8053520492165205,0.08445392562822626,0.0726304524691002,0.026331790304316597,0.011231782381836457
0.8414171184107608,0.09982024694091352,0.03542152126801315,0.016678117383890103,0.006662995996422543
0.8693563786831571,0.07907666191533892,0.03104558617386291,0.015329642553606648,0.005191730674034158
0.8843455502002815,0.05635779359316968,0.039577462128863976,0.01425019908259859,0.00546899499508625
0.8347428256820785,0.10126138522142737,0.04451641538354284,0.014668728979113579,0.004810644733837361
0.9341451565625581,0.024728591257636802,0.030274788106757513,0.008020142751977793,0.002831321321069739
0.8231231230016572,0.0776936313868916,0.07397301414571437,0.017401436108701793,0.0078087953570353036
0.882067413022308,0.02971508719919691,0.07259599196927943,0.010842422813978004,0.0047790849952375185
0.9090192538702268,0.05180546589977055,0.0266006647429113,0.008946136211295128,0.0036284792757963363
0.7086913719631975,0.18464191753677628,0.07194491602515754,0.024547313697957904,0.010174480776910688
0.835235421595302,0.09208187144868418,0.03861274697053923,0.025262294961520326,0.008807665023954294
0.8941423774457196,0.05988490735434663,0.026861153720659912,0.012761383664867725,0.006350177814406387
0.8540901453245572,0.11634552803110561,0.011357417916607923,0.01109219864502232,0.007114710082707039
0.9602485542920588,0.02174761106495477,0.010652615242795599,0.004477530747882877,0.002873688652308032
0.9219688856153996,0.03931133039527773,0.023589956729569993,0.010474508164596706,0.004655319095155908
0.8603423060275474,0.0920166749978438,0.02987700956364613,0.01331743556320237,0.0044465738477605325
0.924641693975812,0.030920264867772367,0.030396979211986853,0.009841344708683603,0.004199717235745158
0.9086066605868595,0.050799785792421635,0.027779985328998325,0.009765512763324173,0.0030480555283965093
0.8405760352134423,0.08423883515728327,0.04701941165685424,0.018873273502519057,0.00929244446990116
0.8396419451745947,0.08770495261407645,0.02810085106988483,0.031508854977993724,0.013043396163450236
0.9159812734567956,0.04588132530015584,0.02248181132901407,0.011568881003190822,0.0040867089108436875
0.896820013990402,0.051672768557433926,0.038270790090224396,0.00930962894101722,0.0039267984209222844
0.7429884464096514,0.11118304328737147,0.11438700379209318,0.021809361139892285,0.00963214537099146
0.867080228873081,0.05820593877966284,0.05060247066927184,0.015603231282078791,0.008508130395905573
0.918133667184744,0.03978701581905828,0.028706296441538905,0.008895356826051738,0.004477663728606783
0.9287787827136424,0.03690561857956288,0.024380947818620553,0.007020337070728136,0.0029143138174458887
0.9343817713150001,0.03369218981752282,0.024646503261187443,0.0044226627925652556,0.002856872813724556
0.805746973828249,0.10535291012795032,0.06957076596816526,0.012110639668404092,0.007218710407231431
0.9450225249164743,0.031648951729387136,0.017652751560130894,0.004154071398588289,0.0015217003954194537
0.8710823835730058,0.05842177880522175,0.04763769575925306,0.014720971243038802,0.00813717061948049
0.7429695041064691,0.15777619262434905,0.05450748945643726,0.030283065973783333,0.014463747838961297
0.7646125217049681,0.1464374555844927,0.057041856471774434,0.021850376313757032,0.010057789925007629
0.8587325289464424,0.09423099638345042,0.027679393267204064,0.013984199076843591,0.0053728823260594805
0.8548249968001946,0.09218404669562977,0.029253666878203077,0.015608451815441253,0.008128837810531343
0.8206847563531033,0.05492992596489431,0.05062392220268058,0.05531307470487213,0.018448320774449606
0.9312923926588738,0.04321102078675555,0.01369502397079551,0.008506928834604273,0.0032946337489707564
0.6960679597504016,0.17228595167852243,0.0797652085614706,0.03602477625141282,0.015856103758192464
0.7502796545582536,0.13132331745935258,0.08839155613899155,0.023275827474068592,0.006729644369333652
0.9507960381101449,0.02230594218338449,0.018874339753973533,0.0058346328692868476,0.0021890470832102793
0.9339385019861264,0.034785205505351295,0.019841672261661673,0.008200567841508532,0.003234052405352055
0.9441222186295867,0.026351944420608786,0.018078188490356778,0.007654820607786461,0.0037928278516613074
0.8438264123044651,0.09077168388107143,0.0388383627548855,0.021077602329294374,0.005485938730283696
0.8318201390240667,0.08701832086164141,0.05995406508104524,0.014192086661181956,0.007015388372064843
0.8343962959251356,0.07653286132123964,0.06775753099284429,0.013912332906831259,0.00740097885394941
0.9083815061519644,0.04527019402924391,0.026844382913520173,0.013382550399451574,0.00612136650581995
0.8537907490085244,0.04705394864683047,0.05080695504990351,0.03470190059920637,0.013646446695535242
0.8489148991093163,0.06508120620452536,0.06504245692737151,0.015455287172917043,0.00550615058586998
0.9363538028175658,0.03690998969571348,0.016616185121990108,0.007048209978385699,0.0030718123863446613
0.9283411962301965,0.03373345681563818,0.025660340320794034,0.008156149311551002,0.004108857321820184
0.9413952730620267,0.030192900670329596,0.017650624038875826,0.006920756889550647,0.003840445339217266
0.8797233563493582,0.07453427975418997,0.029247080032488583,0.01068331992451877,0.005811963939444558
0.9544153052977165,0.02736179379677888,0.009976114659378752,0.00593160707911192,0.0023151791670140928
0.9073198650750788,0.04985545584927093,0.022401966455876506,0.01569693068554218,0.004725781934231496
0.8919355672984298,0.053690998312732975,0.03078546154964116,0.01840699783719383,0.00518097500200229
0.9193639503722427,0.045769896987088166,0.018159341385484383,0.011722045404279999,0.004984765850904945
0.8842610765300056,0.05149917861778128,0.0394483473394281,0.01683919731204958,0.007952200200735393
0.8366638596023072,0.11336988547091345,0.017991991926507595,0.024518576666057335,0.007455686334214291
0.9396039521044431,0.03880207395037805,0.010018298392747016,0.008190131142535903,0.0033855444098956785
0.8771449281154539,0.08302452982000044,0.016960233754132917,0.01569191774273986,0.007178390567672789
0.921918433697477,0.03954073489948546,0.022957059064650554,0.011586514933402221,0.003997257404984867
0.8808177642568047,0.08428955219799575,0.019067565238146362,0.01119005735346904,0.004635060953584065
0.9333463896842893,0.03919669024031748,0.016792985604090375,0.007431573485534719,0.0032323609857680072
0.883410088665463,0.051884052315481835,0.04176723974770426,0.017884176730596894,0.005054442540754125
0.8867059414478954,0.04536953428501991,0.052010548419804445,0.011458696364732105,0.004455279482548056
0.9560816914695901,0.021529949277151694,0.0138121139979436,0.006132967451164148,0.0024432778041503862
0.9049097186611794,0.060419578036458796,0.0215338387753799,0.00790923678310784,0.005227627743874081
0.8171277384424268,0.07483382320500377,0.08749720595488868,0.014946161169356476,0.005595071228324161
0.9594262695968255,0.014695540217944553,0.018111989459218675,0.005533329856280429,0.0022328708697309787
0.790796105041419,0.09812236922525676,0.07787999576242262,0.023505246785409415,0.009696283185492021
0.9132924054902806,0.03243345776257155,0.03169694858041639,0.017277366456830614,0.005299821709900746
0.9355565433150486,0.04134905471002194,0.016041973550902647,0.004026447692546884,0.0030259807314798296
0.9618020775663342,0.02477081487296741,0.006475687196437625,0.004938401571596438,0.0020130187926645227
0.8483193689068714,0.09575447761188016,0.030343077844111326,0.018839188175896845,0.006743887461240093
0.9360244275457852,0.036099557310520225,0.015539019584463869,0.008229055171027216,0.004107940388203306
0.9172696155322461,0.047468244074529854,0.016161634824363617,0.013046203644485875,0.00605430192437455
0.9387812764504422,0.02562488345687673,0.021741896595834472,0.009526724601206876,0.004325218895639767
0.933405996660917,0.03368821128401567,0.01947122945671373,0.008951269393791456,0.004483293204562143
0.8632202023285807,0.08384522003392152,0.03553986588734511,0.01164857595368031,0.0057461357964725445
0.7991862211893276,0.11627154752754258,0.062180426246190836,0.015705402800335846,0.006656402236603134
0.8767230303131668,0.07866209940701901,0.02413566056016714,0.014858148166129105,0.005621061553517887
0.9466557595472316,0.030528613609792726,0.011298491564853555,0.008248934224221816,0.0032682010539004697
0.9109453264857169,0.05128989079132976,0.019431756362619325,0.01298076747261937,0.005352258887714645
0.8521399096362936,0.0923180042122706,0.03469754154196001,0.013941130423221528,0.006903414186254301
0.9023346380777013,0.06376277567308816,0.017650430921862473,0.012365082350923413,0.0038870729764249818
0.9255864996407944,0.037382399863349874,0.02151729774534517,0.011318101492469455,0.004195701258040835
0.9487587937145928,0.030093506788110166,0.012297590889623554,0.006149757605465415,0.0027003510022078413
0.9231532049728991,0.048109757700153,0.02184499162927041,0.005125240576521359,0.0017668051211562192
0.9615068949641283,0.019903303674978858,0.011234134685611706,0.004730846463797102,0.002624820211484161
0.9231432608739102,0.041614935121601616,0.023713439224734005,0.0076533661732503845,0.003874998606503674
0.8288842532849747,0.1318443665720547,0.019714628908090115,0.012900917617909196,0.006655833616971296
0.8656646066754332,0.08978971908851964,0.024978117458809356,0.013246994055955535,0.006320562721282474
0.9523855743373764,0.028355666284800733,0.011379647474781792,0.004889058853477293,0.002990053049564008
0.9185674593055559,0.052576659428141624,0.015401863602819955,0.008704757415327453,0.004749260248155064
0.877189063208122,0.07341181977942772,0.030914092395537773,0.011226325940569777,0.007258698676342768
0.9310666848486928,0.0424678836754606,0.014407051229028134,0.008119087159449673,0.003939293087368731
0.8845677723502517,0.06659409616531982,0.026139059360649988,0.016253626384790817,0.006445445738987554
0.8464913445352797,0.09619674747138393,0.03404837899120968,0.01673427100553217,0.006529257996594535
0.9306876778205847,0.04322606780358163,0.013173568308862994,0.008378365951666791,0.004534320115303666
0.9220022341515309,0.041125623373245816,0.021240126278946527,0.011350801738338565,0.004281214457938398
0.9312409152672075,0.048866623175994224,0.009046037775225911,0.0078016459176020935,0.0030447778639702194
0.9025920289150423,0.05167284476486547,0.028649346837052756,0.013087919540270698,0.003997859942768885
0.9332975973222865,0.04628469815591578,0.011206972951508798,0.006248125252918461,0.0029626063173701805
0.8670400650843503,0.08636379626190925,0.027751061421750885,0.011442975004896333,0.007402102227093456
0.8696970918925903,0.06115422780148873,0.04403694034086693,0.018529656631206873,0.006582083333847136
0.7990498458125334,0.11691621137400743,0.03930432756424292,0.031519215815920744,0.013210399433295555
0.9514014098869858,0.025480810466655814,0.011265848646040136,0.008245056907278699,0.0036068740930397165
0.8926882891072989,0.06590975081812069,0.020714104167067832,0.012863729668775628,0.007824126238737038
0.9038311552841412,0.05602772680364434,0.019123300535875964,0.014660480117066025,0.00635733725927274
0.9506756670721579,0.024021271292113917,0.010542633369937491,0.0100433856227278,0.0047170426430630345
0.8848270341541038,0.04708309570233969,0.009286466743270522,0.026290962969363164,0.03251244043092297
0.8333270422435954,0.047311860900921626,0.045926124332156835,0.0289647197755093,0.04447025274781672
0.8974602838380706,0.06860073705851329,0.020975694889247443,0.008243533454855506,0.004719750759312996
0.9588682242275,0.01987168397242346,0.012354614023453012,0.005648950212821769,0.00325652756380172
0.8993672478894685,0.04155311250160365,0.035603343625831306,0.0158374226522263,0.007638873330870153
0.8881151547640946,0.045712366264170745,0.04186818549052461,0.01876812451513364,0.0055361689660763215
0.907888465209532,0.04547209043657264,0.03474097544718066,0.008345603731189144,0.0035528651755254567
0.8126831700460689,0.12328466181250952,0.042847300725534526,0.01432407700377435,0.00686079041211238
0.821025726991913,0.0925104952270728,0.06000102903769596,0.019292718750208694,0.0071700299931094415
0.9431932691588327,0.028035878505977146,0.019652781901410604,0.006307470159093886,0.00281060027468594
0.8149417393508473,0.10665710688460514,0.046302246236140036,0.018219370631426424,0.01387953689698123
0.9216863293280415,0.036937787398269056,0.02316738222611419,0.012329946931134492,0.005878554116440707
0.8996040586710731,0.04115426684022734,0.038929803162843966,0.01397138549314334,0.0063404858327119834
0.9064375055650732,0.0357480043475045,0.04273923425542378,0.01089225105409528,0.004183004777903231
0.8288867858425362,0.10648168584504938,0.04652532802739837,0.01047787932380037,0.007628320961215701
0.8091434169767768,0.09589109431226887,0.04457160961778551,0.026733534537842024,0.02366034455532678
0.8747705651451134,0.05457612392108288,0.021741820301196688,0.024174112655913415,0.024737377976693717
0.8079072420884585,0.12290575154326677,0.028183844730734882,0.02441397695489558,0.016589184682644333
0.878626214055358,0.07267351883375125,0.02706346672278642,0.013796158293721134,0.007840642094383309
0.8951635697558755,0.06964158579771859,0.015563350326649513,0.014642169764111843,0.004989324355644538
0.9617502507233162,0.016907162679476718,0.01159325432869473,0.005982534324101351,0.0037667979444108847
0.9402426769946645,0.0261298496638789,0.024571063614560115,0.0050575962068679795,0.003998813520028178
0.9335623454695158,0.04201078992514666,0.01359617614747189,0.006305386901550039,0.004525301556315374
0.869975140370708,0.057082558658697706,0.03953940170817277,0.023192872440510263,0.010210026821911125
0.8436468024889554,0.060192522133692715,0.05885765259648262,0.02268721099905201,0.014615811781817346
0.9273263638388196,0.029089438861677388,0.019423797243556976,0.017433070235156528,0.006727329820789465
0.8960023019471367,0.054185768125414265,0.024284737249609212,0.01923350833873939,0.006293684339100556
0.8492171621896628,0.06889545192648018,0.05779545224576025,0.01554939897521428,0.008542534662882423
0.713335493691006,0.06765874797653745,0.028174058380075962,0.04439005009757094,0.1464416498548099
0.8630488095477665,0.06206909448015313,0.019118340050736836,0.020451240166954866,0.035312515754388644
0.8834773725256742,0.05610490366727195,0.02851302125314509,0.02245911594404786,0.009445586609861117
0.9087781875662619,0.05402336874601222,0.021366088233409165,0.009463055646744073,0.006369299807572674
0.9038668255630822,0.0409015285896147,0.036810044337710575,0.011383027932357414,0.007038573577235247
0.9661723852513652,0.013990018941414408,0.013587082439638312,0.0039723764431613354,0.002278136924420922
0.8575679586332692,0.0799417611249724,0.04059288749210923,0.012264579320103764,0.009632813429545717
0.9495071430103889,0.01982172116602319,0.020496058908427983,0.006433056232799952,0.003742020682359858
0.8725034486893347,0.07509371269616456,0.0363521414828955,0.0108656146824747,0.005185082449130557
0.9375373150256366,0.03438958035870513,0.017558933873070677,0.0070695495866460985,0.003444621155941308
0.8834253616313096,0.06448062555869849,0.029696832175660333,0.01569204644801844,0.006705134186313139
0.922037292484847,0.024854767637383885,0.03824827884361519,0.010453164403854414,0.004406496630299565
0.9043276898870536,0.054780958125662735,0.026267475459863108,0.009839899053289443,0.004783977474130864
0.814879183030795,0.0894460677123377,0.0666981855425404,0.020776114683294086,0.00820044903103289
0.9496966293715501,0.030457432541115607,0.009734284919202975,0.006693447940110807,0.003418205228020699
0.8108400465524896,0.139145025064755,0.024210331880215433,0.01894106547205201,0.006863531030487867
0.919239916668904,0.047820505962514546,0.015336918521517593,0.01233989868494157,0.0052627601621222245
0.9247721108828744,0.03983364457173403,0.02198339619356396,0.008974271318534394,0.004436577033293115
0.8861114217676729,0.056572609640698934,0.0356061498820221,0.015545116948867767,0.006164701760738131
0.8878139955439202,0.050600059437292684,0.03624104366718185,0.01654737246837344,0.008797528883232006
0.9538935757001902,0.020337750610060622,0.01804788887247409,0.004901602942587126,0.0028191818746881323
0.8366363560436411,0.08632323717143445,0.04778485802724844,0.017094400402480295,0.01216114835519566
0.8551997084398753,0.06946903832233056,0.04744513890665202,0.017878096592921295,0.010008017738221029
0.795421181841001,0.057057682345918063,0.09154330895317997,0.0372790912536446,0.018698735606256626
0.8090603309157336,0.08026274056463657,0.07681042422911633,0.02096252717479565,0.012903977115717672
0.8919220582034714,0.04536214808054723,0.03697159528627496,0.018330144464046384,0.007414053965660157
0.8762355240478472,0.040211790710011276,0.060841507813085,0.017050805641479684,0.005660371787576876
0.8996544705319769,0.036332052565107895,0.043564076273256085,0.014019510809160208,0.0064298898204987074
0.9255064184916674,0.022896445740684338,0.04013576671296829,0.007221508965589362,0.004239860089090603
0.901588064342782,0.04588421197873909,0.037184687303443924,0.009994624573573783,0.005348411801461163
0.8918800693805359,0.05865791088123975,0.03726875167233017,0.008788609101859725,0.0034046589640344405
0.8568582019576751,0.06622294381387976,0.05102030429274009,0.017935334614350255,0.007963215321354664
0.7640454392938456,0.14761950877367375,0.04836614025273253,0.03067929242996322,0.009289619249785002
