Delta_Power,Theta_Power,Alpha_Power,Beta_Power,Gamma_Power
0.8543515582361635,0.07411123246911848,0.029093647102785496,0.030499914261043284,0.011943647930889268
0.7410494786867996,0.15050651802295728,0.027583158779443385,0.05414572166457435,0.026715122846225525
0.9230301597335963,0.04383990356726825,0.010845440041334576,0.014704940825416147,0.007579555832384893
0.9546823091824223,0.02785090041537859,0.006843470898598378,0.006864615682383453,0.0037587038212174946
0.8342303453388136,0.09379695695840437,0.027563563347417892,0.03013337664739901,0.01427575770796516
0.8177154795907134,0.11219424351533427,0.030589689511542152,0.027522111422551974,0.011978475959857982
0.9114294280351929,0.041070229013454085,0.022959271730256612,0.0162461001603709,0.008294971060725645
0.9634784248982617,0.0160081095153543,0.005394463521103104,0.010564064033873652,0.0045549380314071205
0.8666922669011481,0.08986953930890293,0.01610223350136504,0.01878792696753578,0.00854803332104815
0.8526626893717478,0.08810351090351927,0.014553634548544477,0.031202156279629068,0.013478008896559384
0.8558321116376358,0.036620860908806584,0.021829828101689625,0.05693153137087791,0.028785667980990092
0.8153516976172412,0.11955555011892521,0.01608139342200515,0.027087818279994277,0.021923540561834026
0.6340660416149998,0.20436496680735058,0.0398712528099228,0.07180737029081068,0.04989036847691629
0.8942745655933106,0.05984982525567822,0.013496203801185696,0.019247471781231484,0.01313193356859381
0.9208780341650531,0.033597111413479736,0.01749580912494814,0.0173330870621655,0.010695958234353618
0.9023581894651264,0.04691020442154008,0.0159355290196506,0.022595437655614736,0.012200639438068176
0.8284059030502325,0.10579279380015813,0.031456725672454,0.021917136794192247,0.012427440682963293
0.8549746138927476,0.09730309693270368,0.01615064605677856,0.021118868938832996,0.010452774178937177
0.9002011994686608,0.06051692558534228,0.013249415945600376,0.015757330931965036,0.010275128068431689
0.7560209374670562,0.17766138419145577,0.01793048985337449,0.03335624377756702,0.015030944710546551
0.8976448047497498,0.060755397700191865,0.01740324000440643,0.014702217377254901,0.00949434016839694
0.8459605631791962,0.10129304016052977,0.018329760575336643,0.020654431935733186,0.013762204149204357
0.916146219110918,0.04388408165500551,0.014478415635214684,0.01632606208189727,0.009165221516964483
0.8441544712785537,0.09247058238350937,0.021489228509810207,0.02685362114891055,0.015032096679216244
0.7932923809237584,0.1059007358830193,0.03275518528311583,0.04395355530190168,0.02409814260820468
0.8568989887672173,0.07983969117498389,0.01843776205615071,0.028290589663845397,0.016532968337802798
0.8826575391441207,0.06976439896266287,0.01610870481717236,0.019491065876737903,0.011978291199306278
0.8666993655142877,0.08523563093246983,0.014513355475285183,0.021242062818881535,0.01230958525907561
0.7859531927099513,0.11662659179068738,0.04450289756296212,0.0340432389186381,0.01887407901776102
0.9668911704231699,0.019386669966279614,0.004742576120477125,0.0055975331080706445,0.0033820503820026905
0.911869603287449,0.049526160706486425,0.013606594502288032,0.016715937174917313,0.00828170432885913
0.8855436080932887,0.059965724002469585,0.017507434028791975,0.02320762826929252,0.013775605606157254
0.918928513656888,0.04261096779084278,0.010935654740344237,0.017323643241659303,0.010201220570266062
0.8877713265485063,0.08047127393437686,0.01171613804485141,0.013014044287570987,0.007027217184694595
0.9181537825721547,0.046522237737923196,0.016364575335939106,0.012198460650258543,0.006760943703724253
0.9337166419512305,0.04178106602793698,0.008444300208117955,0.011410172366248295,0.004647819446466205
0.8952267671433017,0.061746170964753135,0.014792787896905834,0.01717176021459818,0.01106251378044112
0.9283705606339172,0.04773206661531565,0.010327165977871542,0.008246491077050572,0.005323715695845156
0.9426767281651336,0.03529318206436802,0.006444737465210105,0.01129592257754959,0.004289429727738963
0.9609017853737724,0.02207339874561457,0.0067025489868476635,0.006258792941784134,0.004063473951981243
0.816593145667044,0.07540410687034607,0.026529998256946772,0.045294895758744666,0.036177853446918457
0.8069468402073198,0.1136284235900136,0.022919029181007466,0.03509436253630825,0.021411344485350998
0.9304877373455168,0.0384998512908473,0.008264567412085082,0.012289184265592284,0.01045865968595864
0.9069706738682318,0.04900718315049351,0.011921766132239291,0.021327267954731503,0.010773108894303857
0.871170432868417,0.06015383251197819,0.031061168514461394,0.024249982855093458,0.01336458325004997
0.936765895591559,0.040521030430193616,0.00814771499075965,0.008410939019974768,0.006154419967512833
0.8886005777881658,0.06015905940223911,0.014452207450922393,0.024271410572577066,0.01251674478609549
0.8665002261337353,0.07281566512246862,0.02133517217651807,0.023557376707574223,0.015791559859703937
0.9377113748746053,0.02849318964660753,0.01590992727331967,0.011452457940066768,0.00643305026540057
0.8780088743601067,0.07533490908769518,0.01829783246521007,0.01858289659284145,0.009775487494146582
0.9146858879851064,0.04186625309150744,0.014791885553037903,0.018361209713226564,0.010294763657121795
0.9395568969358621,0.03715181717128347,0.008041602446997623,0.009788667007874315,0.005461016437982656
0.8658930814848135,0.07323695193991261,0.01973383456123995,0.02414276206475475,0.016993369949279268
0.9268705613837168,0.04825502748777147,0.008438666859425613,0.011426899961409215,0.005008844307677031
0.9251540777835974,0.041329590804117834,0.011000072445664073,0.01433841528433997,0.008177843682280809
0.853356126118026,0.0864909484390993,0.02039468476245934,0.027508970324873372,0.012249270355541846
0.8485500959693885,0.09250610426962969,0.01767415000162564,0.027086132717792106,0.014183517041564094
0.7551672318412442,0.12809010657771389,0.03949150371117709,0.05237370181100355,0.024877456058861346
0.9336323194409719,0.03919793762652217,0.01140059606447093,0.010941294008861246,0.00482785285917361
0.9396475807306132,0.037316925296923244,0.008279084912132193,0.009211233723887968,0.005545175336443533
0.8897774084628068,0.06694878305983906,0.01594893271649088,0.016677444745531924,0.010647431015331206
0.735975780585598,0.15193571256258923,0.04539821989769969,0.04277033086420286,0.023919956089910325
0.9405801553872513,0.03367897866952369,0.007020407767976436,0.01166872343260509,0.007051734742643637
0.9030620489859726,0.06460770766183342,0.008649037000095705,0.01553175286074954,0.008149453491348801
0.7631379480555386,0.10236752802846354,0.0266422974818479,0.05932211346895954,0.04853011296519005
0.9058636531758698,0.0340325866810072,0.013089015082167995,0.025584450414502993,0.02143029464645232
0.8770943580317219,0.05456518920639853,0.026364153671030132,0.022161762702982944,0.019814536387866746
0.8676363215673936,0.058092257396490286,0.013814001990307492,0.034499341529593636,0.02595807751621517
0.9237120322884449,0.03351543009937486,0.012858874300027277,0.018816385606355013,0.011097277705798072
0.8894084361839251,0.06761291705207167,0.013952156257872904,0.017164282468048138,0.011862208038082066
0.9272739564973983,0.044475945521212784,0.009926603251254718,0.01211321191380326,0.0062102828163308164
0.8296298618577428,0.07731628498300429,0.039391893319227204,0.036410392445795914,0.017251567394230043
0.9327949978382415,0.044055081504440666,0.010105120330679443,0.008230230598008634,0.00481456972863
0.8966395364301654,0.056215570879227884,0.023584438789475675,0.016372909567186306,0.007187544333944701
0.8848057436263399,0.0747889178494891,0.010781415229937056,0.020051669265679042,0.009572254028554746
0.9026612734106338,0.050931233317841745,0.017740573118238248,0.019065718268879827,0.009601201884406517
0.936126739268833,0.038376663060933215,0.008302223265962218,0.012259536934559945,0.004934837469711545
0.9352123176964837,0.03740701902791753,0.009825394529444873,0.010477247637368986,0.007078021108784594
0.9205154838541888,0.04037991874354383,0.015582661195559708,0.01419834080344324,0.009323595403264502
0.9220287611039109,0.048563005026551885,0.009980296807235748,0.013297659428505467,0.006130277633795872
0.8329728426661157,0.09092254814827763,0.026566070658842332,0.02894743629428477,0.020591102232479636
0.8533955341764319,0.06688819049429931,0.04010315420690336,0.025233362394048112,0.014379758728317227
0.9101158184907017,0.0431654492150557,0.01900240296855712,0.018181505851573784,0.009534823474111588
0.7913556571099079,0.11281483996903192,0.04153862749816621,0.03621565256065842,0.01807522286223579
0.8856752403312576,0.06794498452793638,0.012495816988675409,0.01968416760984275,0.01419979054228796
0.9415339916707812,0.029083472294300517,0.00797016950287652,0.013674753294703678,0.007737613237337921
0.9331735467733728,0.03785533199692597,0.007108109639958788,0.01546565411012952,0.0063973574796129746
0.8294146959019179,0.08310445089646062,0.019001052621237708,0.04602099476670636,0.022458805813677426
0.9100677945907553,0.059624530090347246,0.013300760114188154,0.011764823106143525,0.005242092098566173
0.8594681918285295,0.06865050976065856,0.03574328300844201,0.022591104604546337,0.013546910797823693
0.8710714842768067,0.07782870344855089,0.015546090280700857,0.023870168409928713,0.011683553584013124
0.9308835254549226,0.039162825601694644,0.008835480791524495,0.013703906592331769,0.007414261559526595
0.889854674215362,0.05838841994006815,0.014702892671897701,0.023284244273518148,0.01376976889915411
0.84291694797317,0.08924194410826879,0.026838465545344012,0.028402995238590963,0.012599647134626371
0.8439499709548044,0.07123099486372332,0.036531861324044054,0.032046077288725223,0.016241095568702943
0.8726321930392494,0.08786221560017182,0.009817599317848863,0.019263702333271546,0.010424289709458122
0.8358358203768963,0.10748775513400924,0.017403067320466557,0.024387129655954576,0.014886227512673402
0.8838445775451833,0.07513741218743666,0.01694445935280831,0.015566563841126466,0.008506987073445264
0.9351324033007361,0.03580033288320768,0.011868963601562626,0.010487025875009612,0.006711274339483991
0.7655722891833056,0.14409890505582523,0.04834330244449275,0.02730539556710193,0.01468010774927462
0.8389698151333083,0.09227099660128747,0.035492658878943234,0.02163931359104126,0.011627215795419775
0.9149213232376168,0.041366651576762996,0.021318813879920448,0.014933262079350073,0.007459949226349549
0.8984019679919171,0.048445569020676,0.02726345946852647,0.016575723891243226,0.009313279627637193
0.8556033192341433,0.08817469701766217,0.024352452514089424,0.019518533854406106,0.012350997379699132
0.7622200982660673,0.14165194743257828,0.04778236982912859,0.03324174461220743,0.015103839860018483
0.8103907374732894,0.11146508512404756,0.03543685329378537,0.02761880089777599,0.015088523211101804
0.9460498361626475,0.030056250547074864,0.008756328101045817,0.009554750752947722,0.005582834436284004
0.9050361147181188,0.05552405285726046,0.020426312697824703,0.01250628402484529,0.006507235701950612
0.9206096328993705,0.04601122216941048,0.014502298399916829,0.01231119784918416,0.006565648682118092
0.9006437738198809,0.05989541995779884,0.018347915526890156,0.015025000658608971,0.00608789003682096
0.8818460024334874,0.07479523745123219,0.015957992475024687,0.019135504981855678,0.008265262658400203
0.8810191267823828,0.04695411773111492,0.03746815221850643,0.021466052160345972,0.013092551107649673
0.89224735521823,0.07881311242551009,0.012937353679140692,0.010550914486026243,0.005451264191092829
0.8697906373703536,0.07073614563975426,0.025839355242849166,0.021961873249883603,0.011671988497159768
0.9293072444436525,0.04493007949071903,0.009070181187992729,0.01108596790311571,0.005606526974519735
0.920335824800381,0.04594951864860725,0.01364110702251351,0.013567835525816236,0.006505714002681994
0.8271870354176285,0.10220360625873931,0.03214644837170152,0.026469182953780566,0.011993726998150222
0.8569841244892573,0.07621701947346754,0.0271074115243797,0.02822094693053083,0.011470497582364486
0.935882403498391,0.03640909674957605,0.013182365905811065,0.009825811900186276,0.004700321946035808
0.9524063766347439,0.023402963749042736,0.011531522088065484,0.008502218768538518,0.004156918759609379
0.9011703603693324,0.046419003281139126,0.02005900656795247,0.021431810522444087,0.010919819259131658
0.868346170801961,0.07508808031162834,0.0257207250874973,0.019504326025238352,0.011340697773675185
0.9287346705797556,0.033460217597243935,0.013681993580882582,0.015947108807797327,0.008176009434320683
0.9242396413872137,0.0476693262240589,0.011425745508360688,0.010712669875480151,0.005952617004886732
0.8973845297758445,0.05930113440918891,0.01863530994649532,0.015984155527033313,0.008694870341438083
0.875366925955786,0.08226613219090355,0.014887709275318602,0.017527691537966624,0.009951541040025413
0.849612173863864,0.0783786672423655,0.036383142348856715,0.022992006361983078,0.012634010182930422
0.9225067510003655,0.031967276786944866,0.01387654605292742,0.019450324529558454,0.01219910163020407
0.9083996984247801,0.05359930704122806,0.01167676366581344,0.016265847955201595,0.010058382912976793
0.8240294917291148,0.07684254333939575,0.044458949268288105,0.03372101740041427,0.020947998262786875
0.9469663234552878,0.028632474552486225,0.008802902121764133,0.01057612417162677,0.005022175698835192
0.9058497227098983,0.06087139130625344,0.009227054799672983,0.016086835308384402,0.007964995875790871
0.8549795585784956,0.08665510394561615,0.0170957785655483,0.026956403518309833,0.014313155392030033
0.8851186403609105,0.05548507141129037,0.02515515368197544,0.02206062033719729,0.012180514208626425
0.8633287063119623,0.07723858032248958,0.018410508069137282,0.02784254278090404,0.013179662515506937
0.9546126408646045,0.022028339191288975,0.009713399750500283,0.009833450168454166,0.0038121700251520937
0.9267913556578644,0.03999747738780796,0.01248690324260566,0.01415137354216469,0.006572890169557301
0.9153870410239129,0.05458354672533382,0.010356104796905652,0.012646465134958448,0.007026842318889181
0.8852539403424095,0.0808639018147941,0.013168032816857512,0.014080307896641624,0.006633817129297391
0.9236616437855604,0.0519419414528416,0.008819510440435888,0.01058016556936297,0.004996738751798946
0.9561141563424379,0.025031134028105844,0.00599266611140216,0.008977598269277853,0.0038844452487761987
0.918637206889678,0.04413680005549178,0.013713938654160998,0.016003129822592502,0.007508924578076832
0.9263020836282426,0.034226132083654166,0.021375257436754364,0.012614694904696279,0.005481831946652512
0.8768452971017728,0.0929699242131752,0.015082738566925815,0.01072954333498431,0.004372496783141816
0.9086501576677267,0.04601688724322686,0.016592350887659597,0.018397747954648134,0.0103428562467388
0.8625109176315204,0.07994792018333723,0.019749478820676788,0.025300737917153506,0.012490945447311962
0.8380130597992156,0.07966264806766885,0.026341802377031927,0.036375813213808096,0.01960667654227547
0.8402622493201679,0.07369420269307432,0.034014561868859594,0.031721207948421364,0.020307778169476598
0.785889369845857,0.12782512015490524,0.041434852586006043,0.028352750166512838,0.01649790724671902
0.872313692438514,0.07440859198058726,0.020879044501885394,0.023006479154224966,0.009392191924788398
0.948963106351309,0.03372453060764897,0.007134586219132906,0.00611391515547382,0.004063861666435451
0.8742683463818942,0.08542609389850396,0.01402169662957621,0.017727763251697063,0.008556099838328507
0.9307705372556762,0.030731725713291736,0.019804651355586407,0.011703540128244044,0.00698954554720167
0.8322274162984994,0.10326481365569827,0.020403963786168395,0.02647861578823286,0.017625190471400883
0.8570877686904075,0.08643752116220148,0.016613719475905744,0.026342208267273775,0.013518782404211643
0.8860862571961005,0.061550036001597565,0.026307701521797105,0.01818203570103263,0.007873969579472288
0.7435055867082833,0.1524313058116554,0.05032552560713412,0.035426091838998815,0.018311490033928356
0.888379624763944,0.07199725315347821,0.016459566489440913,0.015009734222157768,0.00815382137097908
0.8836475965619496,0.06559344973212022,0.015766989575152716,0.020587301866699874,0.01440466226407756
0.9632761123455534,0.017864963776763585,0.006782026785590386,0.008253594388322658,0.003823302703770005
0.8923491683284903,0.058887061580298584,0.015338560662543327,0.020973774890032295,0.012451434538635755
0.8033956354386246,0.13778948342785224,0.022621532202272865,0.023369068755125597,0.012824280176124947
0.885762845942006,0.07417564371198526,0.016284236317468694,0.015772615632446616,0.008004658396093333
0.8891057767553965,0.06560725648577789,0.01773388302351856,0.017754062947397377,0.009799020787909543
0.9257577631314481,0.0563053618055256,0.008418329899982124,0.005624229551085054,0.0038943156119590075
0.9385945867256981,0.029360339965922744,0.011675417303925989,0.013177388605037374,0.0071922673994158515
0.9241426074983417,0.05016881486228236,0.009957009350380583,0.009753776618204507,0.00597779167079071
0.8730843623387616,0.08162796214218455,0.017933645379234114,0.017944307121452167,0.009409723018367833
0.8834551542172455,0.06752185527169027,0.025207929177345503,0.016763525428876987,0.007051535904841784
0.8908596570643341,0.06634925579660665,0.01850145113997516,0.016427354863404468,0.007862281135679522
0.9290696776319748,0.04873963916456265,0.010289478381880547,0.00715566161157774,0.004745543210004026
0.9100326590975235,0.060530277031863096,0.0102802091892554,0.012233379611286616,0.006923475070071537
0.8925298484393834,0.04396629642455308,0.019991667628325868,0.02852080925222435,0.014991378255513376
0.880313644311347,0.06643297511947857,0.011230466785695746,0.024599471515012173,0.01742344226846636
0.8676881746760396,0.05920031868643208,0.018504715127649743,0.032644906243153776,0.021961885266724296
0.818548096297001,0.07809940380482092,0.0331175450282695,0.03923750820521747,0.030997446664690887
0.8912054489799238,0.0407835798762925,0.021389885979608673,0.031214994194663847,0.015406090969510977
0.9177955118621669,0.0456545114669253,0.014588542386215623,0.011975735121066209,0.009985699163625978
0.9200978706693459,0.0505330039839763,0.006404839512575214,0.012344864603183589,0.010619421230918948
0.967442183518049,0.019454997544355764,0.006007249392722356,0.004034161056413313,0.003061408488459561
0.8792917841327551,0.058513581028318856,0.02968873901691764,0.021007092658134486,0.011498803163873816
0.9292171019848435,0.03502842046399049,0.014577120150839906,0.011809133745158708,0.009368223655167431
0.9691639757515387,0.012835034906263414,0.007640961833348031,0.00689612842201651,0.0034638990868335177
0.9396946707620927,0.033827811220680716,0.011048914461178004,0.009531179476088683,0.005897424079960196
0.7924385595478521,0.1115599578260223,0.046333938537549316,0.02987065382231746,0.019796890266258676
0.7476872464795811,0.1426699738873293,0.04653672594923063,0.04056695151790113,0.022539102165957725
0.8302422553158453,0.07586053241897522,0.036524957701502464,0.03774347036105851,0.019628784202618516
0.888638103939431,0.05189564020317678,0.027212384859372888,0.019686536132698662,0.012567334865320584
0.9391834565242065,0.03758475773250184,0.009314394433567075,0.009689643134323916,0.004227748175400565
0.8545572585888406,0.08954270552157641,0.02192191118617672,0.02035744013127383,0.013620684572132178
0.8494867258727863,0.07512269765084596,0.029294129699247207,0.029699095478100658,0.016397351299019907
0.9176573256384352,0.05133213661551052,0.011837905292715908,0.012687325748038233,0.0064853067053002615
0.7608304437954027,0.16388805507366053,0.03276188427512367,0.026486626168559815,0.01603299068725352
0.807670039921077,0.12113751929801407,0.028514918934000925,0.029756251301792373,0.012921270545115479
0.8921116339969302,0.06850925268432514,0.01640055026957706,0.014068323745812569,0.008910239303355022
0.9654414818098869,0.017557543361765036,0.006260370917528036,0.006911288320353946,0.0038293155904660535
0.8288170037423833,0.090613395572252,0.023794931024974177,0.04017266479848157,0.016602004861908763
0.8913318347109616,0.06476751968945112,0.017385118803527926,0.017309122467672054,0.00920640432838732
0.8174193914713657,0.11124478930760591,0.023581364461797608,0.03161215307244998,0.016142301686780863
0.8481827578904979,0.0797649890390604,0.02443689758616465,0.03144239541052139,0.016172960073755707
0.8041130471591792,0.09421175452470978,0.021038667961961483,0.057202593692383424,0.023433936661766058
0.8870538024058398,0.05594745278047908,0.017453386256775016,0.027546594009519747,0.011998764547386458
0.9109290823533909,0.046139651811414946,0.017718878209599824,0.015524552780856187,0.009687834844738076
0.8360210597440025,0.0825937374041598,0.027891179143486353,0.038761820065456795,0.014732203642894556
0.910249954900127,0.0494083116881206,0.0182179076065605,0.013582404314139065,0.008541421491052853
0.9575495192993102,0.0262137281644116,0.005788399790855055,0.006287482070854894,0.0041608706745682
0.8797523249398279,0.07448057768165299,0.01704583478987643,0.017902220741278715,0.010819041847363766
0.8931646902830455,0.05943944731713183,0.019649305925942225,0.017369763031736294,0.010376793442144166
0.7960180233742551,0.14142873057583571,0.027590933669938717,0.021769814398356634,0.013192497981613916
0.8036729842047902,0.11939280072201396,0.023272565829285663,0.03193162652020683,0.021730022723703342
0.9089723932580003,0.05122319677132837,0.010724549802765016,0.018483908303796922,0.01059595186410941
0.9397681511123275,0.03714345721082653,0.0076808210479511465,0.009723394123838913,0.005684176505055986
0.9266739490081821,0.04419981850175752,0.011717418744687909,0.011128294448717093,0.006280519296655472
0.8798215457565867,0.056604223904782806,0.025170029515614364,0.02376583771878038,0.014638363104235799
0.8767354558782596,0.06452710028862048,0.022463254131929455,0.022774669996294145,0.013499519704896164
0.8402923483134743,0.09474563382017352,0.029999253510297575,0.021516024040023115,0.013446740316031273
0.9151473588310067,0.04200056992358074,0.012066837091365953,0.018059089235375355,0.012726144918671497
0.91407448567161,0.047844570957998274,0.013296429524374632,0.015236031762453119,0.009548482083563877
0.9085228393316198,0.047844033816959015,0.015046110062946517,0.018427471265630022,0.010159545522844607
0.9259674864673743,0.03999393197608986,0.012322203325111877,0.013976065080516657,0.007740313150907249
0.7913813932973052,0.13421420915082258,0.021043468641521654,0.034397843865336473,0.018963085045013917
0.9391093844054421,0.03400321231654564,0.009810636288280604,0.011087742989483788,0.00598902400024783
0.8426792106358907,0.10572620972998552,0.02281545929063477,0.015728908698886445,0.013050211644602672
0.9531226907630722,0.026665126479916944,0.0064378167850525315,0.008333063551608306,0.0054413024203501265
0.9070923946851965,0.05165265418810779,0.014102418165653722,0.016057154483781175,0.011095378477260808
0.8143464632129471,0.088351919822463,0.03595623467590214,0.04023550223181747,0.021109880056870388
0.8893660880082955,0.04561798612125275,0.03143519179634522,0.019169322185544214,0.014411411888562304
0.8069873585440893,0.10993773392796907,0.03300083574368934,0.026824458717539176,0.02324961306671328
0.8802948530547876,0.06629176823545536,0.017791375065616222,0.02261152550583612,0.013010478138304636
0.8413940259462589,0.08732196048218682,0.0231091026291091,0.02551146393665606,0.022663447005789032
0.8869425677120402,0.06840219945238996,0.0161621544353678,0.016926624169520146,0.01156645423068181
0.8452319601753635,0.10999177440433686,0.012989732054592957,0.02055179800495964,0.0112347353607471
0.9318525570887071,0.04166338589517042,0.008605275900927228,0.010856963048085417,0.007021818067109871
0.9091986208511589,0.04794859365256647,0.02072359897862575,0.013460633137798371,0.008668553379850535
0.9338285782695671,0.03198784873682664,0.01695328290954512,0.010147682243067526,0.007082607840993582
0.8897279018530113,0.06360359908268409,0.016032297723299692,0.016547497190636692,0.014088704150368144
0.9514381621925955,0.022617485758712266,0.0070668008195743405,0.012072588964187132,0.006804962264930699
0.9126302065429281,0.04650241243794028,0.00971163092455729,0.021179780177631887,0.009975969916942107
0.8399666087582777,0.10507802303306694,0.020168406094095908,0.02401857274197787,0.010768389372581696
0.876054093363959,0.06105491792583377,0.018731637419172286,0.028886643774449,0.015272707516585889
0.8799040410703,0.042911398328244206,0.02647135887180628,0.028252965467932368,0.022460236261717156
0.8206967564823962,0.10802972387791208,0.026196992005313096,0.02615385668407225,0.018922670950306114
0.9133150482200079,0.04238772556977969,0.017855771853546316,0.01691063809051413,0.009530816266151966
0.902432270866122,0.052590640289250784,0.014602064824651251,0.01982136360608766,0.010553660413888378
0.7585334924842362,0.0892673560628124,0.05361514772907667,0.06627204349612405,0.03231196022775069
0.8542634451199421,0.05540146754490446,0.024154135537453224,0.03919975545591036,0.026981196341789762
0.8216617605078355,0.11256333407748294,0.03304674789876475,0.02164677292431629,0.011081384591600626
0.7276244199277063,0.15241456649325816,0.03378771265657285,0.05451573946517999,0.031657561457282754
0.8881064028690354,0.05776431403739655,0.016638018199655963,0.024110427391752235,0.013380837502159784
0.9434414787191036,0.027066005601581986,0.011866530999918388,0.011195461717427005,0.006430522961969246
0.775043192724021,0.11914913226968575,0.03627636856008251,0.042562724770129075,0.026968581676081654
0.9406454967997881,0.03276226387528303,0.006678525987538179,0.01235997768764103,0.007553735649749576
0.9324538635160192,0.03556480197317883,0.010690579715669942,0.013397589910374087,0.007893164884757584
0.6693780205629148,0.18991577990085035,0.04941796260916688,0.05339000480718144,0.03789823211988661
0.8897807485875194,0.049358098579758085,0.019962715058486135,0.02661041640670362,0.014288021367532978
0.841330097886891,0.07122241469575048,0.03565284432187161,0.0313063940040453,0.020488249091441563
0.928460670570406,0.03220802257874916,0.011504177181864573,0.01740968743653047,0.010417442232449578
0.8856684551811443,0.06789853592257482,0.012734586786401998,0.01930317284302409,0.014395249266854596
0.9522151593821206,0.019340870990492955,0.01124065137409367,0.01090044487101726,0.006302873382275614
0.8473841562429698,0.07820573887691763,0.024952462593816015,0.030848478452604404,0.018609163833692408
0.8377878889038795,0.10126873284020949,0.023449779848549738,0.021646313162798074,0.015847285244563317
0.9335464719699881,0.036087822981841135,0.009812065711170574,0.013288641066593807,0.007264998270406354
0.9403355823674268,0.030651210255030047,0.008029320775958602,0.01302988162021715,0.00795400498136732
0.9401203883823688,0.031315671159409114,0.009737180016062842,0.010812249624882935,0.008014510817276499
0.9708726969403377,0.01467694858176831,0.0062127742219865185,0.005034364601299779,0.003203215654607932
0.8879602140591893,0.05364956419082507,0.02450687406892085,0.019744170852984983,0.014139176828079693
0.830905978657222,0.1028940295174196,0.019278881736393895,0.030961032271496526,0.015960077817467937
0.8143571460170571,0.09845314976061362,0.035568729923431,0.032791231329698856,0.018829742969199356
0.9158836702536833,0.03989241557996571,0.018491922212623836,0.015015057353078475,0.010716934600648516
0.9018381820760182,0.050363251781633735,0.022197673992719557,0.015260322078794476,0.010340570070833718
0.8961702089522595,0.042508677132977006,0.02428556753846666,0.02304135939741604,0.0139941869788807
0.8319598650161942,0.10469774974369697,0.018881484068436663,0.029230211395109413,0.015230689776562736
0.8192720496896251,0.11427326564040452,0.023431146326276568,0.028012760704178356,0.015010777639515697
0.9191803543172373,0.033661039811460146,0.020296281694324785,0.017479747770336843,0.009382576406640886
0.9196417070533485,0.03876679223717025,0.011284498553246652,0.019035407446252938,0.01127159470998154
0.8420069735897989,0.09556077234124835,0.030847826964253044,0.018806557680346735,0.012777869424352857
0.9407398918286481,0.03341398493575885,0.00725123182211616,0.011373343504605114,0.007221547908871714
0.9184017656280087,0.04549028180983667,0.01199279267649059,0.015205285724106263,0.008909874161557786
0.9488346940995839,0.031641347436213454,0.006635351084813329,0.007880710257505015,0.005007897121884159
0.8798215472801152,0.07135390157872686,0.022145111133845263,0.016356836545960256,0.010322603461352555
0.892099160467007,0.058143364466637336,0.015669242631938446,0.022023992161592575,0.012064240272824817
0.9086906971577492,0.048096818008587484,0.01272536938517246,0.0203561282022218,0.010130987246269235
0.9105549984707005,0.05540247585472144,0.01347477855341823,0.013225098882559148,0.007342648238600656
0.8696394903730726,0.059648115477519144,0.03208906325750662,0.024248373127103443,0.014374957764798232
0.6304519594134502,0.044506555725969024,0.02075500009319976,0.18604487984366097,0.11824160492372034
0.6703396335618256,0.0733587874617889,0.024858292751570036,0.1281484143615245,0.10329487186329124
0.9242369045482417,0.03720634321553734,0.014709334391599094,0.01539654648169144,0.008450871362930408
0.9142049973540048,0.04451918491239537,0.015967899134689625,0.016585032501884322,0.008722886097025864
0.793642589408499,0.057602477241801585,0.03301044996176328,0.061712640104685995,0.05403184328325025
0.9404265816830208,0.022848568371361646,0.015135221145194496,0.012547138019746617,0.009042490780676466
0.6931201833232201,0.16488194699975417,0.03714575002699291,0.0621843244482834,0.042667795201749494
0.7838310548699577,0.0941798766674238,0.03460287080739089,0.05333074606356794,0.03405545159165946
0.9101127374594947,0.04086612643334055,0.014915967418930653,0.021525217392546807,0.012579951295687184
0.9175881461123202,0.03650772084370127,0.01572812721278527,0.017643874105619288,0.012532131725573893
0.9371851461893487,0.02716033974811089,0.012670109718443706,0.013812766238795427,0.009171638105301265
0.8746128299961394,0.06629994114031762,0.018956292727249843,0.026701615878254037,0.013429320258038871
0.7485816692985596,0.1559623252863622,0.03772017290326535,0.03617502294180297,0.021560809570009602
0.8424812435272366,0.09272303347526427,0.023776788287979456,0.026307803229379142,0.014711131480140447
0.8898995536160217,0.05229806006742247,0.02109319570003535,0.02295762264588766,0.013751567970632908
0.9353780148469885,0.03473813722780043,0.01170002692864878,0.011068694008507183,0.00711512698805532
0.8888800424800206,0.05819919191573367,0.016463758615001205,0.023160899399084847,0.013296107590159577
0.8638872649503061,0.07931854643137695,0.01905037701338016,0.022659332536849416,0.015084479068087223
0.8914508126419112,0.07024884170834964,0.015120289079118651,0.014591182112893527,0.008588874457726974
0.8646262376182866,0.07268194791702183,0.028160032143787136,0.022467929737934374,0.01206385258297004
0.8258379994436305,0.08508994263478667,0.03771230369549205,0.03254156451470912,0.018818189711381664
0.8939531708405705,0.06541886068761782,0.018383845989340633,0.013842191010867786,0.008401931471603551
0.9082920810679969,0.060158398243297065,0.013907068583636,0.010939434578346474,0.006703017526723554
0.8499576919003955,0.059519087861876235,0.04484061069058406,0.03173839170892081,0.013944217838223198
0.8976838627480251,0.058844848656502066,0.018252200500361172,0.016318165815590143,0.008900922279521632
0.8887817421554012,0.07160660829267991,0.01216430083588563,0.01936196151372969,0.00808538720230355
0.8930179226226033,0.04914483597040944,0.020152232437454082,0.023646477475965155,0.014038531493568082
0.8978310025394589,0.06083068819154057,0.011691760092428682,0.02008546204536543,0.009561087131206403
0.8142454052930509,0.11175156086925869,0.03559607500068395,0.02715161757033178,0.011255341266674644
0.9387805525431371,0.03551070313019318,0.01023624497360997,0.010080245211062702,0.005392254141997136
0.7629331693133958,0.16283141977433854,0.03425545030512223,0.02542530007427367,0.014554660532869731
0.859843198911051,0.09303500783653515,0.019954116552840094,0.016478466763694726,0.01068920993587896
0.8542098142840404,0.07378549015276091,0.030616487606510364,0.027141714462101844,0.014246493494586442
0.8557500998432312,0.09679019164411211,0.01654912247092408,0.017861324399665358,0.013049261642067331
0.7377182204104559,0.14979481042527362,0.052137833837248175,0.04064054140771174,0.0197085939193107
0.9287419632025986,0.04824289237639813,0.007828117904669146,0.008593361137729311,0.006593665378604861
0.9111048815549617,0.0604094159142553,0.01063368763061638,0.01111959447024036,0.00673242042992614
0.9279410393554582,0.038456098356894765,0.014658259775044351,0.012511795370816047,0.006432807141786609
0.8279387727245653,0.11069722533264743,0.02606316488323954,0.023329504114233283,0.011971332945314227
0.8649019165637893,0.06760017438191185,0.022832177240940717,0.02874707886308435,0.015918652950273653
0.9556319808009801,0.0271188659627625,0.007495503452476438,0.005659610024895237,0.004094039758885688
0.923846090964305,0.04773160833245755,0.010661503841596622,0.011843888998057772,0.005916907863583119
0.9290383236904237,0.04864084790193788,0.008201270897107591,0.009100300647299157,0.00501925686323185
0.8351300326624563,0.10138893592902166,0.025560200626174884,0.022381861826815255,0.015538968955531822
0.8651568929517414,0.07634548111651802,0.02526689209475636,0.021898994562350324,0.011331739274633875
0.8946771142252136,0.06285670482009209,0.016795705267118346,0.017615127978545215,0.008055347709030566
0.840070571293802,0.10770666770559054,0.016037219335525744,0.023336846583972715,0.012848695081108918
0.7298553930782866,0.04423680166876779,0.030266967975950725,0.09092062445683287,0.10472021282016213
0.6890674161798866,0.06515075650385632,0.030804453714671914,0.11871714250833801,0.09626023109324709
0.8197733565991033,0.1008530350121571,0.028119945751720617,0.032220149327476376,0.01903351330954256
0.8348408011395498,0.0472312939523646,0.01520412696822264,0.046140304726498944,0.05658347321336374
0.9384136572274265,0.019121405514093737,0.014623612893705217,0.014682299539898414,0.013159024824876233
0.8954901989853326,0.06912927143132731,0.011117435178689737,0.014789703748625269,0.00947339065602505
0.9270253304278966,0.04149748866244533,0.012983459616824686,0.01235891449629305,0.006134806796540494
0.7453447345454516,0.1768310957302764,0.025070283209687766,0.033047530736913557,0.019706355777670607
0.8873649219813513,0.06636923800534118,0.018285365080227142,0.018422198142584553,0.00955827679049586
0.9518169663138221,0.0241585416043987,0.010719792074007636,0.008495957766902748,0.004808742240868862
0.8815662243336975,0.06968716561683791,0.02155270277141001,0.018117851259597372,0.009076056018457132
0.8629042788038122,0.08298944867184606,0.018493024743720395,0.02441226409511261,0.01120098368550887
0.8746123176145358,0.08126289481762665,0.01943006066039671,0.017686536211805774,0.007008190695635019
0.8399584242429257,0.08649987216480504,0.027447268958675358,0.032011619528545546,0.014082815105048312
0.9549928919507581,0.020276100081741726,0.010168950063554848,0.009961944731572395,0.004600113172373181
0.9010893092013283,0.06777407603008498,0.0122827270734671,0.011058261839921623,0.00779562585519796
0.9665454221130908,0.019411491469273092,0.004363114332004829,0.006025192249194384,0.003654779836436878
0.8976873348119814,0.06937955474542323,0.014675422206934501,0.011982344146728715,0.006275344088932377
0.9183935471413978,0.04249608785478215,0.01773724135723897,0.012867640180328392,0.008505483466252694
0.7894024988404447,0.12802283374228787,0.03489857198801825,0.028026102921891168,0.019649992507358053
0.8027049857018889,0.11804261176779703,0.031691339984553,0.03246417751608054,0.01509688502968041
