Delta_Power,Theta_Power,Alpha_Power,Beta_Power,Gamma_Power
0.9233552999096099,0.024388712391059813,0.04042802796900643,0.009681002001361466,0.0021469577289625146
0.8609086950471214,0.053450613302209744,0.06160827383414061,0.01879404689459534,0.005238370921932967
0.9307992123942318,0.026218384470591553,0.029288097302769447,0.010629352112117805,0.0030649537202893586
0.9297422714280267,0.02559919592137266,0.02676612694932743,0.013514072612918262,0.004378333088354993
0.888345416486363,0.03263942695911071,0.055054100119929145,0.017918397814778806,0.006042658619818457
0.9311619150179614,0.03885409690675031,0.008951327515261407,0.015203509488596905,0.005829151071429967
0.9013849148986451,0.04328073837142872,0.02546896940592636,0.023508306377555677,0.0063570709464440866
0.9109030939659181,0.0324207575064183,0.025875496550839712,0.023209202988557318,0.007591448988266398
0.783105557508298,0.09800836524706001,0.08625160841074596,0.021297258792869016,0.011337210041027161
0.868235242762188,0.026002798038285715,0.07802038582771421,0.021006443004961847,0.006735130366850093
0.8312412794639498,0.029359725457960104,0.10594577547197262,0.024688561018803592,0.008764658587313887
0.7377381448853698,0.10623843991058744,0.11044268966875605,0.03502575823389035,0.010554967301396356
0.7604491641669091,0.1005130872857239,0.0964030706831831,0.030728616994915945,0.011906060869267921
0.8766533749684268,0.050240070090846044,0.04246113726486423,0.022289754901460644,0.008355662774402322
0.919149387684633,0.033149530712517875,0.029346987017566446,0.013537151224878419,0.004816943360404311
0.9397595326947673,0.0141105188623466,0.028483797125400584,0.0129393345442584,0.004706816773226969
0.8121709306066242,0.06458480894575062,0.07611685555005529,0.036328351291301304,0.010799053606268701
0.801690523008511,0.08699000100189527,0.06782347992363294,0.03174845347035476,0.011747542595606099
0.7352702359757327,0.10471283746638485,0.10589763554405278,0.042059496276558785,0.012059794737270847
0.9222152553721437,0.02661289504837718,0.030750112929965958,0.015567200847951997,0.004854535801561536
0.8990255485589957,0.034856888113741734,0.040632398765047664,0.018742056956829824,0.006743107605385048
0.6269861027296234,0.07445495323298779,0.2217434767128534,0.05785585880825409,0.018959608516281323
0.7795330474946123,0.051781702050733916,0.12541600814452833,0.03204336489523641,0.011225877414888962
0.7529498889071917,0.03326714314988199,0.1603821844109583,0.03830826729271083,0.015092516239257281
0.9157377507817074,0.027797460440123507,0.033465470761795485,0.01678636137718936,0.006212956639184108
0.9301350536721239,0.029399045909762254,0.017300834102856,0.01742404190748245,0.005741024407775402
0.9331111893022294,0.02672590873322057,0.012226114197689505,0.020587125925483823,0.007349661841376747
0.8738189125178988,0.06177734578936945,0.027569054390832647,0.02553400301797591,0.011300684283923083
0.8518881812794659,0.03930925078257753,0.07138034156412262,0.027622975299798215,0.00979925107403556
0.7826440856836071,0.057367119303793804,0.1058334590205903,0.037840131240211135,0.016315204751797596
0.7929611850902911,0.07097423697586065,0.0924992714600894,0.031201329995631848,0.012363976478126851
0.8742697508191631,0.0470826154611929,0.05322544452557741,0.01874871480660607,0.006673474387460422
0.8443504342911196,0.028452648831253036,0.09213281069087043,0.02498962408949065,0.01007448209726635
0.9157165671377953,0.027500734965470907,0.031682452461461494,0.018051543206488545,0.007048702228783757
0.8958966239718902,0.04393294084211449,0.03991762539330742,0.014836791297693327,0.005416018494994701
0.9620441365029273,0.009766126652910509,0.020641470891700653,0.005937507247642659,0.001610758704818861
0.9338280379689725,0.01725441978992742,0.03394131312253325,0.012338889905067357,0.002637339213499672
0.9093113034977662,0.03608573969348001,0.034337924572014476,0.015514960435862228,0.004750071800876725
0.943514725149144,0.02289186312460836,0.023717198706042834,0.007861314359308572,0.0020148986608961596
0.8999359374785864,0.04427280417323355,0.04003287086443241,0.013390635550664458,0.002367751933082965
0.8849093676797646,0.041518236324939145,0.04084125991119571,0.027057171624485645,0.005673964459615166
0.9512960861290584,0.015868429652593177,0.018628312649851514,0.01127514589417566,0.002932025674320918
0.8915782112674014,0.036618266710912,0.05002591280646723,0.01896914792059943,0.0028084612946198536
0.8864564465413303,0.028798573842636673,0.05969483542045153,0.02048740441043378,0.004562739785147948
0.8378451566739581,0.06586759255097317,0.06099712608110316,0.0283172178810823,0.0069729068128831125
0.9618449461534475,0.016480578582904106,0.008534088632789764,0.008939604913323003,0.0042007817175355455
0.942164911244159,0.02691280491764259,0.012092831298805217,0.015079647505005223,0.003749805034388214
0.8859353021861134,0.04757246544479035,0.02758635581867575,0.03309218991288613,0.005813686637534234
0.8115481900451507,0.049405843334620114,0.0801047638332742,0.04816896577278953,0.0107722370141656
0.7843625692114375,0.046788301437421354,0.12355622225978187,0.037333313604903266,0.007959593486455903
0.8979104112118209,0.02847719594655183,0.049597891786707336,0.019307231760678976,0.00470726929424116
0.9317919714628563,0.019285346554659785,0.03478123931448138,0.011136440787573055,0.003005001880429437
0.9229628740772488,0.016781273749205967,0.048404566759203196,0.009165259051073618,0.0026860263632685105
0.7312735138442885,0.07771701186733355,0.1398338036824826,0.0396859538951844,0.01148971671071095
0.783284605263053,0.06179899110049782,0.12304451925165813,0.02646963672008015,0.00540224766471084
0.8461236661462784,0.05430627566569409,0.07559910860071647,0.018433182850014385,0.005537766737296803
0.8599217364480634,0.03443494886628642,0.08540893236623599,0.01504429760433096,0.005190084715083313
0.8432729431053332,0.03777122125533985,0.09173822435839003,0.020779232461685226,0.006438378819251588
0.8419151424481993,0.052349391565235825,0.07580583629833564,0.02529215638772724,0.004637473300501885
0.7762904925268194,0.05827586973993234,0.11441692490740686,0.04232682501283922,0.008689887813002034
0.9555875096692404,0.020703201226791146,0.009604810183679757,0.009810015929830112,0.004294462990458423
0.7668953399568528,0.14261118991046184,0.033530630690996883,0.044180494021351865,0.012782345420336514
0.923391219275632,0.04283405484485006,0.012157719866200524,0.017495286913609697,0.0041217190997075645
0.7342473157257552,0.14481127440611125,0.060237052671533835,0.04929612807620466,0.01140822912039497
0.7290992340035009,0.10252211992123395,0.12922775047756274,0.03131494445125163,0.007835951146450859
0.8366404853703189,0.05788994050495998,0.07864299204572761,0.02144446910331705,0.005382112975676503
0.7358787396468236,0.12335688276293783,0.09485505673581829,0.03631302832243175,0.009596292531988397
0.7167305370339546,0.12148935546891425,0.11387963347862369,0.03742652262002309,0.010473951398484426
0.8748937836088982,0.04295206041130008,0.053040809300310354,0.02271687158440291,0.006396475095088474
0.905988452706612,0.03765229198521071,0.032412683295058496,0.017780710258217616,0.006165861754901464
0.6173659961444011,0.14359075328199586,0.1903882877225579,0.038803361326356395,0.00985160152468863
0.7387062803625211,0.09567179868873306,0.10950733600166405,0.04620390276329894,0.009910682183783038
0.9041937077790767,0.045790321385438724,0.02083923018167877,0.023434949053990545,0.005741791599815102
0.8290817797248194,0.11881478580012184,0.02152561363581641,0.024446418350429776,0.006131402488812434
0.9219510770583228,0.03499852384495967,0.02445212259307696,0.015218122580309672,0.003380153923331059
0.8781669299763178,0.035939415384216744,0.06737987915146458,0.014684012388735927,0.003829763099264907
0.8855467909730672,0.06508037585384886,0.028525800741373744,0.016291426657192465,0.00455560577451748
0.9188327172939152,0.04297697553844123,0.019735138868820064,0.014744179958273838,0.003710988340549693
0.9315789297511653,0.021668214484409337,0.027892673924526455,0.015008443924104256,0.0038517379157945895
0.8349636854155477,0.06607543337098441,0.06071443169784577,0.030555117569027155,0.007691331946595258
0.920916211682967,0.03779144558240397,0.020274515563866353,0.016960060397033277,0.004057766773729322
0.8945544699662645,0.052597355919261665,0.026500664186582198,0.020911106900877836,0.005436403027013676
0.8913746387958515,0.04445299379113711,0.039619911399232405,0.02054393198297427,0.0040085240308044825
0.7998979919962635,0.05668061738046681,0.09750159994675471,0.037184399724649056,0.00873539095186577
0.9533486025802128,0.02482237314612557,0.00795241128087558,0.010844132698521332,0.0030324802942646627
0.932134004533439,0.04370397113679656,0.009030176486805897,0.012059018638360668,0.003072829204598324
0.6608977063344066,0.19956320945119715,0.0749273118686313,0.05288354742612021,0.011728224919644788
0.7912767191516116,0.11028140736503138,0.04583869533180359,0.04392543841600187,0.008677739735551524
0.8807450167480263,0.04692505842316059,0.03861809212184315,0.02655068404439869,0.007161148662571177
0.9415931191019568,0.03670366133536701,0.010084164352055926,0.00949522686084026,0.0021238283497801544
0.9374739863645822,0.03906797603925624,0.008578544921780009,0.011817433955600545,0.0030620587187812293
0.8852881511013535,0.06741399715677306,0.017619354954856548,0.022796182316076215,0.006882314470940631
0.8437390081568816,0.05547564999669167,0.07197053578056913,0.02292524307707562,0.0058895629887820156
0.8708068763073346,0.04688426660087205,0.06582384055085194,0.013333983149026996,0.0031510333919145548
0.8575890051564906,0.05074331673264452,0.07291644959840357,0.015224034912449946,0.0035271936000114026
0.9341170357068931,0.023937582682961554,0.031594462980677425,0.00854977831299852,0.0018011403164693803
0.814961817636564,0.07705608786438807,0.07626142503166417,0.02608832406008324,0.005632345407300418
0.8122205516271916,0.0848484213234823,0.07916423352488064,0.018920490274837356,0.004846303249607847
0.8647471575174798,0.03311501079525808,0.06960279193863367,0.027213442777710158,0.00532159697091843
0.9301927129130628,0.02806861933481916,0.026427940146772473,0.012989385463812689,0.0023213421415331542
0.865005301949566,0.035510017704889686,0.07609828882777527,0.01884014846422857,0.00454624305354045
0.8792022133843883,0.032451783423857884,0.05994547568349107,0.023540214803266676,0.004860312704996002
0.9454732110119881,0.01594160447175967,0.021701732348047106,0.014365001422412146,0.0025184507457929007
0.8601814955124314,0.03880855020888476,0.0695597501465366,0.02697017890439168,0.004480025227755431
0.8799195542257786,0.03765211877777158,0.0633315810989181,0.015551968691295354,0.0035447772062362653
0.8952688496259513,0.045866546711993646,0.04354456605969398,0.0126041071094436,0.0027159304929175684
0.7125582635443923,0.13132081749087604,0.11744034023755996,0.034142747879090884,0.004537830848080854
0.7125346043782965,0.07370559113127516,0.17567395175827485,0.0307498463910093,0.007336006341144112
0.8895385801912826,0.04276779727270158,0.047502058783401746,0.017095993050136423,0.0030955707024776275
0.9260374997665024,0.02978755832127727,0.03484258517720934,0.007419708685108874,0.0019126480499021478
0.8477965193082397,0.0501632988532528,0.07747895283624186,0.020215695164121292,0.004345533838144278
0.901120616190291,0.044567129422668876,0.04251574231703403,0.009609860858190867,0.00218665121181517
0.769949811292666,0.054901232363855475,0.12533191985186928,0.04271840074741529,0.007098635744193738
0.8785027262134814,0.03464069714763681,0.06661033803867362,0.017073492389305524,0.003172746210902627
0.8425421187169115,0.03146868597314281,0.09851553303181046,0.023529133927991965,0.0039445283501430405
0.7490472570662817,0.061017706087782106,0.14789512461256754,0.03457154838691132,0.007468363846457239
0.8061045401994411,0.04632866109966715,0.11797161267828558,0.024593135634259786,0.005002050388346698
0.8051733529068933,0.03232619670892724,0.12338349030103667,0.03160662978728015,0.007510330295862651
0.6594443120383525,0.10063442410772658,0.19771534554392012,0.03471644881007637,0.0074894694999245275
0.8722425365407166,0.028891501087029165,0.0766075740850053,0.018792833754901223,0.0034655545323476256
0.8882955056288165,0.04636122535888811,0.05224008520511818,0.010456840977346189,0.002646342829830981
0.9250006261904798,0.0130634430888077,0.04968237246960053,0.009806340125090041,0.002447218126021797
0.8950742243266977,0.037135917112045586,0.0503712216812488,0.014694185878182964,0.0027244510018248
0.8262003418813284,0.05617230069358364,0.09353631934925118,0.01987602525249369,0.004215012823343166
0.9052435917893137,0.037827975318712195,0.045570089332062684,0.00932092467525209,0.0020374188846592673
0.8034385983619723,0.05588456598275546,0.10900978064333533,0.026972227197399966,0.004694827814537024
0.9269178628913914,0.017986065097050398,0.04167756217138092,0.011260010169584065,0.002158499670593238
0.9079179467902674,0.02649338619093971,0.036665208808527354,0.023237194062733404,0.005686264147532078
0.7672819054426221,0.03813141881976205,0.16225424522577345,0.02705987430298946,0.005272556208852976
0.9395789142192594,0.009012702104502151,0.041849208376748576,0.008173063687410246,0.001386111612079755
0.783530023522208,0.051180078868947876,0.13297589108535962,0.027701146635503656,0.004612859887981012
0.7840842725105004,0.05922605289614291,0.12322642796096038,0.028915921042578452,0.004547325589818003
0.604146387601464,0.06614014364039078,0.27501441963211193,0.04805387143341156,0.006645177692621506
0.7711372480609595,0.07418920705784225,0.1275569317153021,0.02268373577339631,0.004432877392500022
0.9109698677205742,0.04741665130730581,0.0320778387095589,0.007443931606245857,0.002091710656314926
0.8070529176431122,0.0453743229233409,0.11253525333961237,0.028513428143624876,0.006524077950309747
0.8574151808412801,0.033666975414229985,0.08344774320285596,0.02232375941003771,0.0031463411315963033
0.830795024733266,0.04668102370898608,0.09513382905178111,0.0221919798337941,0.005198142672172515
0.7993393273120624,0.03878608811181977,0.13007349915003286,0.026375584914912525,0.005425500511172299
0.7531065133442479,0.09503669313693522,0.12424874497909534,0.02284302294416284,0.004765025595558767
0.859145247782379,0.05169880840238593,0.07001614173813471,0.01642944271611466,0.0027103593609858648
0.8336136505050965,0.05150600960002409,0.08257878524299331,0.023714396396634443,0.008587158255251606
0.7063827334796506,0.07743696262864938,0.17256437351211215,0.03847162058048454,0.005144309799103417
0.9375029499977494,0.01873620002100614,0.03532985551054472,0.007159276984011222,0.0012717174866884692
0.8167766515971852,0.02648024793911881,0.12348580914390371,0.027852589533208846,0.0054047017865836424
0.8604830329560078,0.023539149363262908,0.09578796434937971,0.016475129138020517,0.003714724193328863
0.8576934534317121,0.04158416240497682,0.08536186077511966,0.013170116317465059,0.002190407070726389
0.9413717404167536,0.01345584335369269,0.03555578213100534,0.00819297340637569,0.0014236606921725174
0.8643435643771211,0.05010410104420118,0.06334462583011485,0.016801510823465746,0.005406197925097376
0.9451902355067257,0.01664701559806889,0.028361037372161543,0.007029780462423261,0.002771931060620641
0.8869900766965996,0.03142568266372917,0.06297075458459574,0.015587208570303705,0.003026277484771916
0.8182870325476491,0.03550070582940639,0.11137006059694171,0.02903470899267596,0.005807492033326671
0.8689280048855251,0.027691060838423976,0.07634450772743569,0.024377079778556437,0.002659346770058559
0.8462294991186838,0.04604107032674801,0.08439586328373545,0.019419003154581886,0.003914564116250756
0.9355263329867765,0.02145783433065001,0.02999468316753128,0.011168113337515261,0.0018530361775269397
0.7057722359953291,0.052269202747357774,0.19098743250035502,0.04171983151762239,0.009251297239335609
0.914709953048617,0.01720973268755158,0.05557106554885139,0.010764858019180458,0.0017443906957995358
0.8763151120648387,0.04480992769266609,0.05816921497575265,0.01818571512464293,0.0025200301420996284
0.7218103322780368,0.078549200399244,0.16604084850078815,0.02767474792696039,0.005924870894970522
0.7669800745683627,0.06855876267803773,0.1265681141545892,0.03225528833137291,0.00563776026763751
0.895330867020925,0.02144365068459297,0.0612396350991056,0.019033651689592316,0.002952195505784232
0.8083859423745129,0.06332834351419728,0.095291664688459,0.027370314873939903,0.005623734548890915
0.8375363870585131,0.06081747379397009,0.07776563636918327,0.020370841017013017,0.003509661761320401
0.8605255508151509,0.02036130019093188,0.10114746917478842,0.014968819583694767,0.0029968602354339944
0.8694915062084263,0.050951674310223224,0.06066121512566778,0.015043878410672822,0.0038517259450098038
0.7414480131088214,0.06790532830617962,0.1569251339859417,0.028054239740356344,0.005667284858700997
0.929315136273204,0.022812843022698887,0.035349183877443215,0.010280985008466508,0.002241851818187397
0.8133890167445743,0.04905755316428302,0.10895309817336397,0.02342197686584916,0.0051783550519294876
0.8161625104535338,0.06278127276648089,0.09678799202214058,0.021496946505048357,0.002771278252796126
0.8411556787699774,0.04588949880199019,0.08897570488592552,0.020896838026649055,0.0030822795154576378
0.6345564024861681,0.12412985132898172,0.1947863665625618,0.038391512879840856,0.00813586674244763
0.8728977163680519,0.023494177943717956,0.08679758113448532,0.014460000642346245,0.002350523911398544
0.8392498822853002,0.03566018446883034,0.0988020523680842,0.02328794855629364,0.0029999323214916713
0.8565825084534997,0.06219018454941128,0.05772161620009064,0.019432161926154014,0.004073528870844406
0.8830240516127571,0.031437066201442064,0.05997863963459468,0.019775777574848497,0.005784464976357354
0.932983395812719,0.028288951004411825,0.029200704892408197,0.007767572602076061,0.0017593756883847794
0.6821492160195548,0.05551361662950609,0.20552670712504909,0.04430898101964486,0.01250147920624501
0.8957204068964388,0.04533006135803292,0.032500522111652316,0.02096348338725546,0.005485526246620382
0.8456838423540739,0.06520051168514973,0.06561226922341389,0.01813145839188047,0.005371918345481881
0.6610359051531643,0.06846428177115134,0.1990849636844742,0.0615675987879933,0.009847250603216914
0.8028201278375628,0.05686249606255858,0.09491886439280837,0.03766358576078693,0.0077349259462834155
0.7136942906165075,0.08288659193044108,0.1565025048872211,0.03741451355824917,0.00950209900758094
0.8375705584927141,0.029711307164869763,0.10352598802441643,0.022493624152191014,0.006698522165808623
0.5498602648550417,0.12607405752377807,0.264751540445927,0.04431496723962687,0.014999169935626236
0.7595196654348789,0.04827554948831957,0.1479421885127934,0.03523116931075924,0.009031427253248977
0.7919071066159404,0.05586137096329483,0.1271113929315004,0.01946295714560805,0.005657172343656394
0.8390404301309659,0.03304411688429381,0.10285304606686539,0.019156842355383414,0.005905564562491386
0.5752460443914901,0.0729823570829579,0.28939484207561716,0.046347589725757664,0.01602916672417723
0.7917811011104378,0.06699490255453305,0.10346706049450184,0.02493546031439616,0.012821475526130973
0.8914869426350538,0.029044200164219786,0.05284005950908081,0.017477156121688712,0.009151641569956896
0.8596258679876992,0.02141792384079233,0.07926053047100923,0.027375945406280612,0.012319732294218701
0.6148919458617957,0.14370167116065427,0.1760485429705736,0.039432019651059094,0.02592582035591722
0.7132987726630504,0.08745897802798772,0.1350574668674767,0.04467321496892502,0.019511567472559988
0.7644584071211502,0.045594243830716565,0.137247832665229,0.033981262507845396,0.018718253875058877
0.8810106129889275,0.021112049574014212,0.06541925752701366,0.019504763333847572,0.01295331657619721
0.7425134128150401,0.06827527368413856,0.11767873842591,0.03916813396116901,0.0323644411137422
0.813233081227653,0.03171055495718402,0.11088678403047605,0.025070026939135896,0.019099552845551027
0.8304403871515557,0.03342646338625503,0.0975221809711966,0.02500694859629002,0.01360401989470248
0.7491381087576213,0.07802111957956755,0.1130324751031604,0.03732723536890966,0.022481061190741086
0.737648481187523,0.07741385769871433,0.1256380924905912,0.041546221423384634,0.017753347199786856
0.8927806605480417,0.025767031906921804,0.05745719367699691,0.014167941965535696,0.009827171902503753
0.7349542881060916,0.05235328176282223,0.1293156464847576,0.05009634352990069,0.03328044011642771
0.7259076597659987,0.061579531865376874,0.13877419789542636,0.04583271999438709,0.027905890478810827
0.6543616902664902,0.05690424732024179,0.1918032463842068,0.06220142244836804,0.034729393580693144
0.7691324871634794,0.0688006364881345,0.11743742106205057,0.02830963648699027,0.01631981879934532
0.8832372940353385,0.030464657660789082,0.06484751468834045,0.014958437231757514,0.0064920963837744325
0.7794572181529069,0.11033208675517708,0.062423079460178284,0.031273213487578104,0.01651440214415924
0.7539866919249898,0.07935800613752078,0.12434044830958534,0.030491633623189438,0.011823220004714304
0.7367862053758072,0.08998592107910927,0.11477595431556463,0.04073153200135863,0.017720387228160307
0.8321246822451306,0.07251139803091375,0.06789475492941642,0.02041172536057266,0.007057439433966432
0.9036278624214467,0.02683030792571226,0.04739733487542805,0.014763691071144596,0.007380803706268575
0.8236824374595069,0.047155957344232904,0.09057894323456327,0.02425763870294249,0.014325023258754394
0.8661011709790767,0.04630351339949143,0.06270463456959868,0.018305522270908873,0.006585158780924526
0.7165278605592773,0.057433368959842065,0.17726859228594102,0.0322817416718262,0.016488436523113697
0.8597069409747549,0.037639171437607366,0.07190670640951655,0.022416398274255442,0.008330782903865708
0.8913717243230169,0.01700684813460867,0.06267524975264528,0.02004410986477759,0.008902067924951613
0.8171557833300525,0.057154041158900236,0.09297510409575199,0.024037827645227234,0.008677243770068198
0.8803806994798313,0.032419352506330885,0.06312615024135369,0.016987436579439828,0.007086361193044047
0.8762891314873826,0.02499790304173882,0.07796290244642236,0.01393487494207913,0.0068151880823771336
0.8416624247034862,0.03217074890500214,0.0937576578578747,0.02206573371400872,0.01034343481962825
0.8116027555218696,0.056182910680029036,0.09610636256004602,0.025572319396096787,0.010535651841958444
0.7805691324282793,0.05640042128919388,0.113359105658072,0.0362805555303129,0.013390785094142077
0.6710891944760369,0.06864418109705925,0.17832935991631205,0.054314078542210514,0.02762318596838131
0.8380785996912217,0.04224405678375311,0.07356185125931132,0.03602529673732442,0.010090195528389603
0.8309258805410779,0.04845438531491999,0.09907177531079196,0.018129978108386815,0.0034179807248232354
0.8750557627217203,0.04278950693048406,0.06435997388554274,0.01518341862006003,0.002611337842192988
0.8664650817937988,0.039816709246921385,0.06875148060200215,0.02110625630447092,0.003860472052806728
0.7899047433844817,0.04791716741746442,0.13409820175245338,0.02216832852718235,0.0059115589184182615
0.9379113762574097,0.020546724380103288,0.030622413741651772,0.009065854857906168,0.0018536307629291604
0.9137486669386286,0.019218996720878352,0.05248120484159059,0.012079378901461015,0.0024717525974414078
0.8789352934378694,0.015970678791059793,0.0818082357407203,0.01982692607624658,0.003458865954103995
0.7454726013644418,0.06618681488295276,0.1509279820488838,0.03180100799245834,0.005611593711263224
0.8639583207020406,0.03936510654741371,0.07461689936307019,0.018380860660420686,0.0036788127270548326
0.871284461772354,0.031025885436408805,0.07239140694084081,0.020068170990153004,0.005230074860243148
0.9165403694827308,0.027266015988770126,0.04186055428591697,0.01213693064145984,0.0021961296011224793
0.7441085998420017,0.11588733302655593,0.10815362064383396,0.026790474920194325,0.005059971567414067
0.755625346575226,0.06717405604991177,0.14089443175521954,0.030617444303573493,0.005688721316069338
0.5881318055516613,0.17546284827416628,0.1921450411535271,0.03480555611955627,0.009454748901088966
0.7097714505662057,0.05346149172695486,0.18891844889885798,0.03967052773516862,0.008178081072812975
0.8061377497706116,0.049867008327233966,0.11421745935251339,0.024958278850006354,0.004819503699634657
0.896675636523862,0.021797456242603208,0.06404459886395002,0.014956456887329895,0.002525851482254937
0.797137125142298,0.07123318200404682,0.10034462385616462,0.025180112135177433,0.006104956862313348
0.6514241709067956,0.09672522959175847,0.1842995473519736,0.05535584906734291,0.012195203082129616
0.8746908531813001,0.0774597954506976,0.023571552355038137,0.01849227720761057,0.005785521805353704
0.9120947788298914,0.03111300983234141,0.0212462129225464,0.029712918067239476,0.005833080347981102
0.8120992465826713,0.09833190771052866,0.02993659485931741,0.050181161679557655,0.009451089167925048
0.7350794957110482,0.1340788557017739,0.06597040916972098,0.055751893909842885,0.009119345507613893
0.7524660564561891,0.10222694443656095,0.1066771640068636,0.030928223573132893,0.00770161152725348
0.8087495022029562,0.07833955689553498,0.08080061091531102,0.027304628378889154,0.004805701607308664
0.7937759316202163,0.0679472999449749,0.10345393259386494,0.029062377280566484,0.0057604585603774966
0.8965979822805867,0.023246235526422014,0.06072034285681409,0.016505769392282325,0.0029296699438948093
0.8746123849093708,0.03211341793223765,0.07287698037336052,0.016879303054866936,0.003517913730164239
0.856521498041742,0.03968193631765886,0.07703374917055394,0.022098548274946277,0.004664268195098872
0.808279982748111,0.051292477823205875,0.10869301438282455,0.026939667897889628,0.0047948571479690585
0.8720408987100793,0.030640391669986364,0.07571406825041091,0.018138298141487617,0.003466343228035764
0.7439961929951523,0.0508705284237635,0.1552769875831764,0.041737714909262605,0.008118576088645194
0.6317604780386368,0.10160103747724135,0.2114220746620289,0.047038573159336634,0.008177836662756502
0.7669495534708042,0.09291955528702033,0.10484064457490913,0.028893557605513133,0.006396689061753318
0.7652441305666106,0.04538848270128994,0.15003288440598178,0.030642285400360875,0.008692216925756818
0.5741315307143614,0.13884568928971958,0.22692365398348366,0.0493929878114723,0.010706138200963186
0.9259255067457787,0.016053470935249583,0.042471033777729685,0.013103981641086107,0.0024460069001560397
0.7810202117638128,0.059531819121014046,0.11708629219071255,0.036203672420813474,0.00615800450364727
0.9037701647616411,0.022007155124454753,0.05490661909399615,0.015782839496983867,0.0035332215229240452
0.9296207689396004,0.030863972926595193,0.00989437608029494,0.020072383424579662,0.009548498628929782
0.8964588202693284,0.027446887126343467,0.02191375846460961,0.03914724596566533,0.015033288174052912
0.9179336841633343,0.01837647813620002,0.01609639959507029,0.033909854162340734,0.01368358394305467
0.8765099348095787,0.03394614130079893,0.03038666124150367,0.042051392312247325,0.01710587033587114
0.7836360735222738,0.06977461102960977,0.09219609154230929,0.035813501444553905,0.018579722461253455
0.7333493621208131,0.08081466584495234,0.10252321243718567,0.06020206745381149,0.02311069214323711
0.7482394113970519,0.11547674818589773,0.027475322354936965,0.06027893941104,0.04852957865107363
0.5747357941343402,0.21284895358619174,0.06619571226296526,0.09640588382202306,0.049813656194479576
0.8229559936954739,0.03549317792087176,0.09638565528631313,0.029463431607493117,0.015701741489847994
0.8338413537815855,0.04016773695762677,0.0834308382210269,0.024853331687056425,0.0177067393527042
0.8533398467141975,0.078266581260353,0.03611136296724409,0.020807975168432,0.011474233889773379
0.8655690119237925,0.05172641044577338,0.05241320380204811,0.02072728610818549,0.00956408772020028
0.7772558236221981,0.0716701223620783,0.09909669216985893,0.036467628241719334,0.015509733604145115
0.7310376337012228,0.03714183030524266,0.17574495848947216,0.042910714918918076,0.01316486258514419
0.8246919736719035,0.030972925358465794,0.10676970254479545,0.028115321837126093,0.009450076587709494
0.8881824392272627,0.03922335483864267,0.04348211546958451,0.021325358409464687,0.007786732055045522
0.8653729120070891,0.019724566538296986,0.08823099501826046,0.01995826253836162,0.0067132638979916495
0.8054116191878169,0.08290024132678037,0.07412000314383572,0.028881830975847796,0.00868630536571896
0.9562221163846116,0.014704915265334774,0.020721275929084515,0.005966202732417997,0.002385489688550852
0.8515098371364722,0.05862535830862185,0.05735426819567364,0.02504995275151409,0.007460583607718177
0.764476899875225,0.11252391012726876,0.08085347245227267,0.033557904922533126,0.008587812622700225
0.8459685347680892,0.0449782557891471,0.08657360693090269,0.0170977092915831,0.005381893220277857
0.7363872097697127,0.08464759093564216,0.14270650819875652,0.02748552933462654,0.008773161761262138
0.9046739988417225,0.03477292792676122,0.04677278724288701,0.009668194748535749,0.004112091240093653
0.9112899582554147,0.031680677124512106,0.039313258043061704,0.013036714068861331,0.004679392508150205
0.6063135028410411,0.23105786904583658,0.05133786917692371,0.08187136814991276,0.029419390786285974
0.9123088518308006,0.04446127094113437,0.015677571569234355,0.021670178337802375,0.005882127321028514
0.9340143606452063,0.042486181014256864,0.011195995337269428,0.0091856607369324,0.003117802266334868
0.8409283710494057,0.03238040172417205,0.08172187308009962,0.03304217154214698,0.011927182604175891
0.8637366055377366,0.013568350726434428,0.08244193459560831,0.03066329316156424,0.009589815978656605
0.8007363650220803,0.046802270369494275,0.11502487447074566,0.029812143999976722,0.007624346137703018
0.902814147501929,0.025750703422516116,0.05035622677491783,0.01676498594028561,0.004313936360351461
0.9256624362519382,0.03535739091980665,0.025273060804502614,0.011055568318390647,0.0026515437053618108
0.8134415564299466,0.041721454484084736,0.10712638160483036,0.029717695014755702,0.007992912466382483
0.8828460910478126,0.021130209872293138,0.07025656059659316,0.020978736119658534,0.004788402363642712
0.8145521927648632,0.05029146782272429,0.0933503242981782,0.03307653873660203,0.008729476377632299
0.7775634206947161,0.07249589763364404,0.10184012454747107,0.03923315361758077,0.008867403506587926
0.9250651921824712,0.022101203276352243,0.037344700225137445,0.012648424864548773,0.002840479451490293
0.8920762250204036,0.04816165457766501,0.04281544795474617,0.013143820237286124,0.003802852209899012
0.7471408427726113,0.07909054919426946,0.11320814144513837,0.045891267151638444,0.01466919943634247
0.6759034757424388,0.09942372335007912,0.1622298797754427,0.051004718420545055,0.011438202711494403
0.7808914738699997,0.03737598816795296,0.14592098932661657,0.028527922730112478,0.007283625905318506
0.7305896403835594,0.053576443198298025,0.17783919098627782,0.02857895566986665,0.009415769761997959
0.6009236721600437,0.1927258197454871,0.13994777386694726,0.05434306711862242,0.012059667108899406
0.9317868039526279,0.021927466088252787,0.03420135782024404,0.00926033747653243,0.002824034662342719
0.9049536806502103,0.02704194808160304,0.04514919912262172,0.0176108897640389,0.005244282381526065
0.8266095780784853,0.055190316653438876,0.08537515359069307,0.02601203317210265,0.00681291850528021
0.8901037340586723,0.044904513423070815,0.04617284348783856,0.014989086709543999,0.0038298223208743367
0.9209840106685905,0.02656336594331559,0.04033318192448379,0.009193971551811427,0.002925469911798893
0.819186319518471,0.06811854382175982,0.0767652163586785,0.02839810501445501,0.00753181528663545
0.8596216619023891,0.0590252670057464,0.05815274732275248,0.0180490166177728,0.0051513071513392275
0.870236013929118,0.04105931049665396,0.06231636894254551,0.020669195239046676,0.005719111392635596
