Delta_Power,Theta_Power,Alpha_Power,Beta_Power,Gamma_Power
0.8873812099713986,0.04515258351098917,0.028230017262297326,0.022109381025866605,0.017126808229448186
0.8883075827465147,0.04562984511319368,0.015675648297910863,0.02772711018507855,0.022659813657302436
0.7965818844305045,0.08531110232352579,0.04223265097760444,0.03737264068911126,0.03850172157925399
0.8382516107222072,0.06830518626726567,0.04009611462231164,0.035303616730090456,0.018043471658125063
0.9032376169315768,0.04680934226584537,0.01753399399568684,0.02028924565337347,0.01212980115351744
0.8579523800129077,0.0725849686765636,0.02261775590912034,0.026166076678040717,0.020678818723367555
0.8678852121923825,0.0443003984797334,0.04024786573629944,0.02763628830057823,0.019930235291006255
0.8174465825348461,0.09991646141674794,0.030896056600429683,0.029489362082484018,0.022251537365492294
0.7691326048651481,0.10625865314699957,0.05290554933023956,0.045518546455181615,0.026184646202431217
0.835496094389837,0.1049603849787495,0.024164988515614966,0.023655299495590986,0.011723232620207696
0.8798804585075409,0.05959872613418624,0.024071778266850034,0.026045772660638976,0.010403264430783698
0.9555586199423041,0.0186076158402689,0.008231898579824062,0.010048653769184204,0.007553211868418942
0.9211994291208857,0.03436461371427293,0.017505931424332648,0.01630228654399516,0.0106277391965134
0.8905401621020788,0.051969806215647625,0.025802012855399386,0.01616388921805763,0.015524129608816446
0.9314890017342725,0.03465940829666115,0.008543831046639786,0.016281677207522945,0.009026081714903895
0.894898365470995,0.04515896556016643,0.032844024591397805,0.0173441530217378,0.009754491355702923
0.8710390569515404,0.07048484433887946,0.01489762221326046,0.024607444692151984,0.018971031804167628
0.835818745527046,0.08494091942605916,0.023366120909638178,0.03163406565783738,0.024240148479419542
0.90129433276819,0.03641496863043787,0.029744372082303475,0.018679057009895254,0.013867269509173316
0.8891321017108805,0.046078167841495404,0.02931946563203976,0.02026853085362731,0.015201733961956971
0.7557265742136144,0.09559139964035496,0.052040569871835515,0.05893970142850896,0.0377017548456863
0.8591642065826884,0.042951696688819076,0.045306828982595394,0.03504969329773069,0.017527574448166355
0.6919289097898602,0.12110449897464834,0.07387036298790862,0.06655508750195643,0.04654114074562617
0.8248683224907231,0.07326387161803519,0.038589018256109275,0.04309506351551878,0.02018372411961352
0.870663405417051,0.06976222026436851,0.028257973421101534,0.020284035904209838,0.01103236499326895
0.9242097466763931,0.03216827164248012,0.014577737564220886,0.017427524748972953,0.011616719367932803
0.8890128144721288,0.05047458147539046,0.03660992474160711,0.014952393585111646,0.008950285725762043
0.8255023718035391,0.07532260710924923,0.03852054840123759,0.03794517368607242,0.02270929899990163
0.7901905198818315,0.08578481979667342,0.058075164158716316,0.04327881996478391,0.0226706761979949
0.8676824821114976,0.07721614871277689,0.026189411378035092,0.017716678681266293,0.011195279116424203
0.9372216866840173,0.03137442362722802,0.015405714123174598,0.010369670740382492,0.005628504825197397
0.8385568831593447,0.08773390908930147,0.029081024110752154,0.030626039492203747,0.0140021441483978
0.9316700364926571,0.030951543464637972,0.016670817208098012,0.01504958504148363,0.0056580177931234476
0.8714248488101081,0.05883348934352429,0.020471655344866915,0.022999394180550362,0.026270612320950272
0.8806276654659383,0.04959103635343481,0.03264154810355062,0.024874336863708005,0.012265413213368248
0.8010300991143066,0.06268038625184205,0.07992401028618545,0.03981232399622447,0.016553180351441737
0.9264518255142655,0.04099242020131408,0.014204903116167296,0.011231419152253414,0.007119432015999769
0.9108119171988919,0.03712111684896344,0.02769669451594747,0.015206515567496345,0.009163755868700624
0.7652934821548997,0.09283713489544193,0.07210440844789467,0.04581343482339844,0.023951539678365434
0.9212228520376496,0.03548639014011254,0.014964301801743811,0.017988074537438992,0.010338381483054784
0.9306388358581736,0.03263072825662279,0.014292015144039459,0.011233218770814795,0.011205201970349288
0.7767005828591375,0.08774346635397608,0.06439830434454849,0.0440283258792527,0.027129320563085323
0.9485297705710097,0.019400423677371534,0.01278577230928337,0.011018429003220667,0.008265604439114857
0.8666169334673635,0.05061067526386315,0.03022365327301152,0.029382393256913088,0.023166344738848887
0.7992862420004542,0.07131794784870922,0.04761427977350296,0.0457830312556542,0.03599849912167937
0.8265026616034122,0.05915701317657924,0.03174381307437073,0.0552570587112694,0.027339453434368437
0.706643418748737,0.1220383428632446,0.05663739531327614,0.07847741815742779,0.036203424917314216
0.8165895422016681,0.09029710602466962,0.04510902422172663,0.02768667989928277,0.0203176476526528
0.8082803908455309,0.07502226320370749,0.05035036176346362,0.045409141279496704,0.020937842907801048
0.8580679075120629,0.052206717858399546,0.03705060237386665,0.029438955742273336,0.02323581651339772
0.9366630590686689,0.021967961669309706,0.01843334966115916,0.01407658658117872,0.008859043019683403
0.9040679173654134,0.03841488762965597,0.0257767690698163,0.019576844757495163,0.012163581177619426
0.8485817613612855,0.05531287663805155,0.0565541982366974,0.02367024007092631,0.015880923693039024
0.8867693403472983,0.044392833516990055,0.028580171711257055,0.023788077156655252,0.01646957726779939
0.7955728334708729,0.12248989326695885,0.030235292171191912,0.0295189697242103,0.02218301136676585
0.8975435070742788,0.05122785319948104,0.017704322893194215,0.021951364443013235,0.011572952390032384
0.8664285169558301,0.05531576789795633,0.03460557920282717,0.02414759542009416,0.019502540523292276
0.7802129840625394,0.11126380293905244,0.04312392608220116,0.03513284952757433,0.03026643738863248
0.7140269876369771,0.12078739946678593,0.06409715513908429,0.049552733679036454,0.05153572407811616
0.8658076226661133,0.06012793648536912,0.03568557566453877,0.025034534285747433,0.013344330898231406
0.8412373692605749,0.08931238404595405,0.025631840371917066,0.027745065964852086,0.01607334035670184
0.9144591474783238,0.04167769307999673,0.013399275037866214,0.013502957499307447,0.01696092690450568
0.8648404239611938,0.05797922314452511,0.029390266173664532,0.03108282615992202,0.016707260560694624
0.7874838772501775,0.07459492836304078,0.06690468060840754,0.05080484117354639,0.020211672604827556
0.9250611495486666,0.033080238765387814,0.017012958801268113,0.016080950457339285,0.008764702427338083
0.8275360168283009,0.09565047465107582,0.02319544901710304,0.030809087153872785,0.0228089723496473
0.8781382692716607,0.06747780834902833,0.020247020519420268,0.01853054743171692,0.015606354428173737
0.8709807685725868,0.059192284433533415,0.026964099395637497,0.02013529793705377,0.022727549661188572
0.9081338738435657,0.043249923662231245,0.02055744577882405,0.01688296826751699,0.011175788447862038
0.7575301658574947,0.10704194778729313,0.058405618831434976,0.03992139140361416,0.037100876120162996
0.8757279115852286,0.045126000920323824,0.03686284075478309,0.025654641164174423,0.016628605575490122
0.9419779156022343,0.01833462099190354,0.017226855445259738,0.012379508682906633,0.010081099277695935
0.8110577325512422,0.06538140374281402,0.05827095365704363,0.04177776448263619,0.023512145566264082
0.876033131368393,0.0821849609687695,0.011595332661749414,0.015358964137497157,0.014827610863591143
0.9068405370781475,0.043695030654801396,0.023951476879934333,0.012971591479834975,0.012541363907281847
0.8390364062137535,0.07765953394330524,0.030601447217804608,0.02948181251323492,0.023220800111901835
0.860263983335501,0.06686093388477277,0.021870367683771375,0.0236926831164863,0.027312031979468496
0.8022155899142495,0.07831176985152165,0.061064644035832664,0.03646886716823372,0.02193912903016254
0.8567903149702693,0.05970694807632705,0.038882458024132815,0.026666993609896786,0.017953285319374034
0.9127589618090084,0.03596622283705037,0.027417579560216808,0.013469570398970255,0.010387665394754326
0.9273422535671018,0.023000758363716893,0.025397542833786826,0.013340107070917052,0.010919338164477516
0.828862110520747,0.06255559615998219,0.05152350763442118,0.024270527246316932,0.03278825843853277
0.7846479362713449,0.14188678038411506,0.036661879713359484,0.020988611661422088,0.015814791969758525
0.9002480649534642,0.041406134080473084,0.016515236750144494,0.022268227256221157,0.019562336959696985
0.9203444243008782,0.03321617060906096,0.015864121763039987,0.016575736526460095,0.013999546800560498
0.8858948908946093,0.05212321782002921,0.02317164885122129,0.025395525830590068,0.013414716603549964
0.9202190971868556,0.036346785843247825,0.014433060876056319,0.01854807303277452,0.010452983061065763
0.7830129961312764,0.12167240029579622,0.03413595804526497,0.035713738226916654,0.025464907300745673
0.9479143382892369,0.02075607016073518,0.010915853599032528,0.013523005721689525,0.006890732229305833
0.8737578894655154,0.05080376015426108,0.027075313974281878,0.026021013121135483,0.022342023284806167
0.8663972232089603,0.06650050084854221,0.019176982523962008,0.027607415246804552,0.020317878171730912
0.9434374210607247,0.0352080489599135,0.008406785217014707,0.007273485055418006,0.005674259706929189
0.9343320327573706,0.031392173831253985,0.013123801321518988,0.012659566849187601,0.008492425240668768
0.8583232929705843,0.07555583906925885,0.023401623849034884,0.02342839499191574,0.019290849119206407
0.7803111967964798,0.10114412165111815,0.04590072903511615,0.04268240876432969,0.029961543752956146
0.7105440225931736,0.18326013155269436,0.040581957358292314,0.0323330417162871,0.03328084677955263
0.9436552758867462,0.023522196863632387,0.014795035936107299,0.010065106636238948,0.007962384677275117
0.8926210023864427,0.043568345863698794,0.017422439762838627,0.024967770878392657,0.0214204411086271
0.7831057775978671,0.10797950682877276,0.03440716885664988,0.044437887588144036,0.030069659128566063
0.8800225272210632,0.03975298000383577,0.038700085702937974,0.02410665051021299,0.017417756561949903
0.9034429690431743,0.033317922360137364,0.021482659590390498,0.031822243200486384,0.00993420580581122
0.7523732418905367,0.15027258712256114,0.05282554024667246,0.028229860467999416,0.016298770272230628
0.821574636786013,0.09864479009964373,0.030989165928919076,0.02801763752183466,0.020773769663589597
0.9396442857610223,0.019747482327375956,0.01850914017607187,0.012599187938222225,0.009499903797307748
0.9405480525404779,0.02804403678430232,0.015522287458125481,0.010443102704031884,0.005442520513062281
0.8797312883069067,0.04381522659192083,0.029196157571881765,0.03074294315649795,0.01651438437279263
0.9095529992775225,0.03928873525234746,0.023265083811238235,0.01748296684089391,0.01041021481799797
0.9307817759762266,0.037469392549306466,0.009872058305647163,0.01105083735313025,0.010825935815689261
0.8769440130866082,0.05191453766887305,0.032720293112595285,0.02326457188211027,0.015156584249813353
0.8657907927392228,0.04058106109500214,0.04580439662347342,0.03160156474424628,0.0162221847980553
0.8945708414758933,0.05367837630184111,0.02282384219375037,0.01805047342099212,0.010876466607523021
0.8698721262614652,0.03771899871710546,0.03625373336948783,0.040440291920386943,0.015714849731554573
0.8501966086500637,0.07359062337260941,0.03531899672519382,0.02506472610316924,0.01582904514896368
0.8047791404846479,0.07971574426847997,0.040441208364473395,0.04660910470464927,0.028454802177749306
0.9052305682190698,0.0445233673660348,0.022370284667866863,0.015041291189696203,0.012834488557332458
0.8513414905681821,0.07121274911027643,0.031748439529110745,0.03151553218893877,0.014181788603491865
0.8629574252165793,0.06445978005344709,0.02679586706673257,0.034894351835196596,0.01089257582804444
0.8385260843145798,0.0820281595030294,0.037825294929739635,0.029349253205235504,0.012271208047415674
0.8798613530474353,0.06715984300035899,0.023103628745003733,0.017034474403791317,0.01284070080341062
0.8005529475072092,0.08325704536070372,0.05469684485424643,0.04172410597126827,0.01976905630657234
0.7695564627446911,0.10584741996820395,0.04523322285017398,0.04700893727753763,0.03235395715939347
0.7736034068888374,0.09563489096259276,0.057669197425782,0.0439325312583044,0.029159973464483194
0.91415265937695,0.03438995104142333,0.02407199360827382,0.017226967753131865,0.01015842822022087
0.9327660973646047,0.027632037978839116,0.01793564294714397,0.012419275450017243,0.009246946259395181
0.9091337157817909,0.032319904984486475,0.02497641125956503,0.020955291648572,0.012614676325585524
0.8831760626787738,0.05605152822013744,0.02657209113263583,0.019170591215999705,0.015029726752452913
0.9250550203085521,0.03099513472818144,0.017942387183245857,0.013391291185948935,0.01261616659407161
0.8396628273362756,0.08133005750014413,0.025291207816717797,0.03006977574711534,0.02364613159974704
0.8333008811667401,0.09374805109323531,0.03765868688414056,0.023192363716598094,0.012100017139285851
0.763216498247106,0.11616953425207514,0.049986187316091744,0.04070274394110729,0.029925036243619814
0.8048679973747273,0.0661823527452145,0.07122370287280654,0.03979035167791585,0.01793559532933572
0.8064810897194931,0.0564717266261327,0.06153189106665858,0.051544346143193295,0.023970946444522273
0.9443567904221445,0.015817394951606705,0.02110099632307656,0.011215070066346993,0.007509748236825279
0.8917374123536896,0.045105430030316494,0.029671715991113734,0.02236099677427946,0.011124444850600676
0.8496102616145694,0.07534624311340991,0.03293122629805147,0.022737724958525246,0.019374544015443865
0.7519690120302952,0.0660633554552259,0.10461588002379356,0.048265972488253976,0.02908578000243136
0.8242465726786494,0.05563516757530037,0.0585972982066279,0.04760725533385888,0.013913706205563548
0.9093603840775734,0.02942082311716713,0.024680674790065336,0.02096445671954077,0.015573661295653433
0.8283358938199505,0.07376647420397778,0.040012366897981114,0.037577715601688905,0.020307549476401877
0.9154978509698544,0.03177614841111211,0.029257389174380866,0.0160740996639702,0.007394511780682462
0.797014990131127,0.0877482026628378,0.04385296433731296,0.04531240899534702,0.026071433873375505
0.9104886456731441,0.02732891753651689,0.031271246443136454,0.020388627461257487,0.010522562885945073
0.9211145644508717,0.023164272937513823,0.02616360462372629,0.017373381844691855,0.012184176143196543
0.7851263728936776,0.09861411980292699,0.0498902402188393,0.03681764218343976,0.029551624901116277
0.7808992539218652,0.11898125849392932,0.04518156056650661,0.03419543362737537,0.020742493390323486
0.8822978046623428,0.03383671259528205,0.046750609172432914,0.027632169906468846,0.009482703663473271
0.836902618379412,0.06162408251888198,0.04109123212083119,0.04360241890258461,0.01677964807828995
0.7816968177546578,0.11725739545728235,0.03836539152578184,0.04509666462503197,0.017583730637245953
0.92089057389704,0.022219832322913476,0.022233244099328458,0.02395297627973788,0.010703373400980255
0.919721674765683,0.02060709534508756,0.027544659190336565,0.02443570158179907,0.007690869117093793
0.8427064331505645,0.05510129814214552,0.05178635924549847,0.03405758262201637,0.016348326839775138
0.9040779631802075,0.0428971144141982,0.02420418001129561,0.019591582286136715,0.009229160108161936
0.9465942868722375,0.012000861189040452,0.01810724201010542,0.01784747895231259,0.005450130976304161
0.9026938639761475,0.03166035428804641,0.027943341792705727,0.026081650762684233,0.011620789180415963
0.8920858748702406,0.04530541835481612,0.03280826022728258,0.01820836753649179,0.011592079011169088
0.7732151529329928,0.0836519321878582,0.07582606415419393,0.040945198361961296,0.02636165236299373
0.8909038017950043,0.052948196110895226,0.026185802248144242,0.017551528042674083,0.012410671803282243
0.8845081650847227,0.053232977249582446,0.030026558243678274,0.022600306239623644,0.009631993182392991
0.8176936323572563,0.04894487134361871,0.0645872867908628,0.046961989816015404,0.021812219692246584
0.8360084296661866,0.05899230867440932,0.04310602314812118,0.037474332990149205,0.024418905521133898
0.8380714050470472,0.08254840422148751,0.03544697238102105,0.029306196799346384,0.014627021551097736
0.873278997863137,0.07683248592795358,0.021881455091423623,0.0161802499152579,0.01182681120222795
0.8134403919618769,0.09695090393652628,0.025433702201212157,0.04026927837574897,0.02390572352463574
0.907273133622087,0.0372238200322428,0.02829391604672151,0.015546708441269473,0.01166242185767896
0.8597726246350439,0.053566868054557855,0.04018230272537404,0.02972855264102509,0.016749651943999258
0.8203647907566914,0.10155894134241814,0.041295270874686,0.020755012815113473,0.01602598421109096
0.9080730218102846,0.03674854112141733,0.027712458827957667,0.014128547542498255,0.013337430697842096
0.849203337563327,0.049149079622780395,0.05058869086082866,0.03886821890680196,0.012190673046262021
0.7576525893126094,0.0849555967512482,0.07594667371472505,0.06206530498951151,0.019379835231905736
0.83848168744636,0.05904618068738584,0.04101432374752779,0.04053560730241238,0.020922200816314098
0.8254978892156358,0.07970842636669193,0.028123933824798636,0.03724124677361732,0.029428503819256338
0.9458212006377499,0.016392711069866443,0.011527992051818809,0.014433684997334257,0.011824411243230415
0.7806064486408749,0.12412088786139361,0.04765733965420287,0.02900968243429037,0.018605641409238243
0.8767303807580381,0.036146038896720155,0.04618830615911436,0.028019750932760573,0.012915523253366742
0.936342701381177,0.015598951561107733,0.02364225810075523,0.014217167742978787,0.010198921213980834
0.8215644278146196,0.05598755783897457,0.041007953557947036,0.051789002173284235,0.02965105861517466
0.8007154729082595,0.06786122094533872,0.06791061656358925,0.04896327782886607,0.014549411753946473
0.9344243223313512,0.035457698485664546,0.012824166847218082,0.01257296547197221,0.004720846863793997
0.7812991256373357,0.09375659410937598,0.05486665333402035,0.050770190436889594,0.01930743648237838
0.8171128551143685,0.07323271462837053,0.049944323322083733,0.03859000400397944,0.02112010293119778
0.7930611397046154,0.11247296890786525,0.03540316433527121,0.029787323177753153,0.029275403874495086
0.8434797421851464,0.055176929007251456,0.04282534778287843,0.03374864652329036,0.024769334501433045
0.9376600638372604,0.02223809724782933,0.015748954155999365,0.016047266006523495,0.008305618752387512
0.9004756638358206,0.03146129188358115,0.03184835298317482,0.02329519458167478,0.01291949671574896
0.9121286945847432,0.028204929122431107,0.029726604525008655,0.019643106052826185,0.010296665714990542
0.8610500132297756,0.037340496160427325,0.05173144142567854,0.0329904804669169,0.016887568717201415
0.8545697680605157,0.04793875814941764,0.046196846637390425,0.032618465266291974,0.01867616188638409
0.876363837076911,0.039812238873056835,0.03837007053481856,0.02712482551847581,0.01832902799673772
0.8325028414512553,0.08119284948288222,0.03293089709178202,0.023948189697486487,0.02942522227659391
0.8446685662258976,0.06158039825576782,0.043977934495813234,0.030180018344752983,0.01959308267776846
0.8348258198844573,0.058437681468438724,0.04981748633672667,0.0341076704674744,0.022811341842903173
0.7895445330142412,0.08090353509814613,0.059455063162360884,0.03945897816668501,0.030637890558566562
0.84433939077515,0.06254487980229816,0.05080487744596446,0.030703182648033664,0.011607669328553801
0.8674448372666236,0.05867295298461805,0.02765981412443632,0.023086503985903267,0.02313589163841868
0.8704095234273885,0.046433863163460654,0.03031757385891383,0.023779117877893004,0.02905992167234388
0.8529653480763848,0.05632674950776816,0.03881158142165219,0.022134278879805114,0.02976204211438963
0.6120283900858929,0.19311822964218078,0.10055537924347945,0.04987532313584545,0.04442267789260145
0.7131444420658428,0.11703136102193379,0.09466250652166462,0.04055233796734967,0.034609352423208846
0.8175720143327543,0.08459768104684265,0.04673367696739787,0.01985422921582048,0.031242398437184835
0.8904798300509694,0.04539115616824497,0.032695640595069804,0.019670162868325583,0.01176321031739021
0.8218605835392969,0.06225006190371334,0.06766742137779856,0.02596155348617785,0.022260379693013473
0.7709881884958235,0.1063731665877001,0.07033469242801045,0.032056008743124864,0.020247943745341
0.8685462228408197,0.04065302005083081,0.033691017665244745,0.033026491557913755,0.024083247885190742
0.9377543523000206,0.036736761299077464,0.012377079015901956,0.008443412670811726,0.004688394714188153
0.8587035131710007,0.046129962184309356,0.04187965996128825,0.03488224912560415,0.01840461555779744
0.6537894812465939,0.13999907898171024,0.09101070809491521,0.07855456625518038,0.036646165421600485
0.8447887891838498,0.05437799447053602,0.03623817281887389,0.03138118844750845,0.03321385507923168
0.8268213891138791,0.09696420573017529,0.03612823953026982,0.01749853269145232,0.0225876329342234
0.846364232521157,0.06197456572340667,0.045980076195883506,0.022993498527724116,0.022687627031828476
0.8608373446453909,0.07210494883158282,0.035180899789744445,0.015995940269946912,0.01588086646333499
0.8071262043010217,0.10708103145138392,0.03554738739412596,0.025813443731360682,0.0244319331221077
0.8462408044586882,0.08280744194988407,0.0278508069956706,0.027081543749319908,0.016019402846437145
0.9142339465347719,0.04391811153205432,0.023182817784693225,0.009718069984347351,0.00894705416413322
0.7095849831624622,0.1257454362940206,0.10076205196316396,0.03386641887626227,0.03004110970409094
0.9086038932855574,0.035969908925415295,0.028592133605275256,0.01800119884400086,0.008832865339751068
0.8035960965726964,0.08897285411727689,0.04068950022855439,0.03942078317318214,0.02732076590829049
0.8548117405116303,0.06119979435801947,0.037847012278610176,0.023510845809359006,0.022630607042380985
0.8950503777011752,0.04191618523836223,0.030325856839891016,0.0198460270272399,0.012861553193331807
0.837640379443184,0.07354241906701943,0.04234004209488739,0.02565154533218145,0.020825614062727562
0.8806888716818304,0.042939467136641485,0.03430604913381595,0.02917567116120412,0.012889940886508197
0.8656376675269167,0.055406131344343336,0.04154369675114155,0.02721924293396145,0.010193261443637065
0.7484683146241898,0.13180908451654355,0.05735143912060202,0.03315479385341914,0.02921636788524529
0.850246486908996,0.08337323102256555,0.026136023222084363,0.02460058274471857,0.015643676101635733
0.9024074220357885,0.04169255513359936,0.030358981140947053,0.015764225747867823,0.009776815941797273
0.8617048518793344,0.07698626295492694,0.030554488916656863,0.018394980242406888,0.012359416006674735
0.9389257798688505,0.02795023113899681,0.014571995559929525,0.01111111927137111,0.00744087416085211
0.8470724970650362,0.07136707347874632,0.03836937031474368,0.024515684138499555,0.01867537500297419
0.810259991033191,0.11197859772511445,0.03306600853434761,0.031015492437160355,0.013679910270186807
0.8886217761593678,0.057107495931000736,0.023109157352427717,0.019079120009566967,0.012082450547636833
0.9273050367380102,0.03036643700995165,0.02161766083737007,0.012833600880372904,0.007877264534295072
0.9090083026722665,0.036467533206188715,0.02060197593392122,0.024461995430014555,0.00946019275760896
0.880515443667545,0.037902871433552865,0.03764118661350748,0.028220990505427614,0.015719507779966935
0.8305764833883087,0.10223376944494367,0.027885724693182748,0.022890673499535365,0.016413348974029476
0.8883986980272915,0.03896358582968452,0.03190796188214293,0.031186213902879692,0.009543540358001352
0.9123145058295912,0.027836179721842706,0.025094691279709615,0.019683977240515262,0.015070645928341033
0.9501423620983008,0.017655153178318023,0.011219198338100674,0.013928439479788798,0.007054846905491607
0.8974163813231409,0.05423779517735541,0.020938181723818092,0.015653387670956913,0.011754254104728697
0.8627330743829283,0.05621337433542643,0.031130077220034524,0.03068221199170342,0.019241262069907165
0.8159806919973152,0.08119603180956332,0.037338173934076214,0.041495911766149245,0.023989190492896186
0.8154038276834632,0.074065575090249,0.03727678581387443,0.033630718165980296,0.039623093246433115
0.8801626269009531,0.05328240939155283,0.03743867628145761,0.014018595111391299,0.01509769231464525
0.8295745276831693,0.09282732465217988,0.03078183221707967,0.02878005010359112,0.018036265343980194
0.932769670317154,0.027386139596196554,0.013776815912799379,0.013801391022143821,0.012265983151706317
0.8288481887344213,0.05344977593717243,0.045311324594557105,0.04724114301225373,0.025149567721595493
0.8899586072918428,0.042724996456738676,0.027787383145103258,0.02467169081527399,0.014857322291041223
0.8602228800741896,0.07369694779349727,0.02188104173986424,0.02492698222916746,0.019272148163281204
0.7957460623477929,0.11308535369547222,0.040199915365184295,0.027496504208515498,0.023472164383035163
0.907643764885892,0.04333679627521753,0.01507871690856888,0.02081872874900103,0.013121993181320558
0.9007747990952915,0.04762826731258779,0.021437332952840588,0.015529657302650088,0.014629943336630072
0.8182116029076413,0.07932416174614694,0.05000368893084218,0.03287126146448863,0.019589284950880817
0.8698317096956165,0.04678152547366419,0.03961636799315287,0.03213280094113902,0.011637595896427311
0.8194608919308392,0.06997157990294693,0.06219612480400596,0.030161053050970704,0.018210350311237355
0.8003888588951446,0.1263895972382771,0.037040839695172696,0.02042316197515901,0.015757542196246546
0.6652822228942338,0.14798440937461677,0.09587526972537595,0.043231473273678454,0.047626624732095085
0.8294468900956853,0.08701074267746965,0.03114591244314008,0.022738268128889957,0.02965818665481518
0.7957026837705341,0.0809398365154226,0.0458783969543329,0.0423072103963633,0.03517187236334702
0.7737156215828315,0.08907249178446881,0.05521307059531406,0.05336729035530514,0.02863152568208042
0.8987689888562543,0.04258146357001307,0.02213273549477727,0.015999903735675308,0.020516908343279818
0.8690160157578894,0.07074458328288706,0.027093574096664803,0.016560323024411284,0.01658550383814721
0.8037046988565006,0.06803704564449084,0.07071036242441794,0.025759237972757965,0.03178865510183257
0.8514654289722885,0.05139165061340563,0.04014758942695931,0.03106258072641342,0.025932750260933016
0.8949510728722726,0.05273000736803743,0.022659480330471632,0.014515030035969944,0.015144409393248452
0.8859563203591955,0.04834034076886404,0.029709963166566537,0.020953941847466864,0.015039433857907276
0.9009512291845969,0.033873863940894956,0.028363508608767768,0.019023117228093564,0.017788281037646833
0.8911667922252285,0.05207335257949389,0.02724974101129022,0.019479914885647417,0.010030199298339877
0.9119861425786819,0.04149353235005052,0.016899123971962565,0.017129268524775497,0.012491932574529553
0.9001585034208051,0.031115069330115465,0.02365239792577924,0.025760277101265706,0.019313752222034537
0.9331370553979493,0.020550862494831196,0.018156017188685286,0.017951517786537655,0.010204547131996445
0.8396388531215041,0.08401026528099143,0.022251869293700807,0.030346036902435067,0.023752975401368576
0.9318087698191106,0.038066713031689826,0.010370090494533421,0.00896661315676915,0.010787813497897036
0.9314766909397644,0.028236107702390024,0.015646492403109558,0.013905505614335019,0.010735203340401128
0.9050565093826418,0.039672120352214596,0.020233850884417596,0.022236254018857673,0.012801265361868415
0.8822644932562284,0.04567578211819514,0.03145249188230531,0.02494223452248951,0.015664998220781795
0.7882585973469739,0.08244869020790153,0.04025770024085567,0.043809991094386186,0.045225021109882815
0.9114037953842002,0.03252304270667456,0.021359871041232104,0.017808111000047862,0.01690517986784525
0.9422497277300447,0.020358190231979493,0.01312840297190655,0.011302360890645152,0.012961318175424027
0.9021229830949714,0.027845749098412347,0.024498618294516807,0.01906547827480153,0.026467171237297873
0.7814198778752313,0.08010739127842062,0.07398885362633124,0.04436068653023611,0.0201231906897809
0.8768359427211632,0.060273965606521825,0.034348956378437046,0.01697320844932712,0.011567926844550816
0.851351250144967,0.0757084471500977,0.03623202914232091,0.02214484666581891,0.014563426896795717
0.8152018950463046,0.10753909477864367,0.029747577228492247,0.01903204240437416,0.028479390542185613
0.885381590451325,0.07309517498691566,0.015272687656799342,0.011999957108598538,0.014250589796361231
0.9106937272177558,0.04904043257952253,0.014678436099235637,0.010473793437078318,0.015113610666407543
0.8846016216869963,0.05049266881620296,0.03502306217656219,0.016457620346486405,0.013425026973752308
0.7440555706457964,0.1116692431413287,0.07300382112650834,0.04831976826477247,0.022951596821594172
0.851678860763752,0.08589031123157755,0.027358075439017266,0.021895518112388955,0.013177234453264207
0.7934957396943267,0.07661951595320658,0.0475917566035949,0.05940987257269642,0.02288311517617541
0.8868998363071312,0.04662766507501038,0.02412712255910744,0.027956088377566527,0.014389287681184373
0.748474940747607,0.13172714997528573,0.04517741539335081,0.04330226109458777,0.03131823278916869
0.8750473285470589,0.07238441351787812,0.021714952131982854,0.01949514276861824,0.0113581630344616
0.9619504428230373,0.01927998521270921,0.006185615734659029,0.007763526430225132,0.004820429799368997
0.8699150838235868,0.06598330038726793,0.021696149330655792,0.023327715165373453,0.019077751293115904
0.9127581558067448,0.036238545077214655,0.017481797775323528,0.017918472245839902,0.015603029094877105
0.7361877262222729,0.1378453517068966,0.045374932034401065,0.04693496686618389,0.03365702317024539
0.8268591435379126,0.09048448696013381,0.033034835935622835,0.033740694806989574,0.015880838759341296
0.8765500463957449,0.06623155253744806,0.028506791088520864,0.018316073024760366,0.010395536953525839
0.6601783040007848,0.16961711304937793,0.08154830688243037,0.048588741364574556,0.04006753470283241
0.8693343586406038,0.07245783636249425,0.022702671694303626,0.017906002780484716,0.017599130522113524
0.827638414922516,0.07411889235507912,0.039001460390572874,0.027067365074254567,0.03217386725757743
0.9303518811886589,0.02815563402226038,0.016389773035614993,0.009300283644805275,0.015802428108660463
0.8543147568280789,0.06399324973484703,0.033637989654950705,0.01826190861279039,0.02979209516933311
0.7872625302876398,0.09294028286682464,0.026666322916572324,0.036293614694111874,0.05683724923485148
0.8469027554355342,0.08684950377412397,0.02561477012769257,0.01874654546128838,0.021886425201360526
0.8427124684942428,0.05616900284295185,0.043523493432478834,0.035401499253450666,0.022193535976875713
0.7285699993061733,0.09217662970392215,0.05972216675913296,0.09350789911153776,0.026023305119233908
0.9102115119700556,0.03333613699972314,0.024219367811492486,0.022537188146017514,0.009695795072711493
0.6926001910869619,0.09571643793881139,0.10392565672927839,0.06163138404859629,0.04612633019635199
0.8745631723403395,0.06253227028233932,0.02161203712969864,0.021147071152074762,0.020145449095548034
0.8373448538527688,0.07275073055590064,0.03405221479379769,0.036038169446744026,0.019814031350789008
0.8694503120597987,0.0569565621778683,0.033890560037597516,0.02470784350354466,0.014994722221190786
0.9729515547396205,0.0141914856567084,0.004200065752819025,0.004111910036975516,0.004544983813876541
0.9014192469800794,0.039904874567585326,0.020674232064246175,0.019989145188821056,0.018012501199268092
0.7853468903699751,0.10896998625648939,0.024308172701644856,0.025654959476631035,0.05571999119525983
0.7869915401840171,0.12225014208448215,0.03822427998884335,0.03206872479771507,0.02046531294494233
0.881496386617776,0.04579973530289342,0.024677295202316128,0.021555608100245014,0.026470974776769726
0.7419758450181254,0.1364893328445617,0.04120109176878113,0.03675927209665608,0.0435744582718756
0.9119582539601805,0.03608388069036518,0.02068936424111413,0.013027071764572021,0.018241429343768188
0.7779654981781721,0.12623232952611702,0.030819383459737414,0.036154778940954375,0.028828009895019158
0.8806350324011848,0.06022281022572035,0.027999967069202814,0.018862786184671836,0.012279404119220164
0.780261388014414,0.11080268537781619,0.0474501599617082,0.027840511276236764,0.03364525536982502
0.8981942145601868,0.04379552128842692,0.02787451672886227,0.015822134599395545,0.014313612823128298
0.9038167271064935,0.03679222394879591,0.029821005148160707,0.015794882970694958,0.01377516082585489
0.7397311454221077,0.12713221242203238,0.06045133276783815,0.040024259456738966,0.03266104993128289
0.8542495226216995,0.07265487502237965,0.03656513085427265,0.02413162541758141,0.012398846084066844
0.9551869183328323,0.015168758933486515,0.01102628426157926,0.013206233010519665,0.005411805461582624
0.9093647667318947,0.03936587226423401,0.017968395452842935,0.019790663998378515,0.013510301552649769
0.7863393891891444,0.10797312463993504,0.05745729762843147,0.028667403836423792,0.01956278470606563
0.8577562169082904,0.07944800147027474,0.027221558295699534,0.01901050728055505,0.01656371604518032
0.8669551805534803,0.0745700061075625,0.021079711256915355,0.014333457759014727,0.023061644323027104
0.8842298743645226,0.040860323505397346,0.020188758369907966,0.021207158900884825,0.03351388485928745
0.8706347038939439,0.05926085885967388,0.033145187627427665,0.02488740900165551,0.012071840617299297
0.9226562054993831,0.032890237228720184,0.018070800033725343,0.013886902042692677,0.012495855195478574
0.8381485303664742,0.07829263418414781,0.03756054293628596,0.021459510575996772,0.0245387819370951
0.8104506422317272,0.1119190596014554,0.030749666780382053,0.020331623692748435,0.02654900769368696
0.8943537760216269,0.05546954154648118,0.01674243616906984,0.017230209754977164,0.016204036507844917
0.8232260056649089,0.06965668055005357,0.03461213429125277,0.03666579871852016,0.03583938077526439
0.920723215674251,0.03198843481866361,0.016255230705692982,0.014154612621405866,0.01687850617998669
0.8455310381019441,0.06469694900725781,0.02567837458126533,0.024477674006948027,0.03961596430258478
0.9152329400218979,0.03623424852380729,0.015530862667626585,0.014477392796039724,0.018524555990628525
0.8789230784484562,0.044597159967855564,0.03511595828787371,0.023539498489015778,0.01782430480679855
0.8764150152262161,0.06055213199197667,0.02995306191352425,0.021725015976582024,0.01135477489170107
0.9309313054889413,0.023327252585026662,0.018354381729610795,0.013999030808334539,0.013388029388086708
0.8821323189024796,0.057550744574635125,0.02699921947679609,0.014848367164077218,0.01846934988201198
0.8893185545022713,0.040726883910059415,0.032922772791489384,0.019683034482088992,0.017348754314090938
0.8614419798368614,0.058115073656343615,0.04391131222990399,0.023441741489368572,0.013089892787522445
0.8769187673438825,0.06146905920998531,0.035835472120760645,0.019125303581276336,0.0066513977440951855
0.9080836843683735,0.04213747770471826,0.02424238237547867,0.017362959734986146,0.008173495816443447
0.7807547295470553,0.12149194648556912,0.034277556801255986,0.039343558048657475,0.0241322091174621
0.8649986691887626,0.08056070204508266,0.02528859188585772,0.01543812100933586,0.013713915870961048
0.770724461584677,0.16123356069104658,0.02472284023040042,0.019195989796800834,0.024123147697075194
0.8800344138507371,0.05904063091628611,0.020526718043015067,0.024425875917917957,0.015972361272043864
