Delta_Power,Theta_Power,Alpha_Power,Beta_Power,Gamma_Power
0.8543515582361635,0.07411123246911848,0.029093647102785496,0.02510890279634843,0.017334659395584127
0.7410494786867996,0.15050651802295728,0.027583158779443385,0.043666116015884555,0.037194728494915306
0.9230301597335963,0.04383990356726825,0.010845440041334576,0.012189745118898013,0.010094751538903027
0.9546823091824223,0.02785090041537859,0.006843470898598378,0.005888915588730736,0.004734403914870211
0.8342303453388136,0.09379695695840437,0.027563563347417892,0.02581025048410462,0.01859888387125955
0.8177154795907134,0.11219424351533427,0.030589689511542152,0.02295888731327714,0.01654170006913282
0.9114294280351929,0.041070229013454085,0.022959271730256612,0.013669681397410005,0.010871389823686543
0.9634784248982617,0.0160081095153543,0.005394463521103104,0.009176981038392972,0.005942021026887801
0.8666922669011481,0.08986953930890293,0.01610223350136504,0.014747777894059028,0.012588182394524899
0.8526626893717478,0.08810351090351927,0.014553634548544477,0.026228274765999888,0.01845189041018857
0.8558321116376358,0.036620860908806584,0.021829828101689625,0.04554743396110426,0.04016976539076376
0.8153516976172412,0.11955555011892521,0.01608139342200515,0.02104788726546859,0.02796347157635971
0.6340660416149998,0.20436496680735058,0.0398712528099228,0.056085819550530054,0.06561191921719692
0.8942745655933106,0.05984982525567822,0.013496203801185696,0.014702385325646336,0.017677020024178956
0.9208780341650531,0.033597111413479736,0.01749580912494814,0.014112079230629846,0.013916966065889269
0.9023581894651264,0.04691020442154008,0.0159355290196506,0.017893682119220457,0.016902394974462456
0.8284059030502325,0.10579279380015813,0.031456725672454,0.01799762065894616,0.01634695681820938
0.8549746138927476,0.09730309693270368,0.01615064605677856,0.016829541862422265,0.014742101255347907
0.9002011994686608,0.06051692558534228,0.013249415945600376,0.012940354903974466,0.013092104096422261
0.7560209374670562,0.17766138419145577,0.01793048985337449,0.02879925764076889,0.01958793084734467
0.8976448047497498,0.060755397700191865,0.01740324000440643,0.012726199327246461,0.011470358218405379
0.8459605631791962,0.10129304016052977,0.018329760575336643,0.017122260227017575,0.017294375857919965
0.916146219110918,0.04388408165500551,0.014478415635214684,0.013088299153349275,0.012402984445512476
0.8441544712785537,0.09247058238350937,0.021489228509810207,0.022132324196939897,0.0197533936311869
0.7932923809237584,0.1059007358830193,0.03275518528311583,0.03575869201176939,0.03229300589833697
0.8568989887672173,0.07983969117498389,0.01843776205615071,0.024607263466377545,0.020216294535270643
0.8826575391441207,0.06976439896266287,0.01610870481717236,0.016998135276377422,0.014471221799666764
0.8666993655142877,0.08523563093246983,0.014513355475285183,0.01801078620074764,0.015540861877209504
0.7859531927099513,0.11662659179068738,0.04450289756296212,0.025211824634378315,0.0277054933020208
0.9668911704231699,0.019386669966279614,0.004742576120477125,0.004447432630541595,0.0045321508595317405
0.911869603287449,0.049526160706486425,0.013606594502288032,0.013875204764307725,0.011122436739468715
0.8855436080932887,0.059965724002469585,0.017507434028791975,0.01876242747227742,0.01822080640317236
0.918928513656888,0.04261096779084278,0.010935654740344237,0.011400167216211543,0.016124696595713826
0.8877713265485063,0.08047127393437686,0.01171613804485141,0.010092671364438413,0.009948590107827168
0.9181537825721547,0.046522237737923196,0.016364575335939106,0.009623279227857665,0.009336125126125132
0.9337166419512305,0.04178106602793698,0.008444300208117955,0.009749715418306533,0.006308276394407966
0.8952267671433017,0.061746170964753135,0.014792787896905834,0.013617661741890066,0.014616612253149234
0.9283705606339172,0.04773206661531565,0.010327165977871542,0.006718499849027954,0.006851706923867776
0.9426767281651336,0.03529318206436802,0.006444737465210105,0.00952185399173398,0.00606349831355457
0.9609017853737724,0.02207339874561457,0.0067025489868476635,0.004819728222264642,0.0055025386715007365
0.816593145667044,0.07540410687034607,0.026529998256946772,0.03225307088932103,0.0492196783163421
0.8069468402073198,0.1136284235900136,0.022919029181007466,0.024618027989224016,0.03188767903243523
0.9304877373455168,0.0384998512908473,0.008264567412085082,0.009250592020405323,0.013497251931145598
0.9069706738682318,0.04900718315049351,0.011921766132239291,0.015884192264546185,0.01621618458448917
0.871170432868417,0.06015383251197819,0.031061168514461394,0.018091683528328895,0.01952288257681453
0.936765895591559,0.040521030430193616,0.00814771499075965,0.006900477423568119,0.007664881563919482
0.8886005777881658,0.06015905940223911,0.014452207450922393,0.021605038179089143,0.015183117179583414
0.8665002261337353,0.07281566512246862,0.02133517217651807,0.018972981342520828,0.020375955224757332
0.9377113748746053,0.02849318964660753,0.01590992727331967,0.009506444561465774,0.008379063644001568
0.8780088743601067,0.07533490908769518,0.01829783246521007,0.014687720721556925,0.013670663365431105
0.9146858879851064,0.04186625309150744,0.014791885553037903,0.01478920795497626,0.013866765415372104
0.9395568969358621,0.03715181717128347,0.008041602446997623,0.007706976391540901,0.007542707054316067
0.8658930814848135,0.07323695193991261,0.01973383456123995,0.01924775446340162,0.02188837755063239
0.9268705613837168,0.04825502748777147,0.008438666859425613,0.008655032582771905,0.007780711686314341
0.9251540777835974,0.041329590804117834,0.011000072445664073,0.011191259679770258,0.011324999286850525
0.853356126118026,0.0864909484390993,0.02039468476245934,0.02292966066560443,0.01682858001481079
0.8485500959693885,0.09250610426962969,0.01767415000162564,0.02274261693637767,0.018527032822978528
0.7551672318412442,0.12809010657771389,0.03949150371117709,0.04041139033573277,0.03683976753413212
0.9336323194409719,0.03919793762652217,0.01140059606447093,0.008275284759662362,0.007493862108372494
0.9396475807306132,0.037316925296923244,0.008279084912132193,0.007523251228946718,0.007233157831384779
0.8897774084628068,0.06694878305983906,0.01594893271649088,0.013338579196862278,0.013986296564000847
0.735975780585598,0.15193571256258923,0.04539821989769969,0.03448620490573333,0.032204082048379844
0.9405801553872513,0.03367897866952369,0.007020407767976436,0.009594800173340244,0.009125658001908484
0.9030620489859726,0.06460770766183342,0.008649037000095705,0.011838532227097324,0.01184267412500102
0.7631379480555386,0.10236752802846354,0.0266422974818479,0.04494902683392106,0.06290319960022853
0.9058636531758698,0.0340325866810072,0.013089015082167995,0.01952433866734444,0.027490406393610875
0.8770943580317219,0.05456518920639853,0.026364153671030132,0.017991521029640717,0.023984778061208977
0.8676363215673936,0.058092257396490286,0.013814001990307492,0.026681973889020133,0.033775445156788673
0.9237120322884449,0.03351543009937486,0.012858874300027277,0.01523683165022508,0.014676831661928003
0.8894084361839251,0.06761291705207167,0.013952156257872904,0.012685445099478066,0.01634104540665214
0.9272739564973983,0.044475945521212784,0.009926603251254718,0.010149924863129415,0.008173569867004665
0.8296298618577428,0.07731628498300429,0.039391893319227204,0.030512926997039114,0.023149032842986847
0.9327949978382415,0.044055081504440666,0.010105120330679443,0.006032359893188903,0.007012440433449731
0.8966395364301654,0.056215570879227884,0.023584438789475675,0.01363223788302224,0.009928216018108768
0.8848057436263399,0.0747889178494891,0.010781415229937056,0.0166006216990279,0.013023301595205887
0.9026612734106338,0.050931233317841745,0.017740573118238248,0.016455040782750806,0.012211879370535545
0.936126739268833,0.038376663060933215,0.008302223265962218,0.010177985670991208,0.007016388733280279
0.9352123176964837,0.03740701902791753,0.009825394529444873,0.008524030313719944,0.00903123843243364
0.9205154838541888,0.04037991874354383,0.015582661195559708,0.010722864137197,0.01279907206951074
0.9220287611039109,0.048563005026551885,0.009980296807235748,0.01072034662286525,0.008707590439436091
0.8329728426661157,0.09092254814827763,0.026566070658842332,0.02302373129261369,0.02651480723415071
0.8533955341764319,0.06688819049429931,0.04010315420690336,0.019311754959144996,0.020301366163220338
0.9101158184907017,0.0431654492150557,0.01900240296855712,0.014253261963519531,0.013463067362165848
0.7913556571099079,0.11281483996903192,0.04153862749816621,0.028732455400461966,0.025558420022432256
0.8856752403312576,0.06794498452793638,0.012495816988675409,0.014753058313251714,0.01913089983887899
0.9415339916707812,0.029083472294300517,0.00797016950287652,0.01046272621082219,0.010949640321219402
0.9331735467733728,0.03785533199692597,0.007108109639958788,0.012618506365255097,0.0092445052244874
0.8294146959019179,0.08310445089646062,0.019001052621237708,0.03726318608970609,0.03121661449067769
0.9100677945907553,0.059624530090347246,0.013300760114188154,0.009251646695310634,0.007755268509399062
0.8594681918285295,0.06865050976065856,0.03574328300844201,0.01810190272204458,0.018036112680325452
0.8710714842768067,0.07782870344855089,0.015546090280700857,0.01900604537345881,0.016547676620483023
0.9308835254549226,0.039162825601694644,0.008835480791524495,0.010750123535488702,0.010368044616369662
0.889854674215362,0.05838841994006815,0.014702892671897701,0.018194569498241924,0.018859443674430335
0.84291694797317,0.08924194410826879,0.026838465545344012,0.023461498161142784,0.017541144212074547
0.8439499709548044,0.07123099486372332,0.036531861324044054,0.025986391546526343,0.022300781310901827
0.8726321930392494,0.08786221560017182,0.009817599317848863,0.01574165132785742,0.013946340714872251
0.8358358203768963,0.10748775513400924,0.017403067320466557,0.020222221633319507,0.019051135535308468
0.8838445775451833,0.07513741218743666,0.01694445935280831,0.012929430238307836,0.011144120676263894
0.9351324033007361,0.03580033288320768,0.011868963601562626,0.007742190494861724,0.009456109719631877
0.7655722891833056,0.14409890505582523,0.04834330244449275,0.022018643662760844,0.01996685965361571
0.8389698151333083,0.09227099660128747,0.035492658878943234,0.01681736094960867,0.016449168436852374
0.9149213232376168,0.041366651576762996,0.021318813879920448,0.012314746649417459,0.010078464656282161
0.8984019679919171,0.048445569020676,0.02726345946852647,0.011807791227871551,0.014081212291008874
0.8556033192341433,0.08817469701766217,0.024352452514089424,0.015293759750934478,0.016575771483170753
0.7622200982660673,0.14165194743257828,0.04778236982912859,0.028168816406167613,0.0201767680660583
0.8103907374732894,0.11146508512404756,0.03543685329378537,0.023076031351457527,0.019631292757420274
0.9460498361626475,0.030056250547074864,0.008756328101045817,0.007430625206623973,0.007706959982607754
0.9050361147181188,0.05552405285726046,0.020426312697824703,0.009999866581624592,0.009013653145171307
0.9206096328993705,0.04601122216941048,0.014502298399916829,0.009818065782662597,0.009058780748639656
0.9006437738198809,0.05989541995779884,0.018347915526890156,0.01228018386246352,0.008832706832966409
0.8818460024334874,0.07479523745123219,0.015957992475024687,0.015235017912286642,0.012165749727969242
0.8810191267823828,0.04695411773111492,0.03746815221850643,0.01750177695533753,0.017056826312658112
0.89224735521823,0.07881311242551009,0.012937353679140692,0.008926796934533845,0.007075381742585228
0.8697906373703536,0.07073614563975426,0.025839355242849166,0.017918692594221772,0.015715169152821604
0.9293072444436525,0.04493007949071903,0.009070181187992729,0.009470996426089942,0.0072214984515455004
0.920335824800381,0.04594951864860725,0.01364110702251351,0.011464936857990674,0.00860861267050756
0.8271870354176285,0.10220360625873931,0.03214644837170152,0.020464270376288955,0.01799863957564184
0.8569841244892573,0.07621701947346754,0.0271074115243797,0.024245270606214644,0.015446173906680669
0.935882403498391,0.03640909674957605,0.013182365905811065,0.008293273725070927,0.0062328601211511575
0.9524063766347439,0.023402963749042736,0.011531522088065484,0.0073142604153590635,0.005344877112788833
0.9011703603693324,0.046419003281139126,0.02005900656795247,0.017664577182451853,0.014687052599123892
0.868346170801961,0.07508808031162834,0.0257207250874973,0.01589506580052563,0.014949957998387905
0.9287346705797556,0.033460217597243935,0.013681993580882582,0.013146358117141682,0.010976760124976328
0.9242396413872137,0.0476693262240589,0.011425745508360688,0.009108773121278588,0.007556513759088292
0.8973845297758445,0.05930113440918891,0.01863530994649532,0.013782358912400922,0.010896666956070474
0.875366925955786,0.08226613219090355,0.014887709275318602,0.014366725779305227,0.013112506798686812
0.849612173863864,0.0783786672423655,0.036383142348856715,0.01943439540482129,0.016191621140092205
0.9225067510003655,0.031967276786944866,0.01387654605292742,0.015461583170786547,0.016187842988975975
0.9083996984247801,0.05359930704122806,0.01167676366581344,0.012972887714826803,0.013351343153351581
0.8240294917291148,0.07684254333939575,0.044458949268288105,0.026483712657314567,0.028185303005886578
0.9469663234552878,0.028632474552486225,0.008802902121764133,0.00899731620561639,0.006600983664845568
0.9058497227098983,0.06087139130625344,0.009227054799672983,0.013032309200007515,0.01101952198416776
0.8549795585784956,0.08665510394561615,0.0170957785655483,0.02184547560275227,0.019424083307587593
0.8851186403609105,0.05548507141129037,0.02515515368197544,0.017833869300276032,0.01640726524554768
0.8633287063119623,0.07723858032248958,0.018410508069137282,0.022999879988619024,0.018022325307791943
0.9546126408646045,0.022028339191288975,0.009713399750500283,0.008367598917227728,0.005278021276378535
0.9267913556578644,0.03999747738780796,0.01248690324260566,0.011940805739366253,0.008783457972355739
0.9153870410239129,0.05458354672533382,0.010356104796905652,0.010330342457879924,0.009342964995967708
0.8852539403424095,0.0808639018147941,0.013168032816857512,0.011800878267105382,0.008913246758833634
0.9236616437855604,0.0519419414528416,0.008819510440435888,0.008440170315455884,0.00713673400570603
0.9561141563424379,0.025031134028105844,0.00599266611140216,0.007020012483924804,0.0058420310341292464
0.918637206889678,0.04413680005549178,0.013713938654160998,0.01342132596933998,0.010090728431329354
0.9263020836282426,0.034226132083654166,0.021375257436754364,0.010233745766623677,0.007862781084725113
0.8768452971017728,0.0929699242131752,0.015082738566925815,0.009347586873585466,0.005754453244540658
0.9086501576677267,0.04601688724322686,0.016592350887659597,0.015622566337098956,0.013118037864287979
0.8625109176315204,0.07994792018333723,0.019749478820676788,0.021380674866556933,0.016411008497908535
0.8380130597992156,0.07966264806766885,0.026341802377031927,0.030089598822187667,0.025892890933895907
0.8402622493201679,0.07369420269307432,0.034014561868859594,0.027985100555728906,0.024043885562169055
0.785889369845857,0.12782512015490524,0.041434852586006043,0.02273087101920825,0.022119786394023615
0.872313692438514,0.07440859198058726,0.020879044501885394,0.01920057219778649,0.013198098881226871
0.948963106351309,0.03372453060764897,0.007134586219132906,0.0047312460458067696,0.005446530776102501
0.8742683463818942,0.08542609389850396,0.01402169662957621,0.015038014242144643,0.011245848847880923
0.9307705372556762,0.030731725713291736,0.019804651355586407,0.00949372554772139,0.009199360127724324
0.8322274162984994,0.10326481365569827,0.020403963786168395,0.02145153333092223,0.022652272928711522
0.8570877686904075,0.08643752116220148,0.016613719475905744,0.022434244395312535,0.017426746276172883
0.8860862571961005,0.061550036001597565,0.026307701521797105,0.01563948355380844,0.010416521726696477
0.7435055867082833,0.1524313058116554,0.05032552560713412,0.03038941911125148,0.02334816276167569
0.888379624763944,0.07199725315347821,0.016459566489440913,0.011875857269873571,0.011287698323263276
0.8836475965619496,0.06559344973212022,0.015766989575152716,0.01648010076408968,0.01851186336668776
0.9632761123455534,0.017864963776763585,0.006782026785590386,0.006958214559997217,0.005118682532095448
0.8923491683284903,0.058887061580298584,0.015338560662543327,0.0173814818727191,0.016043727555948954
0.8033956354386246,0.13778948342785224,0.022621532202272865,0.01942351743976608,0.01676983149148446
0.885762845942006,0.07417564371198526,0.016284236317468694,0.012697580337875342,0.011079693690664607
0.8891057767553965,0.06560725648577789,0.01773388302351856,0.014464873256434658,0.013088210478872264
0.9257577631314481,0.0563053618055256,0.008418329899982124,0.004776531863974159,0.0047420132990699014
0.9385945867256981,0.029360339965922744,0.011675417303925989,0.01147170101528762,0.008897954989165607
0.9241426074983417,0.05016881486228236,0.009957009350380583,0.007590469308678034,0.008141098980317183
0.8730843623387616,0.08162796214218455,0.017933645379234114,0.01550238710882361,0.01185164303099639
0.8834551542172455,0.06752185527169027,0.025207929177345503,0.014024975930228528,0.009790085403490238
0.8908596570643341,0.06634925579660665,0.01850145113997516,0.013877486740911021,0.010412149258172972
0.9290696776319748,0.04873963916456265,0.010289478381880547,0.005911484287105231,0.0059897205344765355
0.9100326590975235,0.060530277031863096,0.0102802091892554,0.00974094266691371,0.00941591201444444
0.8925298484393834,0.04396629642455308,0.019991667628325868,0.02459189792285254,0.01892028958488519
0.880313644311347,0.06643297511947857,0.011230466785695746,0.018575709193630392,0.02344720458984814
0.8676881746760396,0.05920031868643208,0.018504715127649743,0.022896137629764803,0.031710653880113265
0.818548096297001,0.07809940380482092,0.0331175450282695,0.029183271855169612,0.04105168301473876
0.8912054489799238,0.0407835798762925,0.021389885979608673,0.025843385051062186,0.020777700113112644
0.9177955118621669,0.0456545114669253,0.014588542386215623,0.009297056490824447,0.012664377793867742
0.9200978706693459,0.0505330039839763,0.006404839512575214,0.010184965567459538,0.012779320266643
0.967442183518049,0.019454997544355764,0.006007249392722356,0.0032343446578935744,0.0038612248869793
0.8792917841327551,0.058513581028318856,0.02968873901691764,0.016511936905651482,0.015993958916356823
0.9292171019848435,0.03502842046399049,0.014577120150839906,0.008994305183343893,0.01218305221698224
0.9691639757515387,0.012835034906263414,0.007640961833348031,0.005537878042809013,0.004822149466041016
0.9396946707620927,0.033827811220680716,0.011048914461178004,0.0068618073989471715,0.00856679615710171
0.7924385595478521,0.1115599578260223,0.046333938537549316,0.023624937287209245,0.026042606801366892
0.7476872464795811,0.1426699738873293,0.04653672594923063,0.034279097236587494,0.028826956447271346
0.8302422553158453,0.07586053241897522,0.036524957701502464,0.030743276904659222,0.02662897765901781
0.888638103939431,0.05189564020317678,0.027212384859372888,0.015433472112774323,0.01682039888524492
0.9391834565242065,0.03758475773250184,0.009314394433567075,0.00803300666593537,0.00588438464378911
0.8545572585888406,0.08954270552157641,0.02192191118617672,0.015461599350915598,0.018516525352490407
0.8494867258727863,0.07512269765084596,0.029294129699247207,0.02455007679214607,0.021546369984974487
0.9176573256384352,0.05133213661551052,0.011837905292715908,0.009119775312994193,0.010052857140344302
0.7608304437954027,0.16388805507366053,0.03276188427512367,0.021427832512065887,0.021091784343747446
0.807670039921077,0.12113751929801407,0.028514918934000925,0.024612970543993685,0.01806455130291417
0.8921116339969302,0.06850925268432514,0.01640055026957706,0.010605715918519791,0.012372847130647796
0.9654414818098869,0.017557543361765036,0.006260370917528036,0.005609602311662206,0.0051310015991577924
0.8288170037423833,0.090613395572252,0.023794931024974177,0.03372794777879345,0.023046721881596902
0.8913318347109616,0.06476751968945112,0.017385118803527926,0.013744428415559208,0.012771098380500159
0.8174193914713657,0.11124478930760591,0.023581364461797608,0.026732211636433627,0.021022243122797216
0.8481827578904979,0.0797649890390604,0.02443689758616465,0.024957583202819298,0.02265777228145782
0.8041130471591792,0.09421175452470978,0.021038667961961483,0.04677626754362536,0.03386026281052412
0.8870538024058398,0.05594745278047908,0.017453386256775016,0.022955200439128267,0.016590158117777944
0.9109290823533909,0.046139651811414946,0.017718878209599824,0.012819347838752847,0.012393039786841413
0.8360210597440025,0.0825937374041598,0.027891179143486353,0.03252909098743992,0.020964932720911437
0.910249954900127,0.0494083116881206,0.0182179076065605,0.011226421705366271,0.010897404099825647
0.9575495192993102,0.0262137281644116,0.005788399790855055,0.005482418250767332,0.004965934494655763
0.8797523249398279,0.07448057768165299,0.01704583478987643,0.014408848272263701,0.014312414316378778
0.8931646902830455,0.05943944731713183,0.019649305925942225,0.01402678689902334,0.01371976957485712
0.7960180233742551,0.14142873057583571,0.027590933669938717,0.017359024270590544,0.017603288109380007
0.8036729842047902,0.11939280072201396,0.023272565829285663,0.026567626521731228,0.02709402272217894
0.9089723932580003,0.05122319677132837,0.010724549802765016,0.014027354521357999,0.015052505646548335
0.9397681511123275,0.03714345721082653,0.0076808210479511465,0.00823780040657516,0.007169770222319737
0.9266739490081821,0.04419981850175752,0.011717418744687909,0.009231297402302614,0.008177516343069948
0.8798215457565867,0.056604223904782806,0.025170029515614364,0.020321831467263896,0.018082369355752293
0.8767354558782596,0.06452710028862048,0.022463254131929455,0.018870337898728155,0.01740385180246215
0.8402923483134743,0.09474563382017352,0.029999253510297575,0.018712150325668243,0.016250614030386145
0.9151473588310067,0.04200056992358074,0.012066837091365953,0.013995485821138694,0.016789748332908156
0.91407448567161,0.047844570957998274,0.013296429524374632,0.012851093464783789,0.011933420381233212
0.9085228393316198,0.047844033816959015,0.015046110062946517,0.01561050577019314,0.012976511018281487
0.9259674864673743,0.03999393197608986,0.012322203325111877,0.011236032095802958,0.010480346135620947
0.7913813932973052,0.13421420915082258,0.021043468641521654,0.029526859117299718,0.023834069793050677
0.9391093844054421,0.03400321231654564,0.009810636288280604,0.009214904266985825,0.00786186272274579
0.8426792106358907,0.10572620972998552,0.02281545929063477,0.013108463957203232,0.01567065638628588
0.9531226907630722,0.026665126479916944,0.0064378167850525315,0.007034936680720798,0.006739429291237633
0.9070923946851965,0.05165265418810779,0.014102418165653722,0.01283266256590958,0.014319870395132406
0.8143464632129471,0.088351919822463,0.03595623467590214,0.03558782607376893,0.025757556214918917
0.8893660880082955,0.04561798612125275,0.03143519179634522,0.0156417251813664,0.017939008892740117
0.8069873585440893,0.10993773392796907,0.03300083574368934,0.020342725982828828,0.029731345801423635
0.8802948530547876,0.06629176823545536,0.017791375065616222,0.018940819507208648,0.01668118413693211
0.8413940259462589,0.08732196048218682,0.0231091026291091,0.021015198362538734,0.02715971257990636
0.8869425677120402,0.06840219945238996,0.0161621544353678,0.011756696971717953,0.016736381428484003
0.8452319601753635,0.10999177440433686,0.012989732054592957,0.01583734223711802,0.015949191128588724
0.9318525570887071,0.04166338589517042,0.008605275900927228,0.00860506812202614,0.009273712993169146
0.9091986208511589,0.04794859365256647,0.02072359897862575,0.011161094348130072,0.010968092169518832
0.9338285782695671,0.03198784873682664,0.01695328290954512,0.008566279356547673,0.008664010727513436
0.8897279018530113,0.06360359908268409,0.016032297723299692,0.012900815606017723,0.017735385734987112
0.9514381621925955,0.022617485758712266,0.0070668008195743405,0.0100926882196542,0.008784863009463633
0.9126302065429281,0.04650241243794028,0.00971163092455729,0.017826977676999322,0.013328772417574675
0.8399666087582777,0.10507802303306694,0.020168406094095908,0.019884956774800053,0.01490200533975952
0.876054093363959,0.06105491792583377,0.018731637419172286,0.02422383111953574,0.01993552017149915
0.8799040410703,0.042911398328244206,0.02647135887180628,0.020767477435906664,0.029945724293742863
0.8206967564823962,0.10802972387791208,0.026196992005313096,0.020179445634101588,0.024897082000276766
0.9133150482200079,0.04238772556977969,0.017855771853546316,0.014168297226857621,0.012273157129808473
0.902432270866122,0.052590640289250784,0.014602064824651251,0.016699040544358505,0.013675983475617536
0.7585334924842362,0.0892673560628124,0.05361514772907667,0.05512079153922778,0.04346321218464695
0.8542634451199421,0.05540146754490446,0.024154135537453224,0.03230717845146328,0.03387377334623685
0.8216617605078355,0.11256333407748294,0.03304674789876475,0.01706950141462586,0.015658656101291052
0.7276244199277063,0.15241456649325816,0.03378771265657285,0.04643697091906339,0.039736330003399344
0.8881064028690354,0.05776431403739655,0.016638018199655963,0.020739127768146202,0.01675213712576582
0.9434414787191036,0.027066005601581986,0.011866530999918388,0.009122063964469362,0.008503920714926888
0.775043192724021,0.11914913226968575,0.03627636856008251,0.0349980995341375,0.03453320691207323
0.9406454967997881,0.03276226387528303,0.006678525987538179,0.010110947427572776,0.00980276590981783
0.9324538635160192,0.03556480197317883,0.010690579715669942,0.011255070906725843,0.010035683888405826
0.6693780205629148,0.18991577990085035,0.04941796260916688,0.04498958185488552,0.04629865507218253
0.8897807485875194,0.049358098579758085,0.019962715058486135,0.022195452333487162,0.01870298544074944
0.841330097886891,0.07122241469575048,0.03565284432187161,0.02647916621190328,0.025315476883583585
0.928460670570406,0.03220802257874916,0.011504177181864573,0.01436884762813361,0.01345828204084644
0.8856684551811443,0.06789853592257482,0.012734586786401998,0.016530952177308236,0.017167469932570442
0.9522151593821206,0.019340870990492955,0.01124065137409367,0.009193439246758868,0.008009879006534007
0.8473841562429698,0.07820573887691763,0.024952462593816015,0.02481223657046604,0.024645405715830772
0.8377878889038795,0.10126873284020949,0.023449779848549738,0.01865258060856191,0.018841017798799483
0.9335464719699881,0.036087822981841135,0.009812065711170574,0.01133282476652442,0.009220814570475746
0.9403355823674268,0.030651210255030047,0.008029320775958602,0.011603863542583533,0.009380023059000939
0.9401203883823688,0.031315671159409114,0.009737180016062842,0.0089411438950918,0.009885616547067636
0.9708726969403377,0.01467694858176831,0.0062127742219865185,0.004076852296795125,0.004160727959112586
0.8879602140591893,0.05364956419082507,0.02450687406892085,0.016240169557230084,0.017643178123834587
0.830905978657222,0.1028940295174196,0.019278881736393895,0.023952275385470862,0.022968834703493604
0.8143571460170571,0.09845314976061362,0.035568729923431,0.027811860428957443,0.023809113869940772
0.9158836702536833,0.03989241557996571,0.018491922212623836,0.012193852543752572,0.013538139409974415
0.9018381820760182,0.050363251781633735,0.022197673992719557,0.011928192143703177,0.013672700005925017
0.8961702089522595,0.042508677132977006,0.02428556753846666,0.018212422361364188,0.01882312401493255
0.8319598650161942,0.10469774974369697,0.018881484068436663,0.02529688249851398,0.01916401867315818
0.8192720496896251,0.11427326564040452,0.023431146326276568,0.023485481402006337,0.019538056941687715
0.9191803543172373,0.033661039811460146,0.020296281694324785,0.013938968259913262,0.012923355917064467
0.9196417070533485,0.03876679223717025,0.011284498553246652,0.015399071703812835,0.014907930452421642
0.8420069735897989,0.09556077234124835,0.030847826964253044,0.014576100543546891,0.017008326561152705
0.9407398918286481,0.03341398493575885,0.00725123182211616,0.009051778340391737,0.009543113073085087
0.9184017656280087,0.04549028180983667,0.01199279267649059,0.011392360040808857,0.012722799844855191
0.9488346940995839,0.031641347436213454,0.006635351084813329,0.006341015920067479,0.006547591459321694
0.8798215472801152,0.07135390157872686,0.022145111133845263,0.0130103808440167,0.01366905916329611
0.892099160467007,0.058143364466637336,0.015669242631938446,0.01867713057977774,0.01541110185463966
0.9086906971577492,0.048096818008587484,0.01272536938517246,0.01767248670684775,0.012814628741643288
0.9105549984707005,0.05540247585472144,0.01347477855341823,0.010526073177165295,0.010041673943994512
0.8696394903730726,0.059648115477519144,0.03208906325750662,0.020506334602721554,0.018116996289180117
0.6304519594134502,0.044506555725969024,0.02075500009319976,0.09949593903391278,0.20479054573346847
0.6703396335618256,0.0733587874617889,0.024858292751570036,0.10628118156554142,0.1251621046592743
0.9242369045482417,0.03720634321553734,0.014709334391599094,0.012045561875193506,0.011801855969428345
0.9142049973540048,0.04451918491239537,0.015967899134689625,0.013192064083587038,0.012115854515323146
0.793642589408499,0.057602477241801585,0.03301044996176328,0.04045055968565538,0.07529392370228087
0.9404265816830208,0.022848568371361646,0.015135221145194496,0.009339840994055302,0.012249787806367781
0.6931201833232201,0.16488194699975417,0.03714575002699291,0.05222021474639682,0.052631904903636076
0.7838310548699577,0.0941798766674238,0.03460287080739089,0.04546893780824488,0.0419172598469825
0.9101127374594947,0.04086612643334055,0.014915967418930653,0.01584744319270277,0.018257725495531226
0.9175881461123202,0.03650772084370127,0.01572812721278527,0.014511209655571691,0.01566479617562149
0.9371851461893487,0.02716033974811089,0.012670109718443706,0.01086157295409502,0.01212283139000167
0.8746128299961394,0.06629994114031762,0.018956292727249843,0.021238769406715523,0.01889216672957739
0.7485816692985596,0.1559623252863622,0.03772017290326535,0.029267642595409687,0.028468189916402882
0.8424812435272366,0.09272303347526427,0.023776788287979456,0.022099966372653643,0.01891896833686595
0.8898995536160217,0.05229806006742247,0.02109319570003535,0.01936971305156909,0.01733947756495148
0.9353780148469885,0.03473813722780043,0.01170002692864878,0.009217538204436505,0.008966282792126
0.8888800424800206,0.05819919191573367,0.016463758615001205,0.018078682781802854,0.018378324207441576
0.8638872649503061,0.07931854643137695,0.01905037701338016,0.01875161725855033,0.01899219434638631
0.8914508126419112,0.07024884170834964,0.015120289079118651,0.011402539713894893,0.011777516856725607
0.8646262376182866,0.07268194791702183,0.028160032143787136,0.016973617592809114,0.0175581647280953
0.8258379994436305,0.08508994263478667,0.03771230369549205,0.02537902157019164,0.02598073265589914
0.8939531708405705,0.06541886068761782,0.018383845989340633,0.010566588083379236,0.011677534399092098
0.9082920810679969,0.060158398243297065,0.013907068583636,0.00839421949097616,0.00924823261409387
0.8499576919003955,0.059519087861876235,0.04484061069058406,0.023663675675608283,0.02201893387153572
0.8976838627480251,0.058844848656502066,0.018252200500361172,0.012741574325784936,0.012477513769326841
0.8887817421554012,0.07160660829267991,0.01216430083588563,0.014741699554158903,0.012705649161874338
0.8930179226226033,0.04914483597040944,0.020152232437454082,0.01792320056415282,0.01976180840538042
0.8978310025394589,0.06083068819154057,0.011691760092428682,0.01605543434816595,0.013591114828405883
0.8142454052930509,0.11175156086925869,0.03559607500068395,0.021193809206423872,0.01721314963058255
0.9387805525431371,0.03551070313019318,0.01023624497360997,0.008033579768252285,0.007438919584807555
0.7629331693133958,0.16283141977433854,0.03425545030512223,0.019195200615572054,0.02078475999157135
0.859843198911051,0.09303500783653515,0.019954116552840094,0.014101406538393233,0.013066270161180454
0.8542098142840404,0.07378549015276091,0.030616487606510364,0.024157506074155698,0.01723070188253259
0.8557500998432312,0.09679019164411211,0.01654912247092408,0.01510980055860316,0.015800785483129534
0.7377182204104559,0.14979481042527362,0.052137833837248175,0.028599229505679943,0.031749905821342496
0.9287419632025986,0.04824289237639813,0.007828117904669146,0.00685500135377733,0.008332025162556845
0.9111048815549617,0.0604094159142553,0.01063368763061638,0.009330000503294708,0.008522014396871792
0.9279410393554582,0.038456098356894765,0.014658259775044351,0.009358457367770495,0.009586145144832164
0.8279387727245653,0.11069722533264743,0.02606316488323954,0.017959017761032207,0.017341819298515304
0.8649019165637893,0.06760017438191185,0.022832177240940717,0.024771737980769776,0.019893993832588223
0.9556319808009801,0.0271188659627625,0.007495503452476438,0.004997334413527507,0.004756315370253417
0.923846090964305,0.04773160833245755,0.010661503841596622,0.009266082191941681,0.008494714669699211
0.9290383236904237,0.04864084790193788,0.008201270897107591,0.007141947620200682,0.006977609890330328
0.8351300326624563,0.10138893592902166,0.025560200626174884,0.017297957301941495,0.020622873480405583
0.8651568929517414,0.07634548111651802,0.02526689209475636,0.016654684341287942,0.016576049495696257
0.8946771142252136,0.06285670482009209,0.016795705267118346,0.014598247695818306,0.011072227991757479
0.840070571293802,0.10770666770559054,0.016037219335525744,0.018569098237957774,0.017616443427123856
0.7298553930782866,0.04423680166876779,0.030266967975950725,0.06083689634154241,0.13480394093545256
0.6890674161798866,0.06515075650385632,0.030804453714671914,0.07796673675282553,0.13701063684875958
0.8197733565991033,0.1008530350121571,0.028119945751720617,0.024614851811022718,0.026638810825996218
0.8348408011395498,0.0472312939523646,0.01520412696822264,0.03569032372504238,0.0670334542148203
0.9384136572274265,0.019121405514093737,0.014623612893705217,0.01060318346919062,0.017238140895584026
0.8954901989853326,0.06912927143132731,0.011117435178689737,0.011465195968234494,0.012797898436415822
0.9270253304278966,0.04149748866244533,0.012983459616824686,0.010664952393211797,0.00782876889962175
0.7453447345454516,0.1768310957302764,0.025070283209687766,0.02838825260559161,0.02436563390899255
0.8873649219813513,0.06636923800534118,0.018285365080227142,0.014924375249987503,0.01305609968309291
0.9518169663138221,0.0241585416043987,0.010719792074007636,0.006686111703839398,0.00661858830393221
0.8815662243336975,0.06968716561683791,0.02155270277141001,0.014821449098278767,0.012372458179775737
0.8629042788038122,0.08298944867184606,0.018493024743720395,0.018742238818469464,0.016871008962152018
0.8746123176145358,0.08126289481762665,0.01943006066039671,0.014867121446527952,0.009827605460912842
0.8399584242429257,0.08649987216480504,0.027447268958675358,0.02768031068394223,0.018414123949651636
0.9549928919507581,0.020276100081741726,0.010168950063554848,0.007956291087026796,0.006605766816918779
0.9010893092013283,0.06777407603008498,0.0122827270734671,0.009068908751358084,0.009784978943761501
0.9665454221130908,0.019411491469273092,0.004363114332004829,0.004649610053647694,0.0050303620319835695
0.8976873348119814,0.06937955474542323,0.014675422206934501,0.010055819987182489,0.0082018682484786
0.9183935471413978,0.04249608785478215,0.01773724135723897,0.010773364870257323,0.010599758776323765
0.7894024988404447,0.12802283374228787,0.03489857198801825,0.02137537322252836,0.02630072220672086
0.8027049857018889,0.11804261176779703,0.031691339984553,0.024250409045764438,0.02331065349999651
