Delta_Power,Theta_Power,Alpha_Power,Beta_Power,Gamma_Power
0.8732562008046805,0.07866075812314784,0.01940629340275592,0.018488666400768225,0.010188081268647621
0.9326504632141743,0.03777629127948986,0.014225006449279286,0.008065643290786757,0.007282595766269858
0.9293577570849385,0.02968945084082817,0.013745319861296096,0.015308235488389124,0.011899236724548427
0.9350387209715322,0.03552729390803387,0.017648116426589196,0.007492030393279539,0.004293838300565392
0.8560203249746593,0.11313102945083627,0.014620352322094481,0.010227425966408712,0.006000867286001337
0.9457929395074677,0.03291709515743813,0.010575494145090772,0.006487674512976367,0.004226796677027097
0.9039379220900227,0.05221202650451974,0.02323324545217228,0.01456493383256999,0.006051872120715273
0.8234376144208756,0.08682306355558446,0.04670115043585152,0.027586722319611904,0.01545144926807646
0.8864082865220567,0.06402528503382794,0.025278867151928404,0.015854696354650102,0.008432864937536798
0.9165596881587642,0.03878915497626722,0.02412535482243532,0.014713949998135759,0.005811852044397797
0.9538881448711553,0.02910735924880474,0.006425506142408623,0.005924294513178981,0.004654695224452304
0.8568525262749763,0.0699753868596337,0.03556293725049599,0.022687011751725186,0.014922137863169
0.8853827201575261,0.06792263915746219,0.02360309039401445,0.015081042517628112,0.008010507773369122
0.6850563993244092,0.18149633345115385,0.05893227451857532,0.04880264565516863,0.025712347050693116
0.85541956409665,0.07320448756676912,0.03598605382813881,0.023934428882372235,0.011455465626069788
0.8324057930160057,0.11036475970465448,0.030045271855718782,0.018006196172812423,0.009177979250808604
0.949800914059941,0.025028477859175027,0.014185160369599032,0.007947985918199355,0.0030374617930854822
0.908358203524218,0.03991492143800891,0.024712191681335583,0.019770959191220665,0.0072437241652168055
0.8659577131437407,0.0759281431552549,0.024611983420301617,0.026007392429512475,0.007494767851190158
0.9110009401766624,0.04919141190637911,0.02127895534216601,0.01419647494117689,0.004332217633615659
0.9342408067659638,0.041394005448014345,0.012547501652168759,0.0077801304615678435,0.004037555672285605
0.9049184585710981,0.05725582128751005,0.024017282303611484,0.009697442903327523,0.004110994934452992
0.9170432719008861,0.05036946195465834,0.015117744834366452,0.009778725220675107,0.007690796089414046
0.8598409988698592,0.076949994748796,0.03261509425886558,0.01918892936818887,0.011404982754290223
0.8816358652739298,0.07672336654332426,0.02323456563049151,0.01355082041210661,0.004855382140147857
0.799716897396699,0.13629924546758568,0.03343109221407309,0.023238892092296643,0.007313872829345483
0.8624529511561605,0.10330377932320904,0.014026781342686253,0.015113850420666828,0.005102637757277072
0.8797801383166513,0.07557332812759494,0.020463263644720592,0.01705509377436009,0.007128176136673306
0.9381944547645656,0.03471815141344848,0.010493638159435666,0.012278209111817822,0.0043155465507325325
0.9536901407063132,0.026951051398408348,0.006492228840599123,0.00974195759337199,0.0031246214613071875
0.8032074019221787,0.11128353366395372,0.03641278102105208,0.027731983342267785,0.021364300050547853
0.8878799372055104,0.04841070430461059,0.0320027434871619,0.02059102925646543,0.01111558574625175
0.84407815221109,0.07899939162563047,0.038864472067374915,0.024040956713521345,0.014017027382382957
0.8025413946759468,0.13774063748368,0.030032911680842815,0.0204419178044537,0.009243138355076872
0.7992028442877619,0.12299334249520304,0.04148075170644658,0.026292227676656878,0.010030833833931748
0.8687577601112463,0.07632150333936764,0.027024070147765967,0.018726394646447774,0.00917027175517241
0.8939272502950807,0.06374342182706638,0.024853031301422565,0.012441696050342042,0.005034600526088406
0.8366755531067297,0.10033911617695045,0.03630684474966428,0.017209888788456213,0.009468597178199386
0.9559406312619367,0.021796423842498153,0.013213891465961457,0.006117000949238275,0.0029320524803652503
0.8882250544342996,0.07270173865802086,0.01672548346633083,0.017346022842693085,0.005001700598655664
0.9295924991548025,0.04078249269834586,0.013812967346390868,0.011679498141667483,0.004132542658793356
0.8842827251550346,0.0678280665492997,0.029208696731896168,0.012930461270564507,0.005750050293205172
0.7947677616909784,0.09863515772062086,0.04673161070108461,0.04540019697318414,0.014465272914132148
0.9452045408031653,0.03736731068161963,0.009140389786411173,0.0051325464927879875,0.0031552122360161087
0.8998010948560713,0.0636456344217152,0.01816619787195346,0.013136364075697375,0.005250708774562992
0.9243334721954035,0.04398326267830769,0.014862153847607574,0.012046012106722426,0.00477509917195874
0.9424451203228322,0.03152892817752418,0.01307272098857525,0.009204481509827679,0.003748749001240482
0.8227653807776281,0.09974274520497478,0.033487722982935265,0.02702978016532454,0.016974370869137452
0.9228506623332592,0.034655384105611746,0.01726366402622532,0.014848913411020084,0.0103813761238835
0.8325828298555958,0.0929386567444323,0.02241522700673259,0.025834993429064274,0.026228292964175098
0.8958731904840294,0.05577587620276327,0.021644389759471413,0.01903009639796562,0.007676447155770501
0.8592084055774011,0.07290772688901066,0.03543592970754767,0.022726974621628336,0.009720963204412462
0.8834582491692204,0.07705725046391844,0.015841832489246078,0.017166955948210497,0.006475711929404657
0.7960292382580467,0.11310615635836303,0.04617076699388898,0.03204498163981737,0.012648856749883985
0.8403916654861153,0.07501546318046975,0.05527492622499353,0.020350330091768083,0.008967615016653377
0.8943233126460274,0.07277134088225358,0.012778795925721924,0.012496345011354786,0.007630205534642377
0.775505275080063,0.1551223012933387,0.037225093245023724,0.02219420877440409,0.009953121607170845
0.9629046686161133,0.01902203511344731,0.00736324049116393,0.0074623048269207735,0.0032477509523545552
0.8800153187215081,0.06423423201083842,0.026905768158847366,0.02094061264920504,0.00790406845960116
0.7972441411255683,0.09557905231152376,0.02485419537832702,0.03531882663603601,0.047003784548544626
0.9044240945603261,0.0391523851336823,0.023416883111932664,0.018267807236948194,0.014738829957110722
0.9402255827790417,0.031185740942365613,0.014239087880109483,0.008730606153829786,0.005618982244653388
0.9514665111111099,0.024346357243258863,0.014434694179120987,0.005885034201131252,0.003867403265379263
0.8511106755491815,0.0775568859051365,0.04362445133680542,0.019420373287790227,0.00828761392108636
0.8264984376024258,0.09657617447105146,0.049928567777456447,0.018402814645086103,0.00859400550398027
0.9196012223129003,0.0520917075089673,0.018552603727727913,0.007342803639110481,0.0024116628112938504
0.9370741785500156,0.026550377581883496,0.008986641199607773,0.010941564329517029,0.01644723833897602
0.8055534677360788,0.1041577132030135,0.04285999395515743,0.03220436977950672,0.015224455326243287
0.8620035686914856,0.08994531965429516,0.021051327424711736,0.018169184864591747,0.008830599364915988
0.9374725492660163,0.04149269273491184,0.009659129550380022,0.006879591170332809,0.004496037278359124
0.7952685513700329,0.1474957195857335,0.02550408771913809,0.021689313979862526,0.010042327345232964
0.9367224628220572,0.03778907693216614,0.010492576661501163,0.011023566928321548,0.003972316655953964
0.9071137553721392,0.055942128033312014,0.01753748810744206,0.013130803124495475,0.006275825362611246
0.917942151893829,0.04162667329038737,0.02219362467142525,0.013667551773154563,0.004569998371203915
0.912604090001567,0.04702356632132171,0.01911811123053046,0.016235805955256685,0.005018426491324102
0.794727619195634,0.0893274772085056,0.07766134113515012,0.027271233938867153,0.011012328521843012
0.7869183462588886,0.15891421555987592,0.03411580534961127,0.013791068042394966,0.006260564789229222
0.7299487238407949,0.18272849435487248,0.04887479955100318,0.023976253482251422,0.014471728771078062
0.9508163857790907,0.02885036226960881,0.007392168905582145,0.008757143299144721,0.004183939746573557
0.8915562713806747,0.06498309116890673,0.019861215731290596,0.016797658576809163,0.006801763142318853
0.8357306102751844,0.06329037123530612,0.05921088398004582,0.026487598279234536,0.015280536230229102
0.8288279660351863,0.09762528845672569,0.039516179059992156,0.022252470860191883,0.011778095587903804
0.9197425081662022,0.0360084030555196,0.01887353480550247,0.01802034870769244,0.007355205265083457
0.9419280573036615,0.029677295459536273,0.017079271278021908,0.007939932541691829,0.0033754434170883653
0.8725650369932727,0.07510897479632501,0.03035078117233274,0.014614875279297133,0.007360331758772095
0.9004655221126635,0.042672004531101225,0.01946357062558824,0.013618703429655252,0.023780199300991723
0.9265761923830625,0.02993891866948889,0.020618017355360358,0.014777160140800685,0.008089711451287451
0.9108798870903608,0.0513399040412548,0.013140017661324409,0.014007312579853005,0.010632878627206846
0.6511987957205786,0.09360242610059924,0.04476321018450145,0.07251227140421483,0.13792329659010585
0.7224260326734824,0.10496203830155391,0.029277784901500337,0.054608097677820155,0.0887260464456433
0.7848133370230427,0.09574536424592021,0.03048570662583027,0.041491036597923685,0.04746455550728325
0.8354151175794855,0.08907320652887668,0.03843787757809393,0.02245878956701949,0.01461500874652447
0.799654923032281,0.11831640369872379,0.04599449547559177,0.02420370531691654,0.011830472476486796
0.8602925425019564,0.09040846397840888,0.022889697179071238,0.016924253415987568,0.009485042924575953
0.8685369717506747,0.07089136855853596,0.034061534727169655,0.02005464123472727,0.006455483728892691
0.9563336391131717,0.016819952582540664,0.011665931926652837,0.011010156193079226,0.004170320184555325
0.9092255237236311,0.06072343963696847,0.015005625929884848,0.010539090712933036,0.0045063199965823765
0.9607074120737894,0.01663387635356045,0.012795710809237465,0.0062651725210853965,0.003597828242327059
0.9385216530494773,0.04234445833770871,0.006489540934412436,0.00887894302549562,0.0037654046529061536
0.8951007075555387,0.0450966057940461,0.02448564570658049,0.01685731357136324,0.018459727372471403
0.9169964831713063,0.04337289704834307,0.021453883019657966,0.012288685007771765,0.0058880517529208915
0.9209698051565811,0.05379871523699782,0.012699940128738877,0.008398079557271095,0.004133459920410997
0.9274386652117721,0.046144879929797995,0.011860365895775628,0.010361976706696122,0.004194112255958375
0.9067636636810857,0.04137873701126391,0.025203184345012977,0.019469940808213244,0.007184474154424198
0.9320165230587927,0.042301082298689834,0.009568259326644415,0.012494036530898844,0.003620098784974205
0.9269836358977483,0.046127203673146336,0.011922125760580821,0.011609496882820267,0.0033575377857040195
0.9178050508939312,0.04678800781266648,0.018447891774392742,0.010976957718058752,0.005982091800950833
0.940099617424064,0.0313211173908036,0.013967154385203155,0.009585055357335222,0.005027055442594132
0.7800232092096683,0.11451064541351451,0.0333242749428552,0.05663800946315846,0.01550386097080345
0.91890600223094,0.04550736664964047,0.0194102316894863,0.010937055813734976,0.005239343616198222
0.8159377816024289,0.09506345817206009,0.043685878317814626,0.0324122357797827,0.012900646127913942
0.960323705726202,0.021414511691158575,0.007852748813921104,0.007817890257037143,0.002591143511681345
0.9273284819255924,0.03426608509909907,0.016662319571258938,0.015306786695173812,0.006436326708875866
0.6155288433739998,0.07787654213523422,0.03618225374509525,0.07865702430032327,0.1917553364453475
0.8340282632196828,0.06901317370610331,0.042581052257675264,0.024982578481102545,0.029394932335436275
0.9039177370616803,0.049452891003986595,0.023847039856053635,0.013616233359417458,0.00916609871886187
0.9274681430318588,0.03292547253047949,0.02197672088171136,0.011771089249903794,0.005858574306046584
0.8935394843431498,0.07833105478855114,0.014895579473923943,0.008907943154223143,0.004325938240151883
0.884345411844944,0.0653137123418702,0.03088404913680816,0.01463772360276163,0.004819103073616016
0.9340813593595902,0.04232410418648471,0.011857379971687678,0.008904291972439592,0.002832864509797873
0.9569843401166087,0.023659067509184804,0.008862538205559666,0.007535125168325524,0.002958929000321385
0.9526567467255361,0.029242642306299613,0.008863922783680573,0.0067343285166024825,0.0025023596678811133
0.8530138155248065,0.07251627604052356,0.02219367477215087,0.03065940185079833,0.021616831811720798
0.8313324592436099,0.07460758585824757,0.016654168980822268,0.03831289904849139,0.03909288686882888
0.9047263623154866,0.04967284209458206,0.022723998759064428,0.017067772084026035,0.0058090247468406495
0.9247315973964428,0.0463028541792188,0.01267459651786668,0.012723467451681523,0.0035674844547901154
0.8558963432980243,0.08315942625685639,0.03044972248107452,0.023475064611881105,0.007019443352163649
0.9071066231459981,0.07021374797890649,0.013400703445259987,0.006624099985888333,0.0026548254439470002
0.8234669698232926,0.10213445933298648,0.0478959870932392,0.01802011808520219,0.008482465665279545
0.7578783059480069,0.1458446530430804,0.05151471107963483,0.03433841165499108,0.010423918274286686
0.9021979213207167,0.0549226906143637,0.0182508971312006,0.018391405494810303,0.006237085438908927
0.9109427654280242,0.04547890021355308,0.016607725733332933,0.013531224385736623,0.013439384239353277
0.883503958523111,0.04877632302263121,0.022199990529703232,0.027674359125947713,0.017845368798606716
0.912085658477844,0.04381328939660512,0.02636739042341374,0.012522604540470344,0.005211057161666977
0.8678546005817468,0.06857302525023125,0.02996598030104043,0.022679944295189446,0.010926449571792021
0.8531005495916719,0.08915191753903476,0.03719993056456198,0.01304180381355997,0.0075057984911712705
0.8562167965666668,0.0700895997276938,0.03816120252012123,0.025985160735158816,0.009547240450359531
0.9094569878718388,0.05738207195006412,0.018154546729375665,0.011419125371314676,0.0035872680774069053
0.8731156559899362,0.08413369158403122,0.021959264508859006,0.013531787150587983,0.00725960076658586
0.9027989220703122,0.06067489875805476,0.02374891902959963,0.008517786872799004,0.004259473269234351
0.9364456521754809,0.03296374301999579,0.021352993983212276,0.006306111304215049,0.0029314995170959305
0.8408562943557459,0.10475023604836674,0.02714763751195314,0.020168271654209844,0.007077560429724352
0.952643102555464,0.019274036502472124,0.016636187261049217,0.008539550157679772,0.002907123523334705
0.8046338563151585,0.11364393850905408,0.05039398082369436,0.02423154419643005,0.007096680155662943
0.8752999778505668,0.07492289146221376,0.02370179748548646,0.017206449384992148,0.008868883816740785
0.8864587370007355,0.07245799836208702,0.019045002469889737,0.014768212300986648,0.007270049866301113
0.9224688539660602,0.05134986264277298,0.011136589629199686,0.009630561586010136,0.005414132175957026
0.9592226224699616,0.01563300795007327,0.009970368449357142,0.010821192691048706,0.004352808439559385
0.9636277482329034,0.01738679365233194,0.01082059002888114,0.005213156197426741,0.0029517118884567276
0.9385982161060991,0.038927028529043325,0.012232198216110898,0.006351492126206022,0.003891065022540786
0.862740709611675,0.09285623872109966,0.02019059669209453,0.017818590413223156,0.006393864561907665
0.9409472380238453,0.03505228902316828,0.009817080652965741,0.010963148982815,0.0032202433172055004
0.9399775772646809,0.024341287134090523,0.012601972205630965,0.017503311051362047,0.0055758523442357485
0.7393029694766674,0.13662842301620504,0.07228365399019744,0.03666504046382264,0.015119913053107517
0.8241307852727074,0.11231472661498136,0.03468351134893293,0.02199738653375167,0.006873590229626731
0.946792705025927,0.030842192446997086,0.0100378604984377,0.0083598109968428,0.003967431031795262
0.9398950490553698,0.04344054750614658,0.007614653678826295,0.006312294791042469,0.0027374549686148323
0.8903980501702544,0.07133932946006344,0.016230361770833132,0.015979958707311143,0.006052299891537619
0.8101490051630366,0.0927157122398875,0.04576875061611208,0.0346286174998184,0.016737914481145505
0.9119199566293009,0.052756000307251964,0.02044689013510805,0.010426021889685192,0.004451131038653986
0.9393359777244435,0.04182817460213871,0.008670872268745041,0.00612971951872196,0.004035255885950633
0.8428429954529657,0.09901754718843579,0.025070990306981268,0.021893285341938757,0.01117518170967855
0.9011231157416195,0.046565147201264236,0.02908013069891741,0.016042386189192875,0.007189220169005753
0.9578765438104159,0.02200656805356855,0.008080333079167749,0.008553002127398526,0.0034835529294495304
0.9237020715657224,0.03530585004630544,0.021568618058258816,0.011766739970313583,0.00765672035939958
0.9172986885953127,0.05061977653119843,0.014613632455073938,0.011730889780481637,0.005737012637933285
0.9326995613290192,0.023026623453184448,0.023237343241693402,0.012055209396914793,0.008981262579188125
0.8345528360122132,0.09308494041018009,0.041460632754396376,0.02107143491650491,0.00983015590670559
0.9374985057824723,0.035644533945385165,0.013076954649966917,0.008599334453241236,0.005180671168934554
0.8562647063106732,0.07846815532053011,0.024264162858358265,0.028704596839164043,0.012298378671274418
0.9486230531679124,0.01684663580425501,0.0180212134049078,0.012321827907080519,0.0041872697158441005
0.9041076529305296,0.06024523343852774,0.01766510001463222,0.012116673381800782,0.005865340234509563
0.9436296765859581,0.03043183199120698,0.011842401938295576,0.010276119627199556,0.0038199698573399255
0.9176214298311209,0.036124901062099445,0.021914508977690025,0.015189698124750326,0.009149462004339198
0.7932775782228414,0.06045960303618674,0.02647151245308546,0.05430721367642647,0.06548409261146033
0.8670079247306111,0.03750613162659302,0.01302016147847163,0.02468545538625921,0.05778032677806498
0.8742960246746172,0.08493867455846663,0.011088644919189957,0.017245988800685102,0.012430667047041117
0.9446289285797372,0.037344900676477104,0.008151299384684159,0.006104200419176917,0.0037706709399246575
0.9605880378269678,0.02553748520250047,0.007465777211578527,0.004257102484255011,0.002151597274698285
0.8642317517798,0.06569171820067293,0.03820923563475468,0.0217133144575314,0.010153979927240885
0.9298195841285718,0.04307202876774215,0.010900960645041318,0.011455691571319279,0.00475173488732544
0.9574420775283708,0.02352333419487578,0.009891395729768847,0.005937565531604314,0.0032056270153803194
0.8664457685230162,0.07146921586205729,0.03455745964419882,0.018503783960020264,0.009023772010707382
0.7795218194689261,0.1525794426376522,0.029248358099245912,0.026351124766842135,0.012299255027333537
0.9119834882920446,0.04940615425561536,0.019777491606265143,0.011898429262236146,0.00693443658383889
0.9228267803798114,0.049155192936934794,0.00871917805905112,0.012843123178049502,0.006455725446153159
0.9086891579841245,0.05174847217788223,0.01746885726259227,0.01466495112137565,0.007428561454025365
0.9336073645889217,0.036978861035587535,0.011549115577243666,0.010970482483771858,0.00689417631447515
0.8947551588612931,0.055152271868706734,0.024317242627280466,0.018691368541354305,0.007083958101365384
0.824782323562879,0.09601150455007347,0.0358368539827776,0.020261514426617572,0.023107803477652185
0.9317232928755981,0.03328947161220754,0.01575466267218812,0.00993700314226457,0.009295569697741674
0.93130694182462,0.026129057484289692,0.016503987577684186,0.012473413192378447,0.01358659992102765
0.5062785140819794,0.12970913197238207,0.03526647015349022,0.07639254158521215,0.2523533422069361
0.6085692392315507,0.12120572753982826,0.027679034149855838,0.07666864381140538,0.16587735526736017
0.7921315737437471,0.08016149663560017,0.04146737622135801,0.03992675306721023,0.04631280033208442
0.819160558408807,0.04697471403473538,0.014449318374684933,0.0515398614073682,0.06787554777440459
0.6153712972794416,0.03700503102383476,0.02202587445052278,0.09987059843365012,0.22572719881255066
0.9131199048555415,0.033726999639325295,0.008881231267969249,0.01576809129093087,0.028503772946233165
0.7965116779094438,0.11722549465533741,0.02149589082815661,0.027893941247056984,0.03687299536000539
0.8315137841330436,0.06178843527257305,0.030609298087090304,0.03570177236615316,0.04038671014113983
0.9254051996552423,0.03418999205251759,0.018367023714982937,0.014186462659035165,0.007851321918222224
0.8584636398043339,0.08957269945693151,0.026867707197221494,0.015753930594757156,0.009342022946755867
0.8234518905940924,0.08644121795218764,0.04082279225095691,0.027636821576246636,0.021647277626516557
0.9474270321185807,0.02054513883020214,0.018208947352520485,0.008295433873160219,0.005523447825536661
0.8418360053976295,0.08509359963707779,0.024838400123552935,0.030389195747123607,0.017842799094616047
0.9113158239261017,0.052960797044165925,0.012489989046712472,0.013369917983778195,0.009863471999241999
0.8539239926701816,0.08625584329259013,0.0253018537367576,0.019846175631469086,0.014672134669001373
0.9345693515069903,0.03371562204951053,0.020177125240905324,0.006201154071487035,0.005336747131106948
0.8763644224614681,0.0771466986254348,0.0251741753755549,0.012926149725135894,0.008388553812406396
0.8770818780702895,0.06532975302441905,0.02431768437855979,0.019946695892994498,0.01332398863373722
0.9084627457534727,0.046149967138731464,0.025505979405627148,0.011780905041947171,0.008100402660221447
0.7301708489653949,0.1392853625916397,0.07892671554550283,0.03067548560837929,0.02094158728908325
0.8980360222486877,0.06118741528698793,0.013266566076450348,0.018312559771480486,0.00919743661639344
0.9110820835114997,0.05138869381099214,0.016738460641491565,0.011906414686036046,0.008884347349980552
0.925808813866796,0.041564899715409775,0.015779941743459504,0.01090732837927728,0.005939016295057561
0.9087577089317931,0.045476531907325785,0.01945601046175043,0.016111884934401327,0.010197863764729543
0.8760658766253978,0.06846099488464161,0.02589389339413535,0.019053972952366043,0.010525262143459045
0.9591419208160318,0.026908962332018303,0.004744917125925893,0.005824506572310324,0.003379693153713661
0.8022555275265192,0.1296134554840314,0.030790024314121468,0.024639062729080296,0.012701929946247512
0.8503560329644665,0.08588958096439069,0.028217294031148026,0.021316700189395993,0.014220391850599217
0.8902360386747216,0.050046345589633764,0.017552706415477234,0.015181887800337827,0.02698302151982982
0.7348937693047518,0.14181567888756752,0.02851594644217559,0.0397333395427662,0.05504126582273893
0.8744783064499678,0.04232434451572338,0.010067598537329693,0.02396214452940681,0.04916760596757209
0.9253200902225741,0.02638873231790237,0.0075257297861649934,0.016513381755446865,0.024252065917911833
0.8823596372214092,0.04479325451187368,0.020910507859870125,0.018655511047804475,0.033281089359042455
0.9283509886738106,0.044186683433716366,0.01017726833185783,0.008619833456257484,0.008665226104357701
0.9654152937197868,0.015195242722998093,0.011025651016204664,0.0055280304773307745,0.0028357820636796707
0.9294959528371696,0.027442203625045396,0.018413888748155832,0.015654209954153234,0.008993744835475914
0.8318015055496205,0.07465594682278098,0.04929602219766385,0.03025889001009011,0.013987635419844442
0.8571598310051299,0.09019023430077422,0.024622852952374364,0.017041603347131007,0.010985478394590853
0.9192934216778784,0.054177767175198295,0.012360490800796712,0.009199903789026291,0.004968416557100014
0.9176398840871244,0.04495073459105468,0.017795550025053716,0.012919113990736513,0.006694717306030807
0.8973987604812191,0.05202826421160538,0.02575804271236557,0.012452827969050536,0.012362104625759313
0.7987709508364303,0.11559102737297247,0.040200985409397025,0.026524847199298214,0.018912189181901778
0.8858663050546163,0.06299151999582672,0.020821254858199433,0.01951862625033249,0.010802293841025004
0.9137276697669818,0.05875871595729928,0.009641881722598639,0.011808026056003203,0.006063706497117169
0.8620978011087853,0.07203969924647742,0.03002406593575989,0.02118517782417724,0.01465325588480042
0.9199159352336576,0.043187763867486434,0.018411426516407637,0.011318159952264945,0.007166714430183466
0.9023775924441735,0.05083445787427121,0.019024963678552057,0.016984679717414356,0.010778306285588728
0.8380475045070881,0.10039710252309479,0.03487607773049663,0.015504458333150367,0.011174856906170212
0.9530491375778605,0.026854864400475388,0.011209580215131956,0.00615155013551461,0.002734867671017745
0.8110894823627974,0.0773680278268605,0.05491942304728728,0.03791676200186452,0.018706304761190416
0.8149434894865863,0.09485308592580802,0.04473596814764068,0.03350974284086847,0.011957713599096564
0.8792262039876689,0.08662805595971193,0.01810187192090716,0.008940313745695004,0.007103554386016956
0.8211904538148316,0.09371781420434591,0.04398526513647333,0.026032914169095867,0.015073552675253307
0.8655440105840628,0.08071019554677421,0.02749476627528637,0.015892560466465814,0.010358467127410774
0.9126071545220812,0.06436465024576965,0.00931517772592927,0.007801159506676008,0.005911857999544071
0.8802360060060535,0.07329007901566638,0.01909402806000138,0.017707220921331934,0.009672665996946937
0.906239274241392,0.042356928764789595,0.026872553479392713,0.015520989746481525,0.00901025376794409
0.8976170418077061,0.04722510137116072,0.03132786270158948,0.015603793494523963,0.008226200625019749
0.8671399609513903,0.06258179777187488,0.0386022410426474,0.019658677023184325,0.01201732321090286
0.8452329024474957,0.08714155394920384,0.03547175640227433,0.017481383541151543,0.014672403659874612
0.8797737362574861,0.07822881337699875,0.022113779881722584,0.011776992868877031,0.008106677614915528
0.8030122452334395,0.10038098200481503,0.04596328930014905,0.030446094665814744,0.020197388795781767
0.8218736197987095,0.11040850748538857,0.03607635909900442,0.019247258287477847,0.012394255329419514
0.8870591963140539,0.05188643452895168,0.028671809180886892,0.0210772349845502,0.011305324991557349
0.9241926101698057,0.03865763185002848,0.016520261302143045,0.01445420378474448,0.006175292893278278
0.9433626441583712,0.03159214918610728,0.008326331857936055,0.010665804963001041,0.006053069834584473
0.9186788775993519,0.032507132975361494,0.0303027649622676,0.012168120974637908,0.006343103488381127
0.9329296627457052,0.041321335785643495,0.009508889262123548,0.010174788522997698,0.006065323683529996
0.8677823225723226,0.0679291789784541,0.029899512455017818,0.02041145517676895,0.013977530817436235
0.8453796766981638,0.0643856814956625,0.050805339566369755,0.022963048438751903,0.016466253801051906
0.8914400628590532,0.04766571094888948,0.02988832883204309,0.020097733010253558,0.010908164349760864
0.7594789743614935,0.13417244741580475,0.04793851503006436,0.040352116833064666,0.018057946359572564
0.8261620142813342,0.10042249563895377,0.03021208728257444,0.025670438452951267,0.017532964344186462
0.8921716821620986,0.03820286722136818,0.03160956270922068,0.025767917422953337,0.012247970484359121
0.8371122866531503,0.08783901737052048,0.032251789730094765,0.024956312101637367,0.017840594144597006
0.8901630652051867,0.0700605890188148,0.017931606479630803,0.014492047468979752,0.007352691827388087
0.936095448512516,0.04040334849817232,0.010877719712716095,0.008107741507244427,0.0045157417693511715
0.8825292510718417,0.07885488095252358,0.016231999827493234,0.014772861654540321,0.007611006493601133
0.8774666776728935,0.08695006505588629,0.013176102447692536,0.013556488469898141,0.008850666353629492
0.9129722678099804,0.03393950915921514,0.014144781748526524,0.026586484151742293,0.012356957130535497
0.7907135304646529,0.09459455402425261,0.05425705461240433,0.034676261058908364,0.02575859983978165
0.8802985469312159,0.05518168567132028,0.03172988098819894,0.018478732190288574,0.014311154218976076
0.8856686780057595,0.042463268289498236,0.017136460690575662,0.03786214494404653,0.016869448070120148
0.8919064936754686,0.043249604793666366,0.026622468131960664,0.024240669798820065,0.013980763600084281
0.9389923060597749,0.02365567617834731,0.013500944394460203,0.014758072911406532,0.009093000456011111
0.9144575146344167,0.04804679220924513,0.015271768085359887,0.011311205986414304,0.01091271908456392
0.8855900898597769,0.056490411642855065,0.02833941783791856,0.018386451254341192,0.011193629405108194
0.9281346260198786,0.03223517211754081,0.015321373939090012,0.013365072917126363,0.010943755006364127
0.8389646169029824,0.10070192614112637,0.020224721923990257,0.02669530643460286,0.013413428597298062
0.8504849525243614,0.08608529391359844,0.030234070507534603,0.02357069135086237,0.009624991703643315
0.9031132391654029,0.055011961405065236,0.01518613337125092,0.01696487418599725,0.009723791872283633
0.9446509200534495,0.03135000455177205,0.010705484346136324,0.008552228114574994,0.004741362934066989
0.8408321111143515,0.06962820048966387,0.0385071599626088,0.029967267696570033,0.021065260736805876
0.8853625615652964,0.06314908642495454,0.017597863501216636,0.023359903301624543,0.010530585206907795
0.9448973334451338,0.029008191771025354,0.011942324386282984,0.008683847745934814,0.00546830265162286
0.8486628192168095,0.09008370542949275,0.025003579564984064,0.02377518493445981,0.012474710854253756
0.9053369053841025,0.055610465939412934,0.017451013719888126,0.014465736308562427,0.007135878648033873
0.8784976174069727,0.058699008361640354,0.039453625750848424,0.016236892082796234,0.007112856397742372
0.9067170836443657,0.05977142315310498,0.021255255144321444,0.007810441225107724,0.004445796833099925
0.9673251753393447,0.016143128074444506,0.0067331811673577106,0.006937254251003766,0.002861261167849379
0.9004316732247505,0.05277267210172743,0.02513087004443284,0.015929788731000743,0.005734995898088444
0.90068946386996,0.05296272509035518,0.028579265695855494,0.011039133821251716,0.006729411522577666
0.8171748732905144,0.10888302021448769,0.04265910900759911,0.02233394657319605,0.008949050914202712
0.8312586244307142,0.09752606579492608,0.043487165212465116,0.017500657730915744,0.01022748683097892
0.8492879145783593,0.08196832693076866,0.03866699132344118,0.023097959683863648,0.006978807483567076
0.9212014377589307,0.03514905123967737,0.024731020406803087,0.013656532304021805,0.005261958290567086
0.9336336797628276,0.03600486134959583,0.017304731329132,0.009151254869026411,0.0039054726894180354
0.9026572716424051,0.06790627337075686,0.016461104631303843,0.00861886889788434,0.0043564814576497225
0.9254324145309996,0.035941141169862405,0.023894951405526076,0.010066736078240494,0.004664756815371594
0.8544507993261026,0.10303343496242767,0.021876655898665935,0.01572719740688365,0.004911912405920234
0.9236197281753308,0.04581999954236482,0.014508513980842052,0.012609250488397674,0.003442507813064608
0.9374344169852045,0.033591134990362724,0.012509094828628348,0.012482392024555618,0.003982961171248786
0.8887377533044285,0.049794408200825466,0.0292655885783379,0.024691699024869642,0.007510550891538356
0.8989199605365262,0.07385136653630514,0.011234482169380519,0.011514566732982524,0.0044796240248055836
0.8908361790870424,0.056292566881678385,0.025571617128811945,0.018321702708207425,0.008977934194259574
0.8664243314710031,0.09730250090510627,0.01839651644248887,0.011935478854821291,0.005941172326580472
0.9741679451028628,0.014268152752022535,0.005949278673489527,0.003100726348006764,0.0025138971236182616
0.7273537389330244,0.1487388514359355,0.06828093708138941,0.037335309819391975,0.018291162730258735
0.8784430779174374,0.07057237983808867,0.025250163844886393,0.01645610516481369,0.009278273234773829
0.9176410739413443,0.05359270223234151,0.014443829504500983,0.009082723038501593,0.0052396712833118805
0.707350049513996,0.1579800582486577,0.0849783552412181,0.036858818597217374,0.012832718398910894
0.9154366502408577,0.03444092741793008,0.022563992382368347,0.020952853405767927,0.006605576553075842
0.9646321864303301,0.01974438913066755,0.0066724556991377545,0.0061428997066380895,0.0028080690332267125
0.8821739043513882,0.07216801164498676,0.030116444120245917,0.011557369098632376,0.003984270784746574
0.9571484444631599,0.022325866981139125,0.010055692142307249,0.0072422746201548024,0.003227721793238846
0.8533700070923774,0.07040407097804369,0.04794086959617992,0.018824797553045607,0.0094602547803532
0.9196134094945323,0.05306374817673989,0.01365162035145507,0.009268939699454134,0.004402282277818594
0.957073639091638,0.02364559078816833,0.01140283734597569,0.0042184536811633,0.0036594790930546597
0.916770019266434,0.059765007956522224,0.009890320860563368,0.008392693256113552,0.005181958660366919
0.9406285219114442,0.04068808767782989,0.009019200958578822,0.0070883098445658505,0.002575879607581316
0.9540194286999614,0.026838533298559092,0.0093294659437512,0.006162147781061375,0.003650424276667092
0.8759050659169672,0.08692029958537498,0.02100621471510575,0.011108438582237553,0.005059981200314557
0.8913376512666896,0.06445636071980357,0.021562208857821934,0.014895308301461607,0.007748470854223306
0.8878496964621566,0.06171502854402473,0.021769061557164005,0.017862781422628426,0.01080343201402621
0.8502038018877062,0.06921825354450006,0.04531411124321529,0.022522734263019064,0.012741099061559284
0.9408650229152545,0.037247624843723556,0.007470531500215826,0.008705886778906564,0.005710933961899647
0.9006330168996958,0.052155312574790724,0.020136968012714605,0.01829291263335644,0.008781789879442236
0.8836292053308914,0.053733943686033535,0.03424910957208196,0.018461055325058474,0.00992668608593476
0.8601491302236346,0.08138952119631514,0.03365289586616663,0.01656028801362387,0.008248164700260133
0.9314911554436401,0.04176773822482505,0.014109300470993211,0.009312359424761097,0.003319446435780188
0.869373201434506,0.08496973870506601,0.017795388997276142,0.018646979840518885,0.009214691022632868
0.7376392270258176,0.15541469258865828,0.05354461369917082,0.03325786637439401,0.020143600311959362
0.892378301265358,0.03788265475391166,0.03330547150281788,0.024379352742440706,0.01205421973547151
0.8251998561672057,0.1121877406460606,0.029204793381847415,0.021886708906769272,0.011520900898116877
0.8931970726069431,0.05867603563401444,0.031415760155469374,0.010230255429530509,0.006480876174042479
0.9382408946407613,0.04416081233050051,0.006597950051057813,0.005797784792245913,0.005202558185434541
0.8931872649977433,0.06772508174796264,0.01147324921130531,0.012553917110616312,0.015060486932372585
0.933934465378376,0.03241995098263972,0.01706585307241804,0.01180541206738428,0.004774318499181937
0.9350956019761647,0.033477321711388446,0.016482248862760406,0.009454747708369968,0.005490079741316342
0.8630990191276201,0.07784777762542432,0.021998812846978605,0.02533135794862359,0.01172303245135346
0.9089733979092973,0.05104444815599585,0.018102917141998347,0.01591175852706852,0.0059674782656398365
0.9255705012394987,0.04962108838879907,0.011153430388840778,0.00983579613353878,0.0038191838493226316
0.8733927281248386,0.07800440043136404,0.028230839048213677,0.014807268369701001,0.005564764025882841
0.9512221149514443,0.029051029454240446,0.008977499786088024,0.00736171276541173,0.003387643042815555
0.8617765583959888,0.06954293197315903,0.04181451731716836,0.01732432342349398,0.00954166889018978
0.8858728072473673,0.07837940179904307,0.016843795235328037,0.012046205853215825,0.00685778986504576
0.76431758469918,0.17880141494925805,0.03156138022392402,0.01761195858075779,0.007707661546879935
0.9297713796899882,0.043179092316448675,0.014173764084516174,0.008669501220912808,0.004206262688134046
0.9489862712961974,0.020901086873857902,0.015268040970163464,0.011373574238002396,0.003471026621778925
0.906157637789973,0.05435761915664772,0.0211835158331791,0.012734184643913947,0.005567042576286251
0.9187821835388791,0.04685139158401419,0.016271384291741183,0.011865363773600241,0.0062296768117652565
0.9479813561789165,0.02434637599936379,0.015308485804635267,0.008673654582366274,0.0036901274347181123
0.8071077452867798,0.11719005053346797,0.03785741018763287,0.024993742823712098,0.012851051168407686
0.8887968895827002,0.07819150352291966,0.013714533918962815,0.013147148009391795,0.0061499249660253354
0.9229639176004588,0.04805355988182921,0.01444480562293977,0.009424236052834522,0.005113480841937514
0.9032291760827513,0.048599828070445134,0.026742657064096523,0.014368012554704684,0.007060326228002359
0.9382110127905875,0.036955601463912385,0.013044317713921021,0.008183498411088563,0.003605569620490618
0.9243072229219563,0.0376530613238364,0.022868193233372542,0.01053626267174041,0.004635259849094353
0.8386293126029709,0.10249510505275924,0.03264884798181691,0.013264256902160224,0.012962477460292908
0.9412909021660593,0.032530188616341965,0.01422763946771643,0.008111688739873113,0.0038395810100092195
0.9272874942242282,0.04461621703846562,0.01745235002992471,0.007763755150211588,0.0028801835571697913
0.883660185217657,0.0658689452378335,0.027889620626164232,0.017294744426737025,0.005286504491608308
0.8982922539105269,0.05467236275190672,0.022055579444794398,0.01997698974623036,0.005002814146541588
0.9213052179093647,0.03753161619568926,0.024022490740614397,0.011454203715626754,0.005686471438704912
0.9557799347290372,0.027766604093350817,0.00784636840517393,0.005379443407638339,0.003227649364799879
0.9211988976806602,0.036231671681091496,0.013773354884962737,0.013206022511956527,0.015590053241328823
0.8883670448903817,0.04685285747257282,0.02329250084773228,0.02170221422247462,0.019785382566838428
0.9596123404715888,0.020721569157323115,0.007355516564053963,0.007151528230324666,0.0051590455767095405
0.8757286829825497,0.0462946718458148,0.018240957060966272,0.029276901055012662,0.030458787055656356
0.9106871908366898,0.050408470749156165,0.011311106045190202,0.014251472508296028,0.013341759860667551
0.9469411714200427,0.03257572462037335,0.006920254777018034,0.007780989379986061,0.005781859802579951
0.8833600233245175,0.06442723165273186,0.024656155361080737,0.018870444188305392,0.008686145473364703
0.8500546341777963,0.10991553923685207,0.01659006102159171,0.016105999934316165,0.007333765629443817
0.940324404849829,0.02980592836710012,0.007119292965562313,0.014133755489248024,0.00861661832826059
0.9435800344936167,0.039359840408164336,0.006037095097960407,0.006821118781872579,0.004201911218385952
0.8746029333904476,0.07799017382469826,0.018169721259094346,0.018877652162370823,0.010359519363389073
0.9167438570041422,0.05379803487920391,0.010903548530575582,0.010065304357854528,0.008489255228223882
0.9167328405954093,0.04547884193228468,0.013539658316123871,0.017622900105148984,0.006625759051032993
0.8610119118476826,0.08574502659111127,0.02639459126007262,0.018263011845199486,0.008585458455934053
0.8992192995344478,0.06206146747902609,0.016769662069164866,0.014459681134776062,0.007489889782585144
0.797824343197955,0.11527529345267537,0.045948154160052664,0.025133316125962504,0.015818893063354416
0.8235099960176341,0.12224065732969507,0.027377426893621958,0.018755698335461934,0.008116221423587028
0.8817256152356825,0.05038455163466192,0.041153436444880925,0.020141673344741394,0.006594723340033079
0.9266881561469118,0.041169129559547615,0.014733416894743123,0.009940096288260066,0.007469201110537255
0.8788097863762789,0.07316274518841176,0.020191334499623195,0.01512926764312951,0.0127068662925566
0.8639862587562525,0.047053948732652104,0.027423246261723905,0.02547247173967072,0.03606407450970103
0.8496910315456542,0.10037128360494958,0.015210446613130618,0.02187238181153421,0.012854856424731352
0.8475110063309842,0.09019013775146571,0.029544457672025952,0.023965096478553657,0.00878930176697055
0.9132524051317836,0.056474051490206956,0.014007026515843537,0.010439643106166812,0.005826873755999149
0.9004308802495707,0.06943255628575846,0.012735706782052906,0.01229207809055418,0.0051087785920635185
0.9300431396260751,0.0490977261844315,0.008467947062542702,0.007790824128348325,0.004600362998602568
0.7399803837476642,0.16341884351279043,0.04070149732762871,0.03384472758210909,0.022054547829807734
