Delta_Power,Theta_Power,Alpha_Power,Beta_Power,Gamma_Power
0.8822650211169003,0.06335499998395462,0.028461274022936682,0.021367365252112244,0.004551339624096094
0.9196877139916597,0.03516126425494177,0.021455675222774993,0.01906188975229344,0.004633456778329824
0.7876773100776705,0.11884143873727646,0.04407404728806845,0.04147317691513807,0.007934026981846812
0.865202346975578,0.0780751086237105,0.021773830579657892,0.02801127181773169,0.006937442003322049
0.9179993985853928,0.030729459376839945,0.02642887219867681,0.020774536311018575,0.004067733528071946
0.9074256299561275,0.051327754282012174,0.0210154959732652,0.015934718036068277,0.004296401752526801
0.8489453560650707,0.08163597010556985,0.04541849197598832,0.017699610214596186,0.006300571638774967
0.9085405579359304,0.042457263351831254,0.025300159132556205,0.01845875570593244,0.005243263873749558
0.8072654088852836,0.08654098352132343,0.059328994354185066,0.035595405748291994,0.011269207490915863
0.7988430870544796,0.06767851318804097,0.057026122409076035,0.06518873507433906,0.011263542274064094
0.8510805558041264,0.09504824552275498,0.024571040223326016,0.024775668658645986,0.00452448979114657
0.6991964404176276,0.14834065920933945,0.07369574249863793,0.06761813410029771,0.011149023774097397
0.8293256292922467,0.10095399447866207,0.033303510437914394,0.03084308405488882,0.00557378173628788
0.8944827494277933,0.05499208457086904,0.033156568842695786,0.01518207773603874,0.0021865194226032454
0.759363626210778,0.17223759429454932,0.036542752138574816,0.02768382732244716,0.004172200033650641
0.8318324350835329,0.09501209589332796,0.036889544869746715,0.030330456896482533,0.005935467256909677
0.8327824222937029,0.10130280564569728,0.03410995570060341,0.025321739204925395,0.0064830771550708904
0.8504234571015833,0.06891141269720198,0.04471254255773503,0.029200507340465354,0.006752080303014133
0.9644608403333825,0.017394506897098413,0.008446629666121523,0.008265638766188495,0.0014323843372088796
0.9144661541717644,0.03993724142068376,0.024169147499467296,0.01697662682750704,0.0044508300805772396
0.8877470321050468,0.06312465256445855,0.023911451269985954,0.01992591086039555,0.005290953200113275
0.802608473797679,0.11270727583990092,0.04260637777687714,0.03487611735702766,0.007201755228515193
0.8951737849357063,0.04384717848050382,0.029719993746740968,0.02689902219383276,0.004360020643216308
0.8986098024958596,0.03479165973826058,0.03271824892325331,0.02776638712966541,0.006113901712961107
0.8742668269007522,0.060120901005796694,0.03798385653899988,0.023907183288701225,0.0037212322657500557
0.9123544544471137,0.05799929624641848,0.010576759059521696,0.01586644681376057,0.0032030434331855825
0.9317314552930454,0.03135771849024251,0.02227199181753836,0.011017850700300836,0.0036209836988727808
0.8677150489928932,0.0637543140904561,0.03324789597785534,0.028258958900485284,0.007023782038310071
0.9259691569092806,0.049347726833302435,0.011733882079160832,0.010126342511460027,0.002822891666796427
0.7839246940674205,0.10448431183002088,0.052691346472543005,0.04915987743658229,0.009739770193433568
0.789716725620671,0.11441430473107256,0.06179769031189727,0.027827817924506715,0.006243461411852633
0.8972218287554004,0.05679672274700509,0.01809164971166648,0.020857404632014902,0.007032394153913152
0.8470930552878975,0.077518923783042,0.032457327935186936,0.029762296866156716,0.013168396127716805
0.8197243966598529,0.0792048891396631,0.04660820014403121,0.045906543869478324,0.008555970186974364
0.7124808871407824,0.19047384759023084,0.0403801258674999,0.04847488443261959,0.008190254968867073
0.767138869269609,0.13848361924677224,0.04225127305947786,0.04310640704440027,0.009019831379740804
0.9148644565649809,0.04223677276655782,0.01802879321219814,0.016400121176466897,0.008469856279796078
0.8668637022074922,0.06304774443805872,0.03644928240538499,0.026882288747223242,0.006756982201840752
0.8486294163641687,0.09674082382629921,0.02099390004261842,0.0279277172254586,0.005708142541455086
0.8446993465296266,0.08707002309658482,0.03450594636781792,0.026553487311667782,0.007171196694302747
0.6927796522886771,0.1693364372698824,0.05512541507834593,0.0689606011956881,0.013797894167406715
0.6893599784172953,0.14675385857651843,0.07099885088868069,0.08383500495310087,0.009052307164404737
0.858827730203985,0.09106739405465562,0.029188980471766577,0.016248935108327454,0.004666960161265451
0.8085300514236573,0.10140520066081823,0.04619502141457376,0.03352700329597597,0.010342723204974773
0.9591860793877138,0.020038738951566826,0.010946735207691178,0.00734070727926478,0.002487739173763378
0.8504774287952013,0.06156481906732175,0.03844054096232027,0.04094998163944859,0.008567229535708033
0.8242950183120701,0.10583059468196823,0.027463701980968095,0.03433250195986518,0.008078183065128232
0.8003762106317034,0.11473437322318387,0.032951017519129745,0.03931677235086653,0.012621626275116472
0.7144474957444222,0.10416110013538879,0.12364017662918361,0.04766370972917742,0.010087517761828046
0.7871011609016447,0.0974401557489171,0.06009256091912716,0.045715560730097936,0.009650561700213053
0.7794088251662155,0.10462750732385777,0.05354552159734224,0.0537016840101134,0.008716461902471113
0.8326222880731446,0.09958721919180535,0.03593718478631594,0.025291261320780415,0.0065620466279537595
0.8777884594232483,0.07289356677219624,0.02670869151353222,0.017469342832894422,0.005139939458128629
0.9079847296719612,0.04858909596870512,0.02039234673763263,0.01902423372802831,0.0040095938936726815
0.9332870916678833,0.04001258404430144,0.010024342751742486,0.012603267455275962,0.0040727140807968985
0.86717725825143,0.07824842430684002,0.02671812590534389,0.02148436476993527,0.006371826766451208
0.8659406210355334,0.09177148856990505,0.021603399554486587,0.015516541404004968,0.005167949436069884
0.8521919939522417,0.07682650947994989,0.0407498966035558,0.023628076575133303,0.006603523389119608
0.9313854897962717,0.03186209953304999,0.017825436620437788,0.014247332645825912,0.004679641404414434
0.9351610353403811,0.04177846803004804,0.010520365386785226,0.00945377250573612,0.003086358737049578
0.8549510360458464,0.07896772694294402,0.03312703459997701,0.025708180966274485,0.007246021444958135
0.775511236153896,0.14112545381648878,0.0411077516060182,0.035175880489220386,0.00707967793437643
0.8036157693418043,0.10691057122303266,0.046135463340816474,0.03616240352510511,0.007175792569241576
0.8551960615857311,0.07197209633058228,0.03751840112129892,0.028076363906796714,0.007237077055591032
0.8725365341713026,0.06584119797456907,0.03239367971310689,0.02253004218564043,0.006698545955380755
0.5816859934700245,0.2545483969008013,0.08050039745123774,0.06774513217158121,0.015520080006355259
0.9157305472479136,0.04947305890346761,0.015913947982305075,0.015484952685680805,0.0033974931806327728
0.7663496264120909,0.1510982580009962,0.034994466728365176,0.038947784019433884,0.008609864839113739
0.755158916257994,0.16457909294470482,0.030865779454917322,0.038666553273889376,0.010729658068494515
0.5592775267572823,0.090036990771113,0.09624750764155589,0.20309609389292432,0.05134188093712443
0.817451196817589,0.09682181655782442,0.03084958645849017,0.042128996130136695,0.012748404035959435
0.6763879013163357,0.05514879498506897,0.08209129635670694,0.15051913620813775,0.03585287113375056
0.8863450514671843,0.040957195412027934,0.027273258845711197,0.03838698139571313,0.007037512879363295
0.8830511158338218,0.0616014932838823,0.030463362037137537,0.020052319502348197,0.004831709342810262
0.7859758479478164,0.10629273215610374,0.05684849851362023,0.04186900184637613,0.009013919536083355
0.6091190483563955,0.2281789774758408,0.09258320356955187,0.05803176369598028,0.01208700690223163
0.9157290468743021,0.05587501212405754,0.014520191548469329,0.011585222733756662,0.002290526719414234
0.9417700781584881,0.03278874681481363,0.011690529139789026,0.010475865889329502,0.0032747799975794485
0.9385731085599639,0.039248924295525976,0.011189315477077787,0.008657656344274792,0.0023309953231573635
0.9021554639460115,0.04981591878922871,0.023999848522897323,0.018830690101546955,0.005198078640315594
0.807079127089698,0.11446997284998214,0.03372852202597974,0.0363008153990503,0.008421562635289785
0.878895354688164,0.06803820942477669,0.022685619368901528,0.025603814015949678,0.004777002502208064
0.9003499842833964,0.04657513643238562,0.02212641836566689,0.022995724659812467,0.007952736258738564
0.8880886920099818,0.04538414787394426,0.030997244068574438,0.02834241402697156,0.007187502020528053
0.8626535283832913,0.07349938206081287,0.03292784570032801,0.023672771376830035,0.007246472478737625
0.7635373982232893,0.1256380672533644,0.05357847517431988,0.04907348894486654,0.008172570404159907
0.908078629784857,0.052250135749487725,0.01991625151576979,0.016355120309283364,0.0033998626406021057
0.8904253898949024,0.06331754261171361,0.019860699885413155,0.02197860274049916,0.004417764867471837
0.941868247289138,0.029861250596440275,0.013924627257599145,0.011270114033342975,0.0030757608234795774
0.5971477608907326,0.050130291095251855,0.13659954479628134,0.12552667781390622,0.09059572540382789
0.8818955742299671,0.0605768448260968,0.0237782122197544,0.026489118584585632,0.007260250139596119
0.9135011720571679,0.04754485980143163,0.015848584675652533,0.019376511169627336,0.003728872296120603
0.9461096915388734,0.018386055321777606,0.025498514757610752,0.0076365134880093605,0.002369224893728826
0.8991787098185079,0.05174407174702511,0.023610698683677666,0.02001265840946563,0.005453861341323684
0.9060806734518195,0.043550315122339346,0.023306169281794513,0.02118264096583906,0.005880201178207624
0.907356355607127,0.04342263669686864,0.0272489825986615,0.018087687548088746,0.003884337549254099
0.9546040157417462,0.027276730299003682,0.009085746147982372,0.007197140769059788,0.001836367042207733
0.8779422769588212,0.06652373065683563,0.029138328270647385,0.018861858003661414,0.007533806110034361
0.9506317909250515,0.028322013920153898,0.007684399695887455,0.010950308249189715,0.002411487209717237
0.8732749435287603,0.059783581935034774,0.03601594749645488,0.02522955309443492,0.0056959739453147805
0.8163414311221904,0.11491946162128029,0.030698968419157497,0.031065330253262774,0.006974808584109104
0.8047096239818651,0.08922111023678704,0.031933222360206306,0.061994209999539494,0.012141833421602164
0.8397255361340416,0.0721522824266132,0.04606415761468454,0.03258496414164086,0.009473059683019786
0.7247497687847738,0.19282788838015857,0.037120557518273985,0.035693166344601304,0.009608618972192276
0.8874099535310658,0.0496568216806034,0.02958615368582526,0.026768094485435802,0.0065789766170697645
0.864460220668757,0.05575014681805408,0.029956124323343106,0.03910520919958429,0.010728298990261556
0.8464307894582035,0.08244071949533262,0.03495773170500867,0.028472109530306888,0.007698649811148468
0.7700886860899049,0.12479004294731677,0.042318367052059935,0.052407475999523626,0.010395427911194573
0.9414682449989985,0.030592206207921545,0.012199167738434302,0.01215368077189847,0.0035867002827467947
0.857140651117365,0.07126555935090113,0.033800929072824774,0.030195063349087274,0.007597797109821855
0.9411919608992281,0.028300677819228248,0.016901225574423813,0.010899171389045132,0.002706964318074623
0.8843762261936005,0.05196544756018958,0.02865437966306221,0.02797473300947901,0.007029213573668728
0.9088902080823829,0.056293140833194436,0.016824041186492427,0.014285749193247562,0.0037068607046828834
0.923658665150212,0.03848078805034743,0.01705270303222472,0.014414068524327282,0.006393775242888695
0.8465075116935262,0.07646908565253223,0.046359482291985166,0.024159739047047005,0.0065041813149093524
0.8922710158672033,0.07230834914016972,0.01579185572057254,0.014504277004999342,0.005124502267055077
0.9322654792734253,0.027340162251254328,0.02172806487362447,0.014980599901897219,0.0036856936997986677
0.7443701785155222,0.11739312289317291,0.06147869604250129,0.05702651949554278,0.01973148305326096
0.6751503324714424,0.14464938178028786,0.0841841191416911,0.07375824975753612,0.02225791684904246
0.8558414331047132,0.07247162488515402,0.029469581102256538,0.03000767463600326,0.012209686271873126
0.8289922329570827,0.05740948765090406,0.05152981880108808,0.046011468284105,0.016056992306820176
0.8563442476800819,0.08496170486709453,0.03431062970416288,0.020342011759206816,0.0040414059894537
0.9210352013565699,0.022367336299951183,0.02268740011206505,0.0221227584343778,0.011787303797036063
0.6937361933171985,0.09771278068397302,0.05973974898457667,0.09475500889043897,0.05405626812381319
0.7366882845865343,0.11514779219810728,0.035663041858296815,0.09074164108985976,0.021759240267201968
0.8136205887602886,0.086396603553087,0.045327473599353865,0.044955321325084674,0.00970001276218577
0.7704472982475444,0.08116516096084092,0.07171670978548231,0.058148667854002765,0.018522163152129408
0.6567570515238272,0.16014872986912282,0.04810266085753633,0.1106418876791952,0.024349670070318335
0.8204342344577009,0.09335337756099991,0.03203184941060894,0.0441095269727964,0.010071011597893755
0.683951195819502,0.12044630070987887,0.09046161992192112,0.08722926252147901,0.017911621027219094
0.834974320662288,0.060652826566128686,0.05013015797614571,0.045872119485915366,0.008370575309522458
0.8245077831654062,0.06705979291387923,0.050262661026977976,0.04961517147439697,0.008554591419339832
0.8776176194156937,0.06182450436658893,0.032135723329542586,0.020733040104199248,0.007689112783975501
0.9140470431600127,0.051127961057326095,0.011782207385432193,0.019150989135113636,0.0038917992621154518
0.8475530541869652,0.09913075912780836,0.023386856938408963,0.02425538746404411,0.00567394228277333
0.7564674890747886,0.15724983560942354,0.043842601691288625,0.034184825757658736,0.008255247866840443
0.8275909769533147,0.10662838605589871,0.02658607795453774,0.030999238283309003,0.008195320752939907
0.9197618930280036,0.051051703500913516,0.01057958744827407,0.014889614897400214,0.003717201125408509
0.8038435782012057,0.10185978407837656,0.049824938490496955,0.031509276592731277,0.012962422637189252
0.6750576452526357,0.2059720156105546,0.054196777593268276,0.043528682333471985,0.021244879210069345
0.4995869853468589,0.3262457379578172,0.06613669837166747,0.08300452838576157,0.02502604993789474
0.5726394181073629,0.27169477116498336,0.0818349485522865,0.05814935104848691,0.015681511126880418
0.651822581134298,0.11620169664809271,0.1057258883883609,0.10766891528571626,0.018580918543532006
0.593503263160833,0.22574259920801865,0.09072872504378543,0.051216770681593124,0.03880864190576968
0.5684055836343741,0.14119637510548835,0.09220430594538354,0.14536678176440923,0.05282695355034475
0.37315621480846367,0.21244166815163612,0.20697794460702243,0.15829689858471346,0.049127273848164385
0.5733791466305322,0.16428139569721012,0.10707015967553032,0.12380873575130284,0.03146056224542459
0.6159624142598817,0.1572179233753033,0.07606602515200435,0.11107935376485982,0.039674283447950695
0.7226224754007995,0.15152724263630643,0.0707288074042968,0.039894332111172603,0.015227142447424978
0.8713417654080561,0.06979964625473382,0.018584156458103154,0.03183963871106211,0.008434793168044715
0.7623773230465958,0.14101202393200865,0.04097749226119311,0.046016105907550266,0.009617054852652355
0.7920419905119962,0.13068713585562344,0.038748801475410634,0.03266288233285966,0.005859189824109939
0.6296042546577026,0.22002613625633888,0.090775642818191,0.049994266174033096,0.0095997000937342
0.802290386053571,0.09725747859263514,0.04670151050688697,0.04696791787689777,0.0067827069700094065
0.8142513226117939,0.07860870456416791,0.0538936151708632,0.04354649476372826,0.00969986288944662
0.7779879140908842,0.0801613886787378,0.04481309298398482,0.07478961080429646,0.022247993442096842
0.7679673029330217,0.12026002590544825,0.051616507893722824,0.04743976081044637,0.012716402457360882
0.6742116174289196,0.19800235027265017,0.03723491903305942,0.06707246118736374,0.02347865207800714
0.48079212038921343,0.22118594070741307,0.1682012529309202,0.09160387266978216,0.03821681330267121
0.6554940567157335,0.15906507306517365,0.10241858445009061,0.05892597686023628,0.024096308908766052
0.8224615934406868,0.10279583954424541,0.03874053690679458,0.02570291068722283,0.010299119421050005
0.47099929772259685,0.20343665061074118,0.12010874440897609,0.14265333483550838,0.06280197242217767
0.6873277171767428,0.1255969396605823,0.1142375039527627,0.056278040840691955,0.016559798369220315
0.4508731897904286,0.36310373967927795,0.0786009205274667,0.07759139249459143,0.029830757508235283
0.5469360182156936,0.1556727454939117,0.07104035896666278,0.12952030299908646,0.09683057432464552
0.31366420921547444,0.21496997960610456,0.14680232886063396,0.20532668027858778,0.11923680203919913
0.5541436903664794,0.2386967859487479,0.08467877654532348,0.09467210418087815,0.027808642958571106
0.45459760194335963,0.2546339710581306,0.14204141917338645,0.11552974120861075,0.03319726661651232
0.7584401269915327,0.12741019416224605,0.05569425393248995,0.04738267335051436,0.01107275156321688
0.9450165392994748,0.03211651671862896,0.010482984304567445,0.009530714195031223,0.0028532454822973036
0.8806402960120124,0.0703411785146858,0.023803738067958106,0.02152388276870353,0.0036909046366400662
0.9287721883196818,0.03305532901607217,0.01572883962986184,0.01903124714847765,0.003412395885906573
0.89899061976737,0.07641636254684842,0.009031345864911477,0.013057936607156267,0.0025037352137134952
0.8767143078115032,0.07170487838068737,0.029625486626846827,0.01737904430741009,0.0045762828735526895
0.7361477927768091,0.1635566397867598,0.04701610179761291,0.043948242531339325,0.009331223107478788
0.8947942176071508,0.048487724599987986,0.025506446586398186,0.02599655776769195,0.005215053438771101
0.9198273540186478,0.036121184267546985,0.023640944769809605,0.016441115424005216,0.003969401519990431
0.8121012400019657,0.09949179469321082,0.03997320313055862,0.0403894552424416,0.008044306931823092
0.8696019213722394,0.07175946162543986,0.021442902107866566,0.03211325675785303,0.0050824581366012015
0.8311844269919274,0.07346340480858624,0.05206422337651504,0.03383511322977891,0.009452831593192462
0.8184095335514847,0.05944681657407552,0.05452059341774992,0.0591752085063044,0.008447847950385433
0.8337725754288916,0.06663174468511261,0.056320056994653915,0.037309623198039384,0.005965999693302687
0.6058396959851269,0.10946796222389105,0.19360192546500082,0.07812763791664365,0.012962778409337529
0.7800967590997797,0.1009352917187005,0.07722732208318972,0.03599266199054227,0.005747965107787861
0.8806019835052039,0.07762303303126276,0.024199841839558565,0.014798829831402084,0.0027763117925725367
0.8956229295376558,0.06939914719023514,0.01799879559452558,0.01316250053323023,0.0038166271443532927
0.7808353231454945,0.09836231151826777,0.05932880221682132,0.05453318166196627,0.0069403814574501305
0.8980766897675312,0.06252197401657203,0.021748361703612794,0.011978142734645326,0.005674831777638717
0.8298212188861964,0.11541948683006638,0.024699206830166867,0.026213444817004796,0.0038466426365657887
0.9035522815778099,0.059520479258439986,0.01888099451513198,0.01543185801789707,0.00261438663072111
0.6739335713122981,0.21108303991002683,0.06145696982073135,0.05005480225489014,0.003471616702053633
0.5083398963895236,0.30957409258728563,0.11360300462630069,0.06559406160763798,0.0028889447892521715
0.43148153771077746,0.3699937807954733,0.08431473839406681,0.09200975751365464,0.02220018558602769
0.5108388396480755,0.22018153274200897,0.11154536156619015,0.11448642239792879,0.042947843645796506
0.725338503716369,0.13548006839665871,0.08345738472263375,0.042587507615297705,0.013136535549040476
0.8649238238983344,0.06599331201523023,0.03730024189889443,0.028290898147934607,0.003491724039606369
0.815830117068689,0.0838965659793646,0.05395768247407174,0.040609780746091305,0.0057058537317833695
0.9238797111652642,0.04191726338182688,0.013360914687997822,0.017381847565191743,0.003460263199719392
0.969101653188503,0.015535734983048112,0.007213056355311059,0.006279351204225881,0.00187020426891201
0.8702359938460325,0.0751847415458067,0.028169862437400675,0.021431858954049095,0.004977543216710887
0.9503411851090506,0.02958855901390199,0.00858355464743508,0.009962531048826951,0.0015241701807852932
0.8483994316578365,0.09785487245422149,0.02830340658348632,0.022076831494303333,0.0033654578101520983
0.8009775848708807,0.11201327619919026,0.05482178274697801,0.027645296282197928,0.004542059900753128
0.9195622424379214,0.051471634302172956,0.013811131993043756,0.012899695967077752,0.0022552952997841216
0.9239674255955526,0.046084625249122976,0.012057610811214104,0.015134521271895811,0.00275581707221458
0.8613669904531587,0.05117665584907839,0.04953037788050319,0.03360591508563964,0.004320060731620032
0.8070596711526711,0.09545613705526515,0.0604580661134017,0.030850613477489235,0.006175512201172684
0.9324861678151077,0.02328438355069232,0.019863397884162068,0.0215904372810225,0.002775613469015484
0.8665606268955582,0.06879566445753897,0.030630789950108466,0.029098409060021212,0.004914509636773072
0.8596945823545245,0.06741205234796344,0.028780703477671872,0.03924904578693881,0.004863616032901579
0.9080967059755228,0.05706425124985943,0.01448776548366523,0.017140069132617886,0.0032112081583345483
0.6967930854835039,0.2026286931552877,0.037890160994106144,0.055698163113332345,0.006989897253769902
0.8760445735653242,0.0731011433033646,0.025181845335480377,0.02081550601214132,0.004856931783689485
0.8706797205680636,0.07306353262458465,0.02331428743188667,0.02766694796632564,0.005275511409139181
0.8158944401330835,0.11740143561243159,0.03706322869614524,0.022521605171934685,0.007119290386404696
0.8835818090692624,0.04709717227481206,0.030164385210330137,0.035428120150834186,0.003728513294761124
0.900942300640019,0.05031491243686763,0.02788850094563324,0.018206324808383335,0.0026479611690969473
0.8863596693006608,0.0693885470576711,0.02199990108452034,0.018191800281248706,0.004060082275898853
0.9140752043483648,0.04289394407632401,0.019720839952339305,0.019616595283537132,0.00369341633943482
0.8149002566750376,0.10634477745089617,0.03917798951213351,0.033698651523599334,0.005878324838333511
0.8135617108462302,0.06630137980347652,0.07744668059929391,0.03663687628918445,0.006053352461814797
0.8733106105044325,0.05284465748762999,0.034121163435373233,0.03513952909913444,0.004584039473429935
0.9238269741056281,0.038832811002425256,0.017605468346765064,0.016269410746634235,0.003465335798547392
0.9431002952487647,0.03467062843579959,0.009667046506898754,0.009570213438040194,0.002991816370496614
0.9633518087930297,0.01925424869415896,0.0077431037347770165,0.007874648426959901,0.0017761903510743052
0.8215713475540748,0.0993655229144146,0.03626441032261274,0.034660830714075164,0.00813788849482272
0.794268327639531,0.1512362991844395,0.03287323662471885,0.018898262700549423,0.0027238738507610856
0.812652462716612,0.12153684370223236,0.038736368133840876,0.02241714424396153,0.004657181203353192
0.8108573894773289,0.13054911884080483,0.02125975785242015,0.029567123412997335,0.0077666104164487906
0.6482585887402815,0.19764780156205844,0.06770932336241588,0.07078053533366498,0.015603751001579317
0.8744751751648037,0.05844688558783691,0.034093357189500635,0.026785204531165837,0.006199377526692929
0.8534724125499562,0.0939160928960393,0.02450770980032981,0.024393056020731253,0.0037107287329435127
0.8805216343131586,0.06765812824583926,0.026874981274658857,0.020922326003475374,0.00402293016286786
0.868238664666822,0.0707048207145037,0.034654575881624045,0.022007044909783845,0.004394893827266425
0.800155425579004,0.12438297387685668,0.03088063114038562,0.0384531960925831,0.006127773311170564
0.8047338048983712,0.07676693946941579,0.04790924774874545,0.06279746271747089,0.007792545165996856
0.7528808108219468,0.13643272965330558,0.06638958900022905,0.038944803775593416,0.0053520667489251866
0.888267392003646,0.07776522994850864,0.01699649741559019,0.01360895108972517,0.0033619295425300583
0.7975570980884438,0.12363340279887468,0.03294936770081531,0.03870930186661455,0.007150829545251668
0.8638689032466156,0.07846477757970319,0.028299766736471776,0.023357312031012465,0.00600924040619692
0.8656394586411357,0.07208765149752275,0.029573375707498125,0.02787441448690154,0.004825099666941937
0.8377099518989527,0.09413706263239043,0.042066137842092025,0.02229984589574373,0.003787001730821263
0.7811085356443416,0.11191580235427427,0.0624648581847427,0.03779405837883029,0.006716745437811236
0.844457575927685,0.09053804499087849,0.0407272905212671,0.02088238809135377,0.003394700468815627
0.9347880767440238,0.03063172887504819,0.01944090511722891,0.01257223786244608,0.002567051401253064
0.8365248867686357,0.07666161620035636,0.036167594697693796,0.042684740971726254,0.0079611613615879
0.8418490359977066,0.09192333043554866,0.040246376014768874,0.019703848225559158,0.0062774093264166475
0.8374015573025378,0.09848392559075587,0.029577996744355416,0.025136914081351918,0.009399606280999121
0.7546817665238682,0.13654892322218715,0.06465689627564442,0.03624661030552339,0.007865803672776985
0.8800765052240402,0.0626313909989751,0.031379800885786,0.022767267022749855,0.0031450358684486225
0.913635999579119,0.05483268337411988,0.017300140591447855,0.012177155071708627,0.0020540213836045852
0.7019766169161017,0.24040989120552883,0.03546548201086296,0.018658622116655928,0.0034893877508504986
0.6825787812306314,0.20464446048260976,0.044928152695761364,0.05928423468100361,0.008564370909993797
0.8014279383132589,0.11219036936163969,0.04089749640499224,0.038770285129195246,0.00671391079091398
0.917868695368093,0.044508175709110656,0.014917243522206828,0.019760904222109032,0.0029449811784804415
0.8074064127206035,0.10311531971907052,0.03159397260807015,0.05178999518251916,0.006094299769736755
0.792788438923534,0.1314779955834891,0.04174083084321419,0.02797204301246932,0.006020691637293551
0.6717623166261918,0.1969949251106061,0.060463016495861235,0.057022934010972845,0.013756807756367955
0.6047493847393649,0.2746709218447334,0.06034532961326464,0.05096780004371408,0.009266563758922928
0.9118837517612816,0.0449437376659033,0.026523324095897218,0.013660181990280004,0.0029890044866380684
0.9197722238263772,0.06427279811864736,0.008783264473380346,0.005695154308778832,0.0014765592728163027
0.8904515206441466,0.0587347178235109,0.02701919462026377,0.01902822408193763,0.00476634283014111
0.7123185556364409,0.20280959596802658,0.03574918471716905,0.037925861040034474,0.01119680263832895
0.7423368583647317,0.15405838598570779,0.05790403045117474,0.039655469180388835,0.006045256017996886
0.7841726202739764,0.13731926223069835,0.031571523226469445,0.04069777783353621,0.006238816435319588
0.9098552114409038,0.04689819735164144,0.024594534605582072,0.014654728111232014,0.0039973284906408895
0.8406539161496189,0.11015012965995574,0.0227784031914382,0.018229787184695076,0.008187763814292006
0.8511913622274537,0.10189390756209887,0.023894101972758652,0.01923535362551354,0.003785274612175321
0.8864179650656901,0.06344009365325551,0.024681670431448647,0.02187164353285425,0.003588627316751444
0.7147156683808655,0.16041865248822376,0.08251816015350485,0.03728926015873953,0.005058258818666269
0.7584762273143366,0.14108951193315783,0.0719096495217106,0.024075888365956817,0.004448722864838147
0.8302442121149958,0.09834108496570092,0.04370422354506525,0.02177733886310298,0.005933140511135009
0.95359400838519,0.026709243207664313,0.009026866563782933,0.009141612506789517,0.0015282693365733522
0.8012775196403099,0.12391413722102175,0.03602589047652497,0.03145148257299183,0.007330970089151534
0.85923658822128,0.07388659686297049,0.032199689202686725,0.029600456981210596,0.005076668731852181
0.9133742773439739,0.043364013864832976,0.024271698854345478,0.015488813415399165,0.003501196521448352
0.9030859058434059,0.05471793464650414,0.02696524912455909,0.01189263564962133,0.0033382747359097715
0.7620468850111279,0.15689171489374873,0.04615174130818631,0.029469362202652866,0.005440296584284063
0.8351423195860299,0.0816262362908444,0.039913955061635004,0.03726317841518606,0.006054310646304453
0.8554769747197805,0.0906830602110589,0.022592729949085736,0.024168129539513177,0.00707910558056154
0.8596698593539173,0.07963392643840564,0.024302677709204364,0.028917283262151417,0.007476253236321503
0.8492639264363591,0.08620722271246943,0.031583516377512055,0.02859224886214217,0.004353085611517367
0.5316928498068159,0.26761291267537374,0.11640808386962613,0.0680054905933446,0.01628066305483988
0.6739232653684005,0.18803118249704442,0.07359433286995964,0.050630638242821886,0.013820581021773548
0.8318976647100805,0.09841990509756121,0.031720901416508504,0.03438564069986481,0.00357588807598496
0.9009452206684846,0.05742568648525191,0.017745172787445956,0.019353102958552436,0.004530817100265132
0.7400760069449103,0.11039564240230378,0.06728479151790485,0.0733729081310088,0.008870651003872385
0.8769260977756452,0.05241508530573199,0.028961245336643838,0.03176338317003682,0.009934188411942279
0.8686440930666431,0.06955320377624014,0.03453331083259088,0.022885149212080933,0.004384243112444897
0.8537655524731489,0.09542932652485174,0.025615866391583895,0.022173744068565017,0.0030155105418502993
0.8405760784773255,0.08445962564614475,0.04005732806443229,0.03121970270264044,0.003687265109457333
0.8722998805138842,0.07102270864734406,0.03272304801378465,0.019146272922993333,0.004808089901993851
0.8315084279973742,0.08483921590820521,0.051542571136153924,0.026313085421966528,0.005796699536300246
0.9500164021362137,0.02572484756625568,0.014049165215080907,0.008938642271371885,0.0012709428110779118
0.8166707894159242,0.09811990005331094,0.04054123533125607,0.03727527542060545,0.007392799778903425
0.6791345686256802,0.20420144571325352,0.05102097196106169,0.05850437216214308,0.0071386415378615255
0.9190579872235002,0.03916238405234526,0.018338189693802496,0.017371012632239953,0.006070426398112226
0.9066870020390886,0.050542499140032886,0.018327849404304153,0.020930821236071775,0.0035118281805027376
0.7871822898924639,0.1237010714953235,0.03442074672863989,0.040614092926064646,0.014081798957508228
0.845077096762083,0.08421739358209002,0.037141608430341796,0.027093199481920287,0.006470701743565262
0.7045928006544342,0.19011236620472524,0.05257784541675546,0.041648217871506396,0.01106876985257854
0.9027961052881317,0.0665935359071808,0.014666886222593357,0.01219835650221365,0.0037451160798806582
0.8109275167230179,0.12389056818615352,0.03277357020726737,0.027232274939536463,0.005176069944024792
0.8615445235348628,0.08539046425264231,0.025621168780109983,0.022022617469494736,0.005421225962890186
0.895059113315578,0.05497230739090555,0.02397901903461322,0.022129043588855975,0.0038605166700471853
0.9196310672138556,0.03443252770407434,0.024788870927444827,0.018634962379369225,0.0025125717752559765
0.8818875228504721,0.07299899417798299,0.022910645203694274,0.018901888606103708,0.003300949161746849
0.9052442185121871,0.063470000302111,0.01395784185334991,0.014480205341052299,0.002847733991299674
0.7313737123407309,0.1405691572910158,0.06477851236792814,0.05377532167761747,0.00950329632270782
0.8159241351669316,0.11435307564697043,0.03278175387462531,0.02845621382153557,0.008484821489936983
0.846855340445641,0.11088311299153217,0.020063509295079704,0.018479210279889198,0.0037188269878577827
0.8751505305418993,0.08317206597789652,0.019728295550039427,0.01829735344623894,0.003651754483925562
0.9242231248986511,0.034396973164069956,0.021391464833437714,0.016378882946767242,0.0036095541570740643
0.8205079615681513,0.07723071675856294,0.056958063705573346,0.036652257871224975,0.008651000096487548
0.9018505703164156,0.0562063953459177,0.019902689278852994,0.017495030318191815,0.004545314740621797
0.883847789957834,0.05376769197100993,0.031796195908336995,0.025467319151586097,0.005121003011232848
0.8907795178107386,0.07121588645070051,0.015468795503858608,0.01956584791656064,0.002969952318141314
0.9301028813743802,0.028690374477207698,0.01554335821648297,0.02012979964840523,0.0055335862835239336
0.9257880522051997,0.029664178749878936,0.016854921155239632,0.019641056037707005,0.008051791851974641
0.9191319340370092,0.04908387113661866,0.01355953933283048,0.015009810783684754,0.0032148447098568375
0.9210287561573403,0.04401471069639813,0.015400043204123436,0.015859475259202473,0.0036970146829358253
0.8542452145880032,0.08735117922580876,0.027081928590293673,0.025157953840685393,0.006163723755208993
0.8988814296498212,0.07122398860056059,0.0147929656277555,0.012220677053747936,0.002880939068115053
0.9126979220964297,0.0443246039202937,0.02152272649462759,0.01811160889049731,0.003343138598151964
0.6811268863270006,0.21089323326183723,0.06254278643811885,0.03791098712280398,0.007526106850239262
0.8015286485952084,0.10427315046835288,0.056756728795338156,0.03125885550303512,0.006182616638065413
0.8587015432449825,0.09162589736692495,0.02550940600002183,0.018974207450658687,0.0051889459374118785
0.771784685750846,0.10098362925869653,0.07250889762517813,0.0416242570959488,0.013098530269330678
0.8826380404502239,0.041925203278829884,0.03400851532915056,0.03537328874114167,0.006054952200654389
0.6678062396423835,0.1624042599320643,0.11752729482115727,0.04569813279298997,0.006564072811404891
0.7708900766862218,0.1560476386822582,0.04766493178685825,0.020186524122529748,0.005210828722131996
0.9215499199123006,0.04535278286792222,0.017044306419877316,0.013075764257995295,0.0029772265419047007
0.9321211234972189,0.04277561566539062,0.008320125220169181,0.013510092324411239,0.003273043292809971
0.879809012671727,0.07002565505856194,0.024955529818564155,0.02221224489594186,0.0029975575552049992
0.8622354601727499,0.09869457695447105,0.020014911382655383,0.015159038255329656,0.003896013234793868
0.9159660295865548,0.04977792439020527,0.01678710151836172,0.013851843940406774,0.0036171005644713545
0.8447894927932376,0.08741564781952982,0.035804256029647964,0.025942698408764474,0.006047904948820229
0.9144745600715215,0.0555554801026061,0.013515344211819233,0.014159513589958782,0.0022951020240945027
0.8602719955565606,0.08999605947620248,0.0268440010551374,0.019918112776778938,0.002969831135320678
0.7918536648932047,0.10653220077072495,0.04848183518587332,0.03240063857830536,0.02073166057189174
0.8224848110184301,0.10945126736127574,0.0361611635405673,0.02228001274616354,0.009622745333563295
0.8826268409758229,0.06971762334991308,0.03080584050946545,0.01229221726630071,0.0045574778984978845
0.8700449717686604,0.0898317863596857,0.01753668643257182,0.017589210306535565,0.004997345132546397
0.9408836885824478,0.03991955740271499,0.010688120293939602,0.006986416435838017,0.0015222172850597527
0.8713324446791538,0.08364542811241252,0.019936576737906574,0.019755804430303114,0.005329746040224136
0.7324365601941129,0.1751234723473401,0.0357359109675688,0.04468677583422229,0.012017280656755749
0.896726356217793,0.046952391983910005,0.030672262047857664,0.02004770970582716,0.005601280044612237
0.9222760154302866,0.0510740683714448,0.010490278055168405,0.013125587629233264,0.0030340505138668735
0.9141581438814459,0.05532334777663459,0.013995375573815947,0.013464845299651902,0.0030582874684515465
0.8048699566182375,0.10145164380814849,0.03789740959718831,0.04594677013757725,0.009834219838848534
0.828096456455113,0.08443603574253884,0.03727613322615105,0.04401357423672557,0.006177800339471401
0.8799097384239174,0.07201256698166815,0.024002247824610943,0.019966424395101292,0.0041090223747024986
0.7370005664786573,0.16332371738241339,0.03946328590722141,0.0486974901403091,0.011514940091398829
0.6948290829976457,0.20305098489144616,0.04433032975316473,0.04661865869034866,0.011170943667394715
0.8768204645960678,0.08481271625149588,0.016350268633039095,0.018575696791454432,0.003440853727942714
0.8735710911684231,0.0847032924726807,0.02456802117721082,0.013927410361197462,0.0032301848204879286
0.8586540585314366,0.08408207734114907,0.028645217767553664,0.023219602699994627,0.005399043659866219
0.8965322390335989,0.0617168520338925,0.021407321864860638,0.015360819024352722,0.004982768043295382
0.914279296587392,0.0447467381578011,0.01687805170113813,0.020026868356821936,0.004069045196846531
0.8465775262846683,0.09619675601952318,0.029480741397237213,0.021393683026012245,0.006351293272559215
0.8105477689832613,0.0923490707707205,0.046495302785655626,0.03913545633776903,0.011472401122593519
0.5340288186667261,0.2951582477317713,0.08746661078102486,0.05650261186016814,0.026843710960309526
0.7154796826909057,0.1659664925397176,0.07603518995738928,0.035058213604379766,0.007460421207607522
0.8936851083319014,0.06059255244239262,0.021966577521611647,0.018762401702447883,0.00499336000164642
0.9158658586039384,0.04597704767750871,0.021381662360856014,0.01409236409442054,0.0026830672632760615
0.8872869351826035,0.0747028757016915,0.01729455221999077,0.017306437524215786,0.0034091993714986018
0.7900615283297852,0.13999104006557078,0.03885290800073663,0.023888005653947324,0.007206517949960139
0.8364986828901917,0.10627867327005372,0.03208981225292704,0.020254702092622,0.00487812949420543
0.9176335119208402,0.03596027428309609,0.018931924227696458,0.023204546493866895,0.004269743074500383
0.7600650897484326,0.1622259282152527,0.037829801095276616,0.03320839725326811,0.0066707836877698
0.48660111883706103,0.31938327612679446,0.09633758161281308,0.07756830250674762,0.02010972091658392
0.8951723073804692,0.06022620191833745,0.024139118635942355,0.015975397009473508,0.004486975055777749
0.9109636104119488,0.055612846054577704,0.015994902309445967,0.013490471511808112,0.0039381697122193035
0.8517353631374178,0.07435567628578668,0.05264129317782895,0.015001643134036997,0.006266024264929552
0.8386922477015345,0.0982771718146889,0.02990973957623581,0.02532910706836535,0.0077917338391754265
0.8745594514212659,0.0712296831885335,0.03306915999716883,0.01641972936494737,0.004721976028084173
0.9466601946568117,0.02251964150385008,0.015203614935844623,0.012732567891537271,0.0028839810119563576
0.8438405722803086,0.12296862017270797,0.01805701921128282,0.012288760173042533,0.0028450281626578714
0.9152320068757643,0.0494158550110272,0.015364369568703701,0.014431034952683995,0.005556733591820575
0.686159391814949,0.18134591839020128,0.07989995529025166,0.03986474736532496,0.01272998713927338
0.8574903664760493,0.07203558100784252,0.03374627528901427,0.029866494250185446,0.0068612829769086735
0.8201066552561518,0.10615332927279485,0.028867616514650533,0.03683096993437217,0.008041429022030746
0.9383235118968386,0.03803181860713239,0.012339917647934316,0.009463411567712972,0.0018413402803817017
0.9149670781284609,0.04633806614327751,0.020915505974203462,0.013321036290327442,0.004458313463730673
0.8364139883411735,0.1018005524655149,0.03520152859140749,0.020795737583120186,0.005788193018784031
0.7608585810066734,0.14553377404589588,0.061870998796180667,0.026273291205115113,0.005463354946135094
0.8969269981039666,0.05907738160225064,0.02262929461007105,0.017270627473048653,0.004095698210663117
0.9388991302530578,0.021358315852844624,0.025245113447527338,0.011036900112693577,0.003460540333876682
0.8078024413429681,0.12573017585457555,0.04137930223137149,0.0206426264090942,0.004445454161990717
0.8006061798122717,0.08845058912403461,0.06285822335615936,0.041499231762508144,0.00658577594502626
0.936010445755679,0.03952021263699191,0.009179795257482437,0.0118459725489759,0.003443573800870611
0.8639444471449673,0.0695591255876759,0.03339595690279229,0.025417165833591892,0.00768330453097233
0.9172294845315032,0.05108000309066157,0.013468478774333454,0.013344001986853498,0.004878031616648477
0.8830865010814203,0.06008271941112199,0.024409983903497773,0.026408138570943818,0.006012657033016172
0.9038678188821863,0.05112271875156192,0.022276077712582262,0.017850396236485194,0.0048829884171845426
0.8135666627885892,0.12592049161932575,0.032100778234990676,0.023016484841374293,0.005395582515719954
