Delta_Power,Theta_Power,Alpha_Power,Beta_Power,Gamma_Power
0.6745377138729738,0.1517203064586344,0.12424576924063595,0.03749416252484084,0.012002047902915201
0.8189728944508606,0.09951669840275924,0.04591607944927205,0.025336073051705533,0.010258254645402465
0.8938980131112373,0.05454126366565096,0.03212376948350114,0.014140283708565283,0.005296670031045509
0.9340044375351144,0.035515117619863694,0.019709518482368953,0.007803292359386084,0.002967634003267107
0.7924011528176984,0.08905164410440436,0.07574142550368847,0.030399595927149824,0.01240618164705897
0.8335419513863354,0.06595820655373802,0.03317338093446978,0.04349517270613087,0.023831288419325983
0.8309672746163815,0.06450831837609644,0.04365973166904526,0.043922080802250366,0.016942594536226294
0.9018811948412344,0.044990788006409946,0.030599693051471498,0.015622023073805606,0.006906301027078473
0.9429003231125639,0.019570069710485916,0.018187769783540773,0.012195639498733968,0.0071461978946755185
0.9506933309415653,0.017393084156050974,0.00934082613065031,0.012595270712034298,0.009977488059699212
0.7610263584164432,0.11245975670535745,0.0666127219376715,0.04398304239350522,0.01591812054702297
0.8483469774430997,0.08432407876906477,0.035355819986740374,0.022312407837425895,0.009660715963669362
0.9469220161959808,0.024060048748336473,0.010064750458434552,0.01393979463218455,0.005013389965063408
0.9071231337095088,0.038671364739134594,0.028000960284454104,0.018374898848593866,0.007829642418308509
0.7806565926348978,0.13104728467033314,0.050197781838857834,0.02879925567853073,0.009299085177380624
0.8893584396497541,0.07129872096499076,0.018081001678989912,0.015715605688699723,0.0055462320175655045
0.8886028927636018,0.056035055139456114,0.02811808862508949,0.019501255208563748,0.007742708263288867
0.7887152843361654,0.09677867375331381,0.06618429162542186,0.035709619828531006,0.012612130456567809
0.7725752044332209,0.09055181403698516,0.06340598955891505,0.052160980197298146,0.02130601177358075
0.8284776203129132,0.08325163841864322,0.039081716702993076,0.03400845425224241,0.01518057031320815
0.9305025607396671,0.024517104533764152,0.02453827958594124,0.014276927239487144,0.006165127901140384
0.8912147552305609,0.059534776152111155,0.019252483947486618,0.022896654601487407,0.00710133006835382
0.8477079713806596,0.08681715572535498,0.03660527178165782,0.01933004546191743,0.009539555650410274
0.7950975767110767,0.12336234378868886,0.034345337361342786,0.03213770107467635,0.01505704106421516
0.8862141680242209,0.06249212999430392,0.019327436130668774,0.023131575255848365,0.008834690594958073
0.943850638644264,0.030532697169238922,0.01184403326445795,0.00913167523783347,0.0046409556842054766
0.9251514569014851,0.05000327682343927,0.010536016682412429,0.00919394543122011,0.005115304161442862
0.7522925679030241,0.10644541992238118,0.08662962452095203,0.040765112696195226,0.013867274957447492
0.9280722470117918,0.031808571850765806,0.018110227485208383,0.015796949091617173,0.006212004560616925
0.8460598152986141,0.0566715234694376,0.06646571892976874,0.022106191897174055,0.008696750405005529
0.83883344953924,0.06579953294469348,0.06150156588503394,0.02535628147393505,0.008509170157097531
0.9052526531065,0.03563768577323423,0.037544468376050626,0.014963702561332833,0.00660149018288219
0.6771443807281223,0.13641189438621837,0.12741865650268966,0.04433840384007642,0.01468666454289309
0.8792932975605672,0.05134758796419675,0.04486017231987235,0.017597763844587007,0.006901178310776467
0.8472069941219894,0.05858684379796301,0.06847462209160392,0.018198618670324407,0.007532921318119318
0.8902307482878666,0.04268517758159442,0.04065717466764262,0.017566158855732324,0.008860740607164004
0.79064744680124,0.08404205124125139,0.09077860365850508,0.02404612940047064,0.010485768898532819
0.8583926244405793,0.038476345872754926,0.06369203109883789,0.02719931930767613,0.01223967928015182
0.861917816260637,0.05377101596200758,0.04617614921440115,0.02639814764132804,0.011736870921626093
0.836176804109121,0.07636631395674322,0.04013357782347544,0.03296513561226668,0.014358168498393692
0.935302391301451,0.031004632819378364,0.01716800802515232,0.011175491371344963,0.00534947648267308
0.8802366494371433,0.042085508848964844,0.050781107491012445,0.019057055975507733,0.007839678247371761
0.8673673766221874,0.05018282072489169,0.059480128422748225,0.015580206164368005,0.007389468065804639
0.8139008663073483,0.07567717214503261,0.051734449186159555,0.04108958185835799,0.017597930503101492
0.8973737765761809,0.04679912757021815,0.02796223057733531,0.019663808549737396,0.008201056726528485
0.9684361720701888,0.008400699569167783,0.008576829998603866,0.009981140648476714,0.0046051577135627925
0.9177677378850286,0.030945471592651843,0.02051396180102949,0.02164379820315375,0.009129030518136143
0.8640052071177664,0.05158449779176877,0.05058337782852415,0.024809056627317597,0.009017860634622881
0.72282437902132,0.1487130051999783,0.07836671687781918,0.03602640966571603,0.01406948923516656
0.8578547198464807,0.08877470018840362,0.026717288632505866,0.019751736126834476,0.006901555205775549
0.7409826076046223,0.12110518063919504,0.08596081255794467,0.03803170650416519,0.013919692694072925
0.6786573636579841,0.1263239397251369,0.13371935658479359,0.0438316780834706,0.017467661948614824
0.7948857904544241,0.09332121469093445,0.061516219988156,0.03426242758160966,0.01601434728487585
0.880810129473284,0.047870680881033766,0.04110597554173312,0.02034078641384506,0.00987242769010416
0.8807366769997014,0.046836128183225585,0.04547151975349418,0.0194189060353747,0.007536769028203989
0.8222656186373386,0.0528937476874047,0.08322894234829235,0.03102165903551519,0.010590032291449258
0.8251011003515432,0.09841173293899652,0.03867423529474121,0.02437236620720943,0.013440565207509397
0.8117521376712356,0.07867550359017321,0.06727795900940427,0.026806954214022058,0.01548744551516485
0.8359508226849046,0.05771178778895429,0.06978899319764699,0.024702980205345518,0.011845416123148624
0.8595779057789603,0.07433646673930507,0.034638330712942755,0.022008191670024886,0.00943910509876687
0.8678035863338344,0.07241309786961497,0.02160859029023762,0.024704202777956163,0.01347052272835692
0.9360749429802884,0.02963086264824533,0.013743678039846356,0.01348327892633389,0.007067237405286443
0.9069255527170549,0.04054083614087846,0.024101199833433107,0.019458743047190107,0.008973668261443453
0.7890630263229861,0.09240303087983251,0.06611001356449989,0.037404684522674564,0.015019244710007078
0.9002593164105763,0.03360812631712679,0.043229051916632975,0.015721733864755158,0.007181771490908491
0.8463276039381247,0.06713799849495555,0.055842818058988865,0.02027728380378699,0.010414295704144039
0.7064934121836509,0.11848992343251048,0.11843333279304612,0.03816659415846056,0.018416737432331787
0.6496801316711311,0.10803958297694427,0.16838327638577008,0.05128991464196322,0.02260709432419122
0.8194753197055507,0.09615792141489993,0.048403197577892604,0.025337743018954768,0.010625818282702025
0.588294235332562,0.1851446381127179,0.13803325997174926,0.06429415018550495,0.02423371639746604
0.9163308781137557,0.04661135252886337,0.01941570249723794,0.013293119220971343,0.004348947639171751
0.8264395021394755,0.05869588766498928,0.0726215819552313,0.03063094758199891,0.011612080658304859
0.8353225724214753,0.052535794244694706,0.08337747403454965,0.018940514656045796,0.009823644643234432
0.8539660048122973,0.06233551923395369,0.05659376489529992,0.019734895505998832,0.00736981555245049
0.8203609471205695,0.08180437216590122,0.06717270405094342,0.022455948095621528,0.008206028566964407
0.8248029533898689,0.08181343750202959,0.05704037298983773,0.02696661987176913,0.009376616246494766
0.7389364158113801,0.10758143687036478,0.09305604040225632,0.044555399682006946,0.015870707233991633
0.7183961308557975,0.13311231717716993,0.08477233555698857,0.04576004548107125,0.017959170928972975
0.8580009092832147,0.0701668024844453,0.030033547615266762,0.030103778333573902,0.011694962283499139
0.7552520727235136,0.1054267830054838,0.0724618499442946,0.047070146781941574,0.019789147544766416
0.8858025536378461,0.049308259952179766,0.03374863444250304,0.023083977909879067,0.008056574057592183
0.8123852271395288,0.08778664971481419,0.05743116666410829,0.03206611697878352,0.010330839502765223
0.8374292189259358,0.06651215696110933,0.06005560759186152,0.025056176014851685,0.010946840506241725
0.8319095778695741,0.0834256586050563,0.0469393146858749,0.02636893894577573,0.011356509893718976
0.8185812004626755,0.08176493296000031,0.03640686915452809,0.041837681837083286,0.021409315585712865
0.8920677857501127,0.029622987483061455,0.030835916952388593,0.030520382502125885,0.016952927312311822
0.8383721669355397,0.061318593750534105,0.04445923423653399,0.038475294777838925,0.017374710299553203
0.8406504174145816,0.059500334488218495,0.0523858677273815,0.029620970450094073,0.017842409919724196
0.828246947704695,0.09969109650476722,0.037019742204898475,0.022347348032023706,0.012694865553615752
0.8810052739335428,0.04882041888103102,0.03425572196945235,0.02540083902140348,0.010517746194570661
0.820444709745667,0.06950177240193577,0.058151072162185125,0.03789484689941974,0.01400759879079204
0.8195407655841681,0.0767394309838443,0.05043311597223638,0.0363065103576679,0.016980177102083372
0.7445853360357891,0.13313260736722465,0.07533115269552942,0.032582260452006476,0.014368643449450085
0.7464852264923829,0.1322367774573168,0.07045676643402919,0.03164911178315051,0.01917211783312068
0.914190715415053,0.03930094890338077,0.01969445634227597,0.019070741864807055,0.0077431374744830065
0.761528382813594,0.09346601857071299,0.08760109734377328,0.03819486074050354,0.019209640531416203
0.8372203494873773,0.09240573194888894,0.025949905537210723,0.03079212095389773,0.01363189207262508
0.7449574921865547,0.07776206172308645,0.10385084001467197,0.053721583201432214,0.01970802287425478
0.9001988589154308,0.03236127301291549,0.03690326699234801,0.022487210168829194,0.00804939091047658
0.7031388783139365,0.12707250118119634,0.10800838174306783,0.04342313177911705,0.018357106982682392
0.8821469572451133,0.034856547355201224,0.05127406669541905,0.021377108412685236,0.010345320291581148
0.7806697399717236,0.10694211492631069,0.055693945070848384,0.03927989076120546,0.017414309269911814
0.8623628790794883,0.06540021527436557,0.03750952035922341,0.02556499552554775,0.009162389761374908
0.9299545826567348,0.021339365025530892,0.031205086821703164,0.01269022733096319,0.004810738165067748
0.8820375973068301,0.03149609786262483,0.0570157467062825,0.020307521099738234,0.00914303702452442
0.8012630971556669,0.08767196540040563,0.05851172781747947,0.037776072232037425,0.014777137394410543
0.8494943349872874,0.0776447596488341,0.03753735591302109,0.022704485703150916,0.01261906374770628
0.9106121424963001,0.02834558292052979,0.03051915723620307,0.02032889970025459,0.010194217646712272
0.844818684241616,0.050926732333938324,0.05355427985552215,0.03419259308961359,0.01650771047930969
0.865491637971725,0.058008584436950276,0.046401350292892204,0.021146469779805086,0.008951957518627403
0.8814408675823011,0.04023334134413233,0.0537219580349772,0.01731322186096649,0.007290611177622729
0.8449630384768797,0.05433907993693668,0.054687641458161636,0.03137974965399186,0.014630490474030254
0.8408555227815144,0.0717428454533607,0.05293199818837584,0.023697871049879585,0.010771762526869448
0.839692784131545,0.04104463684780057,0.07610854332595911,0.029215588272297834,0.013938447422397436
0.8064088709459009,0.04791047760225616,0.09258233457593006,0.03809531713228726,0.015002999743625617
0.8622611927740458,0.04087761502750147,0.06611209558678253,0.02204323260501299,0.008705864006657302
0.8275609353972131,0.06507827903396936,0.07257169458094957,0.023210377828463,0.011578713159404744
0.7418199518025156,0.1155251010024036,0.08565358098581416,0.041184065098592786,0.015817301110673865
0.8663140268989431,0.05148405577803318,0.0514296957373042,0.020745136976674915,0.010027084609044497
0.9303568749753233,0.032901043362324855,0.020401832877793718,0.010744250491329196,0.00559599829322891
0.8555845484585207,0.05372029273701433,0.05120858086937552,0.025498695232046464,0.013987882703043112
0.9260518162828395,0.02773937145001038,0.02653314589439198,0.0138557735550919,0.00581989281766618
0.8960155789106621,0.03142954122688972,0.04352645145833501,0.020942571004366743,0.008085857399746247
0.7703838768338447,0.06898372752285276,0.09805984508820095,0.0423599862019072,0.02021256435319449
0.8033379209111022,0.0654656528878486,0.07335692108074603,0.034028619520005625,0.02381088560029761
0.8223697600225311,0.07430135750584414,0.049694748700046226,0.03157496633682281,0.022059167434755646
0.8658659500362662,0.053684354824536304,0.045265944928492445,0.02478792755853434,0.010395822652170535
0.7261602031843162,0.08595876868961773,0.11638078991860025,0.050697379395948476,0.020802858811517527
0.856268158398047,0.05790474746004566,0.04124646282391042,0.02927206594203234,0.015308565375964544
0.7828307990244477,0.07896289360378013,0.08204075437139194,0.038685492624067556,0.017480060376312712
0.8043397866558357,0.059335974883981846,0.08890441911779562,0.03307744984520818,0.014342369497178906
0.8757299743937322,0.047977649813167524,0.04769441012362329,0.018945267011649485,0.009652698657827266
0.9092627294320713,0.04032198202522455,0.02551464442180782,0.0160568671618171,0.008843776959079548
0.771090715545877,0.0687369213336745,0.10093582983536814,0.0415739943819057,0.017662538903174565
0.7142123832373536,0.07906521115092072,0.14446767430089152,0.04387733075547762,0.018377400555356593
0.7629637265971565,0.09963269255018688,0.08083505153588896,0.03707140526020917,0.019497124056558648
0.8303973365201153,0.059949796649512256,0.062239074911695634,0.03140050647469549,0.01601328544398146
0.7916308935901583,0.0975580849740924,0.05698072905815092,0.035964539697838,0.017865752679760344
0.9160150692227712,0.04242086038055002,0.023485832429419394,0.012104538016766527,0.005973699950493026
0.9131600109387272,0.037954468761034255,0.0308562979560433,0.012744712866362381,0.005284509477832893
0.8140851561658232,0.08390872142976624,0.04951683746346812,0.03754045404192206,0.014948830899020368
0.8978276774993105,0.0353574164412224,0.038847921910573506,0.017749534664988,0.010217449483905735
0.5493892217822092,0.2433441224267475,0.11220372087418853,0.06159309503837395,0.03346983987848095
0.7913831980807641,0.09812669671610727,0.06299001817035128,0.03130173104531954,0.016198355987457752
0.7378094649382173,0.15478602139654268,0.0454183831576407,0.04144918683192716,0.020536943675672326
0.9260318572883566,0.029095495021393393,0.01798987922532766,0.01834121548163865,0.008541552983283603
0.7605148674450051,0.10607760854410198,0.06339729674605014,0.04513091819701731,0.024879309067825588
0.9043612909494493,0.037865304445979533,0.03447457309879938,0.01704866106506258,0.006250170440709267
0.8833659377839734,0.031430698832504336,0.06069925851552659,0.016934895760333954,0.007569209107661595
0.6789957833031296,0.14872825575805027,0.09564420538741722,0.05627604436416964,0.020355711187233193
0.7830435308627359,0.07220903369340669,0.09084052057715221,0.03683543732622304,0.017071477540482098
0.5790953980409685,0.22711483292484164,0.09445146537121474,0.07227603565628686,0.02706226800668809
0.846960994826325,0.06560496156131629,0.04761356570909356,0.027956687955274048,0.011863789947990934
0.8189599167921509,0.07783315392695772,0.061409558385041876,0.029145115509246474,0.012652255386603157
0.8186087048976729,0.07813990503498189,0.05534496354113762,0.030745347850536505,0.017161078675670863
0.8809969703070905,0.036543908627732415,0.06097221732952261,0.01524211580307326,0.006244787932581443
0.8470761194109255,0.047721027323893835,0.06611904819242952,0.026945239508553234,0.01213856556419796
0.9036764409630892,0.051794000816463015,0.026186888787606503,0.012583739823276823,0.005758929609564375
0.8636274072126174,0.052723116207056865,0.05243496753136448,0.022113208114358875,0.009101300934602385
0.8172664017011243,0.07188278359743687,0.07285868489205324,0.02612335116641835,0.011868778642967035
0.8570279775721197,0.05329111119439036,0.06167867775578166,0.020009459326069026,0.00799277415163896
0.8728142014410311,0.058855985676290565,0.04318568306809526,0.01836777163408914,0.006776358180493959
0.834197413081623,0.06664879047875062,0.06702164965619271,0.022759338892848566,0.009372807890585203
0.8045563869646544,0.08547307909064282,0.06191062736702461,0.03434188758494526,0.013718018992732738
0.6532225408604235,0.15134162541260796,0.1145400988228467,0.059466396928636096,0.02142933797548559
0.7682627021417914,0.09337684182619747,0.09068760533047128,0.03517709990108205,0.012495750800457528
0.7445233645988719,0.1101617146127432,0.08907090918465536,0.04170758265743599,0.014536428946293829
0.71128555961833,0.09069690373152654,0.13586248924091252,0.04395788235398338,0.0181971650552476
0.7638181742104228,0.08390184359575252,0.10541998089165383,0.031261224001332695,0.015598777300838139
0.7429291313249993,0.1045978878667039,0.11104678743072134,0.030574448099897216,0.010851745277678449
0.7942346937585825,0.06541984333242098,0.09805750237971733,0.030258545408158807,0.012029415121120527
0.8777686095761412,0.06345218954873304,0.03418762118595462,0.018546886657276426,0.0060446930318946174
0.9201057760324207,0.03773191938419443,0.028807186384011647,0.009806941096252393,0.003548177103120975
0.8678789681318282,0.06388643634495514,0.04096221819642508,0.019612791340314725,0.007659585986477226
0.8843941623921774,0.03644286363564077,0.05759030375371301,0.01558563703304702,0.005987033185421755
0.9084106673621334,0.03928555580646862,0.03466912869707534,0.01280988566653854,0.0048247624677842035
0.9177386809347547,0.036088640079247045,0.027434376307965396,0.01392784185783698,0.004810460820195568
0.8672166506277017,0.04998429772755817,0.050168003667451964,0.02523575121482473,0.007395296762463498
0.8535710526631772,0.08621753441043083,0.034520267675624064,0.01648593581280746,0.009205209437960448
0.8456762564401695,0.07215803854368981,0.052572069053165416,0.021785864344555345,0.00780777161841949
0.8736404980569956,0.05633716647765171,0.04876574980569411,0.01583703331587205,0.005419552343786419
0.942193879368834,0.017280218587225747,0.025299433645589075,0.010919728605717239,0.004306739792633825
0.8365652419924751,0.06134794073867794,0.07015266466572197,0.023047276012274888,0.008886876590850393
0.790035916036265,0.07025829245885253,0.10196946949102118,0.02623530430066633,0.011501017713195002
0.8563732900866058,0.06988566443656848,0.04820832526332173,0.01784896588534968,0.007683754328154247
0.8306265617584082,0.05164838378688924,0.07870050826748023,0.028403336651520984,0.010621209535701455
0.8773049848463367,0.04488924409793564,0.05575533772099044,0.016499501212392416,0.0055509321223446385
0.8623865183870406,0.06231492162446868,0.049788123686368986,0.01890163548548531,0.0066088008166364145
0.6508989965088875,0.15169281032505633,0.13066915290858946,0.046236927754639535,0.020502112502827175
0.7874942161016997,0.09378742094929146,0.06813773603056672,0.037008192779522324,0.01357243413891981
0.908227888016962,0.04849267590578932,0.03005803465910034,0.010242642934496915,0.0029787584836515318
0.7519664331816287,0.0966931913966302,0.08054415862268541,0.041475505793830254,0.02932071100522561
0.8507127912960997,0.04679245299956354,0.0698711088363928,0.023266301432178522,0.009357345435765592
0.8965007808300962,0.033909289061866944,0.04103076573843702,0.01949073161567189,0.009068432753927946
0.9184766577276924,0.030027800450571938,0.03064269676333422,0.0153374694660199,0.005515375592381562
0.7227029607920077,0.12595765683585763,0.10365971814751056,0.03387198614953624,0.013807678075087804
0.9317409638888684,0.031799370843353374,0.02324289416756004,0.009964463240381295,0.003252307859837052
0.897944595181269,0.037825893094178054,0.04292547562470636,0.01571562579104065,0.005588410308805697
0.7061538739783371,0.14208796735006796,0.08835792622272698,0.04391857289411497,0.019481659554753172
0.875291864520101,0.05173613877985242,0.03945756803605577,0.0238465960812131,0.009667832582777649
0.8046982225387228,0.052681025824739366,0.08555835132071882,0.04179130665769986,0.015271093658119227
0.9314625048109086,0.02156626623215313,0.03031335071144903,0.01205814523033418,0.004599733015154849
0.8374994214710619,0.06704751443726102,0.06485038716551023,0.020907557178840516,0.009695119747326234
0.8066361981286806,0.05942762363159388,0.08539125267237616,0.0312581519833367,0.017286773584012823
0.6747157744408114,0.1284872553652513,0.13121888362776601,0.05147588831063041,0.014102198255540632
0.6973722932122851,0.11553311541083527,0.12622576476671057,0.045105213684432585,0.01576361292573625
0.7884219218713752,0.06733154230579133,0.10914758637911187,0.02488272204837256,0.010216227395349274
0.8888885567519688,0.04120000146766182,0.04830281952290209,0.015547707720387069,0.006060914537080234
0.8105570428137621,0.08644203860852027,0.06700081958432716,0.02479825090239965,0.011201848090990695
0.6613000578318196,0.1448401478696574,0.14846996369596555,0.03133485438959383,0.014054976212963742
0.8817364880217881,0.05337101317339119,0.0354623629325869,0.020464851214829202,0.008965284657404824
0.8403016132348967,0.09155718638035884,0.04125039930941633,0.018627719099626076,0.00826308197570193
0.8118387354423832,0.06480989551468005,0.07999430487446611,0.029572072406236664,0.013784991762233991
0.7421657346146179,0.08954098972742863,0.10687434233401992,0.045349363212905315,0.01606957011102802
0.8331830648751248,0.07711344093188079,0.04573054823634361,0.03414420618849344,0.00982873976815719
0.8998912738710503,0.04078128293063645,0.03804468606587558,0.013938294108829168,0.007344463023608638
0.8639512473861684,0.06050528554893471,0.05742888375233028,0.012328801080784615,0.00578578223178225
0.8903533744138412,0.03801452441798568,0.05186346180416484,0.014561165740516706,0.005207473623491561
0.8900952059593792,0.038636685596183135,0.046484851054758095,0.016679652151803472,0.008103605237876135
0.9071785087062287,0.030702523567798685,0.04363598306845022,0.012591290175559575,0.005891694481962735
0.8255913327008023,0.06494241515252479,0.07753112605632705,0.023706269091086928,0.00822885699925912
0.900261150915963,0.046451115466479204,0.03916624443700845,0.010223451772780745,0.0038980374077687827
0.7996297765715449,0.06131748643028459,0.09753287543762924,0.029237444553661052,0.012282417006880219
0.9205063188264487,0.02581653897050042,0.03547599857234392,0.012473771636968521,0.005727371993738559
0.8642180277575147,0.039613838590496935,0.06237864624910693,0.02504937903530586,0.008740108367575475
0.7990500860907521,0.07099303265225353,0.08093612455243714,0.03448292563954541,0.014537831065011702
0.859762180520047,0.06037372788337258,0.05097917256016175,0.02064395256160267,0.008240966474816057
0.8845498263776069,0.06044246442690229,0.030899859591396968,0.015930905753715877,0.008176943850377849
0.8139155886313709,0.066042655847965,0.0779666126913907,0.03134638692085326,0.010728755908420064
0.9145065145770686,0.033278179515932614,0.03286959753712606,0.01436755076331677,0.004978157606556127
0.9346854801751792,0.024207760205545364,0.028840306675944904,0.008828008754524464,0.0034384441888062446
0.8482508400222895,0.059262811906230776,0.05810569774678039,0.022732973221831158,0.011647677102868329
0.9306030268585193,0.03318635437648326,0.022844761839422797,0.010386937229781441,0.002978919695793188
0.8214171639835076,0.07235304176667876,0.07152265170150879,0.026106838553421906,0.008600303994883048
0.6956861799156935,0.11404953576725838,0.12599249708300397,0.04711856544496564,0.017153221789078594
0.782594300755839,0.04575750964582795,0.12873420317076226,0.03161292698305941,0.011301059444511445
0.8754733231581159,0.04648898156996501,0.04910492966376702,0.01960725719741959,0.00932550841073256
0.6309300338972721,0.14977457853427165,0.15123845262806532,0.048224017908576396,0.019832917031814497
0.8535133583106237,0.0520449311203181,0.0641665433770083,0.021409405069530055,0.008865762122519851
0.861663116947005,0.04117014436956854,0.06822209417091635,0.021418357998402943,0.0075262865141072065
0.8687230074898804,0.053588484432688675,0.05239965340946968,0.018735376785107793,0.006553477882853516
0.8581775351695019,0.07243276900416452,0.05100004061094611,0.013201483676491875,0.005188171538895322
0.8576021321296676,0.05292246547543562,0.061416396514810144,0.020470583311155113,0.007588422568931494
0.752220270038195,0.10675137224934264,0.09258287415127756,0.035636298684178544,0.012809184877006193
0.6449813948461135,0.16334148339720247,0.12522061177237598,0.04664606011547611,0.01981044986883207
0.7890247626000859,0.059410273647287,0.11065725145605594,0.029298004605865596,0.011609707690705356
0.8904196605335043,0.05552554062468053,0.03467403015006448,0.01363796747749659,0.005742801214253981
0.6369081242917661,0.16602688538355068,0.14312064081624676,0.0401921298383507,0.01375221967008555
0.7122092510005705,0.12306416754146228,0.11248770134761536,0.03508110775630285,0.017157772354048965
0.5763820891315093,0.20254143501185265,0.14488237721558192,0.055166165718849657,0.02102793292220644
0.7801344256871268,0.07857323716718413,0.0875936691265608,0.036586357120721016,0.017112310898407194
0.8388503232333674,0.05561828524622936,0.06318103863169995,0.027749454678344592,0.014600898210358587
0.8756148207076502,0.05383701369322953,0.04612510140400748,0.01689186734739744,0.007531196847715431
0.7924995539161368,0.07263043063867405,0.09678090294471109,0.027859311729110284,0.010229800771367877
0.9275981237005625,0.030695441141245054,0.02346946097764873,0.013401266237986483,0.004835707942557362
0.874314018865374,0.044233106197519884,0.04506976324974504,0.024584003696883322,0.011799107990477906
0.8115348792590507,0.0717096556712498,0.07912224308640811,0.026931768946822872,0.010701453036468491
0.8729912554288585,0.053062850030402,0.048247879755971876,0.020135087151470596,0.005562927633297283
0.7784667547737253,0.0724858237307439,0.09943387615673818,0.03683137852300978,0.012782166815782885
0.8981791496839578,0.044918194624096686,0.040101928470744605,0.012472965634686204,0.00432776158651478
0.6711658042096255,0.11031179974450495,0.1452478022906557,0.05665653457832034,0.01661805917689358
0.8002566885775847,0.0794998158641718,0.08237339436871516,0.02639049901211223,0.011479602177416138
0.8260231421425507,0.07804261897687283,0.05246874826629643,0.031821013041408566,0.01164447757287173
0.8793243080863611,0.0480585093387697,0.044930278302913136,0.01901207743842216,0.008674826833534
0.8994196411522046,0.0333739529349082,0.04582481376898323,0.015043328324607481,0.0063382638192963
0.7930266207772251,0.0968079496920372,0.06601944401681095,0.03108080315803971,0.01306518235588679
0.8185751576765352,0.08981492875919789,0.052946301596007175,0.028292584239098178,0.010371027729161453
0.7563033208835491,0.10598220854426171,0.07962621015409732,0.041816841063040844,0.01627141935505106
0.6847623431442854,0.09723759182156079,0.14407614628910018,0.054835215935016716,0.019088702810037116
0.8738480375884511,0.052338922193726,0.049759394157343366,0.01713128618374579,0.006922359876733516
0.8829900360335962,0.032500132976432,0.05082377151725793,0.020248762557641253,0.0134372969150727
0.8432835589236886,0.06093224355443551,0.05522813533975745,0.026612691866255513,0.013943370315862874
0.9473896400508741,0.022933220691317383,0.019714582288729354,0.007349694296263349,0.00261286267281581
0.9073787182328763,0.03594272283608474,0.03425156952210075,0.013818182947091267,0.008608806461847054
0.919326041446634,0.029092430066797716,0.03589141687517707,0.01096521221590981,0.004724899395481117
0.7816061597000122,0.07987366743202118,0.09399494739947195,0.03323046583370726,0.011294759634787413
0.5343142426243347,0.2025955050060501,0.15995813513527865,0.07760776555905209,0.025524351675284572
0.8940723975336898,0.0342007830689737,0.0415479407422374,0.020415561323261312,0.009763317331837879
0.854361948319304,0.06316887645760279,0.05262707795545453,0.022561941271447616,0.007280155996190808
0.847291653404457,0.05511690215429521,0.07033775182919899,0.020105981862338244,0.007147710749710572
0.5994868252623368,0.14407118056464213,0.16595204577682138,0.06670327823776988,0.023786670158429727
0.8216740356352324,0.057022931618453065,0.07274462411267048,0.034439433826073874,0.014118974807570222
0.7400717167503711,0.0817738045539752,0.10889513232423101,0.04837132438327106,0.020888021988151827
0.8638945314514905,0.05773323268217303,0.043810711965470824,0.02619847395376204,0.008363049947103742
0.9098898015118599,0.04327545792731108,0.02568236402772352,0.01598339515025114,0.005168981382854208
0.7879058399284697,0.09669378558944075,0.07850329553630218,0.026428394037450245,0.010468684908337163
0.6823785293674228,0.17023313084342065,0.08166903405267174,0.04875527445242109,0.016964031284063763
0.8093222911497907,0.09064319106887447,0.04906576728550722,0.033189311373359925,0.01777943912246755
0.7349751540101384,0.12181796150702325,0.0909860907377174,0.03928370525115969,0.012937088493961331
0.8918627345629406,0.031759703458215605,0.052489708780120915,0.01765017446520185,0.006237678733521221
0.7742518012142323,0.0877350079995765,0.09109447357729515,0.033073788384986945,0.013844928823909041
0.7357995485170339,0.11322797802508272,0.09429635181856251,0.04079032778715189,0.01588579385216905
0.9322685732216609,0.02410533759612716,0.02839432877715733,0.010757313755340267,0.004474446649714463
0.7580418553152902,0.08464748069961439,0.10024685973878839,0.04078601119690461,0.016277793049402252
0.7587455115141816,0.08118370133750108,0.1080129053391991,0.036228760902916574,0.015829120906201914
0.9179712071324171,0.03698224698835421,0.028954085019918648,0.01215241468479753,0.003940046174512373
0.7863529690936488,0.11178635487047055,0.06797845367372395,0.023876834635373864,0.010005387726782975
0.6796199582874217,0.1823562896743297,0.08225482494734054,0.041203261250107745,0.014565665840800188
0.7064225604766914,0.1047720816687157,0.12773918401596693,0.044079396327655514,0.016986777510970434
0.8380431382630922,0.059934729463321235,0.06552489862454147,0.02530564579167727,0.011191587857367853
0.7641931972500151,0.05711986819370827,0.11479324762661562,0.043291755767183804,0.02060193116247711
0.7957022129915361,0.07981321011163657,0.07529175617937225,0.03556060140722221,0.013632219310232901
0.8689174325860407,0.04867193531004208,0.049398003883183765,0.02335118161483421,0.009661446605898995
0.8773404806349522,0.037014108442918574,0.04542288722753764,0.028446089982126107,0.011776433712465442
0.9444514984460014,0.025183522214757125,0.014865463344523301,0.010174292282647166,0.005325223712070896
0.8576961172657714,0.03968429812047496,0.06618886981942407,0.02355020259156394,0.012880512202765676
0.8564893561740483,0.051263701900564576,0.046035689187970456,0.027733001876550253,0.018478250860866356
0.5049973474806141,0.1465894252130209,0.05783644875254612,0.12564388955129502,0.16493288900252362
0.5746281225312371,0.17440482440301905,0.1302821318911499,0.08364039944555778,0.0370445217290362
0.9050555369635137,0.05035214241228955,0.020762724455161478,0.016432160148382946,0.0073974360206524115
0.8945936339051211,0.07159745129728541,0.01816818510632684,0.010045338610076641,0.005595391081190109
0.92177322438246,0.033582932036762735,0.0234409860533634,0.015062343867686805,0.006140513659727207
0.8680505173812805,0.0626283689198678,0.04714400812056833,0.016441510465070745,0.005735595113212725
0.8544917851390956,0.04792252505532562,0.06721836701970978,0.02289470874092975,0.007472614044939447
0.9118781086424993,0.04293711159882012,0.02737223781008712,0.012606573913721967,0.005205968034871558
0.7268091631052029,0.13338695372922332,0.07261908323103729,0.0499497163404307,0.01723508359410562
0.7861061406063234,0.12477689409468398,0.04746491828312575,0.03157930236406238,0.010072744651804527
0.7911777152761309,0.10833638631558648,0.07095144028365438,0.022778297969183587,0.006756160155444874
0.7414170788704401,0.11608247988358976,0.08010357132561091,0.04213981330987523,0.020257056610484086
0.929083614687751,0.025128658181437055,0.02562906209511759,0.013027509570793863,0.00713115546490031
0.8936382327361234,0.03789365289710518,0.04458033518804439,0.018048561831139287,0.005839217347587673
0.9260991010703057,0.035366443125329945,0.020591152475089,0.013284384006840148,0.00465891932243519
0.8832114009048662,0.05345941116779214,0.029622955694278683,0.025876985298187098,0.007829246934875913
0.8656602140383598,0.05832465584472704,0.04787223977397392,0.02025029049287187,0.007892599850067383
0.9502307382108028,0.017665447850903616,0.015554550161796755,0.013459742485530626,0.0030895212909660846
0.9071800060819598,0.028970617137133926,0.03895387571571139,0.01901425125189134,0.005881249813303539
0.7262417896807586,0.1151384772024632,0.11356342774514203,0.03355501540202776,0.01150128996960856
0.7121249712283904,0.11220736699583428,0.10587141136178418,0.055902837407065385,0.01389341300692571
0.6269655834643483,0.16656805990385481,0.1425694777839588,0.04709560663082949,0.016801272217008667
0.7966688557300547,0.11721761565535238,0.05277638150244759,0.0255774191010452,0.007759728011099895
0.8597844524650935,0.06357797222340528,0.04459168992544915,0.024407682342650196,0.007638203043401755
0.8670952785080267,0.045299715753924184,0.05174544138203835,0.026881164106303847,0.008978400249706987
0.8915666326039053,0.05120387413146079,0.026370014842157688,0.020062130350840812,0.010797348071635723
0.9147840771183025,0.04109307065947645,0.017708529684000888,0.01861555154754614,0.007798770990674244
0.857850186714172,0.05939149914544209,0.03785046294305413,0.029524907349186533,0.015382943848145255
0.8715239397224983,0.03310344682962619,0.05831550818505477,0.024510766827989795,0.012546338434831097
0.8827970755531706,0.037377116729750144,0.05361695193671953,0.019392589341632373,0.006816266438727674
0.6864481747573898,0.11582233639098238,0.13538871227347501,0.04537734940151788,0.016963427176634915
0.7972177649162222,0.08804672351356542,0.07224870161944859,0.032018352200843356,0.010468457749920432
0.6139708392737924,0.15811690978849466,0.15271879391397386,0.05769777439522789,0.01749568262851102
0.7034079999673105,0.10117538998024367,0.12857086074621782,0.04737578864959493,0.019469960656633197
0.7196400276913337,0.11014115960977165,0.1076665774342963,0.04529250970442559,0.017259725560172766
0.8594636980318014,0.04446706179535646,0.0690997091211093,0.018657059796455887,0.008312471255277107
0.7853866237304274,0.07955232015483049,0.07973282281431493,0.040527229868805935,0.014801003431621189
0.8284677294842998,0.05573589964804116,0.06933622417873715,0.03476386701018011,0.011696279678741836
0.8371550127486542,0.06699227794424466,0.057207802961334854,0.028106150637353625,0.010538755708412648
0.6844204970133769,0.12539891963450694,0.12948494793016477,0.04561682572036892,0.015078809701582593
0.8063138636027736,0.07535383944935817,0.0697605254312102,0.03620943741383642,0.012362334102821415
0.8553678581579098,0.0506626224434381,0.05450059654525022,0.03156415491704474,0.007904767936356851
0.7706171782883994,0.09909528383946734,0.0759085452713071,0.04055673200799004,0.01382226059283636
0.8856653103694265,0.050977284048099376,0.03950332446855618,0.018315795472453815,0.00553828564146446
0.9176942210046848,0.025892097558966713,0.024649420550488407,0.021043544510928217,0.01072071637493155
0.8853593869491473,0.040597661666154375,0.040952313138972886,0.020068348482842675,0.013022289762882885
0.828567038511119,0.05144425305151976,0.07177220808168265,0.03704098002171527,0.011175520333963185
0.8268613353692642,0.056629873803002016,0.0817468588750339,0.025857737586750928,0.00890419436594912
0.7864370398168601,0.09389759693131661,0.0738579176368917,0.03405087231908592,0.011756573295845832
0.8850381728718835,0.05175251269359644,0.04540213093339336,0.013725116506993073,0.00408206699413362
0.7162901343402759,0.11965416358891534,0.11038218538523141,0.039516895927891926,0.014156620757685394
0.8489553101197967,0.06463709686114423,0.05603707614477989,0.022949272466110004,0.007421244408169217
0.9070214031592119,0.05496628382655406,0.017336006853811144,0.01592057577410443,0.004755730386318548
0.8143848273837466,0.09531550393835607,0.040545959994582874,0.0373555466342542,0.012398162049060326
0.7324194736489013,0.12494291561006184,0.08946984092045179,0.040007730635635216,0.013160039184950111
0.8856988703523327,0.050297568914714624,0.04048892640181893,0.01656001007102331,0.006954624260110548
0.9073007994793372,0.038763707889548034,0.033844945310395835,0.014731736538560136,0.0053588107821588415
0.8982655711436477,0.04361769363455874,0.02704454790651453,0.022699518815188686,0.00837266850009015
0.8676021947863038,0.058307631129868046,0.03936405696517424,0.023405656106755657,0.011320461011898203
0.8840929243619494,0.038846404390457764,0.039091484047878565,0.027607393159796892,0.010361794039917353
0.8945456589170444,0.04866898658926708,0.02357732777605334,0.023197491400471722,0.010010535317163494
0.9021853223605515,0.04592879305842831,0.030620780880985996,0.015537041497625338,0.005728062202408569
0.8305150245831484,0.04782148381085717,0.06441959138651676,0.04328645381720719,0.013957446402270536
0.8084637454474417,0.07707394074426158,0.05723249409626049,0.0408773017001692,0.016352518011866945
0.7399788558842065,0.07749139077785855,0.10560065397832215,0.05642645714700357,0.02050264221260914
0.698309938629711,0.13401449119674383,0.0886018113115706,0.055938665218130616,0.02313509364384397
0.5721815315854717,0.209783657229065,0.12423265771246088,0.07151800061430862,0.02228415285869376
0.7231688745591571,0.11080557577848499,0.1026246394903227,0.048669125948668075,0.014731784223366863
0.8355158330543776,0.07052841362903747,0.05524811346153169,0.02874165401177014,0.009965985843283034
0.8846912392353681,0.050237575340605,0.036515183415791796,0.021771063988319517,0.006784938019915389
0.7621758025880407,0.08935116402969998,0.10300591668008466,0.0337497353395213,0.011717381362653153
0.9492269053307347,0.0220753876242999,0.01585709419909403,0.009552749321139305,0.0032878635247321915
0.7984166954665811,0.08140944459660941,0.05165865914339551,0.04311661907328047,0.025398581720133567
0.8401628258883402,0.06284772678774851,0.04785436323388749,0.03365573464412658,0.015479349445896963
0.7843328270521808,0.10048182373041245,0.07558194440764114,0.02812112872171952,0.011482276088046268
0.7820156493776516,0.1039106342240454,0.0718014962929099,0.02948652499144977,0.012785695113943295
0.9206809536529291,0.02880930462572685,0.02563170841197857,0.016955875937216435,0.007922157372148929
0.6585013367998469,0.117477849715984,0.146846082581071,0.055462533645842235,0.02171219725725592
0.8899510353615148,0.04300062102065529,0.03802680733170154,0.0207313633770059,0.008290172909122711
0.8018232396240268,0.11635477240638675,0.04716924184612448,0.02429947775754296,0.01035326836591906
0.8543342956756633,0.05165909356346566,0.05242167787339453,0.029442383398000368,0.012142549489476342
0.5933782862171754,0.2013725552877416,0.11757386764852468,0.05986345581078556,0.02781183503577269
