Delta_Power,Theta_Power,Alpha_Power,Beta_Power,Gamma_Power
0.8502057237062459,0.09409763185178106,0.01663452526221841,0.017443368520811,0.021618750658943676
0.8278718253443931,0.10758173729912916,0.024145640371835843,0.020524892188398248,0.01987590479624377
0.9434568677389968,0.03940158633376955,0.00423107641935902,0.006411129879650635,0.006499339628224006
0.9361467142630184,0.0349285177726701,0.007181390819238545,0.010170383353358192,0.011572993791714812
0.9493835697889713,0.024464624408569186,0.008078606489829727,0.010400218745390516,0.007672980567239148
0.9404432868578835,0.03535875480294646,0.00818869465354746,0.008490072016138262,0.007519191669484289
0.9320375914815578,0.027167550415427594,0.011196675573809201,0.012906140547251362,0.016692041981953912
0.9263192377253878,0.04157592150551453,0.01230406359499964,0.008789638694158799,0.011011138479939427
0.8529532218735381,0.06431798881642595,0.02761817190247485,0.02663909831384609,0.028471519093714967
0.9149768436554057,0.057160506265691656,0.010496965030395274,0.009565546161224025,0.007800138887283581
0.8824130388008683,0.053527462426705,0.015212889799231414,0.025421031400424732,0.023425577572770633
0.9326425125117423,0.02525605897757169,0.009820697770781399,0.01731410339030019,0.014966627349604352
0.8673747257614229,0.06074251212641277,0.021764664600515505,0.026180693167113585,0.023937404344535024
0.8286706150701783,0.09141619548235383,0.026723300089098536,0.023471530122880904,0.029718359235488767
0.878705984584081,0.056836250413038684,0.028603943052314826,0.01653881731792389,0.01931500463264159
0.9420910395112672,0.02248658868117867,0.01196086142627866,0.012546382309300273,0.010915128071975198
0.8415362303205427,0.04676849541144589,0.07703471080559805,0.021143101574539955,0.013517461887873505
0.7239838579450742,0.047527592856580994,0.1776735587643299,0.03182756541811339,0.018987425015901366
0.8423522859203986,0.0969924322085389,0.025129981448331985,0.0205566858699077,0.014968614552822819
0.8539443990094736,0.0845950382760416,0.020924281425691197,0.019908565006100033,0.020627716282693383
0.8696233755581232,0.08107776429570164,0.017141542178406768,0.01704581584516105,0.015111502122607284
0.9306085050180785,0.024706812191917206,0.024019324388800393,0.01081971470164944,0.0098456436995548
0.9272708907215552,0.033850476137762854,0.016802369555077714,0.010997401122416123,0.011078862463188066
0.9503456383171224,0.02156403955663892,0.011699695707572629,0.008793393499383463,0.007597232919282547
0.8975209521805618,0.03288252293087896,0.027960346849114304,0.02078177605824624,0.020854401981198728
0.8511809462165051,0.07697651049027555,0.026442522376470736,0.024085327121248962,0.021314693795499853
0.9343062774294865,0.03838203733964153,0.009338870787368954,0.008529267407527637,0.009443547035975455
0.9153477772112837,0.04364238229581476,0.01654152105346446,0.01331346054207191,0.011154858897364821
0.8859205888397067,0.04705024559357762,0.021789840770669443,0.026348531644483766,0.01889079315156235
0.849171774477332,0.06948522213966983,0.022575501648159517,0.033329688460436865,0.02543781327440185
0.8579337380713489,0.08101766533719842,0.01780811005339413,0.021269305374058117,0.02197118116400042
0.7464285136043325,0.05288283561440873,0.16652676331496266,0.020490050674238775,0.013671836792057189
0.7719076277024088,0.08955202252799384,0.09999261964792897,0.024121572675164137,0.01442615744650433
0.9011008713953547,0.043955027253168265,0.02724064922090022,0.015639478822431337,0.012063973308145412
0.9291438991167109,0.02215952275147708,0.013774149207920692,0.018338511045285694,0.016583917878605314
0.830374726947793,0.07759073655049928,0.02659701741859709,0.03711111084249923,0.028326408240611403
0.8027518311820849,0.07961331533070189,0.039780166342100465,0.04583948471583492,0.03201520242927773
0.9111805950958591,0.038419450273545104,0.0190988092214964,0.016886175283685897,0.014414970125413384
0.9382810990821966,0.029509330684505865,0.0075282835794407265,0.014118831572220943,0.010562455081635606
0.739552363773532,0.0995468986188787,0.07569286564813818,0.04511918226593417,0.04008868969351698
0.9216126766601693,0.046917405808499166,0.009403097191272334,0.011396529658087151,0.010670290681972212
0.9374603422662579,0.030482139022102266,0.008663201915909715,0.008799929030709445,0.01459438776502072
0.8997934539767747,0.0537131654484225,0.016598808490406267,0.016827593590932298,0.013066978493464493
0.8630273662825024,0.07086529156081316,0.026877338009961324,0.020734639826840505,0.018495364319882523
0.8563383192920051,0.06965339717957614,0.03297174570529088,0.02413656396156322,0.016899973861564735
0.9253441881988161,0.037197688977159776,0.012089015014021449,0.013991217345685834,0.011377890464316644
0.878018108651884,0.06553825971732574,0.022304758966689934,0.02012016322151018,0.0140187094425904
0.7632630312083444,0.14259396313675318,0.02874151198577728,0.03708155824285142,0.028319935426273857
0.917406656716752,0.032952198577267354,0.022447661635700254,0.014173691420370336,0.01301979164991005
0.938307427599288,0.030924548160574043,0.011793757430610407,0.010450406400268352,0.008523860409259296
0.8925528477238035,0.05844763769459773,0.012539283411685634,0.018031518850184135,0.01842871231972915
0.8149431222573893,0.08479212240749996,0.03338858956522005,0.03339526507854049,0.03348090069135028
0.8273389531544233,0.10451713514573344,0.020191873169200392,0.02507222698796878,0.022879811542674273
0.9156705802591861,0.03612007366551428,0.013597900959984673,0.01770255568765931,0.016908889427655498
0.9197431388731875,0.0321243928513795,0.012958747451806038,0.014389326002300617,0.020784394821326442
0.840083283241339,0.07497709317866012,0.03309472390786963,0.02546993395380078,0.026374965718330538
0.8227965147942475,0.03410945866380989,0.10098997074584001,0.02528020162843708,0.01682385416766526
0.7982736462119766,0.06150613041426168,0.07155172886395364,0.041026493134815295,0.027642001374992703
0.8989296731323819,0.0551419590467554,0.01697331786418012,0.015313068721243652,0.013641981235438956
0.9641596799277304,0.011633200135341309,0.008346555003856344,0.00872939201322736,0.007131172919844693
0.8498280119513907,0.09320015257280384,0.020188328165038887,0.019955988200383093,0.01682751911038361
0.9288702565657485,0.034210837482427925,0.0130746777611532,0.012334940161183786,0.011509288029486392
0.9107434885996685,0.04721452382091932,0.013559876078950558,0.015864334621812404,0.012617776878649076
0.9638549501667366,0.012355870793606697,0.006978440960203262,0.007875578641033425,0.008935159438420003
0.925373759512679,0.04277167713903572,0.01202383782900778,0.009331809523390057,0.01049891599588739
0.7569436751163048,0.15482092129294733,0.030119497196043888,0.031301709154919935,0.026814197239783975
0.8756018538513927,0.06534928432137653,0.020694351990051332,0.020776741479230948,0.01757776835794859
0.8744351583919768,0.07151649641071955,0.016883286560568367,0.019377792203602348,0.017787266433133067
0.9597800141641684,0.022752806034544035,0.005018723146397383,0.005765853316200804,0.006682603338689342
0.8779251484116789,0.07429848049872857,0.010461104417878876,0.021570003077125047,0.015745263594588593
0.9138868749936282,0.04462063151992227,0.012556393336062942,0.013894221616505218,0.015041878533881389
0.8971527489106444,0.058942928640376466,0.011720528788690267,0.018179395201931535,0.014004398458357426
0.8717108511598812,0.06646547983375459,0.021069742330612026,0.019923581494391836,0.020830345181360507
0.8681488295092514,0.06928789021766664,0.01979995173099064,0.02276757734630951,0.019995751195781803
0.8517066841657603,0.07587716883719808,0.02441647776089181,0.020943042002168507,0.027056627233981296
0.9267694507857863,0.029277245810293066,0.015683514102284933,0.016319677508123846,0.011950111793511837
0.9399224178656517,0.0230098177943472,0.014001852878056815,0.01445796671706393,0.008607944744880486
0.873994588649528,0.04290381229281174,0.030993782659667804,0.02940607292385914,0.0227017434741335
0.8775310177856939,0.06952542921423491,0.017001920071272096,0.01972894702659089,0.016212685902208226
0.9050355088979849,0.0568966016450247,0.013018264042523972,0.012719909865534278,0.012329715548932281
0.9115558774420908,0.05213241571009662,0.011433426984989344,0.01295681361360569,0.011921466249217744
0.9579085591987053,0.021945528153899014,0.007166033863543297,0.006174536421860215,0.006805342361992071
0.9434359210718489,0.02557373204138701,0.009480461750836259,0.010718639905399788,0.010791245230527812
0.9241516280105334,0.03151944038026103,0.013799208690847485,0.010985737006063439,0.019543985912294514
0.7909199070824138,0.11539901504993585,0.03344106634087877,0.028286414296620214,0.031953597230151204
0.8602325061163834,0.07197159501420805,0.03641417218997544,0.016209629304674043,0.015172097374759302
0.9315992476728069,0.03049177864561618,0.025891927605122107,0.0073438605135103755,0.004673185562944353
0.9353788309131245,0.032221617903324964,0.016476353514874833,0.00712992883959041,0.008793268829085174
0.8726785740152023,0.05600078296756236,0.03167642342472723,0.021327558381680507,0.018316661210827877
0.7446482256612572,0.14703385396760346,0.03929815555567096,0.03140733358039639,0.03761243123507209
0.8623847540461386,0.08832884824876633,0.015535559194250908,0.017891554103014972,0.01585928440782917
0.8433738994378814,0.08313365072481001,0.033416620117501225,0.021344938500801852,0.018730891219005546
0.9614652678880544,0.016425040981802707,0.008478702677879755,0.007353957224609458,0.006277031227653796
0.9343461224229469,0.028421381535329644,0.014061072724513431,0.011243649994387312,0.011927773322822598
0.9114473130955077,0.04504502259680928,0.015559138939116713,0.017952845200418115,0.009995680168148167
0.8760978016549836,0.06383027507815547,0.02153437806131879,0.02009019190745213,0.018447353298089865
0.9186898934168455,0.036233066762716225,0.01629525322570636,0.018230472083501693,0.010551314511230314
0.7809365184089615,0.1141617072672587,0.039687134921493276,0.036728136748436606,0.02848650265384965
0.8064770840515805,0.06905994196292906,0.030152981794577313,0.047040029358489555,0.04726996283242348
0.8472437051868937,0.07131513569071284,0.03363296281762477,0.025029440419913257,0.02277875588485548
0.9633074210770916,0.015041462606264974,0.00907392442850787,0.00549344646064701,0.007083745427488581
0.8987839122240552,0.04913125051406923,0.016453710965790683,0.01803412305620379,0.017597003239881084
0.855459032377081,0.07821970812339239,0.023343674447561167,0.024280807393431036,0.018696777658534457
0.8999559102853004,0.03444355559104982,0.024163466164279144,0.024046789347612826,0.017390278611757518
0.9183428516473009,0.04249824045399275,0.01155794423227273,0.013511375720146539,0.014089587946287173
0.8846257016579431,0.07950379968202449,0.012559965791814709,0.011809470349734546,0.011501062518483086
0.789719719733394,0.09170990474470267,0.05373495388812935,0.037814802062688065,0.02702061957108545
0.7578567014377713,0.14202496693458505,0.0372039460934055,0.035754080397296176,0.02716030513694187
0.8886395532944168,0.06056786121107767,0.018977470547000826,0.017596049974773865,0.01421906497273093
0.8992418565601312,0.05352396018075631,0.014970480815061254,0.01689257967745201,0.01537112276659934
0.9348610796796266,0.03478794181207873,0.012942878880911259,0.009453093051261883,0.007955006576121828
0.8899985093238236,0.0594159567549002,0.021211695083749836,0.017112097604805445,0.012261741232720752
0.8784971537033548,0.055640020046261326,0.025824310005961446,0.02200245249561541,0.01803606374880708
0.8679503454482932,0.06498901360271081,0.021307045487804727,0.023872988605891942,0.02188060685529941
0.8833088347298794,0.053420144048256124,0.024403712710346984,0.01823868211410327,0.02062862639741424
0.8965228037960993,0.06553224114123286,0.01679884107296956,0.011397144640378581,0.009748969349319672
0.9359921410352802,0.03301585771671859,0.014535738440882927,0.010010112026941862,0.006446150780176308
0.7928482169265193,0.10223278098448028,0.04652165976988307,0.03344212103650666,0.024955221282610806
0.9629781409751458,0.012376935786637929,0.00934693609438444,0.009404676670682514,0.0058933104731491975
0.9508397379693749,0.018301019953820975,0.015234606416799485,0.010126398447092864,0.005498237212911512
0.8698367057701808,0.01897327775678684,0.07694766590061201,0.022834054238613035,0.011408296333807438
0.8058733448128688,0.04708557474214429,0.1076579455748865,0.026107175265117417,0.013275959604982889
0.8024718777966354,0.042711158249463754,0.11050194798504939,0.028902667937464873,0.015412348031386552
0.9121694051269149,0.03462194907999869,0.03036480989762305,0.014604798747704583,0.008239037147759096
0.8617384368271412,0.07514874248845486,0.0293349165200158,0.019603149364093516,0.014174754800294535
0.895599091205478,0.06849328499692929,0.015183298783268578,0.010368914484969663,0.010355410529354658
0.8838203420549465,0.06710168637428035,0.020947562581026848,0.017308321233127262,0.010822087756619195
0.8964803958707058,0.04346524719671305,0.028367952777785005,0.018623662986895086,0.01306274116790101
0.887943720219088,0.038752169388055396,0.04181370146534304,0.017894679674855883,0.013595729252657623
0.9277210496577657,0.027921393888657692,0.022620550427550158,0.014084824667059256,0.007652181358967176
0.9147089470859172,0.03332450813247082,0.01390929280419786,0.013546915862869026,0.02451033611454507
0.9570587081145882,0.021131306185440853,0.00951007657250748,0.006682432788747615,0.005617476338715926
0.9461008676384479,0.025757320636416364,0.01237169449415354,0.008353762544602305,0.007416354686379942
0.8918415539241449,0.043113430003662676,0.03434190689006193,0.016473120152824827,0.014229989029305704
0.8219797347927862,0.08910614185640889,0.04137591812694048,0.02857592752674705,0.01896227769711745
0.9010804273541533,0.041915605566366525,0.026706962554709415,0.01767678125173189,0.012620223273038687
0.8721325999129487,0.06048193491118272,0.02753368717456118,0.021057994935222753,0.01879378306608455
0.8884696436524389,0.060858616603238394,0.015152118365467242,0.023527168784692843,0.011992452594162453
0.9419942417068102,0.028646172697530337,0.013192880838468033,0.008359533627834212,0.007807171129356995
0.8755485133055534,0.06837002505834204,0.021232985944689642,0.020100873872284746,0.014747601819129945
0.9448223885915911,0.0241655045967609,0.01278098929834302,0.011171834108448839,0.007059283404856026
0.8773411431025783,0.07284705652906122,0.019586362488401902,0.017808020325800422,0.012417417554158379
0.8815774145895856,0.06955766873674624,0.018611380925363085,0.017869293634370325,0.012384242113934824
0.8638417760415192,0.05981676493476519,0.033049544959106676,0.029135181482516453,0.014156732582092236
0.9585792364512788,0.016907613688102705,0.010619382337601548,0.007174052085261286,0.006719715437755805
0.8698382233858247,0.04800657441873875,0.05715992952888831,0.01858072355636293,0.006414549110185075
0.68999158331871,0.07020154907632983,0.18657265042844076,0.03955737217512257,0.013676845001396673
0.7505585758422584,0.050543563761043804,0.15385464184869518,0.02868070712789918,0.016362511420103445
0.8207234504553376,0.06625326796036846,0.05822325688567294,0.035546337603675315,0.019253687094945734
0.6468676223978969,0.08102514355440078,0.14688958083613265,0.06807489739184516,0.05714275581972458
0.8485358686702739,0.051858310145241816,0.0587553410255656,0.024639806771120827,0.016210673387798108
0.9037650329516564,0.0346650717399633,0.024670099313602773,0.019871954387600286,0.017027841607177182
0.8535244471150824,0.06751721837992351,0.031737168827995876,0.023088714550762716,0.024132451126235546
0.7686621125312166,0.1139696617335176,0.0673296775531173,0.029739469847982352,0.020299078334166092
0.9604229780545139,0.013110877713517414,0.012133739524477934,0.008023891707445737,0.006308513000044875
0.8822191567464791,0.052394925064675704,0.023715314051141693,0.02682959773078019,0.01484100640692327
0.9046751940623645,0.05331914837584337,0.022719938920321082,0.011401626194199233,0.007884092447272032
0.920274078298164,0.04588739604351538,0.012399986597647508,0.011838931476941093,0.009599607583732213
0.8989092699644222,0.037116757055541884,0.027088451357377027,0.023264078240802004,0.01362144338185685
0.9030724662043804,0.06589852595847424,0.009304998995468565,0.011943962472691621,0.009780046368985294
0.8871041277601255,0.06656498868335757,0.019221235599864724,0.014886837733694761,0.0122228102229576
0.8500625532260166,0.06584672961014361,0.029373797170527623,0.034622194853330235,0.020094725139982016
0.8865591205306371,0.039070159503160284,0.03801769929630067,0.021734798307352872,0.014618222362549095
0.7965415288442149,0.07896139497202236,0.06367424696453086,0.04053032285195332,0.02029250636727857
0.8117768594795766,0.05310434660611935,0.06103532069214473,0.030268941957615435,0.04381453126454409
0.8689698653312132,0.05294725586052579,0.038176214291010376,0.01975704683365899,0.02014961768359149
0.6554335251088826,0.07720382474515251,0.19751530940569825,0.04455001420278024,0.025297326537486047
0.795783418688124,0.0869961953792678,0.07343534019905384,0.026442968934351826,0.01734207679920266
0.7385432257255047,0.06970480099197805,0.1332401560187861,0.03431974258331788,0.024192074680413313
0.852076773252907,0.02072588936020704,0.09453963781324998,0.02363922436550915,0.00901847520812673
0.7932146844283512,0.024950410356990395,0.14388831567173224,0.02302827596091437,0.014918313582011773
0.9408358882045249,0.02291766589630873,0.023230811550756188,0.008408433438168009,0.004607200910242022
0.89287744686094,0.06060214494712242,0.020957622813057263,0.013432121626700532,0.012130663752179879
0.8550003843624168,0.017258627544639565,0.06691833828878178,0.03452791914882286,0.02629473065533907
0.7885292141629973,0.12231500056606182,0.041603491874074174,0.02775975332146688,0.01979254007539982
0.9201486287558489,0.033451943416079204,0.013364565990498354,0.016030530736038533,0.017004331101535177
0.8651086689131331,0.053787579052574766,0.03302836143430734,0.026210224553763223,0.02186516604622152
0.816170150066679,0.0537421030155202,0.058821766485879855,0.03686272553191618,0.0344032549000049
0.8769129593924228,0.039931675891605754,0.05243572118444066,0.017057627721852493,0.013662015809678404
0.8996396886529784,0.02756732948029308,0.03039401335250292,0.028213645347164532,0.014185323167061267
0.8270523372297716,0.05614249068392345,0.06503380048920596,0.031191850046915683,0.020579521550183357
0.9088651481801279,0.03414949914507451,0.03893162195937016,0.010935580441047947,0.007118150274379608
0.8651381881701025,0.054281034012639846,0.04227506404185775,0.022764903488052955,0.015540810287346942
0.7780534517604054,0.056194364912717364,0.105030022843136,0.041664224568861395,0.01905793591487972
0.84645794398667,0.05764729520985321,0.05945846115700998,0.025905466900546466,0.010530832745920203
0.620360741665125,0.09988225603625471,0.2207257525445366,0.04329276843939037,0.0157384813146934
0.7093255197003571,0.030361170627750254,0.18986273167952863,0.05059694938108349,0.01985362861128061
0.8066242738406587,0.029892162597640402,0.13095839779421214,0.023164765681630405,0.009360400085858336
0.9251084488812555,0.02704847413096077,0.026427725795128358,0.0130466525279555,0.008368698664699883
0.8838573480026543,0.0294218966856169,0.04957351439672661,0.023447515530797013,0.013699725384205183
0.8226160553925822,0.06215700032515457,0.06384256174213879,0.030962042209031922,0.020422340331092546
0.9390097294314326,0.024456821894673172,0.02157343265194871,0.008854406902941935,0.006105609119003482
0.8118828956194427,0.06828885057370283,0.07290202507311452,0.028650306254660585,0.018275922479079165
0.9273322613318737,0.02093779276966378,0.030739354180371038,0.013101241028457717,0.00788935068963382
0.8976358617586518,0.04435057306488155,0.025444445068399303,0.0205199268231565,0.012049193284910704
0.9464203021893445,0.014363542720178831,0.01829636461427275,0.012820308689248175,0.008099481786955765
0.9093220999585055,0.03047649795978525,0.03274709980564227,0.015639411856641878,0.011814890419424861
0.9030814631766201,0.05673728154657266,0.015991882726745805,0.013690752008180766,0.010498620541880598
0.9229475521675915,0.037948236849870504,0.012847511304980875,0.01571422587327131,0.010542473804285657
0.859403176876617,0.04724476026726457,0.046890701179874664,0.028509854999147308,0.0179515066770966
0.9362160667956506,0.029211914746785424,0.01701076236726298,0.009136436849703774,0.008424819240597082
0.8579895407597133,0.054528420588131996,0.0313804600989181,0.029720203770944992,0.0263813747822915
0.7490845413021647,0.13018152002144795,0.047143557454384276,0.046949757896225554,0.026640623325777494
0.834764464226916,0.03607231570933704,0.08176558329894802,0.03212754137797848,0.015270095386820295
0.7831940866107151,0.08992609510583811,0.06358502970523136,0.040622489233771764,0.022672299344443505
0.9069743202157906,0.052036030216416396,0.015215818280909578,0.015535251747446908,0.010238579539436497
0.8821726639158957,0.05804680097841937,0.029443112167825487,0.016300418739459005,0.014037004198400512
0.8919951019934387,0.02567303759460656,0.05449160588889285,0.017982451858581255,0.009857802664480652
0.8993649975581737,0.02375050030537039,0.03837971519369446,0.02367090358651002,0.014833883356251453
0.8613096745603368,0.04264508823826565,0.04216937259980751,0.032895796323133546,0.020980068278456325
0.9111173388742203,0.024692404728922795,0.02830437976651041,0.0195780769787325,0.016307799651613955
0.94889236846221,0.016983750212671886,0.013882949017105971,0.011568388018017304,0.008672544289994645
0.8316994623573367,0.08363216919286992,0.04334248496582635,0.026148408390067306,0.015177475093899615
0.9013317050276445,0.047033935360689956,0.020473593234774486,0.018338195031744227,0.012822571345146866
0.923902136561033,0.03175834774264081,0.020718320317444198,0.0145379675904258,0.009083227788456024
0.8909143026613824,0.048787500925665646,0.027622634014946877,0.018956400654313903,0.013719161743691297
0.8622687543613486,0.055525923048327236,0.025508381207529362,0.03724861106761503,0.019448330315179608
0.9204447513342433,0.03652406805078641,0.012863450397868995,0.016578191790110164,0.013589538426991114
0.9129202627513268,0.03880715766998263,0.013392412938814538,0.0205181504844934,0.014362016155382672
0.8990120156790579,0.05086183142097939,0.017293810494566558,0.018703243751286153,0.014129098654109964
0.8833201009735445,0.07552583175884062,0.014080020376868719,0.0157146148518897,0.01135943203885646
0.9372718526739953,0.01759271676250243,0.016281692368000908,0.016328366637660303,0.012525371557840973
0.6506762471975109,0.05013972341166548,0.02458026149247623,0.059220590548688244,0.21538317734965895
0.8924757785008084,0.058667275051712015,0.018299587926145767,0.016978318187955515,0.013579040333378345
0.9005011771604161,0.055082373346527984,0.020856309370920267,0.014471296530536807,0.0090888435915987
0.9063256707457505,0.028874585907258315,0.031186877036173743,0.021804791670595087,0.011808074640222306
0.8946117458882124,0.03017796531598314,0.01873304073966667,0.022995440701234743,0.0334818073549032
0.867674842695099,0.08971670826714301,0.016574879330702574,0.013835272934276036,0.012198296772779548
0.7746362612673326,0.12912025452733294,0.04061503150073638,0.03148472523877202,0.024143727465826072
0.8616577135507599,0.06688829314381158,0.029344810038654207,0.02493594129383345,0.01717324197294088
0.840008279619203,0.0768080172424798,0.029695879243603316,0.028211701724002242,0.02527612217071157
0.834030798337885,0.06780510601781849,0.029763453565268196,0.04131452695396535,0.027086115125062992
0.8445410525723531,0.07659223764897255,0.0234873253293094,0.031060491077590346,0.024318893371774706
0.8467916233621561,0.07017274234889485,0.030463065074976044,0.02671342757846541,0.02585914163550778
0.832905729066954,0.08201075836775225,0.03533541892190523,0.029082560127678875,0.02066553351570959
0.7995266762056922,0.10241150035006286,0.04059077086429652,0.031593684042320234,0.025877368537628113
0.89589795014574,0.04054646572099511,0.02285031815141771,0.0217065634424232,0.01899870253942403
0.7851939878407789,0.09958604806615909,0.036423067698341964,0.04593413312513064,0.03286276326958957
0.8575330403631667,0.07554634981026044,0.021676955481110854,0.027815746574978848,0.017427907770483277
0.9276014383075422,0.026578277448465925,0.019716722729729567,0.017500027415875453,0.008603534098386838
0.807471067188366,0.04738255257882314,0.0839004824092924,0.04302909321820196,0.01821680460531636
0.7485010957904483,0.05814554253277196,0.14453654281757478,0.033318054572369527,0.015498764286835318
0.4925425919188925,0.06586037898961088,0.34876823488096564,0.06443197444120934,0.028396819769321784
0.9079287317228406,0.036492166732303044,0.03589832710379224,0.012114631429027693,0.007566143012036443
0.7581173225554104,0.10189000436562899,0.06113719154559822,0.04141468281378999,0.03744079871957222
0.8662034713040402,0.06835387109519359,0.024004611497085337,0.024527695300586305,0.016910350803094592
0.9152769029067876,0.044973038932683056,0.015868526394698643,0.014259147718052544,0.009622384047777967
0.9451609538995798,0.034785829661799744,0.008076874448647783,0.006473100981898432,0.005503241008074314
0.8229214840637873,0.06406602439671102,0.05285881514800665,0.033856111180620714,0.02629756521087419
0.8437316742639144,0.06934949462161151,0.029463406325876105,0.03454433999974385,0.022911084788854293
0.7215085616345264,0.08223824979388963,0.13730334577426723,0.0347860804263873,0.024163762370929407
0.8410381957134752,0.05292390628320857,0.08325392132654505,0.014593311299571964,0.008190665377199422
0.9240838384806286,0.028318753950185852,0.02697539092304907,0.013192394966562002,0.0074296216795743395
0.8900063012951325,0.03982078957869941,0.03795237174886908,0.019783250481754066,0.012437286895544929
0.9609686837361219,0.019610435635051316,0.010145456559929766,0.0057553433172677455,0.0035200807516291336
0.8696636471201442,0.06167393430949787,0.043327394492305306,0.015676195169266206,0.009658828908786318
0.844858375227769,0.05161289504013217,0.05236132713524498,0.031384991536388344,0.019782411060465806
0.9048490863911198,0.021973996168012617,0.03533823789545694,0.02744618758755101,0.010392491957859722
0.8634229483018334,0.030512591105030202,0.07367400456604321,0.022458222216539276,0.009932233810554024
0.88243061804954,0.04077472152064736,0.05202879208424626,0.015850252397325425,0.008915615948240821
0.7601947514368049,0.10059787642459037,0.07600793990222514,0.037208547504908505,0.025990884731471067
0.7390327438013636,0.08210511405825226,0.1139070166956795,0.04093809232607437,0.024017033118630418
0.8887988599808054,0.031173810230149604,0.04624855210861167,0.02240917203378423,0.011369605646649168
0.8964169609205969,0.04599885157960278,0.03477279633267402,0.013932240072664108,0.008879151094461905
0.6520686542348485,0.08347132627856126,0.1812942504889722,0.05440751537301984,0.0287582536245981
0.8323059162137941,0.044615345871170144,0.0689029402214457,0.03186019810532341,0.02231559958826658
0.8338808687043162,0.0599717695737109,0.05998667446166628,0.029123750116665917,0.01703693714364059
0.872022946526787,0.05592053751488773,0.03176352756792202,0.024195142216049664,0.01609784617435363
0.8854604079139823,0.04234863421146183,0.02832085521973781,0.02709729695427792,0.016772805700540228
0.8570033182773278,0.07902948682382685,0.02451068715537603,0.02202243208264044,0.017434075660828992
0.8667951709893141,0.06842404307985898,0.03109689035294836,0.019431100274133348,0.014252795303745052
0.8044592824689092,0.10635755880290643,0.04513390023956247,0.024434912433647656,0.019614346054974533
0.8979564065213569,0.04778548379502206,0.013943979948477491,0.019823056647475225,0.020491073087668347
0.8626073597590388,0.07766409103063843,0.020543480536395202,0.01728713481680022,0.021897933857127273
0.8664668064139102,0.04726204921902278,0.03172452142501424,0.03337619389824492,0.021170429043807764
0.9501290975816746,0.024805106688954474,0.009228937514085564,0.010357546944547831,0.005479311270737734
0.881240841844038,0.06300005157796632,0.02814415742076456,0.015565467936432532,0.012049481220798608
0.9438335073420712,0.01482296421080954,0.019023800572665985,0.014115479430010099,0.008204248444443337
0.929389810075727,0.03163737258072153,0.01475049021269049,0.014945309213325262,0.00927701791753547
0.9268255288783422,0.03609358078012548,0.010006447716250835,0.016766869954658124,0.010307572670623254
0.8133430328811192,0.0811090039363648,0.04060039085082796,0.0353444059286301,0.029603166403058004
0.8244431286870825,0.10445639529729368,0.02421245197653476,0.025683132319480988,0.021204891719608078
0.8664736395130573,0.05341770968124801,0.03715823065466554,0.024442293812092765,0.018508126338936476
0.8846412482943927,0.052880616476691504,0.027702973890051455,0.01933778815265315,0.015437373186211394
0.9409877255205411,0.009937129637784283,0.03640777109944916,0.007605765556501488,0.005061608185724021
0.7178968190568327,0.07757774939286347,0.15532219964894106,0.03427510117466483,0.014928130726698012
0.8812024004646412,0.014968668350339625,0.0713620361466784,0.021266995440888104,0.011199899597452462
0.8073423240904044,0.053072561914017005,0.08566900704615726,0.030843774304315588,0.023072332645105765
0.9330471741723151,0.024188383126663326,0.0225150258009743,0.010169385233701495,0.010080031666345728
0.9252234674736245,0.04086611671453617,0.01698298960065488,0.010199206627475236,0.006728219583709077
0.9105644325915864,0.040665128101912536,0.01821181010240849,0.018777212771916938,0.011781416432175422
0.8588228722232748,0.07802983206095833,0.02449350466119178,0.0214535443423398,0.01720024671223533
0.8396276651478131,0.06514386152879471,0.034817088876110555,0.029117981083207033,0.031293403364074365
0.8967301869993928,0.031723559796065136,0.013856275880851945,0.023901051727734955,0.03378892559595533
0.9462195930241155,0.019266276417672833,0.015029671614252086,0.010222872939920122,0.009261586004039115
0.8837948891880065,0.053868412658133295,0.019866304391677914,0.02473605074723816,0.01773434301494436
0.8732464629734663,0.06917064906781673,0.025375958662394515,0.01880361529898271,0.013403313997339522
0.7947552920390691,0.09284117976662751,0.04359745831264387,0.04272860996790758,0.02607745991375184
0.7435595593327761,0.10329749558917443,0.07585041985168116,0.049266516650678306,0.028026008575689664
0.8522522198999275,0.04158379026513314,0.07363928489094572,0.01993194694940392,0.012592757994589854
0.7303805403766979,0.1437695703836599,0.06419143408037283,0.033699656270121406,0.02795879888914785
0.9331182677209112,0.028840004910567124,0.01828360716215553,0.011482770837736602,0.008275349368629456
0.8540398446409744,0.0679738463760935,0.02947517862502318,0.030660391154013665,0.01785073920389533
0.9106894306161614,0.02847598852452983,0.03184332128481519,0.017224810104215452,0.011766449470278401
0.8179071703321158,0.08973743122682343,0.03827384476269356,0.034123342321502735,0.01995821135686449
0.8327415113690882,0.08806109091345704,0.03779495850846987,0.024833658822455463,0.01656878038652947
0.8934383451374039,0.05025756710139121,0.029229072772756118,0.014888845475584484,0.012186169512864418
0.9412059129883056,0.027570925892184656,0.013402543980185422,0.010807546941215202,0.007013070198109203
0.9199371645238044,0.03336234348682884,0.017177423364152757,0.016218277322432625,0.01330479130278125
0.9111348321762706,0.03929854900138243,0.01559897031342991,0.02066708001916126,0.013300568489755606
0.8256721402984424,0.07048086089960981,0.045333854346875944,0.03717255149379373,0.02134059296127819
0.8507393861030431,0.07114886753075608,0.034956940307526656,0.02278463824622501,0.020370167812449057
0.8785370609144915,0.05839381659633343,0.028988096008549548,0.01936736279217011,0.014713663688455688
0.9355223048157641,0.02579066074749902,0.014476479150269297,0.01283384144905503,0.011376713837412483
0.9117100402069324,0.0428359022016994,0.022204951475992846,0.01401111665658146,0.009237989458793987
0.9387586558853829,0.01855104608670547,0.020748792270025164,0.011405160364102166,0.010536345393784214
0.8962969668688434,0.033887590228558355,0.03795673564697466,0.020232338496049013,0.011626368759574492
0.7891514385142249,0.06319717074467404,0.0824170843446408,0.04452258570355545,0.020711720692904795
0.8640654029238243,0.05171232773338302,0.0444522772141066,0.023922351356947535,0.015847640771738492
0.8420582556562716,0.0834830145006423,0.026055528091850518,0.028524327342222888,0.019878874409012783
0.87910014436774,0.04431167203420229,0.03323560955079859,0.021752666229917186,0.021599907817341807
0.8250891227322361,0.07953428996804791,0.03983698409343997,0.02749842854127473,0.02804117466500133
0.8614965792704822,0.08269214354763646,0.022482757802805384,0.018482224404459513,0.01484629497461644
0.8002043657052506,0.05775025577481238,0.05546385568389259,0.05143999410764646,0.03514152872839792
0.9154114123005682,0.031492953247370344,0.026334486446159273,0.013338787944543505,0.013422360061358662
0.933500398176186,0.029391137018685398,0.014691413867407,0.012786211129063451,0.009630839808657993
0.939239969613769,0.014208887796801102,0.020237864598033246,0.014222032232039161,0.01209124575935742
0.8896784178046172,0.045563529170887906,0.025557301728999365,0.01901860153301246,0.02018214976248261
0.9062018874109847,0.03603998130283269,0.027890975010064083,0.015479162979004727,0.014387993297113984
0.9422862038588634,0.024489841553135435,0.013618572423194687,0.011905577958420465,0.007699804206386001
0.946474820523505,0.024107365705123146,0.0100176491754038,0.011531009573343702,0.007869155022624143
0.8459171773695293,0.08297806314215524,0.033079820778151255,0.022655992128557272,0.015368946581606932
0.8578957700821646,0.07283169786667536,0.02966322806086976,0.01963252025583078,0.01997678373445969
0.9187086704293499,0.014364288415398902,0.03127737777041688,0.019477475936612466,0.0161721874482217
0.8498022185292101,0.0516383667755355,0.04226567278747135,0.033801581553960666,0.022492160353822444
0.7225481842463727,0.061151340661011536,0.14055432621383415,0.0507221159887931,0.025024032889988595
0.8841826532129256,0.037501842819894986,0.04666749072052824,0.019804295545058515,0.011843717701592664
0.8285108887126239,0.052428181285281435,0.0700168783239769,0.032356838414739596,0.01668721326337807
0.9040429749541988,0.03540741112692234,0.027991407539645033,0.019094991914853407,0.013463214464380098
0.8970368060510643,0.05790584544350044,0.01711465729509811,0.014984695162541741,0.012957996047795548
0.8941204869951299,0.051608795507889015,0.01991882742048118,0.018281649170583014,0.0160702409059168
0.9199867428533978,0.05052037661511481,0.012708670118140664,0.00984411423549195,0.0069400961778550135
0.9301038992819227,0.027642351366500253,0.014623522368273975,0.016360986331026336,0.011269240652276823
0.9198298029091674,0.04524120895639113,0.012390320899952966,0.012541819278014142,0.009996847956474084
0.9744226937686793,0.010586569312099742,0.0033401917969991483,0.006399793592590464,0.005250751529631507
0.9211663775043232,0.019233264339006947,0.0237628625448858,0.02206384412870665,0.013773651483077121
0.8564017282097115,0.041901160166631715,0.029133387619337064,0.030075770161706757,0.04248795384261284
0.8445294757259175,0.05273398417101875,0.04557122557343744,0.02855413501175168,0.028611179517874518
0.7281193315480923,0.15733125841870013,0.043837395642986186,0.043542123296120755,0.02716989109410072
0.7340876377774787,0.15440437334715043,0.03977742927840769,0.0391410639715844,0.03258949562537884
0.935279662979213,0.03219955675625796,0.011276820136327649,0.011758976560265108,0.009484983567936391
0.8612954881818244,0.06810165481732802,0.03497213896750567,0.022484864436216976,0.01314585359712493
0.8691919990736544,0.04882059894648159,0.0368362167673118,0.02650492526311629,0.01864625994943567
0.9313617319496869,0.02700711361528092,0.015835821025104634,0.01652655059833644,0.009268782811591098
0.9048389667728943,0.042499475101105536,0.022310089080627815,0.01744119637420822,0.012910272671163917
0.8145176363134288,0.08160977274209011,0.04348275846991457,0.03242620157200569,0.02796363090256082
0.8860905718625625,0.032856155284679577,0.03826654881124182,0.02562133730026834,0.017165386741247866
0.8464491475333957,0.041020179043851995,0.07479405685440244,0.022977673461107385,0.01475894310724252
0.9065719022653617,0.03697695240611647,0.027127559497707888,0.016131106248191647,0.013192479582622296
0.7441935611474769,0.0860805436518873,0.06558725116249942,0.053356749771795206,0.05078189426634119
0.8976304925404527,0.03171128457296531,0.028423024828934114,0.02457653157074243,0.01765866648690531
0.912068652547236,0.02829097008999756,0.02502902719678565,0.020368453392538843,0.01424289677344204
0.9070500299729289,0.037651693051749834,0.019307397517350097,0.020165906209647595,0.015824973248323472
0.8499989359227303,0.06149282324614873,0.03171299375734525,0.032653179026894984,0.02414206804688079
0.8661456875398433,0.0458079268748474,0.032013024840700184,0.030303694185562793,0.025729666559046255
0.9606652104018067,0.009357246735590491,0.013235982014604334,0.009648318213112581,0.007093242634885794
0.8380366073908411,0.10136318573877508,0.01632993335088045,0.025356706106628966,0.018913567412874557
0.8940428277689636,0.07047434795541602,0.01491463571940312,0.010001854898503575,0.010566333657713598
0.8983317006277628,0.054098081624086934,0.015324360847508288,0.018879117769053,0.013366739131588977
0.9255751881426175,0.036003523003211725,0.013577700675374045,0.014398012875898751,0.010445575302898313
0.9090837183334614,0.03453806967979916,0.026189527572334018,0.01615287731781651,0.014035807096588923
0.9101059030249191,0.028045627964965597,0.02436188527044079,0.021698935833156952,0.01578764790651742
0.887444603092307,0.05655665117120342,0.023095036653078285,0.01917798474729554,0.013725724336115642
0.8729322644010884,0.04672799938263308,0.03506667181050248,0.023829513591707673,0.021443550814068325
0.8830815652505999,0.047061901521206165,0.028199023014473464,0.023273033161862165,0.018384477051858226
0.8597434570042477,0.050740483750281826,0.04337518241175426,0.028317165402214413,0.01782371143150196
0.8812685970033176,0.035231920564801955,0.03707091434589815,0.022494298259198582,0.023934269826783806
0.9401377895673151,0.025228236031740455,0.013416146334379996,0.011314406878645768,0.009903421187918532
0.8353010996210948,0.08347041502445295,0.034891399878052266,0.025860862110947975,0.020476223365452084
0.7987773648331172,0.07371800923269128,0.04654396864096895,0.0462957112461152,0.034664946047107376
0.9093186037234211,0.053161985993126014,0.01354670526631849,0.012329646010383472,0.011643059006751078
0.9539884067754749,0.017015928710359233,0.011942074469107557,0.009766580327244494,0.0072870097178138055
0.900565559441549,0.04381346452401758,0.0159978645635151,0.024962995926820827,0.014660115544097596
0.9329139299778499,0.02330540985491951,0.014669520658719312,0.016362646677527494,0.012748492830983657
0.9302997729034514,0.03184583045150355,0.01889893620201135,0.011440174940187287,0.007515285502846177
0.8584591544750544,0.07177242202331599,0.030057014434793954,0.02487835890636649,0.01483305016046912
0.9395250448832464,0.0262943453917827,0.012897238873912833,0.01147639574940511,0.00980697510165305
0.8498553029861186,0.06709307003004017,0.030170279544849663,0.027464945013886185,0.0254164024251054
0.7972687268665001,0.09462271042864705,0.03573841548771988,0.04070325072837269,0.03166689648876059
0.9171221615747756,0.03073055400689543,0.01931315231154671,0.01973288312566096,0.01310124898112137
0.8432968598958561,0.0821654919069345,0.020472526093368974,0.03004712264748128,0.024017999456359063
0.9249315645527922,0.033622520341265255,0.010680593075356744,0.016945772801430795,0.013819549229154942
0.8419576846976723,0.1151252954980844,0.015036224778818406,0.012919218313492516,0.014961576711932649
0.9006123375717784,0.0464213388977696,0.014484436221372823,0.020426179591552376,0.018055707717526674
0.8146888026713487,0.11550721746511569,0.020415259743020244,0.02542514161055409,0.023963578509961357
