Delta_Power,Theta_Power,Alpha_Power,Beta_Power,Gamma_Power
0.7426874871155802,0.11025758375120548,0.08773359289709215,0.03266211889848983,0.026659217337632313
0.7834549450439274,0.07256807241205089,0.07635613260770688,0.03490991786629148,0.032710932070023416
0.8991987429399876,0.037740907336133736,0.023575064605099318,0.02076404864824506,0.01872123647053406
0.8893381742212214,0.028196852424937177,0.04960408941489822,0.02082176127185838,0.012039122667084602
0.5401421515818996,0.14411076378221907,0.18881315802581305,0.06138527852171695,0.06554864808835141
0.8449018504409079,0.055669092087705936,0.047298180084426614,0.02820546786218258,0.023925409524776727
0.9268329999354643,0.033171660925376184,0.012823081245938287,0.013765829063235329,0.01340642882998564
0.7897057638693501,0.06879630446684623,0.08055649554160246,0.03211299964430508,0.028828436477896163
0.79237151356937,0.07725633627749386,0.07366538103325829,0.034491305555531204,0.022215463564346595
0.8267747764875094,0.05431196660624987,0.069939596169275,0.03033992839969038,0.018633732337275426
0.7863447207702055,0.061916696062946974,0.0971243025858501,0.03379485541361078,0.020819425167386642
0.8450951099486523,0.04775350398589731,0.0707806051085049,0.021919624050227998,0.014451156906717348
0.8386716060517694,0.03923414257476351,0.07526872719361256,0.02906209122422907,0.017763432955625554
0.76711525168929,0.064110764057234,0.08720716099453889,0.05738250602304854,0.02418431723588854
0.7119814931773839,0.1240494503403722,0.09492754034121643,0.04548712747632962,0.02355438866469794
0.881260717777012,0.056031519975333094,0.025351793968650702,0.02169752082333355,0.015658447455670906
0.838238974293655,0.06358561403884924,0.03117279650500456,0.03777955605037598,0.029223059112115146
0.9233935042859164,0.031996927914542096,0.01288153004930991,0.01529015549489812,0.01643788225533357
0.6182145521227803,0.1923749622034668,0.05861648619407392,0.06412499315347582,0.06666900632620315
0.839861046362114,0.05317478795055301,0.04898615045909411,0.03530276699873035,0.0226752482295083
0.7926747735551224,0.06237104643908455,0.10054303487047929,0.028589347723766773,0.01582179741154707
0.7905440755345218,0.10146119153671211,0.055250713341787536,0.030276443612042785,0.022467575974935927
0.6825618617561415,0.1273978938790512,0.10539163822458897,0.05250612768112447,0.03214247845909371
0.8190013624746818,0.11365142935253308,0.02393229872134915,0.02462589754997925,0.018789011901456525
0.7838756914086422,0.09758207468229561,0.06337327779375795,0.03306006174116809,0.022108894374136073
0.9284159129032373,0.028399241416789366,0.018678165093909817,0.015211348162730318,0.009295332423333257
0.8687647480891216,0.0514642256559012,0.042602406154046035,0.023280869824650545,0.01388775027628074
0.7803486847683966,0.06524012029929957,0.10973580822445135,0.027582461992404283,0.017092924715448137
0.8713263184124762,0.0356260645445915,0.051495823738668116,0.029040835750940585,0.012510957553323432
0.8260440310954192,0.06838595883128103,0.053309800748684515,0.03187782525762984,0.02038238406698549
0.9301616658905469,0.03720592785363113,0.009747196164156384,0.011888078422486969,0.010997131669178484
0.8471680400754038,0.10040917969316716,0.016869524113535775,0.020471184987935237,0.015082071129958147
0.7954814332312766,0.047967612666485374,0.09278737265823936,0.041680027771735205,0.02208355367226316
0.835652319218776,0.07896628081090326,0.04844269260686641,0.024402350521166433,0.012536356842288026
0.7533100148795283,0.08406034872609104,0.09900385278515532,0.04321212884789796,0.0204136547613275
0.9266283556272763,0.019037497910656377,0.0363490988629875,0.0106142590019883,0.007370788597091491
0.8361034845123844,0.06284505219077402,0.06435943597125993,0.022619825568733782,0.014072201756847995
0.6888022797360808,0.06064146223998589,0.16672608451790186,0.055454293338319686,0.02837588016771182
0.7179462493654171,0.12102774617852796,0.07424679152630383,0.04625847351553892,0.04052073941421238
0.7318368283349957,0.07578939346473954,0.10326088110969342,0.05938095155466603,0.02973194553590557
0.6519938907549331,0.13815750501295548,0.11617259195151466,0.06548560351771039,0.028190408762886317
0.772268277627792,0.10113470454709045,0.06507309293782516,0.03767515426330259,0.02384877062398954
0.8675686095025271,0.06563387562482056,0.03410860370703728,0.02010677180623534,0.012582139359379844
0.941926738457316,0.015039590637570488,0.02276837463858889,0.011794360118337356,0.008470936148187226
0.876048740537971,0.051265112095354365,0.03588511175353002,0.020040668459287515,0.0167603671538571
0.8312658760126419,0.06467435014137934,0.033163076030632704,0.039313971995989475,0.03158272581935653
0.8130193120882634,0.09516251042656954,0.02892145416791473,0.038337034464431555,0.024559688852820803
0.8670954648454751,0.02888646536931507,0.06635173465581033,0.02490897775077932,0.012757357378619927
0.9421325591181522,0.02128028052548855,0.01853769226872766,0.012957501840530024,0.005091966247101487
0.8477119314503468,0.06659537078254334,0.05133866405178772,0.02240194249595461,0.01195209121936745
0.8485592298760563,0.0516094593394846,0.0608347552380252,0.025988890165209992,0.013007665381223926
0.8952706199299254,0.042702021583101366,0.03561290633806142,0.014904090818695192,0.011510361330216717
0.6594140838753717,0.11801594872403166,0.13997655741631726,0.05603790863991601,0.026555501344363346
0.8748864058811142,0.03155052751985921,0.04482229929960523,0.03113418881644059,0.017606578482980834
0.8139341642966545,0.08666721349845939,0.048617550894074026,0.02206179759648885,0.028719273714323163
0.8736116953691764,0.06989455937847765,0.025554588577163025,0.015366589215942417,0.01557256745924067
0.8755741482138625,0.049724552453821444,0.024295312153157667,0.030680364421336627,0.019725622757821724
0.8243241995655665,0.07505580582358846,0.05403376682787764,0.0222176817187978,0.024368546064169463
0.8058228553052749,0.08030424109783116,0.03967797292923436,0.040173829323383196,0.03402110134427645
0.9222473841179479,0.0259809356551075,0.019072829421580745,0.020639858576030196,0.012058992229333747
0.8100910908743245,0.105894178434733,0.030654815575556552,0.022970922821078037,0.030388992294307932
0.8524442805828286,0.08146123707744196,0.029319248615439733,0.020327849877241348,0.016447383847048636
0.9490660973298768,0.02402911655809817,0.011793473412048287,0.008467175419688257,0.006644137280288719
0.9102956904254743,0.05155424582769809,0.011286576454797052,0.014759398634835358,0.012104088657195112
0.9352230060828037,0.03076570765778281,0.014295301418674801,0.011161076403131189,0.008554908437607195
0.8800633494708646,0.06240805850559771,0.023824342703591087,0.02284326479817801,0.010860984521768549
0.8165695966673705,0.07580859459241308,0.06853138047713843,0.025885071650900378,0.013205356612177562
0.8033021607504521,0.09944949918615609,0.0379092705949985,0.04052653471846278,0.018812534749930436
0.9156223834843732,0.03182961943658363,0.027363864951503367,0.019550059074552466,0.005634073052987352
0.8879302011348209,0.05051900409403003,0.03607287731487669,0.018268345908621305,0.007209571547651139
0.8782805435969316,0.038809654499795364,0.04577978633606309,0.02542372580572701,0.011706289761482823
0.8619554448010109,0.06187792925146594,0.04550770214231905,0.019559195877433405,0.011099727927770534
0.9051920649650234,0.02522699191693672,0.041661985601844,0.019771637302804,0.00814732021339212
0.9326531423204143,0.01953708398053075,0.025034399054411745,0.015899571223288264,0.006875803421354736
0.8196047453994184,0.08970247547815485,0.05238793954655156,0.023676926592211295,0.014627912983663612
0.8566372783723621,0.06844218596495327,0.03538578774820648,0.023368392934888932,0.016166354979589015
0.7203246084334806,0.15828952179038908,0.05771690837240971,0.03630673259216433,0.027362228811556012
0.8273033090876525,0.09368117682074292,0.04140621301116503,0.01830854554995255,0.019300755530487046
0.8142398649190841,0.11414174325002494,0.033721654968957585,0.018146384324087272,0.019750352537846235
0.9294079200419035,0.030773115726175467,0.017328828039482273,0.013807784444420417,0.008682351748018204
0.9157356568883691,0.05174024058138013,0.013671232755394783,0.010005419552179063,0.008847450222676955
0.8042907916677347,0.10609941001731785,0.03931932292628907,0.031011860180995485,0.019278615207662803
0.8229693226621702,0.10082117374845263,0.02623081985547567,0.028590607365688584,0.02138807636821278
0.7474229643978437,0.0977591673922227,0.07261112606893898,0.046610864097528404,0.035595878043466034
0.7610727061979095,0.10691401500237237,0.03188896740832027,0.0520344294966646,0.04808988189473321
0.8935475979574066,0.03316934069598984,0.03707881607584165,0.022670809722166896,0.01353343554859487
0.879482765944175,0.055309455535634384,0.024033690945314976,0.023619463378483918,0.017554624196391828
0.9368148301782221,0.03292464155373428,0.011805049954288153,0.012277020835868513,0.006178457477887008
0.901193329098451,0.032815210961645414,0.028682991287781283,0.0234316291200182,0.013876839532103896
0.8186731397023392,0.10484399172912902,0.02583780461782366,0.03026487911594723,0.020380184834761044
0.8956287895259323,0.05169616060084759,0.02777045726158486,0.013835311323311414,0.011069281288324018
0.8799598631815831,0.03721121159987852,0.05278068663271099,0.01559383594941978,0.014454402636407609
0.6798796499934197,0.09590487126293093,0.15522879086271082,0.043197321721149734,0.02578936615978897
0.9275101913224479,0.0283914714954835,0.023561234212670798,0.011806287284803525,0.008730815684594334
0.5776835671698038,0.13476886487189754,0.19149281467078644,0.06141314368762935,0.03464160959988291
0.9029847797313078,0.029118180260215402,0.03984044881990937,0.01720183618327197,0.01085475500529533
0.9148741489056583,0.02202549221060199,0.04495104757194437,0.011316833694696408,0.006832477617098878
0.6845074152089481,0.09155022314107991,0.15435444143339938,0.04612761909550379,0.023460301121068953
0.8597059613846131,0.05366496416920546,0.060244196570177995,0.018474845845111814,0.00791003203089176
0.847633046334282,0.024981889954810405,0.08464560058729924,0.03129355541095283,0.011445907712655502
0.8674600194694255,0.027487084084125604,0.07176959781542916,0.022346591406110027,0.010936707224909798
0.9516311334532255,0.016348527544687266,0.01982980751842014,0.008171734653974841,0.004018796829692263
0.948650771069572,0.017406902513053144,0.02002214419393972,0.0104291395397427,0.003491042683692039
0.7949759264401689,0.07088231840293095,0.08568999269340219,0.032469732453595426,0.015982030009902608
0.825430314192177,0.04448873043433129,0.0936676501582902,0.025820406011144294,0.010592899204057255
0.8918416219599211,0.02203017476706707,0.05783166257848747,0.01873997102135337,0.00955656967317102
0.8125650952419161,0.06324410310790952,0.08490424328060686,0.025653740365473774,0.013632818004093843
0.9066001368774108,0.04558485044799479,0.02872302669285482,0.012440655595147012,0.006651330386592468
0.8105998847292102,0.05908379610452087,0.08737487954698761,0.029750830325367187,0.013190609293913946
0.7832272851010753,0.060839631621873544,0.10453241557781275,0.03251723465819996,0.0188834330410383
0.7711568392538515,0.05474419465421298,0.1160480712881275,0.03570875590729314,0.022342138896514915
0.8680094271160814,0.044192744472554744,0.043230302391523374,0.029623682487387303,0.014943843532453033
0.9094288631050447,0.03844850971188544,0.03440359250273336,0.012342725107057839,0.005376309573278433
0.8170215652204491,0.06293328258533135,0.06959520764154695,0.03519429803003565,0.015255646522636815
0.7489285456612144,0.10285608865408931,0.09589921887044528,0.03489921642307276,0.017416930391178167
0.8219122421396069,0.09121232174696003,0.05344035120541689,0.02248412265564041,0.010950962252376134
0.5933465069412548,0.17665719832405047,0.15343345280384563,0.04424747294780454,0.03231536898304449
0.8492493149179429,0.04478828391184756,0.06224442832442084,0.02800341990695348,0.01571455293883506
0.8663415380185495,0.05289348152077762,0.03828409243893125,0.029956341927031595,0.01252454609470987
0.9261926425563466,0.02939449595370061,0.026407704892436497,0.008870825913440352,0.009134330684075742
0.8404617061332094,0.09029601205784726,0.03596678892008118,0.019538670728039918,0.01373682216082238
0.9028089425588238,0.06170701759501342,0.01682902191799492,0.011306118876587981,0.0073488990515798245
0.8199068609710232,0.039735293725455985,0.09310177921224755,0.03272103456131114,0.014535031529962274
0.7756317081870582,0.10626014342578811,0.07176166928654325,0.030542956735346568,0.015803522365264007
0.9297104747467261,0.02392185415759853,0.01942920696468317,0.01687749523383858,0.010060968897153855
0.81911434911815,0.0959256541551142,0.03473472845482515,0.03222644795902423,0.017998820312886334
0.8882243696053961,0.04605100158587239,0.03603950598919254,0.01820698949359037,0.011478133325948658
0.8462828847854265,0.07201150765467242,0.06057155559899053,0.014308652490110915,0.006825399470799725
0.8581198864139287,0.04770388956298534,0.06399235867824747,0.018896134830011332,0.011287730514827317
0.782828634752849,0.07361284442943235,0.09466201800961241,0.031678501826355884,0.017218000981750248
0.7756414575098559,0.042173201801363094,0.13857448367625655,0.030010345741239897,0.013600511271284721
0.8460614745891606,0.02610125761100887,0.08148114976579438,0.03194100842737586,0.014415109606660252
0.7695789410955575,0.10306548431560553,0.08833790764062371,0.026674199283410315,0.012343467664803143
0.7808650127416685,0.05134374355554317,0.13257948074718046,0.023091131176919157,0.012120631778688813
0.9093622284466814,0.03573883373612447,0.03853496514409203,0.009891653571306802,0.006472319101795382
0.7226133397121204,0.0950962058814479,0.1331612962483826,0.03186347311983423,0.017265685038214754
0.7831795382503604,0.04939776401226846,0.1124210949675789,0.037555376442217195,0.017446226327575018
0.8283243388627896,0.02563277764493559,0.10361099162444169,0.02889345236123969,0.013538439506593409
0.8586673151967287,0.03488036564630129,0.0764152150824346,0.019596352440981697,0.010440751633553735
0.9276214997762071,0.01464555355465373,0.03988354839571188,0.012262439958039453,0.005586958315387871
0.8715992877596911,0.0421917612506815,0.06055446572486286,0.014494222386635038,0.011160262878129726
0.8702590780575362,0.046600111625800196,0.0510881530958982,0.019455177465606245,0.012597479755159128
0.8042462881656175,0.06993001370363947,0.08151682903936427,0.025828847888631375,0.018478021202747507
0.9333271789605658,0.016613935438812146,0.030160332252036702,0.01249268323663707,0.007405870111948238
0.9108846161214158,0.02783847425531859,0.041923995615631156,0.012586739238677442,0.006766174768957025
0.746961876893522,0.06812292789380738,0.1357033243373573,0.031886136189958,0.017325734685354952
0.7966062211684646,0.07909279496069582,0.07986363852562602,0.031896530236779734,0.01254081510843364
0.8397106960068133,0.035915449212653563,0.08385816413375646,0.02766242853862447,0.012853262108152496
0.8039289687050749,0.033560248841683515,0.11623817789962519,0.03274900096542933,0.013523603588186942
0.7762328440444022,0.06553885081810985,0.11394955096976922,0.02964192540578228,0.014636828761936567
0.7494604952428003,0.11919899997639483,0.07614887776039722,0.0376410021355085,0.017550624884899117
0.8493122062293935,0.04809611099777729,0.06963778074977672,0.02277040104772213,0.010183500975330372
0.7816925835764795,0.08454321633872655,0.0867520417296382,0.03410511911586838,0.012907039239287616
0.8576171580176924,0.05585136358519199,0.0485715494205462,0.027063350358404976,0.010896578618164295
0.8340762415017926,0.04430170299052347,0.0830246208747152,0.024483870294354212,0.014113564338614602
0.74275548303629,0.10702577778678037,0.089435190486677,0.038930996343726446,0.02185255234652598
0.7962547380090867,0.08871490175848465,0.06923829357054655,0.03271668840150484,0.013075378260377168
0.838736863079481,0.042372292802225105,0.08381787757453474,0.024556645475109922,0.010516321068649262
0.8891174207247793,0.03503130453275182,0.050471971070954705,0.016631638805341607,0.008747664866172561
0.8220206197521436,0.05482565644155941,0.08379108027148,0.027358701067472724,0.01200394246734412
0.729113958459385,0.07144594285223797,0.14137472938021703,0.03280110934649796,0.025264259961662
0.8812643135275626,0.02745356260391059,0.06167689054423838,0.01993959179386396,0.009665641530424686
0.8492720102535498,0.04744983516848433,0.06290936103350663,0.02680627415360625,0.013562519390853013
0.7971408440658093,0.06748431678191445,0.08344413674684815,0.03204534576438289,0.019885356641045012
0.6944610484184881,0.08409709856388375,0.15457870977571186,0.04799916400632008,0.0188639792355963
0.9244762256147265,0.022136674302486243,0.03563853531121789,0.011711541393700306,0.00603702337786909
0.7642252240524113,0.07422391558277844,0.10008762051071904,0.04133281174973949,0.02013042810435157
0.8661433161496757,0.05810546785511266,0.04930230147257246,0.017229885318987816,0.00921902920365133
0.762384603173206,0.06654610885468142,0.11146556568313895,0.036922270878473114,0.022681451410500597
0.8454621369060688,0.026428747891183917,0.0863302306819905,0.0282650911131427,0.013513793407614267
0.9038922256137464,0.04338098851642957,0.03228256237342329,0.013394900306077564,0.00704932319032325
0.8606287065864648,0.0366708231031753,0.07135445155787268,0.022282638652830644,0.009063380099656676
0.6502330539037918,0.10400754684637996,0.14840446630616363,0.07153372926904598,0.02582120367461856
0.8810061688634535,0.04149227734171322,0.048176585267819,0.02056951617035495,0.008755452356659296
0.9165019050290597,0.017911491006839406,0.03806011029410829,0.020257686275606555,0.007268807394386215
0.7899890757513259,0.05271273361037482,0.07689776869247655,0.05963567738877079,0.02076474455705193
0.8569198969730646,0.04800099867383844,0.055941206731676414,0.028371887604207953,0.010766010017212564
0.8903876612918836,0.05757725740597224,0.030143372086704107,0.0139908454794482,0.007900863735991723
0.8705556331213543,0.0626408578119786,0.04576838883924365,0.01324880625456848,0.007786313972855019
0.7642113802197409,0.08568718565365081,0.09853410937454714,0.035655075262975774,0.01591224948908555
0.8164920085852949,0.04612003304759558,0.0896933144574135,0.030074061489026582,0.017620582420669523
0.7948369177587518,0.07324835960595812,0.07596743608580439,0.03599922301745439,0.019948063532031463
0.8802178215318484,0.03684631354509554,0.05509986314242817,0.02066749170425015,0.007168510076377777
0.8054166696354562,0.10145674436368263,0.06399040059385974,0.020004117623371422,0.009132067783630128
0.7860124700172085,0.09722182753296349,0.07027091913190618,0.03104244987293749,0.01545233344498413
0.8337145034339238,0.03261759923787599,0.09457839247851248,0.027105570313863934,0.0119839345358235
0.911223404972873,0.028710106586413743,0.03634465194311315,0.01731178092890775,0.006410055568692385
0.7229100389516427,0.12071552060628184,0.08998682839794024,0.04425088605307368,0.022136725991061434
0.7346832651589233,0.11035484105233011,0.10955919735632318,0.0308747699978317,0.0145279264345915
0.8666242139016362,0.039170182292967745,0.06488704882756091,0.020855435671966818,0.008463119305868353
0.896096109898943,0.03047289631724506,0.044268764513800414,0.020533174278958847,0.008629054991053027
0.7814729473892383,0.08103914133888483,0.09200338654300268,0.03293721636227427,0.012547308366599787
0.7992325643284525,0.07943169809411263,0.08122327081150116,0.025133509405846778,0.014978957360087027
0.752219816819794,0.0898786881229934,0.09807067613164365,0.039633570191552926,0.02019724873401608
0.7686861157016338,0.09477690196122977,0.07435432130544148,0.04734489538779392,0.014837765643900956
0.8905190220888042,0.06452110845141273,0.02173801652259912,0.016259924692081835,0.006961928245102465
0.8632033082071923,0.050645999492776254,0.055406725614581584,0.019854220387698022,0.010889746297751772
0.8475786933378852,0.05624309852150202,0.06512034254622104,0.021175928974118744,0.009881936620273092
0.6405082956440286,0.15298339059400418,0.12859004383164088,0.05411260646269807,0.023805663467628205
0.7383513901787198,0.06910726102378771,0.1342590631348443,0.03819966072162688,0.02008262494102139
0.8254893461188793,0.03461203237658,0.09867648375908518,0.02594080455241861,0.01528133319303697
0.8188192701917953,0.04274691089310279,0.09136964785610423,0.030486539105479032,0.016577631953518673
0.7177981905956335,0.06689305837145436,0.1374694218762003,0.05219634027214446,0.025642988884567113
0.6762529114341294,0.11570493234139469,0.15016217485740055,0.038162128090078296,0.019717853276997106
0.5546241802164058,0.10668819137163849,0.26419377923236287,0.05173924200769259,0.02275460717190032
0.8555182764363294,0.04660019380499272,0.06741622696563902,0.019738394430698834,0.010726908362340202
0.7840673642810791,0.06802766481461567,0.1036854922475827,0.03201117416901452,0.012208304487707874
0.9146968467236544,0.02019310555185005,0.04476199370181656,0.015517774155277072,0.004830279867402059
0.8634367533370482,0.032939774661305765,0.0671887439804471,0.026475475915543778,0.009959252105655002
0.7616104350130659,0.07685363475601108,0.1142928010975258,0.03371962132063704,0.013523507812760047
0.7415542199467697,0.09404391490959153,0.1006461873401154,0.04448142316340032,0.019274254640123074
0.829037180478001,0.05207882483975674,0.07692046002080237,0.030199105288658577,0.011764429372781248
0.8862387221253916,0.034670275959345756,0.03925068609790966,0.0244993734864804,0.015340942330872754
0.7490995202947115,0.10496043892938854,0.09562375730057862,0.03265163758675452,0.017664645888566855
0.8676072054918975,0.04555151430794561,0.04187262672364539,0.029407010873888105,0.015561642602623606
0.7944373191367365,0.08153889326395003,0.06524005307187625,0.040784488174849996,0.0179992463525872
0.9347670866775916,0.03603305972836786,0.015595565164398088,0.008571991871630383,0.005032296558012199
0.9379470847010754,0.014987585013886369,0.026419830566312467,0.013074324239957968,0.007571175478767699
0.8665401630167323,0.07019011300425952,0.03438142263372434,0.017881009713763833,0.011007291631520009
0.7499174269770111,0.12634618142627146,0.048973591862753005,0.052015836040896275,0.022746963693068077
0.8899791656022858,0.05646694999845155,0.02972556350787669,0.01591346206416377,0.007914858827222265
0.9201974805064607,0.04123163186163026,0.01705318313974075,0.01250229286815358,0.009015411624014683
0.9595120017914079,0.01565444590229273,0.013830171313598306,0.0073818124961374685,0.003621568496563546
0.7920199156737747,0.1351742144698946,0.03335302938279713,0.026205827980762604,0.013247012492770813
0.8928322013798272,0.06496557760534435,0.01845776251219531,0.01759762653154609,0.006146831971087045
0.8199369804241982,0.1262602114231464,0.023365514879270067,0.022709219330032504,0.0077280739433529585
0.9077194554234271,0.04131454070245391,0.029890367447124835,0.015346042982130567,0.005729593444863758
0.9284299288933372,0.034533519447417706,0.022375382304955102,0.01107671389436278,0.003584455459927046
0.8312188914807429,0.08481677716438747,0.058113104878365546,0.01862567811542174,0.007225548361082339
0.9105364764983683,0.03600474551974677,0.026296281571276413,0.021085497088117654,0.006076999322490685
0.8911973173992874,0.03364276204251639,0.04097197929981926,0.02565440043614236,0.008533540822234413
0.760395176053368,0.14415264298987385,0.05233552716079467,0.027200077678675803,0.015916576117287553
0.8655372451883452,0.08425234650190415,0.025280117909532832,0.014595656590883249,0.010334633809334734
0.892335012941089,0.048597581695313065,0.026633621362921318,0.019063833467900325,0.013369950532776563
0.9079626226918449,0.04714612524534607,0.017151357111360274,0.0162669260291875,0.011472968922261153
0.8939400916468266,0.06011430812638862,0.020294586816603066,0.01816056054439621,0.0074904528657856115
0.8741628348677839,0.04789194965446552,0.038759560436409275,0.032640630069614575,0.006545024971726665
0.7719497980492919,0.10795918293524644,0.05449856582220669,0.0511278274511479,0.014464625742107091
0.8835375089847171,0.06060344794005926,0.025718027435971003,0.02303580591953666,0.007105209719716308
0.9027724656379547,0.03985581850642091,0.032565463283862985,0.016880284109426796,0.007925968462334575
0.9290273176801165,0.041253493693280095,0.014117074058851794,0.009601374850415388,0.006000739717336334
0.7907280973336269,0.12721429318424124,0.038052128493681524,0.025724264083866542,0.01828121690458365
0.9245242824398915,0.03650731671580904,0.02043384469001879,0.010113998145431615,0.00842055800884903
0.8713027956588301,0.08458965044540832,0.02265230159503607,0.013584231433556247,0.007871020867169329
0.8370323990507896,0.09212412227992849,0.029145169146504293,0.029438177910013817,0.012260131612763731
0.914967978523828,0.04420920151904161,0.020659973367573945,0.012706124697255674,0.007456721892300768
0.8371607642329872,0.08681528907396076,0.042210105845053296,0.02131735309351671,0.012496487754482257
0.8614467952693304,0.08171721400754235,0.02093087745419553,0.023155195783771416,0.012749917485160443
0.8303567564740787,0.0871240119439236,0.036198537890243423,0.028074592620405982,0.0182461010713482
0.8576769571695921,0.07749989849128482,0.034441018023915436,0.020186096593914356,0.010196029721293218
0.9084096638142947,0.0549110793623507,0.015315413429335489,0.015758203149509,0.005605640244510051
0.8965486276086723,0.048337384564505356,0.030595990209973015,0.01585878788279939,0.008659209734050117
0.9433671823772839,0.041120762444948916,0.0072909694576878655,0.006132671854008443,0.0020884138660708018
0.9553146424539926,0.02498097392948635,0.008302988509568105,0.008412563993688968,0.0029888311132641177
0.9394192013653571,0.031446264718502384,0.0157783959046317,0.008869037187153784,0.004487100824354923
0.8437435671809117,0.07845413695353261,0.04180104513059778,0.0250553242997163,0.010945926435241546
0.8670807168370952,0.06024114706061032,0.02284822804316861,0.031119788463027244,0.01871011959609885
0.7866424630987319,0.052402469880948536,0.08965876824583575,0.04611853296140476,0.025177765813078932
0.8829517115110723,0.04770353576118112,0.03402993782952233,0.027604972849218614,0.007709842049005569
0.8840482553006581,0.04643626489960469,0.039209372923081305,0.0214524564640552,0.008853650412600575
0.7406481904127615,0.09351553775893413,0.08989811667359753,0.04570279217680152,0.030235362977905068
0.8218002286143399,0.051516417849693415,0.07579408944773613,0.03478272488465032,0.016106539203580062
0.8913440088552579,0.026401452442837127,0.040294311860408986,0.032687967485342626,0.009272259356153242
0.9216164680245833,0.013899896321827476,0.040636626875357795,0.018050067381562087,0.005796941396669522
0.778187967766263,0.09125016156087876,0.06012749325354444,0.0491589450091988,0.021275432410115015
0.8794971146056285,0.04178018784007565,0.046147690851929046,0.022267472893472598,0.01030753380889419
0.9390285062531051,0.03236820518050681,0.012581167842058077,0.010472181839610952,0.00554993888471899
0.9334237754285789,0.029610353541726916,0.010674573416828793,0.016296943547604647,0.009994354065260995
0.9116664473529068,0.057470155762550684,0.011413542263223256,0.012355136268075663,0.007094718353243638
0.9050769369370993,0.0488371958838493,0.02148065278570222,0.014352628470875619,0.010252585922473878
0.8510042571439618,0.09375453298595277,0.028577280375912544,0.017998067048811402,0.008665862445361473
0.8837918923913608,0.06400700370114754,0.025844709359933323,0.015125866595316137,0.01123052795224224
0.8906721616660903,0.05812319474937531,0.02583892823293447,0.017621171538825073,0.007744543812774964
0.9026552565887753,0.06581684513021882,0.014256959924619091,0.012759391300661973,0.0045115470557248166
0.859726854517776,0.09161148257854791,0.02188233480621738,0.0181904759748647,0.008588852122594111
0.8999562205890913,0.0682846277187469,0.014281574615889615,0.010170564853701962,0.0073070122225698106
0.9673556285865412,0.012819808863368488,0.008462662162359585,0.007958535421811486,0.0034033649659191327
0.7227735925216755,0.13608873653670622,0.06287834649993249,0.060108046779258725,0.0181512776624271
0.8459906772450231,0.06968625801603423,0.037208496106759546,0.03563952787569726,0.011475040756485644
0.8205499108247567,0.11007084937340246,0.03275691278452851,0.02633021257106974,0.010292114446243008
0.9316606477195505,0.030557909095716592,0.019001017293954946,0.012755255456116967,0.0060251704346607855
0.9024116971148878,0.034351262517780076,0.029647319841504174,0.02647500430515429,0.007114716220673919
0.9308277180220953,0.027164169854391306,0.015757738759437038,0.018895751681861472,0.007354621682214993
0.9049415610455147,0.06398434558137713,0.012964490949575453,0.01093520139840948,0.007174401025123335
0.8575664538259165,0.09352602744339053,0.021417953752746077,0.014281898674853383,0.013207666303093443
0.8066746685831973,0.09879604438853672,0.04241536810433476,0.03328465911252086,0.0188292598114106
0.8693607458804915,0.08294230113149458,0.015754804641150935,0.02219445312694582,0.00974769521991719
0.9041852612125192,0.06597354548360776,0.01240421446025676,0.009710812618857208,0.007726166224758941
0.941105377308818,0.030376508611606,0.011067189590383183,0.011700424665525452,0.005750499823667427
0.8185794744032194,0.09328111215338179,0.03701319996542573,0.02903044572973109,0.02209576774824208
0.9066421113887134,0.042045328682341954,0.019967822744911,0.023102238384708273,0.008242498799325251
0.7806593453171633,0.06878646027836673,0.07162077976005007,0.062050076682394255,0.01688333796202575
0.8669033131765977,0.07168058070877255,0.03152017057833878,0.022349967164926043,0.007545968371364846
0.8564384497980827,0.08780874161767742,0.031405236358294585,0.016206886523555546,0.008140685702389945
0.7787062119886673,0.11154586169749175,0.05446185074399072,0.037040193306153504,0.01824588226369692
0.950350500580337,0.020301551981881428,0.015353884600135979,0.009615830444127203,0.004378232393518471
0.7994853049558591,0.11738163648343622,0.047236938236867476,0.023146987394698178,0.012749132929139135
0.8263974075613482,0.12597870830298913,0.02323645923026738,0.014790454552155666,0.009596970353239798
0.9527215075433237,0.03280682450755225,0.0049912087434696925,0.0069100654873996345,0.0025703937182545602
0.9077534077615316,0.05504789752206005,0.016497200274568895,0.015844981603188646,0.004856512838651184
0.9036180806909777,0.044304320804705415,0.022580191789035434,0.024788352097037846,0.004709054618243386
0.8945395201074715,0.07265345931549642,0.018832612736566376,0.009467282107121677,0.004507125733343866
0.9052438129723219,0.05840289559356998,0.02129497790227931,0.010115901626813084,0.004942411905015903
0.9582265473438415,0.02381959350063693,0.009595739968636127,0.005503814164595805,0.0028543050222896798
0.9387555735835035,0.03606084687869065,0.011372482931918386,0.010656904419173104,0.003154192186714561
0.8968239024589305,0.0528510563510255,0.029106909357491512,0.01660499419307677,0.004613137639475769
0.8147748914683507,0.11627792060684361,0.03935311618750877,0.020449758060614928,0.009144313676682158
0.8567859992377471,0.07374217824222118,0.031036472604407755,0.02299435123483732,0.015440998680786593
0.929259342404561,0.028692458394540644,0.015848935872422143,0.01605603835447466,0.010143224974001398
0.8443965279483672,0.05204847749415364,0.035210479726789416,0.03675882400971652,0.031585690820973206
0.8927758906827844,0.04915002938992539,0.016787993080040465,0.02169784135500645,0.019588245492243347
0.8689321292257782,0.050277447533298374,0.02602090090802447,0.028934732467970833,0.025834789864928355
0.9091051522427741,0.036871538560184054,0.020953886967613074,0.020314491636504468,0.0127549305929242
0.8697870901739975,0.06238762302368685,0.0269095064812722,0.027390116701730582,0.013525663619313198
0.8356926204955959,0.07705090911318493,0.034426019599672314,0.03606598998274865,0.016764460808798023
0.7591617135970431,0.13487438716994693,0.036048559124796334,0.04897603295180971,0.020939307156404158
0.8498858464149622,0.07725474558162977,0.029569016796570632,0.029523793349019705,0.0137665978578179
0.8441821622966871,0.08390652771011105,0.02613019212609579,0.03030266332935207,0.015478454537753952
0.9425533476558963,0.027386948560067976,0.015848901968920436,0.009278576303259121,0.004932225511856195
0.9218991899574547,0.028249560647443,0.0274435834171593,0.015341068293117216,0.007066597684825871
0.8319325210040664,0.06249543182798173,0.05885477419659484,0.029369510560972558,0.017347762410384368
0.8417000988901642,0.07543699692351855,0.04385759732979483,0.026449561022580267,0.012555745833942153
0.7783816402938363,0.07549481537766266,0.08030352488218746,0.04459006933387391,0.021229950112439656
0.830509857946609,0.044986384799173204,0.0740046161062177,0.03481987209460921,0.015679269053391138
0.8960033288488214,0.05061286035759469,0.03086213730371911,0.016499862124386155,0.006021811365478638
0.8695955800163533,0.038390224778205084,0.058963464848689896,0.023209342527289834,0.009841387829462098
0.886931227235741,0.024575311095661863,0.055529725852990694,0.020960315845231177,0.012003419970375273
0.8104070282357475,0.08812907785542694,0.058936183823385786,0.026662520603097654,0.015865189482341984
0.7788169984072112,0.07962969440015057,0.08443515828887246,0.034628641679487364,0.022489507224278518
0.9147289913110073,0.03629058240346372,0.020674899872237733,0.019245208261885277,0.009060318151406104
0.8117286097623985,0.09610504739386319,0.05572748932805238,0.024468316565409723,0.011970536950276082
0.8187475432462539,0.10488682524395998,0.0400193417290237,0.021914698557757913,0.014431591223004381
0.9169455062936185,0.054901622848071596,0.009937203646434007,0.01086096914072155,0.0073546980711544155
0.860055096998146,0.0839238884114487,0.023910926243196694,0.02139700477722605,0.010713083569982672
0.9290808336672377,0.03408441227435261,0.01729582701238919,0.010755246546049264,0.008783680499971028
0.9533104014304917,0.025517237524232246,0.009372040817564374,0.006566854621005453,0.0052334656067061225
0.9213373083916122,0.033723141532543466,0.02448590905486611,0.010563400830762347,0.009890240190215666
0.9246314641437857,0.03875001158658713,0.02078853074519013,0.009675971609572028,0.006154021914865177
0.927752405219582,0.04029756469422761,0.017893803529378027,0.007658761693251742,0.006397464863560737
0.9401218993195163,0.036917765270808076,0.010118283068759028,0.007558841399634193,0.005283210941282711
0.9456618004177355,0.025473520432524873,0.010205375279544446,0.012280605341596088,0.006378698528599332
0.9234587933765442,0.02862268322178012,0.018335674711933418,0.021245624896631767,0.00833722379311046
0.9611174644434922,0.01358525871710693,0.01405417833488595,0.007227065975788014,0.0040160325287269824
0.8039035744218751,0.08473150926668445,0.0515474959322781,0.042573262782575234,0.01724415759658688
0.8353664412650216,0.07643737637907144,0.05130740739291721,0.025155970432229877,0.01173280453075992
0.864066934699157,0.04270878550623514,0.05417233706228509,0.029802290553666882,0.009249652178655834
0.9157589935163809,0.02295161635706721,0.02573167679880064,0.027080093188658123,0.008477620139093197
0.9433224496948209,0.014925537334393446,0.018948807707915967,0.016514885604167116,0.006288319658702546
0.9246595970589212,0.028372683323853492,0.025824593765744357,0.011403034821807502,0.009740091029673333
0.8278056625397548,0.10665782104150527,0.03347277383751134,0.019406726760591783,0.01265701582063668
0.7532655025465153,0.15050438931905585,0.059668469124149096,0.025168520885330392,0.011393118124949453
0.9470980447359735,0.035779670244592894,0.0076591840655442275,0.005681640399629287,0.003781460554260355
0.8281641849370283,0.09683845759088139,0.038652706148701886,0.026528025175183347,0.009816626148205138
0.8434127974564853,0.1013699970342283,0.031695282480921357,0.016457873710381855,0.007064049317983184
0.9466519103029376,0.019758713422716432,0.015672273899683637,0.010733337183328593,0.007183765191333731
0.9349353220528482,0.031020020902138474,0.016431876479087896,0.010135651967872543,0.007477128598052992
0.9062617896832256,0.05124600023885734,0.019832003190956488,0.013042664386925303,0.009617542500035147
0.9267498757632636,0.041591002081852534,0.016853464688799346,0.009484375143510434,0.005321282322574142
0.85894107458082,0.09247599196638555,0.023074535242455667,0.017254153415249093,0.008254244795089745
0.8970137468058698,0.0548342281965478,0.024138621995941443,0.017493775430334882,0.006519627571306151
0.9392923976160938,0.02897902528544405,0.014577902781789625,0.012293053531971446,0.004857620784700978
0.901122102661447,0.03322169147742275,0.02896937936825638,0.02768499350747661,0.009001832985397366
0.9140579387592309,0.03560665967158797,0.027299316524651274,0.017330409352272723,0.005705675692257197
0.9354270239397854,0.029301731534536805,0.01339722757566828,0.013756343309646637,0.008117673640362892
0.8520866296687554,0.07361995272144366,0.0377088820780933,0.0240486546089875,0.012535880922720193
0.8808146104831486,0.07546930956915777,0.01704922535122505,0.018981333348008663,0.007685521248459783
0.93819431856543,0.03274024705666157,0.0138664235486478,0.009497192289266572,0.0057018185399939575
0.9000093658098943,0.04223083804447143,0.038665590302864754,0.012348490574793935,0.006745715267975472
0.7235139936672553,0.20615725104681487,0.03136572080082821,0.02757064189378105,0.01139239259132074
0.9275253023246324,0.04093998721207996,0.012590614638509759,0.013226869936071904,0.005717225888705972
0.8241099179552377,0.08130548791842021,0.05663519621914341,0.030480277020846727,0.00746912088635196
0.6850545367943647,0.17170251753384086,0.07855479997273099,0.05115261967937053,0.013535526019692865
0.8383446197268999,0.07887619892104017,0.046485065527609386,0.028595287749816123,0.007698828074634486
0.9266191096612024,0.04108283365304543,0.013200385456985316,0.0143271828183376,0.004770488410429366
0.9534320895325269,0.024660130329139704,0.010978914658823051,0.008163623023878243,0.0027652424556319317
0.9220355389514432,0.03807888495774643,0.017450046414581564,0.01518701400481855,0.007248515671410278
0.7677777099570212,0.1200674337327929,0.05348001665899222,0.04261781339568819,0.0160570262555055
0.8444470944155807,0.0915964522920267,0.021411832323047306,0.029132401643146327,0.013412219326199007
0.861582870666015,0.0658861443528423,0.039495977123508344,0.023227846717349673,0.009807161140284779
