Delta_Power,Theta_Power,Alpha_Power,Beta_Power,Gamma_Power
0.8502057237062459,0.09409763185178106,0.01663452526221841,0.025053352624337135,0.014008766555417536
0.8278718253443931,0.10758173729912916,0.024145640371835843,0.027481178869732635,0.012919618114909388
0.9434568677389968,0.03940158633376955,0.00423107641935902,0.008318852643970094,0.004591616863904548
0.9361467142630184,0.0349285177726701,0.007181390819238545,0.012967107687868474,0.00877626945720453
0.9493835697889713,0.024464624408569186,0.008078606489829727,0.013285537514102505,0.004787661798527162
0.9404432868578835,0.03535875480294646,0.00818869465354746,0.010877540638713594,0.005131723046908958
0.9320375914815578,0.027167550415427594,0.011196675573809201,0.018022966446081097,0.011575216083124184
0.9263192377253878,0.04157592150551453,0.01230406359499964,0.011836184360888185,0.007964592813210039
0.8529532218735381,0.06431798881642595,0.02761817190247485,0.03303668836383666,0.0220739290437244
0.9149768436554057,0.057160506265691656,0.010496965030395274,0.012014544721305115,0.0053511403272024916
0.8824130388008683,0.053527462426705,0.015212889799231414,0.03361982834540976,0.0152267806277856
0.9326425125117423,0.02525605897757169,0.009820697770781399,0.022070087933460988,0.010210642806443552
0.8673747257614229,0.06074251212641277,0.021764664600515505,0.03450890404627219,0.01560919346537642
0.8286706150701783,0.09141619548235383,0.026723300089098536,0.03273882725081722,0.02045106210755245
0.878705984584081,0.056836250413038684,0.028603943052314826,0.02238403293073508,0.0134697890198304
0.9420910395112672,0.02248658868117867,0.01196086142627866,0.015659980387755703,0.007801529993519771
0.8415362303205427,0.04676849541144589,0.07703471080559805,0.025161129129790537,0.009499434332622925
0.7239838579450742,0.047527592856580994,0.1776735587643299,0.0386706363252047,0.012144354108810068
0.8423522859203986,0.0969924322085389,0.025129981448331985,0.02568184664650503,0.009843453776225489
0.8539443990094736,0.0845950382760416,0.020924281425691197,0.026742381628691914,0.013793899660101498
0.8696233755581232,0.08107776429570164,0.017141542178406768,0.021415967998721315,0.010741349969047026
0.9306085050180785,0.024706812191917206,0.024019324388800393,0.01374039919105972,0.00692495921014452
0.9272708907215552,0.033850476137762854,0.016802369555077714,0.014265644979517286,0.007810618606086908
0.9503456383171224,0.02156403955663892,0.011699695707572629,0.011005808639261556,0.005384817779404456
0.8975209521805618,0.03288252293087896,0.027960346849114304,0.028127413959961538,0.013508764079483435
0.8511809462165051,0.07697651049027555,0.026442522376470736,0.03193801856693581,0.013462002349813
0.9343062774294865,0.03838203733964153,0.009338870787368954,0.011589294706544276,0.0063835197369588184
0.9153477772112837,0.04364238229581476,0.01654152105346446,0.01653192336535871,0.007936396074078027
0.8859205888397067,0.04705024559357762,0.021789840770669443,0.03149516671806889,0.013744158077977232
0.849171774477332,0.06948522213966983,0.022575501648159517,0.0394351363674179,0.01933236536742081
0.8579337380713489,0.08101766533719842,0.01780811005339413,0.027732228945735984,0.015508257592322555
0.7464285136043325,0.05288283561440873,0.16652676331496266,0.02462545400421428,0.009536433462081682
0.7719076277024088,0.08955202252799384,0.09999261964792897,0.02833667089830642,0.01021105922336204
0.9011008713953547,0.043955027253168265,0.02724064922090022,0.01993908577130196,0.00776436635927479
0.9291438991167109,0.02215952275147708,0.013774149207920692,0.022942714671581318,0.011979714252309688
0.830374726947793,0.07759073655049928,0.02659701741859709,0.045908653511710584,0.019528865571400045
0.8027518311820849,0.07961331533070189,0.039780166342100465,0.05589580262311543,0.021958884521997225
0.9111805950958591,0.038419450273545104,0.0190988092214964,0.021995053166644195,0.009306092242455084
0.9382810990821966,0.029509330684505865,0.0075282835794407265,0.017856428149198564,0.006824858504657984
0.739552363773532,0.0995468986188787,0.07569286564813818,0.056291262443623195,0.028916609515827953
0.9216126766601693,0.046917405808499166,0.009403097191272334,0.014057473159924064,0.008009347180135296
0.9374603422662579,0.030482139022102266,0.008663201915909715,0.012548269347649547,0.010846047448080617
0.8997934539767747,0.0537131654484225,0.016598808490406267,0.02115294420182753,0.008741627882569259
0.8630273662825024,0.07086529156081316,0.026877338009961324,0.025403616987773023,0.013826387158949998
0.8563383192920051,0.06965339717957614,0.03297174570529088,0.02959024657584268,0.011446291247285275
0.9253441881988161,0.037197688977159776,0.012089015014021449,0.0178088897215469,0.007560218088455581
0.878018108651884,0.06553825971732574,0.022304758966689934,0.024364359902999788,0.00977451276110079
0.7632630312083444,0.14259396313675318,0.02874151198577728,0.046440660692016814,0.018960832977108474
0.917406656716752,0.032952198577267354,0.022447661635700254,0.018660779007503125,0.008532704062777256
0.938307427599288,0.030924548160574043,0.011793757430610407,0.013062089666756952,0.005912177142770693
0.8925528477238035,0.05844763769459773,0.012539283411685634,0.022917400006207865,0.013542831163705422
0.8149431222573893,0.08479212240749996,0.03338858956522005,0.04257707609453598,0.02429908967535478
0.8273389531544233,0.10451713514573344,0.020191873169200392,0.030955531508413223,0.01699650702222983
0.9156705802591861,0.03612007366551428,0.013597900959984673,0.02210127445529955,0.012510170660015257
0.9197431388731875,0.0321243928513795,0.012958747451806038,0.021888996409604743,0.01328472441402232
0.840083283241339,0.07497709317866012,0.03309472390786963,0.03365070740322039,0.01819419226891092
0.8227965147942475,0.03410945866380989,0.10098997074584001,0.029736412387588815,0.012367643408513526
0.7982736462119766,0.06150613041426168,0.07155172886395364,0.04809331999049455,0.02057517451931344
0.8989296731323819,0.0551419590467554,0.01697331786418012,0.019774448680131732,0.009180601276550876
0.9641596799277304,0.011633200135341309,0.008346555003856344,0.01101644325672398,0.004844121676348075
0.8498280119513907,0.09320015257280384,0.020188328165038887,0.025619996957012805,0.011163510353753896
0.9288702565657485,0.034210837482427925,0.0130746777611532,0.015823177576328867,0.00802105061434131
0.9107434885996685,0.04721452382091932,0.013559876078950558,0.018936652680020677,0.009545458820440804
0.9638549501667366,0.012355870793606697,0.006978440960203262,0.01073952751672059,0.006071210562732838
0.925373759512679,0.04277167713903572,0.01202383782900778,0.01238392913097079,0.007446796388306659
0.7569436751163048,0.15482092129294733,0.030119497196043888,0.0389060122414769,0.01920989415322701
0.8756018538513927,0.06534928432137653,0.020694351990051332,0.02544659843766794,0.012907911399511597
0.8744351583919768,0.07151649641071955,0.016883286560568367,0.02410819278285005,0.013056865853885366
0.9597800141641684,0.022752806034544035,0.005018723146397383,0.007768994883087617,0.004679461771802528
0.8779251484116789,0.07429848049872857,0.010461104417878876,0.02542047286557822,0.011894793806135414
0.9138868749936282,0.04462063151992227,0.012556393336062942,0.01832594883700777,0.010610151313378832
0.8971527489106444,0.058942928640376466,0.011720528788690267,0.022798416658870984,0.00938537700141798
0.8717108511598812,0.06646547983375459,0.021069742330612026,0.02453650157114895,0.016217425104603396
0.8681488295092514,0.06928789021766664,0.01979995173099064,0.027941275340735778,0.014822053201355542
0.8517066841657603,0.07587716883719808,0.02441647776089181,0.029003201837570405,0.018996467398579388
0.9267694507857863,0.029277245810293066,0.015683514102284933,0.020363184575897288,0.007906604725738394
0.9399224178656517,0.0230098177943472,0.014001852878056815,0.017224213124057246,0.005841698337887172
0.873994588649528,0.04290381229281174,0.030993782659667804,0.03708051049699901,0.015027305900993637
0.8775310177856939,0.06952542921423491,0.017001920071272096,0.023371515397767367,0.012570117531031755
0.9050355088979849,0.0568966016450247,0.013018264042523972,0.016524278071493162,0.0085253473429734
0.9115558774420908,0.05213241571009662,0.011433426984989344,0.015637843821700644,0.009240436041122797
0.9579085591987053,0.021945528153899014,0.007166033863543297,0.008552005497581037,0.004427873286271246
0.9434359210718489,0.02557373204138701,0.009480461750836259,0.01362689088425445,0.007882994251673152
0.9241516280105334,0.03151944038026103,0.013799208690847485,0.014516085876156241,0.016013637042201705
0.7909199070824138,0.11539901504993585,0.03344106634087877,0.03753623296288959,0.022703778563881824
0.8602325061163834,0.07197159501420805,0.03641417218997544,0.021066708006620426,0.010315018672812915
0.9315992476728069,0.03049177864561618,0.025891927605122107,0.008975012515098139,0.003042033561356589
0.9353788309131245,0.032221617903324964,0.016476353514874833,0.010178186532493848,0.0057450111361817355
0.8726785740152023,0.05600078296756236,0.03167642342472723,0.028305293692322313,0.011338925900186075
0.7446482256612572,0.14703385396760346,0.03929815555567096,0.044807304250768364,0.024212460564700108
0.8623847540461386,0.08832884824876633,0.015535559194250908,0.02349538973661092,0.010255448774233223
0.8433738994378814,0.08313365072481001,0.033416620117501225,0.027454741243916978,0.012621088475890425
0.9614652678880544,0.016425040981802707,0.008478702677879755,0.009451866526732801,0.004179121925530455
0.9343461224229469,0.028421381535329644,0.014061072724513431,0.01595853065323103,0.007212892663978882
0.9114473130955077,0.04504502259680928,0.015559138939116713,0.021043415453980613,0.006905109914585668
0.8760978016549836,0.06383027507815547,0.02153437806131879,0.026726989738382424,0.011810555467159575
0.9186898934168455,0.036233066762716225,0.01629525322570636,0.021532426864650563,0.007249359730081442
0.7809365184089615,0.1141617072672587,0.039687134921493276,0.0445675674030868,0.020647071999199455
0.8064770840515805,0.06905994196292906,0.030152981794577313,0.06407519657460725,0.03023479561630578
0.8472437051868937,0.07131513569071284,0.03363296281762477,0.03332858730498025,0.014479608999788496
0.9633074210770916,0.015041462606264974,0.00907392442850787,0.007835865275667117,0.004741326612468474
0.8987839122240552,0.04913125051406923,0.016453710965790683,0.023043399029828958,0.012587727266255913
0.855459032377081,0.07821970812339239,0.023343674447561167,0.03083920898051024,0.012138376071455253
0.8999559102853004,0.03444355559104982,0.024163466164279144,0.029027662830825196,0.012409405128545147
0.9183428516473009,0.04249824045399275,0.01155794423227273,0.01826010023565785,0.009340863430775866
0.8846257016579431,0.07950379968202449,0.012559965791814709,0.016183198627862893,0.007127334240354736
0.789719719733394,0.09170990474470267,0.05373495388812935,0.04796434778571449,0.016871073848059033
0.7578567014377713,0.14202496693458505,0.0372039460934055,0.04634978452900616,0.016564601005231876
0.8886395532944168,0.06056786121107767,0.018977470547000826,0.023409722859801564,0.008405392087703236
0.8992418565601312,0.05352396018075631,0.014970480815061254,0.02136515037908906,0.010898552064962293
0.9348610796796266,0.03478794181207873,0.012942878880911259,0.011567512540358491,0.005840587087025218
0.8899985093238236,0.0594159567549002,0.021211695083749836,0.02149943472259383,0.007874404114932364
0.8784971537033548,0.055640020046261326,0.025824310005961446,0.028043142868214497,0.011995373376207978
0.8679503454482932,0.06498901360271081,0.021307045487804727,0.030431558489534834,0.015322036971656525
0.8833088347298794,0.053420144048256124,0.024403712710346984,0.025621662211807814,0.013245646299709696
0.8965228037960993,0.06553224114123286,0.01679884107296956,0.01417380274180156,0.006972311247896688
0.9359921410352802,0.03301585771671859,0.014535738440882927,0.012126615386515976,0.0043296474206021935
0.7928482169265193,0.10223278098448028,0.04652165976988307,0.04169251023265424,0.016704832086463228
0.9629781409751458,0.012376935786637929,0.00934693609438444,0.011343373333021954,0.003954613810809756
0.9508397379693749,0.018301019953820975,0.015234606416799485,0.012147403424102685,0.0034772322359016925
0.8698367057701808,0.01897327775678684,0.07694766590061201,0.02727783643328205,0.006964514139138423
0.8058733448128688,0.04708557474214429,0.1076579455748865,0.03237785831117057,0.007005276558929732
0.8024718777966354,0.042711158249463754,0.11050194798504939,0.03367092567753384,0.010644090291317593
0.9121694051269149,0.03462194907999869,0.03036480989762305,0.01744418951344454,0.005399646382019138
0.8617384368271412,0.07514874248845486,0.0293349165200158,0.023448665349362106,0.010329238815025956
0.895599091205478,0.06849328499692929,0.015183298783268578,0.013372694706128268,0.007351630308196053
0.8838203420549465,0.06710168637428035,0.020947562581026848,0.020777554526997435,0.007352854462749021
0.8964803958707058,0.04346524719671305,0.028367952777785005,0.02283470201549628,0.008851702139299809
0.887943720219088,0.038752169388055396,0.04181370146534304,0.021251036423488086,0.010239372504025417
0.9277210496577657,0.027921393888657692,0.022620550427550158,0.01617635723443981,0.005560648791586622
0.9147089470859172,0.03332450813247082,0.01390929280419786,0.02069088850692265,0.017366363470491437
0.9570587081145882,0.021131306185440853,0.00951007657250748,0.008626945097780734,0.003672964029682808
0.9461008676384479,0.025757320636416364,0.01237169449415354,0.011118804662271064,0.004651312568711181
0.8918415539241449,0.043113430003662676,0.03434190689006193,0.022315553772910075,0.008387555409220463
0.8219797347927862,0.08910614185640889,0.04137591812694048,0.03560593831661961,0.0119322669072449
0.9010804273541533,0.041915605566366525,0.026706962554709415,0.021695736857498878,0.008601267667271697
0.8721325999129487,0.06048193491118272,0.02753368717456118,0.028328144644322685,0.011523633356984614
0.8884696436524389,0.060858616603238394,0.015152118365467242,0.028289709688760566,0.007229911690094733
0.9419942417068102,0.028646172697530337,0.013192880838468033,0.011409098237828225,0.00475760651936298
0.8755485133055534,0.06837002505834204,0.021232985944689642,0.024383568992981094,0.010464906698433597
0.9448223885915911,0.0241655045967609,0.01278098929834302,0.013550596305568562,0.004680521207736303
0.8773411431025783,0.07284705652906122,0.019586362488401902,0.021593161125057114,0.008632276754901686
0.8815774145895856,0.06955766873674624,0.018611380925363085,0.021128763927697452,0.009124771820607693
0.8638417760415192,0.05981676493476519,0.033049544959106676,0.03298857951044984,0.010303334554158846
0.9585792364512788,0.016907613688102705,0.010619382337601548,0.009732538669445177,0.004161228853571917
0.8698382233858247,0.04800657441873875,0.05715992952888831,0.020694598918874978,0.0043006737476730195
0.68999158331871,0.07020154907632983,0.18657265042844076,0.043241205692927547,0.009993011483591708
0.7505585758422584,0.050543563761043804,0.15385464184869518,0.033922611453700666,0.01112060709430196
0.8207234504553376,0.06625326796036846,0.05822325688567294,0.0426045699246605,0.012195454773960552
0.6468676223978969,0.08102514355440078,0.14688958083613265,0.08595810369071157,0.039259549520858146
0.8485358686702739,0.051858310145241816,0.0587553410255656,0.03145810742517094,0.009392372733748003
0.9037650329516564,0.0346650717399633,0.024670099313602773,0.02510093460104143,0.011798861393736036
0.8535244471150824,0.06751721837992351,0.031737168827995876,0.031580827001336555,0.01564033867566171
0.7686621125312166,0.1139696617335176,0.0673296775531173,0.03733818263029986,0.012700365551848577
0.9604229780545139,0.013110877713517414,0.012133739524477934,0.010007306730306588,0.004325097977184027
0.8822191567464791,0.052394925064675704,0.023715314051141693,0.03029953466193693,0.011371069475766531
0.9046751940623645,0.05331914837584337,0.022719938920321082,0.014240246547503057,0.005045472093968205
0.920274078298164,0.04588739604351538,0.012399986597647508,0.015260598086235819,0.006177940974437487
0.8989092699644222,0.037116757055541884,0.027088451357377027,0.02840507297375072,0.00848044864890814
0.9030724662043804,0.06589852595847424,0.009304998995468565,0.01599858913229694,0.005725419709379971
0.8871041277601255,0.06656498868335757,0.019221235599864724,0.018893827856594457,0.008215820100057903
0.8500625532260166,0.06584672961014361,0.029373797170527623,0.04142218124852373,0.013294738744788526
0.8865591205306371,0.039070159503160284,0.03801769929630067,0.027577789657144258,0.00877523101275771
0.7965415288442149,0.07896139497202236,0.06367424696453086,0.046679053430654385,0.014143775788577508
0.8117768594795766,0.05310434660611935,0.06103532069214473,0.044613532800724214,0.02946994042143531
0.8689698653312132,0.05294725586052579,0.038176214291010376,0.027318761221381493,0.012587903295868993
0.6554335251088826,0.07720382474515251,0.19751530940569825,0.05435879722854311,0.015488543511723185
0.795783418688124,0.0869961953792678,0.07343534019905384,0.03262080955336216,0.011164236180192313
0.7385432257255047,0.06970480099197805,0.1332401560187861,0.043787862141812656,0.01472395512191853
0.852076773252907,0.02072588936020704,0.09453963781324998,0.027453988680153644,0.0052037108934822295
0.7932146844283512,0.024950410356990395,0.14388831567173224,0.026755732258971484,0.011190857283954657
0.9408358882045249,0.02291766589630873,0.023230811550756188,0.010011487096208424,0.003004147252201607
0.89287744686094,0.06060214494712242,0.020957622813057263,0.01701708474286447,0.008545700636015943
0.8550003843624168,0.017258627544639565,0.06691833828878178,0.04142280468481422,0.019399845119347718
0.7885292141629973,0.12231500056606182,0.041603491874074174,0.0353980007874009,0.012154292609465803
0.9201486287558489,0.033451943416079204,0.013364565990498354,0.020431467512563656,0.012603394325010052
0.8651086689131331,0.053787579052574766,0.03302836143430734,0.034188130466538236,0.013887260133446504
0.816170150066679,0.0537421030155202,0.058821766485879855,0.04185626717806488,0.02940971325385619
0.8769129593924228,0.039931675891605754,0.05243572118444066,0.021822840843832327,0.008896802687698569
0.8996396886529784,0.02756732948029308,0.03039401335250292,0.03326593632830743,0.009133032185918358
0.8270523372297716,0.05614249068392345,0.06503380048920596,0.03844700781716828,0.013324363779930758
0.9088651481801279,0.03414949914507451,0.03893162195937016,0.013447063033762967,0.004606667681664587
0.8651381881701025,0.054281034012639846,0.04227506404185775,0.027793851408806577,0.010511862366593329
0.7780534517604054,0.056194364912717364,0.105030022843136,0.04808692321561072,0.012635237268130399
0.84645794398667,0.05764729520985321,0.05945846115700998,0.02946640548979052,0.0069698941566761485
0.620360741665125,0.09988225603625471,0.2207257525445366,0.048824814604924,0.010206435149159754
0.7093255197003571,0.030361170627750254,0.18986273167952863,0.05696421464685986,0.013486363345504253
0.8066242738406587,0.029892162597640402,0.13095839779421214,0.02621623055265612,0.006308935214832625
0.9251084488812555,0.02704847413096077,0.026427725795128358,0.01585061777134365,0.005564733421311735
0.8838573480026543,0.0294218966856169,0.04957351439672661,0.027904068562353272,0.009243172352648923
0.8226160553925822,0.06215700032515457,0.06384256174213879,0.038521144724332865,0.012863237815791599
0.9390097294314326,0.024456821894673172,0.02157343265194871,0.010870758013438295,0.004089258008507119
0.8118828956194427,0.06828885057370283,0.07290202507311452,0.035094405371059616,0.011831823362680143
0.9273322613318737,0.02093779276966378,0.030739354180371038,0.015830668188558477,0.005159923529533061
0.8976358617586518,0.04435057306488155,0.025444445068399303,0.025170313801021218,0.007398806307045981
0.9464203021893445,0.014363542720178831,0.01829636461427275,0.015200322032368483,0.005719468443835456
0.9093220999585055,0.03047649795978525,0.03274709980564227,0.019232136556659122,0.008222165719407613
0.9030814631766201,0.05673728154657266,0.015991882726745805,0.01692719683734092,0.00726217571272044
0.9229475521675915,0.037948236849870504,0.012847511304980875,0.019891611831162854,0.006365087846394117
0.859403176876617,0.04724476026726457,0.046890701179874664,0.034010783428124934,0.01245057824811898
0.9362160667956506,0.029211914746785424,0.01701076236726298,0.011626638619192527,0.005934617471108328
0.8579895407597133,0.054528420588131996,0.0313804600989181,0.038799593426867826,0.01730198512636867
0.7490845413021647,0.13018152002144795,0.047143557454384276,0.05938229180686238,0.014208089415140663
0.834764464226916,0.03607231570933704,0.08176558329894802,0.03737959127229037,0.010018045492508405
0.7831940866107151,0.08992609510583811,0.06358502970523136,0.049894940308399464,0.013399848269815802
0.9069743202157906,0.052036030216416396,0.015215818280909578,0.019383208708523388,0.006390622578360016
0.8821726639158957,0.05804680097841937,0.029443112167825487,0.020786697013437536,0.009550725924421981
0.8919951019934387,0.02567303759460656,0.05449160588889285,0.021066612398459774,0.006773642124602135
0.8993649975581737,0.02375050030537039,0.03837971519369446,0.02944670287537219,0.009058084067389293
0.8613096745603368,0.04264508823826565,0.04216937259980751,0.0396187962931551,0.014257068308434763
0.9111173388742203,0.024692404728922795,0.02830437976651041,0.02424704680196374,0.011638829828382715
0.94889236846221,0.016983750212671886,0.013882949017105971,0.014372420044017445,0.005868512263994504
0.8316994623573367,0.08363216919286992,0.04334248496582635,0.030893575084189686,0.010432308399777239
0.9013317050276445,0.047033935360689956,0.020473593234774486,0.022459702128640093,0.008701064248250996
0.923902136561033,0.03175834774264081,0.020718320317444198,0.01733814151484437,0.0062830538640374555
0.8909143026613824,0.048787500925665646,0.027622634014946877,0.02298659902414714,0.009688963373858056
0.8622687543613486,0.055525923048327236,0.025508381207529362,0.044286246941307075,0.012410694441487563
0.9204447513342433,0.03652406805078641,0.012863450397868995,0.021933062368972352,0.008234667848128928
0.9129202627513268,0.03880715766998263,0.013392412938814538,0.024698156953927942,0.010182009685948132
0.8990120156790579,0.05086183142097939,0.017293810494566558,0.022737653036605156,0.010094689368790957
0.8833201009735445,0.07552583175884062,0.014080020376868719,0.018814347673671208,0.00825969921707495
0.9372718526739953,0.01759271676250243,0.016281692368000908,0.02013739273367781,0.008716345461823467
0.6506762471975109,0.05013972341166548,0.02458026149247623,0.10951456823840285,0.16508919965994437
0.8924757785008084,0.058667275051712015,0.018299587926145767,0.02242338709011373,0.008133971431220135
0.9005011771604161,0.055082373346527984,0.020856309370920267,0.017579416308737546,0.0059807238133979665
0.9063256707457505,0.028874585907258315,0.031186877036173743,0.02559161280808595,0.008021253502731448
0.8946117458882124,0.03017796531598314,0.01873304073966667,0.03318941937965405,0.023287828676483897
0.867674842695099,0.08971670826714301,0.016574879330702574,0.017605371087346243,0.008428198619709336
0.7746362612673326,0.12912025452733294,0.04061503150073638,0.040241905293908954,0.01538654741068914
0.8616577135507599,0.06688829314381158,0.029344810038654207,0.03225046351903188,0.009858719747742443
0.840008279619203,0.0768080172424798,0.029695879243603316,0.03609726755877188,0.017390556335941932
0.834030798337885,0.06780510601781849,0.029763453565268196,0.04956416223331125,0.01883647984571708
0.8445410525723531,0.07659223764897255,0.0234873253293094,0.037097743218418876,0.01828164123094618
0.8467916233621561,0.07017274234889485,0.030463065074976044,0.03604172975292355,0.016530839461049628
0.832905729066954,0.08201075836775225,0.03533541892190523,0.03689590825685103,0.012852185386537434
0.7995266762056922,0.10241150035006286,0.04059077086429652,0.04109966933362946,0.01637138324631888
0.89589795014574,0.04054646572099511,0.02285031815141771,0.027797176905208453,0.012908089076638775
0.7851939878407789,0.09958604806615909,0.036423067698341964,0.058018861988616506,0.0207780344061037
0.8575330403631667,0.07554634981026044,0.021676955481110854,0.034922814892021536,0.01032083945344058
0.9276014383075422,0.026578277448465925,0.019716722729729567,0.02040043660266595,0.0057031249115963405
0.807471067188366,0.04738255257882314,0.0839004824092924,0.04950684721857948,0.01173905060493883
0.7485010957904483,0.05814554253277196,0.14453654281757478,0.03788273883980532,0.010934080019399524
0.4925425919188925,0.06586037898961088,0.34876823488096564,0.07297361930592143,0.019855174904609696
0.9079287317228406,0.036492166732303044,0.03589832710379224,0.014524898584386804,0.0051558758566773305
0.7581173225554104,0.10189000436562899,0.06113719154559822,0.05325629294015393,0.025599188593208286
0.8662034713040402,0.06835387109519359,0.024004611497085337,0.029576369309615165,0.011861676794065735
0.9152769029067876,0.044973038932683056,0.015868526394698643,0.017577083832628328,0.006304447933202185
0.9451609538995798,0.034785829661799744,0.008076874448647783,0.008320007375200326,0.003656334614772419
0.8229214840637873,0.06406602439671102,0.05285881514800665,0.04202559997400689,0.01812807641748801
0.8437316742639144,0.06934949462161151,0.029463406325876105,0.04420441581415637,0.013251008974441768
0.7215085616345264,0.08223824979388963,0.13730334577426723,0.043396351102809164,0.015553491694507548
0.8410381957134752,0.05292390628320857,0.08325392132654505,0.01782396859205466,0.0049600080847167225
0.9240838384806286,0.028318753950185852,0.02697539092304907,0.01614654552509919,0.0044754711210371525
0.8900063012951325,0.03982078957869941,0.03795237174886908,0.02398383636908727,0.008236701008211729
0.9609686837361219,0.019610435635051316,0.010145456559929766,0.007082493713293132,0.0021929303556037466
0.8696636471201442,0.06167393430949787,0.043327394492305306,0.019406421557964695,0.005928602520087832
0.844858375227769,0.05161289504013217,0.05236132713524498,0.0377350118487942,0.013432390748059953
0.9048490863911198,0.021973996168012617,0.03533823789545694,0.03124069055290095,0.0065979889925097904
0.8634229483018334,0.030512591105030202,0.07367400456604321,0.02541262754773777,0.006977828479355529
0.88243061804954,0.04077472152064736,0.05202879208424626,0.019110313372147802,0.005655554973418444
0.7601947514368049,0.10059787642459037,0.07600793990222514,0.04489424110582656,0.018305191130553008
0.7390327438013636,0.08210511405825226,0.1139070166956795,0.04899048116978555,0.015964644274919233
0.8887988599808054,0.031173810230149604,0.04624855210861167,0.026987275523899495,0.0067915021565339035
0.8964169609205969,0.04599885157960278,0.03477279633267402,0.017091083054489975,0.005720308112636042
0.6520686542348485,0.08347132627856126,0.1812942504889722,0.0635669916407728,0.019598777356845152
0.8323059162137941,0.044615345871170144,0.0689029402214457,0.038862069510240106,0.015313728183349886
0.8338808687043162,0.0599717695737109,0.05998667446166628,0.0342944265244945,0.011866260735812007
0.872022946526787,0.05592053751488773,0.03176352756792202,0.03025991619640137,0.01003307219400193
0.8854604079139823,0.04234863421146183,0.02832085521973781,0.03276569119567739,0.011104411459140755
0.8570033182773278,0.07902948682382685,0.02451068715537603,0.027382188910766558,0.01207431883270287
0.8667951709893141,0.06842404307985898,0.03109689035294836,0.023720838125525574,0.009963057452352831
0.8044592824689092,0.10635755880290643,0.04513390023956247,0.030049082913766522,0.014000175574855665
0.8979564065213569,0.04778548379502206,0.013943979948477491,0.026044987270781274,0.014269142464362302
0.8626073597590388,0.07766409103063843,0.020543480536395202,0.02369624872269287,0.015488819951234623
0.8664668064139102,0.04726204921902278,0.03172452142501424,0.04006541153432756,0.01448121140772512
0.9501290975816746,0.024805106688954474,0.009228937514085564,0.012208133427763015,0.0036287247875225474
0.881240841844038,0.06300005157796632,0.02814415742076456,0.018769995050974948,0.008844954106256193
0.9438335073420712,0.01482296421080954,0.019023800572665985,0.017031365821538337,0.005288362052915104
0.929389810075727,0.03163737258072153,0.01475049021269049,0.017409082770283624,0.006813244360577106
0.9268255288783422,0.03609358078012548,0.010006447716250835,0.019870964141046426,0.007203478484234957
0.8133430328811192,0.0811090039363648,0.04060039085082796,0.047238802788194485,0.01770876954349361
0.8244431286870825,0.10445639529729368,0.02421245197653476,0.03291697002326371,0.01397105401582536
0.8664736395130573,0.05341770968124801,0.03715823065466554,0.03169977779946874,0.01125064235156049
0.8846412482943927,0.052880616476691504,0.027702973890051455,0.025436391347723165,0.009338769991141376
0.9409877255205411,0.009937129637784283,0.03640777109944916,0.009065171249104819,0.0036022024931206898
0.7178968190568327,0.07757774939286347,0.15532219964894106,0.03832498687330563,0.010878245028057206
0.8812024004646412,0.014968668350339625,0.0713620361466784,0.025287040508529982,0.0071798545298105785
0.8073423240904044,0.053072561914017005,0.08566900704615726,0.038627800342786255,0.015288306606635093
0.9330471741723151,0.024188383126663326,0.0225150258009743,0.013438403984405904,0.006811012915641322
0.9252234674736245,0.04086611671453617,0.01698298960065488,0.012576747331777343,0.004350678879406969
0.9105644325915864,0.040665128101912536,0.01821181010240849,0.022723460285910012,0.007835168918182348
0.8588228722232748,0.07802983206095833,0.02449350466119178,0.0258235147510258,0.012830276303549324
0.8396276651478131,0.06514386152879471,0.034817088876110555,0.035871491932740446,0.024539892514540952
0.8967301869993928,0.031723559796065136,0.013856275880851945,0.032752582433411045,0.024937394890279237
0.9462195930241155,0.019266276417672833,0.015029671614252086,0.012771217926714875,0.006713241017244366
0.8837948891880065,0.053868412658133295,0.019866304391677914,0.029818852894679747,0.012651540867502774
0.8732464629734663,0.06917064906781673,0.025375958662394515,0.02229011844910735,0.009916810847214878
0.7947552920390691,0.09284117976662751,0.04359745831264387,0.05111701414773879,0.017689055733920624
0.7435595593327761,0.10329749558917443,0.07585041985168116,0.05873797047837289,0.01855455474799508
0.8522522198999275,0.04158379026513314,0.07363928489094572,0.024705763776024514,0.007818941167969261
0.7303805403766979,0.1437695703836599,0.06419143408037283,0.0438195845577934,0.017838870601475845
0.9331182677209112,0.028840004910567124,0.01828360716215553,0.013829657217854606,0.005928462988511456
0.8540398446409744,0.0679738463760935,0.02947517862502318,0.037393922661221726,0.01111720769668726
0.9106894306161614,0.02847598852452983,0.03184332128481519,0.020875850302970952,0.0081154092715229
0.8179071703321158,0.08973743122682343,0.03827384476269356,0.04016897777529777,0.013912575903069458
0.8327415113690882,0.08806109091345704,0.03779495850846987,0.031066841004625503,0.010335598204359425
0.8934383451374039,0.05025756710139121,0.029229072772756118,0.018659148630112168,0.00841586635833673
0.9412059129883056,0.027570925892184656,0.013402543980185422,0.012990828254943333,0.004829788884381074
0.9199371645238044,0.03336234348682884,0.017177423364152757,0.021020489938123763,0.008502578687090114
0.9111348321762706,0.03929854900138243,0.01559897031342991,0.02532784029565773,0.008639808213259137
0.8256721402984424,0.07048086089960981,0.045333854346875944,0.04515045820877949,0.01336268624629243
0.8507393861030431,0.07114886753075608,0.034956940307526656,0.028770083342083523,0.014384722716590541
0.8785370609144915,0.05839381659633343,0.028988096008549548,0.023569032906965295,0.010511993573660498
0.9355223048157641,0.02579066074749902,0.014476479150269297,0.016385852245742877,0.007824703040724638
0.9117100402069324,0.0428359022016994,0.022204951475992846,0.017612031158921192,0.005637074956454258
0.9387586558853829,0.01855104608670547,0.020748792270025164,0.014477809086880086,0.007463696671006297
0.8962969668688434,0.033887590228558355,0.03795673564697466,0.024429951466089138,0.007428755789534368
0.7891514385142249,0.06319717074467404,0.0824170843446408,0.05083796420175478,0.014396342194705468
0.8640654029238243,0.05171232773338302,0.0444522772141066,0.028760670704742506,0.01100932142394353
0.8420582556562716,0.0834830145006423,0.026055528091850518,0.03430184344424674,0.014101358306988929
0.87910014436774,0.04431167203420229,0.03323560955079859,0.03154597691803899,0.011806597129220006
0.8250891227322361,0.07953428996804791,0.03983698409343997,0.036584058491923706,0.01895554471435235
0.8614965792704822,0.08269214354763646,0.022482757802805384,0.022448462726002243,0.010880056653073714
0.8002043657052506,0.05775025577481238,0.05546385568389259,0.06444429416490374,0.022137228671140635
0.9154114123005682,0.031492953247370344,0.026334486446159273,0.018877913588086475,0.007883234417815691
0.933500398176186,0.029391137018685398,0.014691413867407,0.01596832638473267,0.006448724552988774
0.939239969613769,0.014208887796801102,0.020237864598033246,0.018687307526041988,0.0076259704653545935
0.8896784178046172,0.045563529170887906,0.025557301728999365,0.02554785014855952,0.01365290114693555
0.9062018874109847,0.03603998130283269,0.027890975010064083,0.020136463368864006,0.0097306929072547
0.9422862038588634,0.024489841553135435,0.013618572423194687,0.014070591939849822,0.005534790224956646
0.946474820523505,0.024107365705123146,0.0100176491754038,0.014020316804671432,0.005379847791296411
0.8459171773695293,0.08297806314215524,0.033079820778151255,0.027538662687448864,0.010486276022715336
0.8578957700821646,0.07283169786667536,0.02966322806086976,0.026519827625211947,0.01308947636507853
0.9187086704293499,0.014364288415398902,0.03127737777041688,0.024755881186773358,0.010893782198060803
0.8498022185292101,0.0516383667755355,0.04226567278747135,0.041047877295804766,0.015245864611978343
0.7225481842463727,0.061151340661011536,0.14055432621383415,0.05981609222025156,0.015930056658530124
0.8841826532129256,0.037501842819894986,0.04666749072052824,0.024144012380321905,0.007504000866329271
0.8285108887126239,0.052428181285281435,0.0700168783239769,0.0377540973349236,0.011289954343194065
0.9040429749541988,0.03540741112692234,0.027991407539645033,0.02411854264184823,0.008439663737385273
0.8970368060510643,0.05790584544350044,0.01711465729509811,0.019272117572720984,0.008670573637616306
0.8941204869951299,0.051608795507889015,0.01991882742048118,0.02305408637268092,0.011297803703818889
0.9199867428533978,0.05052037661511481,0.012708670118140664,0.012153922864705971,0.00463028754864099
0.9301038992819227,0.027642351366500253,0.014623522368273975,0.019725683992303077,0.007904542991000085
0.9198298029091674,0.04524120895639113,0.012390320899952966,0.015317583501051203,0.007221083733437024
0.9744226937686793,0.010586569312099742,0.0033401917969991483,0.008370739196109117,0.0032798059261128537
0.9211663775043232,0.019233264339006947,0.0237628625448858,0.02582167588852217,0.010015819723261602
0.8564017282097115,0.041901160166631715,0.029133387619337064,0.04158655934415427,0.030977164660165313
0.8445294757259175,0.05273398417101875,0.04557122557343744,0.03896075473559316,0.01820455979403303
0.7281193315480923,0.15733125841870013,0.043837395642986186,0.052371675944096314,0.018340338446125162
0.7340876377774787,0.15440437334715043,0.03977742927840769,0.04945241211005853,0.0222781474869047
0.935279662979213,0.03219955675625796,0.011276820136327649,0.015005005500733545,0.006238954627467952
0.8612954881818244,0.06810165481732802,0.03497213896750567,0.02651750789940383,0.009113210133938072
0.8691919990736544,0.04882059894648159,0.0368362167673118,0.03210294335596226,0.013048241856589699
0.9313617319496869,0.02700711361528092,0.015835821025104634,0.019460120509563486,0.006335212900364055
0.9048389667728943,0.042499475101105536,0.022310089080627815,0.023124415047505457,0.007227053997866688
0.8145176363134288,0.08160977274209011,0.04348275846991457,0.041547539721345145,0.01884229275322138
0.8860905718625625,0.032856155284679577,0.03826654881124182,0.031346225179491725,0.011440498862024489
0.8464491475333957,0.041020179043851995,0.07479405685440244,0.026624815600169258,0.01111180096818064
0.9065719022653617,0.03697695240611647,0.027127559497707888,0.02060916715103261,0.008714418679781328
0.7441935611474769,0.0860805436518873,0.06558725116249942,0.06860183861062066,0.03553680542751574
0.8976304925404527,0.03171128457296531,0.028423024828934114,0.029348979975612536,0.01288621808203521
0.912068652547236,0.02829097008999756,0.02502902719678565,0.02338649983720143,0.011224850328779451
0.9070500299729289,0.037651693051749834,0.019307397517350097,0.025207032016248705,0.010783847441722356
0.8499989359227303,0.06149282324614873,0.03171299375734525,0.0400054573495602,0.016789789724215572
0.8661456875398433,0.0458079268748474,0.032013024840700184,0.03858643442360339,0.017446926321005647
0.9606652104018067,0.009357246735590491,0.013235982014604334,0.011763897431689005,0.004977663416309372
0.8380366073908411,0.10136318573877508,0.01632993335088045,0.03130547676188373,0.012964796757619794
0.8940428277689636,0.07047434795541602,0.01491463571940312,0.012566772662859613,0.008001415893357563
0.8983317006277628,0.054098081624086934,0.015324360847508288,0.024215946640303156,0.008029910260338821
0.9255751881426175,0.036003523003211725,0.013577700675374045,0.018486313484240888,0.006357274694556174
0.9090837183334614,0.03453806967979916,0.026189527572334018,0.020494497723002936,0.0096941866914025
0.9101059030249191,0.028045627964965597,0.02436188527044079,0.026224531914038122,0.011262051825636252
0.887444603092307,0.05655665117120342,0.023095036653078285,0.023560350485412707,0.009343358597998475
0.8729322644010884,0.04672799938263308,0.03506667181050248,0.0316177463691764,0.013655318036599591
0.8830815652505999,0.047061901521206165,0.028199023014473464,0.028671678908471256,0.01298583130524913
0.8597434570042477,0.050740483750281826,0.04337518241175426,0.03308795319624577,0.013052923637470603
0.8812685970033176,0.035231920564801955,0.03707091434589815,0.028530469587502605,0.017898098498479783
0.9401377895673151,0.025228236031740455,0.013416146334379996,0.014962201813695642,0.006255626252868654
0.8353010996210948,0.08347041502445295,0.034891399878052266,0.03300802309378569,0.013329062382614363
0.7987773648331172,0.07371800923269128,0.04654396864096895,0.05858579627164962,0.022374861021572958
0.9093186037234211,0.053161985993126014,0.01354670526631849,0.01686671890345571,0.007105986113678841
0.9539884067754749,0.017015928710359233,0.011942074469107557,0.012211669012328362,0.004841921032729935
0.900565559441549,0.04381346452401758,0.0159978645635151,0.02912544411271226,0.010497667358206168
0.9329139299778499,0.02330540985491951,0.014669520658719312,0.019420341820509227,0.00969079768800192
0.9302997729034514,0.03184583045150355,0.01889893620201135,0.01314249655790355,0.005812963885129912
0.8584591544750544,0.07177242202331599,0.030057014434793954,0.028527608418199485,0.011183800648636123
0.9395250448832464,0.0262943453917827,0.012897238873912833,0.014201154155258636,0.0070822166957995245
0.8498553029861186,0.06709307003004017,0.030170279544849663,0.03625383861169108,0.016627508827300498
0.7972687268665001,0.09462271042864705,0.03573841548771988,0.04917781258545889,0.023192334631674374
0.9171221615747756,0.03073055400689543,0.01931315231154671,0.023534948005125123,0.009299184101657202
0.8432968598958561,0.0821654919069345,0.020472526093368974,0.03722848536041351,0.016836636743426826
0.9249315645527922,0.033622520341265255,0.010680593075356744,0.022417329475608462,0.008347992554977273
0.8419576846976723,0.1151252954980844,0.015036224778818406,0.019034069046719098,0.00884672597870607
0.9006123375717784,0.0464213388977696,0.014484436221372823,0.026615847007566133,0.011866040301512925
0.8146888026713487,0.11550721746511569,0.020415259743020244,0.03261724927854551,0.016771470841969942
