Delta_Power,Theta_Power,Alpha_Power,Beta_Power,Gamma_Power
0.6918266625084024,0.12772323866440496,0.12205543083125973,0.049850173139639846,0.008544494856293218
0.8893587297970462,0.042298137547518974,0.03754997316241794,0.025443646579973115,0.0053495129130439875
0.6934365334443694,0.15448439360317676,0.09055611802170782,0.050340441618786286,0.011182513311959854
0.7781580320833902,0.0846643090809891,0.08799510184529209,0.03977625665805064,0.00940630033227799
0.8289460538795759,0.04806994497339081,0.09162085801430088,0.024894192304351675,0.006468950828381026
0.8583369095073969,0.05093387158165661,0.06696045403868094,0.01953720216086161,0.0042315627114037505
0.7688823501486987,0.0913936696131014,0.09857606078716216,0.03224141744652019,0.008906502004517345
0.7135687481719872,0.1139228335216244,0.11497020364148286,0.04434766528997949,0.013190549374925977
0.7942175338363562,0.10817130362011071,0.06317235403573657,0.027462428359392395,0.006976380148404191
0.88530648122688,0.05851889756009733,0.03273283699899589,0.01891484610557569,0.00452693810845107
0.7135484567362751,0.13438378070133195,0.088036593492658,0.051800059043993776,0.012231110025741163
0.7621985230816443,0.07007064353853185,0.11685524133329268,0.04239460822929842,0.008480983817232841
0.8832158893096204,0.05191081928599543,0.027762005288420124,0.029701128795805175,0.007410157320158808
0.8462314142535587,0.04963739729598115,0.06145116358643368,0.03465631529727957,0.00802370956674692
0.9007239166439424,0.04210740746170842,0.038264226898509106,0.014998653128536016,0.0039057958673041344
0.915169316456205,0.03776514305346786,0.024631222476341013,0.01810300381757572,0.00433131419641032
0.9664094005783829,0.015028950089191074,0.008346586772671048,0.007654182179677626,0.00256088038007759
0.741322413123148,0.1225851727227624,0.08459053791096961,0.042526108297334754,0.00897576794578531
0.8041886278196825,0.07852495772333855,0.07062136751488145,0.037302604886167635,0.009362442055929922
0.8476323414639635,0.04238011911753372,0.07839706058574543,0.026629766352783087,0.00496071247997443
0.9007128353532579,0.029787710354883378,0.054996887195698764,0.01166440876064027,0.002838158335519602
0.9267584188406524,0.05067302433032609,0.013066909249122755,0.00745289332371949,0.0020487542561792886
0.8607576328511044,0.06848359320531913,0.03631286647701418,0.025972220914532416,0.008473686552029867
0.8766795737362328,0.039216967270238684,0.05556224450735212,0.02180142130191047,0.0067397931842659445
0.8142734627478582,0.045807207800521645,0.1020449885383097,0.03055120820889102,0.0073231327044194945
0.9211501540058332,0.03505323013854451,0.03254339287934442,0.009231744141270848,0.002021478835006968
0.8361935758478025,0.05954146220226541,0.07347505685743343,0.025365717891027664,0.005424187201470959
0.7673970497686621,0.06408826982367415,0.13468506430127433,0.029157210203510402,0.004672405902878982
0.8962883302479361,0.04736086916990777,0.028161024987953007,0.023754438228090053,0.004435337366113177
0.8826978321604575,0.052365528269873625,0.031402390688508065,0.027659696488557775,0.005874552392602818
0.9129885721042316,0.0330456175866884,0.02727177608873499,0.02214041018966067,0.004553624030684581
0.9075275588670709,0.03448543641268551,0.03189718196181588,0.021351473447838606,0.00473834931058903
0.879905087653096,0.06936006381457986,0.02284146647848307,0.022572160622512587,0.005321221431328378
0.8462147610715877,0.07397395248144911,0.04048665132296297,0.03270597822459899,0.0066186568994015425
0.8553355032698955,0.05189519166974612,0.05450819416584387,0.032942183862859395,0.00531892703165476
0.8548645200462228,0.046603650845145304,0.05169574251476495,0.03871789970377773,0.008118186890089184
0.8985482647059552,0.045588853639383094,0.030793467960749665,0.01995138887457514,0.005118024819337086
0.938268789807869,0.029352742048391733,0.01772349503545708,0.012031749771918574,0.0026232233363637173
0.7640876833545465,0.11340357345426011,0.06766148164283708,0.04633928237112481,0.00850797917723138
0.878516323142397,0.041852869384420475,0.056317628792948715,0.018873468973188565,0.004439709707045366
0.7778981415150248,0.09425695855325048,0.09527518702620939,0.026721172374830415,0.0058485405306849736
0.7249668391592475,0.14612852279007674,0.07066035033163978,0.04902749749268913,0.009216790226346633
0.7960273471543617,0.07826135633014496,0.08845325511455068,0.030626544168544684,0.006631497232398016
0.8459420984152979,0.05109094631556282,0.06466182071237177,0.0320066978482356,0.006298436708532007
0.8601655827231377,0.05076034326570179,0.05363153096660052,0.03085707390410858,0.004585469140451746
0.9205969971032689,0.03529040252372412,0.03197170848645101,0.00964225707919184,0.0024986348073637605
0.8523007143831631,0.046198009694425474,0.08230617688045089,0.015954413641378444,0.0032406854005821157
0.7773628630321281,0.07526175944947633,0.10057529593481386,0.038009008702127485,0.008791072881454176
0.9185112578549639,0.025995832351553148,0.034095036520018135,0.01744388349466943,0.00395398977879526
0.8294879318120841,0.08440682621066535,0.0649303072756955,0.01669007194170797,0.004484862759847244
0.7681939853412567,0.07297654794196172,0.11311322912875127,0.03669612665761978,0.009020110930410713
0.7167750603139016,0.10033541987681793,0.14748132018726143,0.028910673774857627,0.006497525847161395
0.90318487191932,0.038712128372905955,0.039082824567466964,0.014825499736796975,0.004194675403510263
0.7920624816237531,0.07224228091312829,0.10003912218940124,0.02940513197894206,0.006250983294774864
0.8442238502750609,0.0586122888204026,0.0687131614548702,0.023919701309769056,0.004530998139897088
0.9167558387559479,0.036409225681250185,0.028934029901988685,0.013010961791880821,0.004889943868932304
0.8927951454822377,0.059295243844585316,0.02301785951764779,0.020067236337697858,0.0048245148178311945
0.9062794225894121,0.0425342189908596,0.013953035052026665,0.027798522128811287,0.009434801238890317
0.9383282268491474,0.026051209294606414,0.020630916809090738,0.012344677404754173,0.00264496964240121
0.9047958659468595,0.04025978792101066,0.0285078399130269,0.021176172467384503,0.005260333751718492
0.9375220228226424,0.022534002450507178,0.02374027097869613,0.013055894683447415,0.0031478090647066386
0.7708365814999713,0.10253352924895916,0.08885760357654501,0.03141908935352994,0.006353196320994838
0.8705939784177977,0.05631067089288022,0.0514563251989719,0.017525955692323097,0.004113069798027179
0.7628272494091757,0.0688792694905691,0.11307690698393287,0.04513027496154804,0.010086299154774268
0.7414104417262671,0.10643560393122671,0.11396106488019568,0.031088254237369134,0.007104635224941435
0.7698679546788522,0.11516469027911622,0.07864313794698226,0.028023794849679453,0.00830042224536984
0.8364055339326124,0.06745469359649253,0.06619870929164126,0.022478121518306384,0.007462941660947555
0.9049113690844094,0.05435844947571911,0.01888492604225065,0.016793403682425413,0.0050518517151954
0.9379095426430867,0.021438002217449088,0.025755827984024156,0.012111636254445632,0.0027849909009944216
0.9235229166103743,0.028450539650792576,0.03254890562043204,0.011753041947836777,0.0037245961705643276
0.8881818503494902,0.0462337705539999,0.044705512154532556,0.016357205445114414,0.004521661496862966
0.9037288446951094,0.04290787750195622,0.03238745779453399,0.015533245644053879,0.00544257436434667
0.6940307333717948,0.20843595096952972,0.044413860687468214,0.042986688060256316,0.010132766910951089
0.8590014641203778,0.05881464864752429,0.05302334208058874,0.023812027353644898,0.005348517797864391
0.8701533295431,0.023680449750715347,0.08096678547947596,0.02015339799429423,0.005046037232414399
0.8072770497943421,0.06488693857138163,0.08292507953463209,0.03705482566035403,0.00785610643929024
0.9155155947598668,0.03266641822823086,0.027027641372203186,0.020029440687292663,0.0047609049524067444
0.9248411121846581,0.034191180796862355,0.01671580089213399,0.019985054420320746,0.004266851706024773
0.8986860883185911,0.03678650224713503,0.03487366790061465,0.024559896967236285,0.005093844566423078
0.8247015712222898,0.07299942906090537,0.05730027807431905,0.0363162628163156,0.00868245882617026
0.7971766977446744,0.06089459441065707,0.09079771912785584,0.04352647322459547,0.007604515492217324
0.9324492830831321,0.031170224046554187,0.020587742101327647,0.013659134020431066,0.0021336167485548614
0.6735047397780524,0.1195177682852925,0.14401529058039395,0.05085893892049389,0.012103262435767323
0.9364316415925751,0.02886036076804824,0.014270920906929241,0.0175888018328542,0.0028482748995931136
0.9464775211777665,0.023291106033221688,0.013532997695678605,0.012308204790321168,0.004390170303012118
0.9579636297075966,0.022269437661913177,0.009254230178114439,0.007289827796430569,0.0032228746559451143
0.7764367715998225,0.13235862816826038,0.041046783560581085,0.0315472232285786,0.018610593442757617
0.9337543743953268,0.03392024257041567,0.011492167581073118,0.015461113041028178,0.005372102412156188
0.9049096370035017,0.061422902031956765,0.014515509131688347,0.015939555349509436,0.003212396483344043
0.876074698821645,0.055219048490872245,0.0386689138157878,0.023282825323364866,0.006754513548330197
0.9408742611412585,0.025198676435811064,0.019396205930047084,0.011439546059361098,0.0030913104335224114
0.8654770019174773,0.04440227136509034,0.06118739796490088,0.024293618626602648,0.004639710125928918
0.9292897904509306,0.025374943160790215,0.02904050393676361,0.013272999367676609,0.0030217630838388
0.7296074900467857,0.06396923923920525,0.1520278043366016,0.04287643546414286,0.011519030913264651
0.835869326196934,0.06600464508006051,0.068824828005402,0.0217633839213372,0.007537816796266523
0.655481268842801,0.12520159450947146,0.14834780157959546,0.056461075763636875,0.01450825930449529
0.7186077025611688,0.0643903446165832,0.1547716427074842,0.050024218801777105,0.012206091312986684
0.8388767027830689,0.0532704196565365,0.07291385693219345,0.028558437689537242,0.006380582938663877
0.8903370140458925,0.027845549322568514,0.057319342426299796,0.020660503558523346,0.0038375906467158667
0.8803640363805421,0.029285650702994083,0.06966981380514332,0.016681803613825194,0.003998695497495258
0.6683295192624662,0.13168447035517522,0.14665528889954177,0.042032779874964454,0.01129794160785234
0.7940572124212378,0.09335353316354483,0.08383887794584405,0.023167281538481733,0.005583094930891764
0.8324709405106014,0.04455524590123013,0.09216299973500491,0.026032579098956884,0.004778234754206697
0.7657322303928796,0.1016096693713655,0.09243861257653177,0.03410418141898983,0.006115306240233293
0.8255373878645977,0.07691244977954438,0.07186997580553146,0.021868929849287302,0.0038112567010393423
0.8848883564730219,0.04543810888589892,0.05067693311948618,0.016212739745478964,0.002783861776113927
0.9065734287944864,0.03647618358011794,0.04505684191045842,0.009100798151397237,0.002792747563539965
0.8974199335123164,0.0213081714363823,0.062299834385424725,0.014300011826887235,0.0046720488389892
0.8265756370957704,0.050337292235864375,0.10169476762435385,0.01683536214358094,0.004556940900430408
0.8875597675944619,0.03192932697358178,0.06492837926500589,0.012889456806406512,0.002693069360543888
0.9421492816134945,0.024379668087305448,0.024489976985322702,0.007499253999772101,0.0014818193141051953
0.9330406575305918,0.02179826580626907,0.03173534527841834,0.011372287862157385,0.0020534435225631914
0.8615286906697847,0.04496983196462745,0.06691122649167398,0.02196795913828041,0.004622291735633497
0.8824513789766663,0.02623416486241957,0.06729059497924958,0.018021373130348472,0.006002488051315936
0.7618307749135107,0.09343523370014169,0.10106565520152021,0.0354900745945245,0.008178261590302978
0.7313450608604068,0.1120309082589106,0.10279450630134661,0.04418631352957003,0.009643211049765886
0.782486866579974,0.11133090383897179,0.06764211904187012,0.029423245711382533,0.009116864827801418
0.5627447846737644,0.18485307842653415,0.19029053038249966,0.05211036796064469,0.010001238556557011
0.8472263325994314,0.029838399261203755,0.09686570199783956,0.0222118073506553,0.0038577587908701903
0.7921132376125382,0.07108079765335724,0.10735431808067493,0.02450413770519704,0.004947508948232701
0.6706656317315424,0.10782047303181293,0.16809739793468775,0.04378618796926971,0.009630309332686996
0.74123526329689,0.054120066489482976,0.1543952572495997,0.039755808291853205,0.010493604672174082
0.9293023353782128,0.019983884258044458,0.03717135826716763,0.010958498044955614,0.0025839240516193273
0.891622787636831,0.0327068566255375,0.05251337242171428,0.01925389391488308,0.0039030894010343656
0.9205447759655291,0.030316210282078187,0.03217978421041739,0.01280027676645565,0.00415895277551954
0.862685014176808,0.04564494935176367,0.05778417118663046,0.025609491443069822,0.008276373841728232
0.8573780586177032,0.06328174776855099,0.05690188012064771,0.017879158999776844,0.004559154493321334
0.8745111374776946,0.03614257151358158,0.06961162060459818,0.01642280049382668,0.0033118699102988717
0.830321864238141,0.04127776918624277,0.09803961639814929,0.02305901088459295,0.007301739292873819
0.7579014676479539,0.06593992089971983,0.13803000077110364,0.030812984922497896,0.007315625758724485
0.7184644967552787,0.1044154887705415,0.12552523068938778,0.04411456925388134,0.007480214530910537
0.8731146640639593,0.03831149742935557,0.062342840426178235,0.0203163496177653,0.005914648462741403
0.8950717845744647,0.03743088399381571,0.050644861554020745,0.013473531693451477,0.0033789381842473393
0.7341435376734695,0.10421479262139963,0.11581086160521313,0.037091340032987606,0.008739468066930219
0.8423969432472184,0.06599279217282561,0.06677485522830358,0.019263580365521487,0.0055718289861310406
0.8913204831612757,0.04971655811601297,0.04415005337291304,0.012095367810968307,0.002717537538830177
0.8347520435182426,0.06538765870522331,0.07458155616645187,0.02081440651794088,0.004464335092141198
0.9146063156961148,0.027200432036679253,0.039416172560990295,0.014373917721301414,0.004403161984914116
0.802600720281113,0.07220372964300568,0.09046747591072697,0.027227172448433045,0.007500901716721548
0.7731100787949946,0.13052897053682894,0.051881423660380475,0.03497974499507203,0.009499782012723917
0.9010686748582064,0.027708610466684103,0.04759101884214817,0.01897054325421895,0.0046611525787423926
0.8810930050025604,0.05473622368469995,0.027056880473855783,0.029141173268884574,0.00797271756999941
0.8978485585745719,0.04034004226197108,0.0317494087983516,0.02372238120738424,0.00633960915772134
0.8642148288824839,0.06647054765186243,0.039245082720813645,0.021519191919573164,0.008550348825266764
0.8539630672150619,0.08857858651644167,0.026221925484615372,0.02294912173073029,0.008287299053151093
0.8684494068348035,0.08952613605650271,0.025498472618123207,0.012889264709566011,0.0036367197810043
0.9595048988923295,0.015242216407873078,0.015557367088604859,0.007564128748762618,0.0021313888624300645
0.7959806673489488,0.0785384790923408,0.0777673763033017,0.03971956876851156,0.00799390848689691
0.923324702130453,0.039978966958379804,0.018382396020451178,0.015119703909354404,0.003194230981361762
0.7679760105634044,0.0850445494332234,0.1015448392731072,0.03767677039280232,0.007757830337462626
0.8675903673596986,0.03014350022326497,0.07417851282433101,0.02272017135676782,0.005367448235937416
0.9206487241767739,0.03361285838424427,0.027563537162205793,0.014887730070475901,0.003287150206300263
0.895880018088736,0.041534908200494706,0.03727037902393689,0.020850033515412546,0.004464661171420076
0.7941025139090252,0.05952102676525114,0.10221676239356535,0.0340661502567243,0.010093546675434151
0.7840885092039903,0.1166231108933134,0.055641767276348356,0.03575637664802512,0.007890235978322814
0.9019174750526214,0.030000204756031063,0.04282797233789426,0.021245416628003753,0.00400893122544951
0.7660817169191705,0.07676906188093592,0.104406260343156,0.046383792906010725,0.006359167950726718
0.7869343986162445,0.06402066113888454,0.10613098027390679,0.03731655971653758,0.005597400254426659
0.7820987912694048,0.06731701260043058,0.11039936448322699,0.033679596542313256,0.006505235104624313
0.7946263103282496,0.05248328970062617,0.1098848213938892,0.036134065201535046,0.006871513375699817
0.730069274461732,0.08444783491208253,0.14429247533939546,0.03454414404124047,0.006646271245549789
0.8970423786256891,0.03959319738456937,0.042527565362385826,0.0165268206585179,0.004310037968837557
0.839845044762734,0.059364361238630876,0.0669237181347713,0.028427204090869136,0.0054396717729944125
0.896495793685457,0.03395775426493684,0.03631218403641589,0.026383552690781225,0.006850715322409053
0.8119825194086789,0.07208272211309587,0.07690991778494777,0.03189053495396942,0.007134305739307917
0.892094796106621,0.03744967192771548,0.04084272699565202,0.024184966734913476,0.005427838235098179
0.9060971532049061,0.03931430335690493,0.030582513219654682,0.018851132727001264,0.005154897491532981
0.8671105943748874,0.05057209541540771,0.05675860507738207,0.021251905202453306,0.004306799929869452
0.7734979799921263,0.10956458516326358,0.07004098280517349,0.03619795976354306,0.010698492275893447
0.5641394072791361,0.16559844945461993,0.20138177590957496,0.05518426103154301,0.013696106325125745
0.894064875756174,0.03122261393004462,0.0561585796620015,0.015526576390002532,0.003027354261777479
0.8680949591707311,0.04350339127200834,0.04947204538547988,0.03087560693513457,0.008053997236645925
0.7614618756765382,0.07891858227202853,0.11533273921653828,0.03588103151390352,0.008405771320991379
0.7739696100989947,0.06434903837583959,0.10810593168909256,0.04266739459424141,0.010908025241831905
0.918550450564521,0.04092455922894897,0.029865720245536742,0.008626049439250097,0.002033220521743322
0.7973916441946315,0.057688855529725754,0.10833420659530006,0.029781281224000023,0.006804012456342852
0.8263750937328338,0.048627881133719235,0.09022940127906166,0.0278989770721911,0.006868646782194247
0.8272460363944306,0.07009198986566778,0.07485364813991695,0.02278945065356683,0.005018874946417863
0.8030192378384057,0.08000682424699439,0.08769601140866255,0.023760788817403025,0.005517137688534289
0.8221124908786703,0.050317739855590134,0.1007799438180894,0.021933722328125644,0.004856103119524402
0.8947203374173058,0.035839703909968094,0.04447114916650431,0.019743950029945133,0.0052248594762764715
0.8677143797792238,0.04070211598447929,0.05878523755832251,0.025841366312705383,0.006956900365268722
0.8044892337285411,0.07991331890868827,0.07563551490558207,0.03141277035538555,0.008549162101803242
0.8437842422380036,0.052309065772156285,0.08095836590551973,0.018238091128917784,0.004710234955402585
0.7072681847036637,0.07944194033720214,0.16757126096439962,0.03839566892946749,0.007322945065266986
0.7148949889815901,0.10480935176702644,0.13937488853130273,0.03540422630436843,0.005516544415712243
0.8464538540393247,0.053629681084666106,0.06371370644706065,0.031044003075543378,0.005158755353405367
0.7293896879215745,0.10453079233979708,0.12171210323226464,0.03679971732990215,0.007567699176461648
0.9092925101951954,0.049284919620949975,0.02753305500818005,0.01030410887183884,0.00358540630383589
0.867425354731691,0.0661464809684227,0.035256031754060876,0.023635239951259837,0.0075368925945656475
0.8901322940898013,0.040311785728859455,0.04831573522114649,0.018145182200134374,0.003095002760058498
0.8981444946973017,0.027911374613680498,0.05443522885198262,0.01555880960984359,0.0039500922271914485
0.9334052606118532,0.02586131676932737,0.029502105981091046,0.008726834733576256,0.0025044819041522676
0.7789499729253097,0.062172350260438325,0.11217513528228706,0.03770271572224632,0.008999825809718398
0.8187517033081775,0.062287464211447166,0.09403941395235203,0.021197198283479372,0.003724220244543775
0.8437668112007115,0.037210244706952826,0.08899595729083357,0.024924556363363423,0.005102430438138601
0.94325657643591,0.015891545968293373,0.030845536476115053,0.007520449926910999,0.0024858911927706337
0.872921794497267,0.03710800285793234,0.061854538994292184,0.02261683843662367,0.005498825213884619
0.8502777839601748,0.04146577615832234,0.08104824034853386,0.02007222442658492,0.0071359751063838645
0.9083253875103425,0.03155642165753338,0.0443457298092327,0.011083663494617079,0.004688797528274425
0.7256443624702403,0.07760022742280621,0.13434953685389123,0.04895580539830022,0.013450067854761948
0.8604947893359955,0.058630878691678774,0.04183953290155223,0.030737353768183012,0.008297445302590264
0.784571640488332,0.11911682686273577,0.05322928887416633,0.0334750974364417,0.009607146338324275
0.8517071617414712,0.07130695826970582,0.049380823230693434,0.019827512142383454,0.0077775446157459785
0.8055875515179604,0.07235608492436242,0.08972888987853186,0.024868430933249985,0.007459042745895402
0.7443751805935493,0.10881147404896016,0.10688003014144383,0.034693472708294884,0.0052398425077517545
0.851335613383086,0.035149846059288274,0.0765585823077241,0.030442203209298024,0.006513755040603512
0.8731400827240726,0.061531924464428824,0.03581045655449489,0.024731655818019085,0.0047858804389845425
0.7573419082549564,0.045396300143478695,0.12205578954677554,0.06338238911109147,0.011823612943697949
0.916512664703954,0.03096231382012176,0.02722287596266208,0.0206785095675726,0.004623635945689644
0.7399452248173326,0.11504924024677418,0.10286127765029437,0.034780849562816706,0.007363407722782177
0.7343531281765323,0.07609149901240214,0.1293242393212413,0.04657115300012885,0.013659980489695396
0.919733887786623,0.02793262535632752,0.03393415165158388,0.015361329442257985,0.0030380057632077772
0.7683014758884756,0.09035653166205249,0.08690135220251065,0.044141313945744304,0.010299326301217208
0.8499244970126071,0.04827531172075918,0.06732787041281996,0.028397883248907005,0.006074437604906724
0.8746462222624404,0.02881755835417614,0.0736432274886015,0.01843305129459326,0.004459940600188806
0.6507823385907083,0.08108762578441173,0.22030408791740264,0.04018157927927763,0.007644368428199778
0.7019549273323296,0.14948959937620077,0.08194393226251599,0.0544426530298361,0.01216888799911784
0.7084700376800674,0.05966045759913616,0.17364585829529494,0.05026419124604177,0.007959455179459582
0.8658341061664125,0.051384409474650825,0.05655534824999247,0.02197555430961096,0.004250581799332993
0.8282994812610704,0.04900808429325395,0.09608527302569389,0.020826750301867872,0.005780411118113702
0.7178449164830893,0.13290633874897345,0.11409225224975054,0.027134825293148968,0.008021667225038099
0.7440073184639987,0.06370397112998362,0.1571186193482945,0.02887627167235115,0.006293819385372001
0.9012301317504562,0.03351299902216831,0.04854409816695666,0.014053271249249882,0.0026594998111690847
0.6628384220776132,0.1048087967320213,0.15840583385183457,0.0610567524371469,0.012890194901383932
0.8506126905483792,0.054188045938959956,0.0733952050043163,0.017827490120383038,0.0039765683879615325
0.8626775641867562,0.04874623033404595,0.06602244204411858,0.018194436287418014,0.004359327147661147
0.9565745014143033,0.013316853700834427,0.013970491530431672,0.013945315247758976,0.0021928381066714194
0.8446408417674469,0.04273658462882501,0.08971815405154457,0.01810277041399123,0.004801649138192318
0.7624191474332563,0.08758219258340469,0.10876789123200767,0.03538680332792172,0.0058439654234095275
0.6827813014051941,0.15203530088083808,0.1265137244729607,0.031604859686179786,0.00706481355482742
0.606605732037165,0.12433032115838885,0.20835042427867767,0.050362895391978385,0.01035062713379001
0.8306188343392181,0.07002111282684151,0.06738655464180243,0.02427455250379031,0.007698945688347877
0.8863906108507974,0.04255458105056941,0.05343302114367956,0.014488296629523473,0.003133490325430201
0.736824703891179,0.0770963630814096,0.14679456446515576,0.03150505798979968,0.007779310572455876
0.7612469517883999,0.06979778508231939,0.12668707415779645,0.03380610561755269,0.00846208335393143
0.7416990920014976,0.060810316077982124,0.14128675879884628,0.04509093304045918,0.011112900081214575
0.9088156283188424,0.026555079852345138,0.04613893112066123,0.014871466142948432,0.003618894565202722
0.7699883979365849,0.08652025021094026,0.10343487824402631,0.03206113781896599,0.007995335789482439
0.8737146567119085,0.03697784092385636,0.061488901770899516,0.02244825454983608,0.005370346043499674
0.9141569725819434,0.01484621217872624,0.05462270500868177,0.013668740245741967,0.002705369984906682
0.8774198022029821,0.03741958336909322,0.06011499473189022,0.01918281122273078,0.005862808473303685
0.8008535705090728,0.06479268575028578,0.09640134877567737,0.030246054993544623,0.007706339971419334
0.8200444219655031,0.04732449064465089,0.10085242752920266,0.02509844533946352,0.006680214521179859
0.8696600366830319,0.028682813995755185,0.07929799289799007,0.017861560924750077,0.004497595498472711
0.8887282755655899,0.024640583808116182,0.05583065739797867,0.02269602794514527,0.008104455283170107
0.9551376647686981,0.018104433629164935,0.01766066481794143,0.007364241011905186,0.0017329957722902866
0.8741615920456766,0.03558055024659566,0.06723458815221994,0.01911047963169078,0.00391278992381718
0.9391284158036709,0.025463025146447597,0.018926915697536663,0.013120194162483324,0.00336144918986142
0.8843072915071643,0.04948316455247947,0.031380082004987285,0.029475470607220416,0.005353991328148522
0.8275950901225616,0.0668361394045576,0.05801059632554023,0.04015042538748238,0.007407748759858264
0.9044426360788073,0.024297913486956913,0.04894142149026025,0.018163261866080933,0.004154767077894673
0.86609154938567,0.03640292363517288,0.07796718679633173,0.016134576030114322,0.0034037641527110505
0.6793003860315078,0.13440794223833283,0.1366523144778186,0.04145199149449667,0.008187365757844144
0.8155112037387026,0.0863110606757489,0.05990663105445022,0.028760501302028972,0.009510603229069416
0.8481543604636271,0.07751032281972751,0.04412970607452506,0.020991350762112875,0.009214259880007474
0.8386006127808946,0.09170408670204466,0.03653930553549154,0.025385355145119838,0.007770639836449626
0.8699754827787981,0.07510060516491981,0.025218205984676043,0.02008590062355407,0.00961980544805185
0.8657119212760064,0.06617422015861499,0.033364219246013425,0.02605853178285504,0.00869110753651025
0.9105899165582013,0.03896891217998923,0.03142648485341119,0.014828034964679087,0.004186651443719186
0.8483810497432478,0.031690672897674174,0.08813630889454635,0.026079424071903983,0.005712544392627688
0.8416214787939069,0.06253426998396304,0.06517313031014536,0.024477573031475717,0.006193547880508969
0.7868464515486181,0.14835839229912848,0.022330740696022273,0.03417296946166142,0.00829144599456985
0.9007999223135068,0.044147341331957204,0.02880085761432022,0.021899754446630445,0.004352124293585289
0.6650090760710582,0.1960616585305002,0.08610770000694992,0.04337667192395425,0.009444893467537662
0.9129244931247364,0.03895643396455043,0.02984657378822365,0.013920574624496484,0.0043519244979929525
0.8591039988531471,0.09270805705161524,0.019458508730777948,0.02184399122483801,0.006885444139621471
0.8872676034529553,0.058715008029589726,0.03262105018529082,0.017163899301320822,0.004232439030843208
0.8864790193339154,0.03797984716102417,0.054415775462845054,0.017377718127730785,0.0037476399144846587
0.9360335281676477,0.026815983061828058,0.023739903178507403,0.01087737015108752,0.002533215440929324
0.7253125684301323,0.12412674257238737,0.09596810477924378,0.044932298793624426,0.00966028542461204
0.6573114984570055,0.08580826511835857,0.18362254410198217,0.05938128554515322,0.01387640677750076
0.6771083281996191,0.07685462246193211,0.2000011191372467,0.0351089692858596,0.01092696091534246
0.8927078356749156,0.042343715913130506,0.03836649878233362,0.021222870923519294,0.005359078706100957
0.9582722643843671,0.00916962458163487,0.022764908822601952,0.007933959335047194,0.001859242876349054
0.9041839304679209,0.02070537498024996,0.05080448418367843,0.018966919600998534,0.005339290767152361
0.8432435176900019,0.029628547691793135,0.09141176838265504,0.02922860940545871,0.0064875568300912
0.8988020978833505,0.04449290659818717,0.02801334182480887,0.022049727345119723,0.00664192634853374
0.9122571853255051,0.023630878343260716,0.04260642135112831,0.017910897237250225,0.0035946177428556
0.9078582725648705,0.03767293581173384,0.027259221404362016,0.023361656822766794,0.003847913396266757
0.8912126599892098,0.04974800164241627,0.0336757229227812,0.020677818978883322,0.004685796466709485
0.8088830841788214,0.09088665545426264,0.061021689296772624,0.03255464188292519,0.006653929187218287
0.9496429299945527,0.021016995360676666,0.016861464778361514,0.00929712896700332,0.003181480899405762
0.9022058703601059,0.04493918121904176,0.0248687297237887,0.021761781557315736,0.006224437139747687
0.7273876035049839,0.11241127433020279,0.10359732672617523,0.040804882013373754,0.015798913425264207
0.9135350075744527,0.034771031050237364,0.025981902548465014,0.020062883200216923,0.00564917562662782
0.8830132428415869,0.041379962511913726,0.03608724478553748,0.0329469690939452,0.006572580767016597
0.9232511422780748,0.03637644027019802,0.014352934983707773,0.02048160299896538,0.005537879469053839
0.7679914065824266,0.09107252904239929,0.08510422776521145,0.04459643093679058,0.01123540567317218
0.7856657397788743,0.06363296027521617,0.09985024448488009,0.04123049181288596,0.009620563648143524
0.7949913069819132,0.042030403723167645,0.10636504746814494,0.04427594177455776,0.012337300052216452
0.8051417764706524,0.08279436343921694,0.06467299511874729,0.038291003300899275,0.009099861670484244
0.8025175124061387,0.06295126392803317,0.09278350602065637,0.03130428695523553,0.01044343068993627
0.9067126847820022,0.028605837702413327,0.041270176611285646,0.01723627658625966,0.006175024318039202
0.90045216038555,0.04625070062617954,0.026316999608096248,0.019710678462056302,0.007269460918117917
0.8520513357065234,0.06674395323761535,0.0393155954392014,0.033242896914207565,0.0086462187024524
0.911690829351129,0.02957136242679154,0.03237095358781035,0.021891860028692003,0.004474994605577196
0.9079979067305409,0.031043819582057167,0.04260680993338686,0.014255560884880409,0.0040959028691344235
0.878278234831831,0.053953414644647785,0.03956779342009254,0.020859943597939305,0.0073406135054894595
0.7435634122950052,0.08032811114555967,0.12162977950311933,0.0390749998999116,0.015403697156404236
0.845449002930266,0.05483087564765784,0.07200306578010945,0.021956515673065388,0.005760539968901255
0.8958314931917126,0.041873552311578376,0.0395515911116827,0.01746038557106516,0.005282977813961045
0.9246308566368873,0.025546988836655137,0.030021922170367418,0.014031233847667805,0.0057689985084226235
0.9482482213997862,0.01695784828158643,0.021687930922715433,0.009881734190172615,0.003224265205739408
0.9014849958077392,0.03505239699189353,0.03857071326342568,0.018004417158806067,0.006887476778135442
0.9596986123952919,0.019231218854961582,0.011174942786762222,0.007457740730072986,0.002437485232911318
0.9026806130417366,0.04235991573227581,0.028974011590960927,0.020707286501658945,0.005278173133367682
0.756966480884265,0.08154605379560968,0.0932511375507131,0.0520790691041113,0.016157258665300822
0.8128064712883818,0.04680722637214087,0.10545293022481896,0.027950315092074643,0.006983057022583992
0.841731197939285,0.05243561894347916,0.0728599687768459,0.02649507835995493,0.006478135980435097
0.752058362272467,0.07991421161129934,0.11503274144561765,0.042291788155798024,0.010702896514818278
0.8733009694111095,0.03832197980245461,0.056615245728181364,0.024417311653150895,0.007344493405103745
0.7925802848112867,0.12227373637251886,0.046755082686382704,0.028730466380936816,0.009660429748874905
0.8059839878408248,0.10780975138439394,0.04572963374710922,0.030450235963139876,0.010026391064531927
0.8833056865142068,0.05061437984431349,0.03959763314643362,0.020681815796921573,0.005800484698124465
0.9098003243171526,0.04779506668918268,0.025893537080586768,0.012879675022739463,0.0036313968903382834
0.8699748606316394,0.038917720358351934,0.0630932657189129,0.02328732472411961,0.004726828566976041
0.8031874352756001,0.0665510958291675,0.09973742415300792,0.02357158842986391,0.006952456312360403
0.9040515552293312,0.04033059298003303,0.02985672307263564,0.018519111038768195,0.007242017679231822
0.8626627663254615,0.049273646710668834,0.056111173297264616,0.023586742278117002,0.008365671388488117
0.8587791008725267,0.04931847637802609,0.0671112646105625,0.017971648471233222,0.0068195096676513375
0.7667768755446582,0.049452055946044335,0.12626857417237686,0.0433771175008,0.014125376836120402
0.8056620112735604,0.10984386552256466,0.041037553057844206,0.03245536946705403,0.011001200678976586
0.8532309077773289,0.083189459224788,0.03761345318126698,0.020096914715530358,0.0058692651010859125
0.9111850186698451,0.05036261971343423,0.020093240702598304,0.014735540443826037,0.00362358047029608
0.9061682484286685,0.02458659098374372,0.047055154300974456,0.01689000358414218,0.005300002702471171
0.879785254413027,0.042867465767649236,0.05009401529842245,0.01976566134502836,0.0074876031758729115
0.7967174179869744,0.0501263527569332,0.10606308714147648,0.03761091248419063,0.00948222963042553
0.8604745992542836,0.05176197128662833,0.0600299334581891,0.02169380178721877,0.006039694213680153
0.7780352128961563,0.07063316826008528,0.10651435181609131,0.03367485543566623,0.011142411592000948
0.9009758678053579,0.028104853719455734,0.04665098752418013,0.01732731233438447,0.006940978616621817
0.7689477366512054,0.09070061884367561,0.10060434919391842,0.029566115425607435,0.010181179885593212
0.8769870308561787,0.028955921445907997,0.06758944371274808,0.02079458771959271,0.0056730162655726215
0.8258351987424464,0.06323265758332205,0.06938631663014967,0.030032676561604445,0.011513150482477488
0.8470038014475036,0.041888347154477694,0.07538395696932218,0.02800631189790615,0.007717582530790237
0.8858712042409108,0.04113895648776976,0.05033927957257776,0.017744377200871582,0.00490618249787
0.8342834702570736,0.05261720120577188,0.07384505552568114,0.029582859474403728,0.009671413537069781
0.9541798831604313,0.015152155415064617,0.02095614951512273,0.007494526235249542,0.0022172856741315217
0.8155795119738048,0.055105566656665224,0.08826782967195766,0.03206640658983316,0.008980685107739184
0.8556487522193811,0.04901047645430321,0.06673967986862873,0.022049251184600945,0.006551840273086006
0.6557375914213129,0.12107138689493355,0.1341168656466649,0.06625775635059272,0.022816399686495892
0.9013224072244123,0.03321659843873639,0.0431078570409115,0.0171721771703868,0.005180960125553208
0.8258314378693048,0.06717651111313476,0.08237295548890881,0.019609452238420016,0.005009643290231726
0.7875113930021693,0.08949222319225218,0.07239422902957307,0.03763024556543022,0.012971909210574922
0.8163563358210029,0.040233559365250526,0.102816138127338,0.03283668900045692,0.0077572776859514666
0.9423215241985039,0.012835540132666946,0.027784697725189645,0.012492233267711655,0.004566004675927799
0.8732378336511547,0.04799856403559383,0.04896677529071945,0.020861779696339337,0.008935047326192665
0.903282868542392,0.03318708822338567,0.04336739083573025,0.01536275186190773,0.004799900536584268
0.8875862554163438,0.03991015822073577,0.05341493850137675,0.01604729297061447,0.0030413548909288693
0.8303348902833941,0.04761980753827573,0.0912007719303066,0.024445566877760866,0.006398963370262688
0.8092184386313578,0.06697913633236045,0.0813593508970233,0.03138364874688322,0.01105942539237544
0.819278824746932,0.05194064914748137,0.08998144492304803,0.029609477521441097,0.009189603661097348
0.8379762642251674,0.05620442367459496,0.06581229962883642,0.03062402940905035,0.009382983062351009
0.8442380309103541,0.059344247875119084,0.052058481050966,0.03467358446983798,0.00968565569372312
0.7614410967447346,0.09640247326498305,0.09269255739928901,0.03761796907892891,0.011845903512064463
0.8785986757685286,0.017460132034756028,0.07530401981419708,0.020740579920658028,0.007896592461860067
0.8715263594200725,0.04892323981809252,0.04991189318482984,0.022244885062573827,0.00739362251443132
0.9165537727699414,0.03577450274545481,0.025857002415346112,0.017808989176340186,0.0040057328929175885
0.7864635421911867,0.0814553289350622,0.0755418341429052,0.041680220154505385,0.014859074576340718
0.715076231028567,0.15236517988887288,0.07345847421605972,0.04476924784677049,0.014330867019729713
0.9151399142212013,0.05038808523640178,0.014670228087888017,0.015568914030464507,0.004232858424044225
0.8091972779833866,0.06265776752928305,0.07985938639603,0.03612380409427026,0.01216176399703007
0.8607706064141275,0.048720475500855016,0.06284005441515449,0.01953929523322211,0.008129568436640965
0.9331453548902108,0.023050128624870745,0.02558830075239763,0.013613295806688101,0.0046029199258327165
0.8638601313168709,0.06463355439258682,0.04039120597334284,0.021090991922642802,0.010024116394556751
0.8438842641226146,0.03639094639424155,0.08158096473557302,0.02607340604536198,0.012070418702208674
0.9110899130712294,0.029889424394918793,0.0368548079584128,0.01675609684166648,0.005409757733772484
0.9091779923503849,0.035127129062597295,0.029828544020313815,0.018223044102759305,0.007643290463944297
0.8564210638811356,0.07278230490841994,0.04031067976033419,0.02251793714567603,0.007968014304434197
0.7948378072794661,0.10153586561928223,0.053764222258838694,0.036491543828048256,0.013370561014364629
0.7067399224614025,0.09804876300616193,0.11107090511213065,0.059303798454208204,0.024836610966096698
0.8371532797652234,0.05076105536557723,0.07040874134640926,0.031904194535525655,0.009772728987264397
0.8906307647474367,0.03535003809636398,0.04252615133175777,0.02181701162059848,0.009676034203843201
0.955301382545521,0.015423877159323715,0.01828676674099553,0.007870260427322391,0.0031177131268369596
0.8735801492071933,0.0421568934704281,0.05481934973406849,0.021193963440053285,0.008249644148256846
0.8251402429462198,0.07896632283749992,0.05948098732931877,0.025697093824704705,0.010715353062256835
0.6749095759735962,0.17952913197936168,0.08029225364902336,0.04657095407614458,0.018698084321873865
0.8417831942079909,0.07608828041888509,0.046042042941342655,0.0236953850770596,0.012391097354721816
0.8362925918914507,0.06831367166341588,0.047398942703405056,0.03511597706345977,0.012878816678268935
0.8762718254730797,0.06362601827584512,0.03093752768682038,0.024254061528599925,0.004910567035654861
0.9373073554437736,0.03133626663053183,0.013910998811522404,0.013134414197636113,0.004310964916535927
0.9306004656151259,0.02464227872528346,0.025076822293606787,0.013911693405737098,0.005768739960246599
0.7691266882493039,0.11350114937232472,0.06988305149447865,0.03730295037189042,0.010186160512002194
0.9306931635315703,0.02532653685185864,0.02528980415225361,0.013689121134277558,0.005001374330040012
0.87425223580196,0.053394753396459764,0.04290202936418448,0.02108821894389148,0.008362762493504192
0.8714487621256279,0.056379864419406,0.04556160190043426,0.019995541431180472,0.006614230123351421
0.9162502442977193,0.020816336094205398,0.0311770302946762,0.024082565329628578,0.007673823983770573
0.9378927090715957,0.018322335750237256,0.02525303029675405,0.014357631194981029,0.004174293686431873
0.7644552667237218,0.06000155692530664,0.10822460680113208,0.045392032191583,0.021926537358256563
