Delta_Power,Theta_Power,Alpha_Power,Beta_Power,Gamma_Power
0.8542417223855274,0.038370476816621445,0.07066747664504786,0.030009405085657023,0.006710919067146065
0.9104888200591632,0.05194203353638535,0.022277148383489077,0.011659393308054721,0.0036326047129074733
0.9244540215629505,0.03451795555645115,0.024831455187331115,0.013211726605327864,0.002984841087939341
0.9239467897134513,0.03757039468576864,0.02445306162212442,0.011210224155844826,0.002819529822810831
0.9153292395283216,0.053675179450510715,0.014458531093401625,0.013970081730213258,0.0025669681975527474
0.8512407688798818,0.0900485974760546,0.03323765654666552,0.019595558117990013,0.00587741897940804
0.9472596493560104,0.026013162384332312,0.01543666825395373,0.009496334332676184,0.001794185673027321
0.9392545028488779,0.02799855042933327,0.027044135550358457,0.004773940699786925,0.0009288704716434392
0.9317735873850398,0.03807890997464512,0.019550037899169335,0.008814073531234251,0.001783391209911479
0.9129221391857698,0.03575172452231598,0.030747508328520856,0.017096126620197237,0.0034825013431960443
0.9172031354307429,0.04298969201549635,0.022180932059696574,0.014438134377349,0.003188106116715455
0.9598106230275342,0.024157091028197242,0.007610236308242365,0.005915808773379895,0.002506240862646416
0.848263930538743,0.07979835882062944,0.04125408319322546,0.02471705602616186,0.0059665714212401395
0.868820368889326,0.06007814671006044,0.052420696098986454,0.015693338430731,0.002987449870896293
0.8641452563494841,0.0713898462784497,0.04157330236475876,0.01877154093183171,0.004120054075475712
0.7863693411852848,0.11570494479333816,0.06627226451727808,0.027399209456727695,0.004254240047371134
0.8330667779393999,0.10626765398722925,0.03127646090685922,0.02476108044959099,0.004628026716920785
0.9290327819342575,0.028571432628661846,0.020573559634906178,0.019053718548688085,0.0027685072534865207
0.9033535487501121,0.03298435201646439,0.04937750298000092,0.01223132632089042,0.0020532699325321703
0.9129465833417066,0.03819526472082875,0.037953590826449085,0.008961032967864376,0.0019435281431511543
0.8931193527017451,0.05063015474286791,0.038280399530234384,0.014784474094503378,0.003185618930649177
0.9451776964308513,0.03483987075076827,0.012806831073965923,0.006186459416228373,0.0009891423281859861
0.8311555751650107,0.09266094011219776,0.05051611106295549,0.02013469345226687,0.005532680207569005
0.9155511225167581,0.0369512470870309,0.03400646849900742,0.01108381161730312,0.0024073502799003654
0.67473329577301,0.1203015595556578,0.16706756791725338,0.03162551626041892,0.006272060493659691
0.9133618627819517,0.03291195428718861,0.04001468704657089,0.01140740753280195,0.0023040883514866208
0.7880312266947656,0.05266565925625536,0.12885193165719833,0.026190587488900397,0.00426059490288028
0.8954865094912143,0.03361234205309556,0.05801863271658093,0.011093323081891758,0.0017891926572172995
0.8610188949739521,0.04931619432642095,0.0644256115576009,0.01895339181167087,0.00628590733035527
0.8756900522699128,0.04229334523259409,0.05790453255862778,0.018161703971279215,0.0059503659675863
0.8523708780411674,0.05008326345250645,0.06791860143767152,0.0245338079294105,0.00509344913924422
0.9379510991315521,0.03261181579331972,0.018920296080412586,0.009105125966327817,0.0014116630283877826
0.7667844134844934,0.06367227292984151,0.14283114743926234,0.02272640794518057,0.003985758201222216
0.7103063428618023,0.08936150625979665,0.14249469005621468,0.05155183130254337,0.0062856295196430404
0.9192354734563981,0.0414441668875138,0.02159431013702151,0.015186691413126905,0.0025393581059397993
0.8861455022720471,0.033550786530544975,0.05213404863831733,0.02376143595376592,0.004408226605324689
0.9389058386235677,0.032582819471496174,0.01496721328346315,0.01028000868734487,0.0032641199341280533
0.8404012972851627,0.11239395563527414,0.021782437278788713,0.01736686766926861,0.00805544213150595
0.8966099717583315,0.041995387872375986,0.033987414416872204,0.02258555099429262,0.004821674958127651
0.7959141588821951,0.07065756341562933,0.09269525701055756,0.03620469836940557,0.004528322322212456
0.8267645099403405,0.07228177903116548,0.07652768414565235,0.019475612745114432,0.004950414137727397
0.8574281958228438,0.08273037954342455,0.03630725831249673,0.019394880377370947,0.004139285943864323
0.938655110413407,0.03090780219548776,0.018746466735982435,0.009561268800668554,0.002129351854454208
0.9611901330017842,0.020072448249067985,0.0094828840796529,0.007736632903996152,0.0015179017654985822
0.8769776464733977,0.06259629789547874,0.032560327442539276,0.02351566463289569,0.004350063555688153
0.8125333201692023,0.03651176346773575,0.12981392688216378,0.018829072259435156,0.002311917221462729
0.6794497773651108,0.045355549603608006,0.23968362592066828,0.0315500360640492,0.00396101104656378
0.8478014784983856,0.048996593201321645,0.07379055584028572,0.025565174058759573,0.0038461984012472853
0.8471631857167176,0.06429571906830076,0.05622802256896554,0.028083028469227785,0.004230044176788638
0.7011872501948856,0.06123468477133971,0.19257988235842757,0.04037109602365517,0.004627086651691789
0.8870282505758655,0.02440120307017363,0.06934567277336337,0.016657588655827157,0.00256728492477019
0.8133736982968015,0.08218760465946222,0.07848570756309425,0.021567508461462243,0.004385481019179887
0.822224773902212,0.061549053327430304,0.08129399202570164,0.02965378772591939,0.005278393018736572
0.9231608318149698,0.03796343345923355,0.022352581875388446,0.014652307445419791,0.0018708454049882616
0.8135438072789112,0.0999930172608858,0.058638509517021264,0.023737153181234472,0.004087512761947241
0.9392219461054913,0.02420974720245522,0.022309895584597516,0.011639091869154154,0.002619319238301731
0.9253262122061034,0.027570299234264045,0.022157793506287948,0.01871890505580469,0.006226789997539876
0.8515484948611431,0.08165479628533656,0.03389150228331187,0.026620986704067446,0.006284219866141057
0.780109151018264,0.06297010663661956,0.11557686375462398,0.03357401136854427,0.0077698672219481315
0.8822332956552463,0.036736424961676305,0.05864506938882307,0.019258127913428427,0.00312708208082611
0.8348144263407777,0.07735671368484073,0.06705800834149264,0.018149002605231536,0.002621849027657481
0.9340783288730973,0.017763916931774638,0.03827329862087161,0.008238897929815138,0.0016455576444412768
0.8052306026640955,0.12089461361579397,0.043723304880613455,0.02573430921036027,0.004417169629136963
0.7793517721368189,0.12447559977095352,0.05926677459088155,0.03237520923264687,0.004530644268699292
0.9276777876966089,0.023342444991277984,0.028162844874323405,0.018495958266260003,0.002320964171529622
0.8548980971029073,0.0724207042345708,0.044930987373258006,0.023694906060286874,0.0040553052289770426
0.6351200731362885,0.08862522826723404,0.2276669028836291,0.04333062281382024,0.005257172899027936
0.8060025019316748,0.0455023735118928,0.12557265946245438,0.02090858879549891,0.0020138762984791086
0.7663921806881728,0.06943582546763125,0.12238742072655094,0.037964900654299714,0.003819672463345326
0.9344651808359477,0.023781718216917942,0.03046552527869007,0.0097286273271753,0.0015589483412689592
0.3703305764925959,0.08411899108546131,0.48271005905675785,0.055076734914985076,0.0077636384501999
0.9278124129129172,0.03390239287302489,0.028511186749024368,0.008204971110402384,0.001569036354631354
0.9345260899236771,0.032886089604671535,0.018421722012712066,0.011618296305089093,0.0025478021538501852
0.8326955611210253,0.0806191301682462,0.0549928889666967,0.026531821833928396,0.00516059791010329
0.9028764834857727,0.04670146001052585,0.03208938929883225,0.014752004592919074,0.003580662611950343
0.903314373476814,0.03626249733728482,0.051099887968818584,0.008117727219864075,0.0012055139972184418
0.6778775491066712,0.08819433436201965,0.19281383204648472,0.03735100241132205,0.0037632820735025154
0.5474216799083392,0.07552111546372793,0.319836938260987,0.05209227284336374,0.0051279935235819234
0.8694009941525619,0.03167714125078506,0.08364187226627487,0.013316185049100558,0.0019638072812774854
0.894468638704842,0.0592484795711516,0.03018004345153699,0.014252221419807183,0.001850616852662331
0.9371106553181671,0.037609492261414704,0.01335726610794003,0.010532654878343102,0.0013899314341351773
0.7846065857804934,0.07600188050700858,0.08990738134150637,0.04385067628478188,0.0056334760862098284
0.861157993864038,0.07269339796999486,0.04111966037255332,0.021660885432340616,0.003368062361073102
0.8653729706310431,0.06685969507982618,0.0380513276303774,0.024310312058051058,0.005405694600702367
0.9570387194796189,0.020895749617776013,0.010465596648388998,0.009111387118529731,0.002488547135686387
0.8043855437996333,0.09622863299617998,0.050821413099632846,0.03382897112520733,0.014735438979346512
0.8818692063220271,0.05406132029205433,0.04396495956212707,0.01640798642573838,0.003696527398053075
0.8405242567213341,0.11324224610009707,0.02964299295396809,0.013367379775206889,0.003223124449393655
0.8700502737167083,0.06685212597187319,0.04128108244977245,0.017943664356709906,0.0038728535049360993
0.9407968759340217,0.025190528721319265,0.018719625852711214,0.012521892794937638,0.0027710766970100325
0.9064391311437584,0.05427056827190779,0.02844759848457188,0.008816940758566736,0.0020257613411952704
0.8875335479836722,0.052722812702356736,0.04654790985897647,0.011225042089212678,0.0019706873657816615
0.8978920894266746,0.030116063786198258,0.05139226549519688,0.016776673068558377,0.003822908223371978
0.8505743868903094,0.08007645713269808,0.04108886171981755,0.02410756530593817,0.004152728951236736
0.8610772968708978,0.05560128509024534,0.05370328597966156,0.024893648477313707,0.00472448358188142
0.9035508105363017,0.040702230524844216,0.03799745157188838,0.014331111447571711,0.003418395919393699
0.7125765112468281,0.18626292914975007,0.05582091368038985,0.03918789578049065,0.006151750142541205
0.8492394940308903,0.09298839285987998,0.028958102451884796,0.02477844268507633,0.004035567972268903
0.7437893536341048,0.15686828184091026,0.0640078897323718,0.02838840982073944,0.006946064971873604
0.897106034501785,0.045749388802947266,0.037124864429029576,0.016851834140713923,0.0031678781255243286
0.841729125470237,0.05038799519419332,0.07937337254180137,0.025000613590170227,0.003508893203597944
0.8875394175438546,0.05643943779635432,0.03627010814170612,0.01658316143135311,0.0031678750867319087
0.8616077633083087,0.032996615008494046,0.08345230716773734,0.019276135537193005,0.002667178978267124
0.8520005949024976,0.024644128436990036,0.10119547214238289,0.019125908826528454,0.0030338956916009414
0.727162151416856,0.16986482060306954,0.06955710325708929,0.02716359938452826,0.006252325338456839
0.8531928088080768,0.087526583474543,0.03829283984453751,0.017913073887062328,0.0030746939857805382
0.8762919748005759,0.05092945168443592,0.05619991277842603,0.013738077702487509,0.002840583034074891
0.9522216364923943,0.019292021280530983,0.021984807805615944,0.005610634361924699,0.0008909000595340856
0.9167167837872293,0.0186275875500878,0.05107100439919412,0.012036915567863052,0.001547708695625919
0.6898212419294009,0.1213863142344152,0.14925399653347715,0.03416268455467784,0.00537576274802868
0.8973126598292344,0.038425797078881566,0.0436426199402666,0.01760650038846055,0.0030124227631569407
0.896152882468298,0.048501822706284316,0.03470573877704137,0.017891490934749735,0.002748065113626569
0.8851273521573101,0.06912240030840554,0.0228384928035234,0.019877853964560776,0.0030339007662002876
0.8197051077438493,0.08169050357866597,0.04724073194211159,0.04361203436627647,0.007751622369096631
0.9313832407496612,0.028547955858959445,0.027153758296525856,0.011062181551071358,0.001852863543782275
0.809692424667661,0.05233022902247076,0.11315713878101721,0.021472654010434737,0.0033475535184159357
0.7699152025323055,0.052366178274200224,0.15520447609441912,0.01900491797812511,0.003509225120950072
0.7044918178954475,0.028084005029565685,0.23558313173182993,0.027806799434159805,0.004034245908997116
0.8028503327538947,0.0916928684776993,0.06943128824135188,0.030484724761236003,0.005540785765818128
0.9375581630323852,0.01910039366418558,0.029818468078999728,0.012046802679421422,0.0014761725450081057
0.6787639115388452,0.045405055696220435,0.24570523498627772,0.02643558220828617,0.003690215570370599
0.8761490422979057,0.030761570119230253,0.07739751233046283,0.013159752212126681,0.002532123040274446
0.8876442632124018,0.04786590799479468,0.04396212116071998,0.018010336694131265,0.002517370937952233
0.9424912900909249,0.022224716041333737,0.026917853212716968,0.007411760635172054,0.0009543800198524319
0.85639758621999,0.05956729854290762,0.053954703864508624,0.026811292855737755,0.003269118516855736
0.8376452272706968,0.07009347148450448,0.06114633386718856,0.026567341331728236,0.004547626045881764
0.746586683343592,0.11460746697050658,0.09188013662385644,0.03777437091503606,0.009151342147008919
0.8181932373757617,0.07878167900835828,0.06761797183488719,0.02827752514665478,0.007129586634338085
0.8197241812159698,0.09320142711353413,0.0637621974959961,0.019770923279965668,0.0035412708945344313
0.8661898187786727,0.05016577077998473,0.05628268818489619,0.02379704223357703,0.0035646800228692713
0.8646823690205917,0.051509084185433644,0.06802033487831838,0.01371279146519531,0.0020754204504606437
0.8389635739401209,0.07096077038866584,0.06497282265970339,0.022836265093811165,0.0022665679176988086
0.8328740716717707,0.05091912231984904,0.09257933567749338,0.02053163621121907,0.003095834119667901
0.8219674515605343,0.06464045854526147,0.09058828868797743,0.020067923349455143,0.0027358778567718135
0.754747080191883,0.08691298102933394,0.11266517286288924,0.039522509340863245,0.00615225657503068
0.8362791695052496,0.04540687294146994,0.08153173856527375,0.03184925471405219,0.004932964273954613
0.881493088350419,0.03580453743704066,0.06167400998492219,0.01832322027744202,0.002705143950176338
0.8120857994980657,0.056747312695824836,0.10677219697039997,0.021625682597082942,0.002769008238626497
0.8655195986515088,0.050758911767915735,0.0602408689231365,0.020066687208915752,0.003413933448523076
0.8361976237807961,0.048324953441021674,0.081402957042287,0.029667567787688268,0.0044068979482070544
0.7499427459385308,0.09330471722366654,0.12009844730112738,0.03201819840101178,0.004635891135663282
0.821403532347194,0.06153420155467008,0.0778496591282961,0.031922434893336946,0.007290172076502949
0.8429535294095818,0.024161606640817696,0.11284209427358366,0.01755042283731503,0.0024923468387021363
0.9079842580968722,0.04915407754882315,0.027770954426338774,0.01245191533678579,0.0026387945911802435
0.7682130741399741,0.061419268115741395,0.14217126685146078,0.024120322083502906,0.004076068809320503
0.828930865283284,0.049801355263776666,0.10303443030206558,0.015577975436436072,0.0026553737144375407
0.624795278374784,0.09018062807816885,0.22794977825013507,0.05078791509113223,0.006286400205780066
0.6692869671528998,0.07327323173411329,0.22165117543591495,0.03169439714659458,0.004094228530477357
0.8221613055549912,0.07963569722331697,0.07201007483663312,0.022337195295063287,0.0038557270899954653
0.9047682080050096,0.03908920653395889,0.0251993874953775,0.027076505753798812,0.0038666922118553494
0.8790793642432344,0.051520693860514506,0.04918069372282034,0.017746294664039614,0.0024729535093911546
0.7359768097680087,0.12187076980145338,0.08092238177638629,0.05380239907393993,0.007427639580211671
0.9305234574190423,0.022999676344923215,0.03528905513320199,0.009576104463821837,0.0016117066390108758
0.8333015592400185,0.03714416135403178,0.10435286673639325,0.022231343228180742,0.0029700694413758374
0.8805257620072149,0.04541689958600675,0.0491481823638439,0.0222631941610061,0.00264596188192847
0.9611278321035924,0.015013500324628207,0.014964181598053228,0.007987519488570408,0.0009069664851557548
0.7900445291687168,0.05137058860275334,0.12863861603811397,0.02607994646112411,0.003866319729291631
0.7260209871698082,0.04232111083277835,0.20042786781399471,0.027375197376251614,0.003854836807167257
0.8054299782013961,0.04352820753616088,0.09935263802122908,0.04640710099107402,0.0052820752501400526
0.8140826600650783,0.10592572408158,0.05144099101167729,0.02343013427972706,0.0051204905619374585
0.8989033270131959,0.03674006754046575,0.05507540873742228,0.008055012059369378,0.001226184649546631
0.7597725376780674,0.11148434795535464,0.09897189284769284,0.025536072221940546,0.004235149296944558
0.845558863887173,0.05696856592504112,0.08114682565016314,0.013874014749075556,0.002451729788547207
0.8978670689704576,0.039925291352067634,0.04569650891180694,0.013936666935782214,0.002574463829885718
0.9169735246151504,0.043133547370280176,0.021243727423448943,0.015683541293165404,0.0029656592979550637
0.7445701604376428,0.11989343430061963,0.09071641512663642,0.03913342907255515,0.005686561062546135
0.8598276425006786,0.03244318209037487,0.08537975222032915,0.019095610396582273,0.0032538127920349598
0.8674758159379324,0.03976650166595496,0.06813392457536349,0.0213014874662067,0.0033222703545425967
0.9518378164241972,0.023498817390743797,0.017676536893255473,0.005730157292055349,0.0012566719997481625
0.8464804706992138,0.0614876622297804,0.07306120963087283,0.01643468198596115,0.002535975454171878
0.8417210712247424,0.06354597608091167,0.056280313990201614,0.03442096620868472,0.004031672495459709
0.9019363049695757,0.0614129356614047,0.021782509534211448,0.012723833816431888,0.00214441601837621
0.9528166977755015,0.01698261429908581,0.020193844235665698,0.008886620209813132,0.001120223479933792
0.8996431300069949,0.04729429011100727,0.034358207679154415,0.016218100846673016,0.002486271356170272
0.8778815119146186,0.057232940316701,0.04051820845277621,0.02075865939543634,0.0036086799204677763
0.7653676821145639,0.07037502904072991,0.1288771703582051,0.03186654077868152,0.003513577707819628
0.9410174733412123,0.022364389197858433,0.027886796757297674,0.007402209946967904,0.0013291307566634788
0.8911270247158035,0.04275644099262973,0.0444634538860587,0.018860608438122647,0.0027924719673854716
0.7936753145143133,0.08229276913455173,0.08830491670462425,0.0323656546653804,0.0033613449811303203
0.8167825560764596,0.07296697212769887,0.08281790471322217,0.024787605225109633,0.0026449618575098556
0.6810573840885485,0.10670620381295018,0.17500594222201182,0.032912352897609444,0.004318116978879861
0.7566652069802213,0.07006575993865641,0.1138606659212698,0.05110441580246519,0.008303951357387214
0.8675206606171387,0.024476186617021115,0.0919205331023788,0.014349063764052735,0.00173355589940872
0.8049080473771901,0.0365945518457538,0.1280527737396457,0.02703888927141737,0.0034057377659928926
0.8456915978843514,0.030314188655608997,0.09530486855236459,0.024773572617415987,0.00391577229025878
0.4750695538822008,0.23027101702709651,0.23286956984983284,0.052540307019862294,0.00924955222100742
0.7100518965597951,0.11609878298498642,0.14541055867015926,0.02365214862258356,0.0047866131624756175
0.8160563058861401,0.04279670095919642,0.11654804683893227,0.021310987540536085,0.0032879587751951786
0.8100522354300159,0.09573429759254225,0.06401146624090248,0.025423248280464855,0.004778752456074505
0.9072639764792608,0.04359863272275601,0.028352991984540877,0.017707476309115334,0.0030769225043269085
0.9406672744815469,0.028177257934174017,0.017028886330059445,0.010643686566605241,0.003482894687614319
0.9291659828887875,0.033234990939970996,0.018209244654229885,0.014077928396142532,0.00531185312086929
0.8152557800748109,0.07967280584435435,0.05657740523627565,0.040238946938901066,0.00825506190565804
0.9315875119589735,0.03908569481586541,0.014790218315883154,0.012125063888699475,0.0024115110205782876
0.9240741207609816,0.038480373238039774,0.021875182251190617,0.012907246050735458,0.002663077699052795
0.8747691488656525,0.05428931572990057,0.04573985791594756,0.02119762537823691,0.004004052110262474
0.8551566392798362,0.05962371448675098,0.06026804935725463,0.021406168461276243,0.0035454284148819324
0.7752063868148013,0.10798067558890437,0.08483717752879988,0.027531819468059864,0.004443940599434877
0.9139976606853095,0.030463772245164777,0.04091509820605525,0.012686365014879127,0.0019371038485914305
0.9089521703030176,0.03816772248130647,0.034813154986255104,0.015189687473257371,0.0028772647561635246
0.7370798400641453,0.09217685400964461,0.12798435002892336,0.03779318336607731,0.0049657725312091915
0.8620898858170418,0.05860734046214079,0.0521398705581131,0.02465266063275536,0.0025102425299489183
0.8850173126491212,0.04852152739603743,0.046899481342284104,0.017310777138590246,0.0022509014739669504
0.8244263606934727,0.0850860968355096,0.052588414695713875,0.03167929021073659,0.006219837564567236
0.94141522037428,0.024726469087733016,0.0199986502561075,0.011893378868245532,0.0019662814136340795
0.7001216373817657,0.07535736186980939,0.18506120671470788,0.035296735156024425,0.004163058877692352
0.7520274024838024,0.08364555987450982,0.13595042512167316,0.02385318187451573,0.004523430645499017
0.6223153882109077,0.22132900949923798,0.1085043196102818,0.040104530267838015,0.0077467524117344755
0.8030130016810634,0.09659126163762471,0.0666959278489342,0.027534273636343608,0.006165535196034289
0.8954517836737509,0.04474567196504732,0.03640444114284785,0.01878747579938771,0.004610627418966528
0.9514406815193757,0.010784772151403327,0.02868927038761985,0.0077176576981464835,0.0013676182434544815
0.798349601859161,0.08570897314579928,0.08366920598266205,0.02611752004886647,0.006154698963511089
0.8973703491033839,0.04376517908137539,0.0392645768193232,0.017070845753051244,0.0025290492428667708
0.6917130200881308,0.044578677608681304,0.22022071224856238,0.038589971410796044,0.0048976186438293885
0.9473658673134114,0.021755063936838386,0.021521106408483606,0.007958936513661018,0.0013990258276055535
0.9166182041306382,0.043003537967222366,0.024600005395781045,0.013425330545460062,0.002352921960898461
0.9344693385792344,0.03066634056830471,0.022579651239104916,0.010224334280688425,0.0020603353326678234
0.9130839512063152,0.04833130017388317,0.0230770420267553,0.012778708506454363,0.002728998086591698
0.9307771609633745,0.026205569564251595,0.034136784339675486,0.007393501480518982,0.001486983652179511
0.826496255744344,0.05109342852512755,0.10420131576644008,0.016152750908881807,0.002056249055206655
0.9006447899800936,0.03286907203451525,0.056726191179495455,0.008568186300837399,0.0011917605050584235
0.8544495636166077,0.05067016240978563,0.07205110714824853,0.019838884701509414,0.0029902821238484427
0.8758642379592336,0.051233147683779755,0.05216336888094546,0.018218927706109073,0.002520317769932073
0.868642610879253,0.031146225831925816,0.08731919454659251,0.011185687400073672,0.0017062813421548707
0.6261530239183348,0.17478435262225123,0.1357315163162007,0.05518189052702624,0.008149216616186962
0.8633642219819554,0.039545832980444694,0.05842877972988801,0.03526842530596109,0.0033927400017508564
0.8385269511777882,0.0831735999866725,0.0449751589097179,0.029581733387368823,0.0037425565384523935
0.8222720886824503,0.1314286488520929,0.02428317681756528,0.019199974590324798,0.0028161110575668133
0.7926411805081441,0.0848963255317916,0.07366259646774234,0.04200076480274971,0.006799132689572272
0.8991059897809045,0.05977302480112107,0.02139565958856484,0.016763788221998716,0.0029615376074108796
0.7048213389943295,0.05112604540154904,0.20748194386824437,0.0318247766869515,0.0047458950489256595
0.8911028893176013,0.026061511671710152,0.0612291209457471,0.018728834194223096,0.0028776438707184106
0.8391051237635632,0.06493345368244807,0.0681598474454986,0.023956209270372845,0.003845365838117439
0.7238489696345973,0.07537712663626792,0.1551782377856753,0.03876427822568378,0.006831387717775714
0.9268512030992824,0.022927885485911084,0.03499439395860373,0.0127653580807545,0.0024611593754481687
0.6661641172277523,0.09508269131232618,0.20470794129065825,0.029765261647394008,0.004279988521869215
0.7400924911789982,0.0774766863862672,0.15430667555551916,0.025369584206100134,0.0027545626731152735
0.8657620153139025,0.04343661379614363,0.06678529154031357,0.019947454898907584,0.00406862445073253
0.892878577349964,0.05324536311577184,0.03635066818103021,0.013153288206966941,0.004372103146266787
0.9363970720189072,0.0292084663584402,0.02048911685384143,0.01147847626162486,0.002426868507186126
0.8581682838207014,0.04159541523535927,0.06992535016149111,0.0262104159585637,0.0041005348238845945
0.9567323314479028,0.017192257015020054,0.018490391442128405,0.006270539227490065,0.001314480867458448
0.8793959901281938,0.028983467878738737,0.07234717391662229,0.016518141430744558,0.0027552266457006587
0.8986651959402139,0.04872950845127395,0.033074361747756485,0.015971869929773133,0.003559063930982658
0.8716008728477853,0.055526713975767215,0.04574133676795104,0.023970768983656094,0.003160307424840365
0.8511261039845662,0.06788186778474402,0.055988024818771506,0.021402333436456585,0.00360166997546162
0.7633274418951768,0.05697606254557411,0.1382519971147482,0.03666679836399748,0.004777700080503544
0.6546890127259472,0.10940887690962404,0.19142166474109262,0.03941875943971932,0.005061686183616816
0.8397516927630383,0.053312341500096665,0.0742337035134339,0.02857690395242097,0.00412535827101023
0.8040318017431585,0.04915063848206012,0.1146710502291821,0.02817712605570879,0.0039693834898908275
0.7350196012842997,0.09903280032441113,0.12303863402577056,0.03657110091519176,0.0063378634503266865
0.9072465379614305,0.01349918555033119,0.0679533408511502,0.00974049168402319,0.0015604439530653037
0.8304510401378423,0.06525679109459633,0.07406740829476603,0.023501795513390048,0.006722964959405459
0.7798762051537047,0.11411483270989042,0.07233209101285526,0.029113596693785073,0.004563274429764512
0.7525286416572742,0.05306560484524184,0.15976034114031987,0.030700327571026705,0.003945084786137417
0.7998214071045391,0.07123711329136487,0.08983162839549062,0.033703565488997896,0.005406285719607551
0.7124184919394635,0.09700901539934492,0.14304797149098147,0.04279497350608727,0.004729547664123198
0.7765605546984461,0.03987807583851106,0.15769730403462442,0.022181391428272076,0.0036826740001462566
0.9386334899027531,0.01468340971947713,0.031983756836259876,0.013029735336464522,0.0016696082050453533
0.9232681453537044,0.01930306551908581,0.04325841460122486,0.012528851522367478,0.001641523003617411
0.9450773367512111,0.018722027858522106,0.026321568053834368,0.008437772300690947,0.0014412950357417951
0.9200056932974302,0.02293601545239846,0.042294080229894976,0.012815004485107086,0.0019492065351693283
0.7123957377442247,0.06902416246224377,0.168309993249281,0.04359625695366506,0.006673849590585543
0.7516786774586541,0.11944647641575958,0.09841553090858461,0.024853685715541567,0.005605629501460217
0.9615234326333322,0.009040506536536087,0.020295352026260344,0.007493331182711067,0.0016473776211604347
0.8419041690539845,0.06619756537649943,0.06585980483101189,0.021149475033795162,0.004888985704709074
0.9122819339545214,0.03856866789683712,0.036137844214955965,0.011091276431626822,0.0019202775020586232
0.7804312745719147,0.06291302983948174,0.12991018194259493,0.0225035525637642,0.004241961082244419
0.8320550094187866,0.03893962228688772,0.0964129500953356,0.028923343667847098,0.00366907453114281
0.7786917804897597,0.04042069222525767,0.12045974324930589,0.05339182486388564,0.007035959171791182
0.5799039547441902,0.14043002482468706,0.19567037806552826,0.07456307314424081,0.009432569221353635
0.7201705918505722,0.07302044773290027,0.1494563623674595,0.04876925383122346,0.008583344217844516
0.7296938540846086,0.048907528908044395,0.17141559869580167,0.04510954068510147,0.004873477626443945
0.9321117992463556,0.030596111103869717,0.026885497945733017,0.008857822913157159,0.0015487687908846237
0.8500822950539008,0.06354389848970814,0.05511633690952473,0.027946516034806943,0.003310953512059419
0.798395103684185,0.06722626965813033,0.10017344566460086,0.030488185434055542,0.003716995559028333
0.6384338111723351,0.06368889628943172,0.24818080777918733,0.04383604657373533,0.005860438185310556
0.690111257944631,0.07318723503220065,0.18140405489115968,0.04943838706771765,0.005859065064291213
0.7994301425141066,0.07758069502028488,0.09791622392319313,0.021107136759538573,0.003965801782877031
0.6334223937944946,0.08444435572936355,0.24580017715342234,0.03196098406875304,0.0043720892539664425
0.7170005898079435,0.089252825607062,0.15405849726561668,0.03459899014543516,0.005089097173942529
0.9145336823054357,0.015431233442315536,0.05256632140373371,0.015266779171183124,0.002201983677331808
0.8477020941414142,0.046284790353234406,0.08221250056894146,0.020674249675572274,0.0031263652608376244
0.8100836698877313,0.06277163410633678,0.09265169342246707,0.029257267458711073,0.005235735124753742
0.940740633761865,0.019515740297264418,0.025125625604570496,0.01284598019236197,0.001772020143938103
0.9036948924977407,0.047940414702903694,0.03129434680628418,0.014472782508383393,0.002597563484688233
0.9354770419133638,0.02969227227653373,0.024265468599463713,0.009200114471201209,0.0013651027394374793
0.8875993033409341,0.04158732391545783,0.05349548073561192,0.013723030138793852,0.0035948618692024092
0.9398895994038502,0.02426763636886719,0.02336095517139609,0.010765872798330061,0.0017159362575564592
0.8442338508870805,0.07570856429150584,0.058875611360684824,0.01819642753875276,0.0029855459219761656
0.8771410678911633,0.0686297999773997,0.03676626734949896,0.01455636252732907,0.002906502254608914
0.9123179623804457,0.033402468170492056,0.032236839457419196,0.018912612563912457,0.003130117427730709
0.7398269577601421,0.10541179196318474,0.11784054959201606,0.03108946424825517,0.005831236436401997
0.7786457023633097,0.08011219850569085,0.10165097291792606,0.03374349833949044,0.0058476278735831375
0.9126194652355982,0.03316455411396973,0.03589350035564202,0.01579499134852581,0.0025274889462638533
0.9385395996675477,0.024005643413873515,0.023992685636859336,0.011572268122538214,0.001889803159181116
0.8810445755879585,0.06943470722632188,0.03214633646894067,0.014401397390438466,0.0029729833263406084
0.9275768673470786,0.02954432843489943,0.03019166725723187,0.010770594718324776,0.0019165422424655034
0.8685620052030832,0.04421002140148984,0.07037384924386894,0.01471315487267484,0.002140969278883307
0.8198246520550562,0.06577228084065981,0.06974308950797407,0.03877325659006536,0.005886721006244544
0.8307159920260101,0.05944180081019361,0.07088838960964419,0.03449164647200153,0.004462171082150725
0.7718579239876817,0.08940993159512266,0.10622536097730571,0.027290088900424187,0.005216694539465708
0.8116851470376394,0.04129240496158361,0.12340358892483697,0.020175469964818737,0.0034433891111214565
0.8894842652017795,0.026347077492677822,0.06103975032061053,0.019332620937235184,0.00379628604769691
0.7970564818857944,0.1287649226931586,0.040361268115346904,0.029941889566256697,0.003875437739443407
0.8426998255189259,0.0926077455967949,0.046949531224811804,0.014867782279962058,0.0028751153795054034
0.8412690378280664,0.05695481229666261,0.0709734986827042,0.026765228577863415,0.004037422614703549
0.8739219485666483,0.05508055527777219,0.044014916558161386,0.022996893590773913,0.003985686006644078
0.9006878901561837,0.05763278782480095,0.022954037158007663,0.015507723841473944,0.0032175610195336797
0.8805337615708547,0.07468472846290168,0.02641188757948503,0.013639385000887967,0.004730237385870336
0.952799760846417,0.024265066745212588,0.012976448672497863,0.008040100808902542,0.0019186229269700405
0.9140899148843362,0.04818526943753664,0.021233766150831664,0.012594095311348944,0.003896954215946452
0.8650651646278293,0.09070588535232905,0.020733759943549826,0.019507919097394914,0.0039872709788968275
0.892242399624881,0.05858833768117065,0.02939983177874785,0.016567385085051123,0.0032020458301490664
0.8556599650460653,0.06674863397238177,0.0421838448102007,0.030810972168835986,0.00459658400251603
0.8983088757807064,0.0457948546628915,0.03667315972886431,0.01580758858945727,0.003415521238080418
0.9192535615027821,0.024078669523980887,0.036554678752903254,0.01697064322091719,0.0031424469994164273
0.8489810326382331,0.06014972936096393,0.06665445274871887,0.020185446354428902,0.004029338897655095
0.9030477014645316,0.07057690579685741,0.016319426071000898,0.008396226023814662,0.001659740643795187
0.8469759282239696,0.0520096696286802,0.0718221850854896,0.025804469874447886,0.0033877471874128005
0.7781863498227765,0.09016506414638754,0.09208943350374832,0.03424758614969464,0.005311566377392999
0.7242374241717765,0.06378057986990272,0.18270094351739896,0.02539144324419856,0.0038896091967235732
0.8825219072848097,0.05723011452791742,0.03683402723218756,0.019365991402929373,0.00404795955215569
0.8545965694095887,0.0462842864507539,0.07388505383025873,0.021976810836813934,0.0032572794725847913
0.8309851084524883,0.04968953223992973,0.10286560009130177,0.014018213369243018,0.002441545847037253
0.6971556732889682,0.03945088897375578,0.2293517591178999,0.029081567890176453,0.004960110729199509
0.8711014361707516,0.02968879010293646,0.08077725193055105,0.01641132254958835,0.0020211992461725897
0.7569759350270501,0.07184510087477061,0.13977279016765393,0.02639572467215207,0.005010449258372977
0.876873022731304,0.043853011869203595,0.06000541941765752,0.016499542666785886,0.0027690033150491655
0.9509973067271335,0.021215835195663186,0.01855215636168993,0.008020067091958646,0.0012146346235549135
0.8358784522741345,0.05205229631806918,0.07827691989042845,0.028700747409385895,0.005091584107982257
0.887374358212986,0.025841116399701693,0.05731759318669012,0.025730255785754257,0.0037366764148677846
0.9318869694290549,0.02754234208978261,0.02675330810512819,0.012083612269687474,0.001733768106346846
0.8415044007621071,0.061524455052577386,0.0670565131286864,0.026098965747014813,0.003815665309614232
0.8271515316145476,0.049475671235576286,0.09673720814321772,0.02286106250438522,0.0037745265022733477
0.9032387949223942,0.06254074651965309,0.02139579365941435,0.010503253113233435,0.0023214117853049793
0.8266573217048471,0.04318200625088356,0.08516670965514081,0.03767644942188283,0.007317512967245703
0.8087355120322847,0.07146004787362745,0.07732136527989672,0.03552204682335302,0.006961027990838086
0.8452178418272729,0.03034189198136289,0.10210564881368574,0.018997848646969795,0.003336768730708635
0.8182779279902397,0.05062577390992407,0.111548011831053,0.017136985207231187,0.0024113010615518927
0.8994163848845321,0.05502578810247619,0.028223865638956142,0.014742582141008294,0.0025913792330272962
0.9167539693833641,0.04105775335510655,0.02639227896367569,0.013774074596697123,0.002021923701156766
0.7580406260407786,0.1162867289858021,0.09623933884612443,0.024837933755238798,0.004595372372056133
0.7729221883615687,0.04252321972757198,0.16098845002196915,0.019613602873159306,0.003952539015730995
0.6452467818857185,0.06335465018174118,0.24527623511209518,0.04053140632273016,0.005590926497714849
0.8885701435356703,0.03992963983845252,0.05432005578425223,0.015039563700755765,0.002140597140868938
0.8370068925531184,0.07703979496933297,0.056539761341090546,0.024628022884158524,0.004785528252299523
0.878830202822684,0.05159090305375366,0.047980036479437306,0.01825630210729617,0.003342555536828812
0.8147387370047241,0.053187553400952395,0.08072929295963248,0.04463806424547863,0.006706352389212498
0.8181358645625487,0.08122955364857806,0.06278850048484266,0.031837706568785054,0.006008374735245409
0.8155771656094281,0.07095530846330175,0.07703188625621005,0.0314553981022133,0.004980241568846905
0.8016940360571658,0.08206446843462875,0.08196774266690365,0.028842289121729644,0.005431463719572087
0.9162406849628927,0.03392745062205396,0.02952275284712165,0.01737031670405446,0.0029387948638771653
0.7065052066380584,0.19870488197127026,0.06763199721212125,0.023142786345340966,0.00401512783320949
0.8470497394258419,0.06425439757095262,0.062463335545791504,0.023119925254332013,0.003112602203081773
0.7401072426953723,0.03479774895309063,0.19563669799531258,0.025828191766770144,0.0036301185894543485
0.7544105062770586,0.07387307379479335,0.12416113023200871,0.04061550164858366,0.006939788047555605
0.941875433333456,0.022277906544516956,0.021958513246213295,0.011958070830837724,0.0019300760449762308
0.7953960859408975,0.08179478636240557,0.08690649370508836,0.03024227740365661,0.005660356587952031
0.9056131517187822,0.03446253024010352,0.04227334915293122,0.014291145010573514,0.0033598238776096478
0.9579973077346656,0.021421373625586677,0.011005280923361465,0.007901479330115311,0.0016745583862709825
0.9119674301149695,0.05004415415394939,0.02009117805674613,0.01461792846367257,0.003279309210662219
0.8362856379208162,0.06516307060743969,0.0706524647758528,0.024371834930475667,0.0035269917654156243
0.7403371485311938,0.10151776349091696,0.12105207951428407,0.031605175071713405,0.005487833391891807
0.782925301638686,0.0704845458154106,0.11272378285563084,0.027822401309724284,0.0060439683805483205
0.8714584359428112,0.04145741520900598,0.05801792885113262,0.02537465893636978,0.003691561060680281
0.7171189113906541,0.057985199980085,0.18109766976596978,0.036190473024633026,0.007607745838658138
0.7364597438565688,0.06672046215520859,0.16716095406296672,0.025157286678572532,0.004501553246683396
0.8278255977475661,0.06061680896181761,0.08906080457661944,0.018923431234078435,0.0035733574799184206
0.8399907414594695,0.052461439260755145,0.07891939566089132,0.02415086599206605,0.004477557626817831
0.7464281753223545,0.10025423012023556,0.11442742486993664,0.031562242735698,0.007327926951775452
0.8668700015534326,0.03746098023495326,0.07791169692886422,0.015321687277656846,0.0024356340050928796
0.7866839855702994,0.04369733042070268,0.13736154258684788,0.027451248469575227,0.004805892952574811
0.815301871056401,0.034010038809631334,0.11551971572925933,0.030724673789598672,0.00444370061510983
0.8471153966933407,0.036738928982829995,0.08929753593691413,0.023286080284487833,0.003562058102427211
0.8325769835916915,0.034483622259995586,0.10861822616760974,0.020185947918519697,0.004135220062183296
0.8922341333239708,0.04468332803769924,0.04149168283932443,0.018275674171294942,0.0033151816277107106
0.9214520196953198,0.027671482773669976,0.03584472553357811,0.01337489280478453,0.001656879192647581
0.8240763619592723,0.04594686495486935,0.09687814756532985,0.02896743363567246,0.004131191884856158
0.7660460550826458,0.058688779053169104,0.1450042681196124,0.025075243302977144,0.005185654441595522
0.7319836254003096,0.14579179312890095,0.08313498105265588,0.032312911181048114,0.00677668923708552
0.7516566515611761,0.0850415040664784,0.1418419369792108,0.01760592183283701,0.0038539855602977534
0.8272012747949818,0.09084621331641636,0.05732362823213553,0.01967331313023958,0.004955570526226852
0.7727777447448679,0.1177345474110334,0.06532066387884336,0.03788173623544045,0.006285307729814869
0.8866612437740773,0.03755179191465002,0.05128027198126228,0.01967800061184158,0.00482869171816878
0.9050034782010279,0.025766112724626634,0.05762400759463802,0.009587317677759472,0.00201908380194802
0.925866246479002,0.01982308275969807,0.042178849614976865,0.010332411260017122,0.001799409886306053
0.8326924095943946,0.0585609908010379,0.08306830712842125,0.02275461422370948,0.0029236782524366604
0.8594558898360675,0.031080889483034075,0.08741172348525685,0.01843712792618416,0.0036143692694575857
0.7685245726051718,0.06812383392248039,0.12679124520206578,0.03215662806256334,0.00440372020771849
0.9185487390915847,0.04730663630084661,0.02254260578899015,0.009823350768271503,0.001778668050307085
0.8846518534309376,0.058680215445161,0.031854114815014774,0.020708411365692393,0.004105404943194444
0.7502538554851541,0.1065639625237845,0.08658461913957582,0.04584702411478048,0.010750538736705083
0.7828721947412695,0.11252627338509845,0.07664102296063073,0.023140378510658255,0.004820130402343122
0.8594686581435428,0.032875282430555666,0.09004922159505206,0.014448094145859344,0.003158743684990253
