Delta_Power,Theta_Power,Alpha_Power,Beta_Power,Gamma_Power
0.8367207155686164,0.09346925153061621,0.027240459471699525,0.034947853256463,0.007621720172605138
0.739471227614384,0.1597678390525439,0.0578994084050501,0.03487987547083198,0.007981649457190166
0.7162991971150483,0.1326351856442299,0.08735412743352043,0.05577220139326043,0.007939288413940825
0.8167960992888239,0.11326131676418758,0.02902225215721202,0.03433981609719939,0.006580515692576959
0.8898165574296599,0.06431791006859934,0.020560429696051815,0.021852273811856185,0.003452828993832948
0.9402572177573235,0.011892590711683991,0.027559334531781537,0.01786102156886584,0.0024298354303448565
0.8765342434002469,0.05790452599937259,0.03888887379065852,0.021597893641938353,0.005074463167783733
0.8709495279809409,0.0473188651272912,0.05274165575828544,0.02504208847303737,0.003947862660445253
0.8109345475287222,0.07595981142397576,0.07814046004113681,0.0305256344352596,0.004439546570905503
0.9453296746715599,0.021184477102155697,0.02262563452532755,0.008843085751113684,0.0020171279498430532
0.8459914598811642,0.07172858587308249,0.05315053982326042,0.024346608679983613,0.004782805742509388
0.8200371690415799,0.10065365843086037,0.04262002786423532,0.029859464777505437,0.006829679885818903
0.8157664419544575,0.1008919977970906,0.05121728309184086,0.027860361336758472,0.004263915819852643
0.9056430264762623,0.06162877555025661,0.018235885658242357,0.012605349646757063,0.0018869626684816882
0.9433045235066093,0.04316547938175893,0.0057195423504043524,0.00659782971419463,0.0012126250470328238
0.9562206124558111,0.024240250796987318,0.006300231346471475,0.01059993447787198,0.00263897092285789
0.8991537375961137,0.028314567431005567,0.03903626437444387,0.025790606253269236,0.0077048243451675194
0.9030850307011937,0.041285567972768555,0.036538273192503815,0.015574774374564315,0.003516353758969416
0.888355204308349,0.06859132031434988,0.02383254190585807,0.016544788029499043,0.002676145441944067
0.9044206824666398,0.03564972526004244,0.04065138797524796,0.01632051947948644,0.002957684818583497
0.6935089526297461,0.135549505502256,0.1225488841137726,0.04238753117847855,0.006005126575746748
0.8004043047362587,0.10429510447535235,0.055034079918294405,0.03459103199246797,0.005675478877626445
0.7279838497469703,0.18312954174213347,0.052903932540464195,0.03147178077350686,0.00451089519692535
0.7756091791137235,0.14031427798848561,0.04418191319416194,0.033749261407556894,0.006145368296071923
0.8278584504980376,0.10352102989174677,0.04242291984218421,0.02172109350404149,0.004476506263989701
0.9131177523955067,0.04098334189556358,0.026488955998353974,0.01650714660313511,0.002902803107440677
0.927838672529357,0.04743057721862489,0.013006590321311044,0.009708096267259917,0.0020160636634470267
0.9582722042817002,0.013275097799186694,0.017823908347887583,0.00823930918760627,0.0023894803836193197
0.8742863426146389,0.05863798333566616,0.03755474040083139,0.02445795700233181,0.005062976646531613
0.9564821633573155,0.013861979057824245,0.012726666769559362,0.013754468435205875,0.003174722380095284
0.8936346681877163,0.04740876117047313,0.030085772694286975,0.024299304541150424,0.004571493406373279
0.8011705022187267,0.1372741844612066,0.02337783608105886,0.03164616874131332,0.006531308497694435
0.6984401231363379,0.1202206904005192,0.11086164088153555,0.06270885813521875,0.007768687446388566
0.8089102004359553,0.08630784199281234,0.06385086261647563,0.03514682594325672,0.0057842690115002095
0.8838769932943649,0.06074299322660966,0.028805796512062755,0.022704696834189384,0.0038695201327731254
0.8943994695613536,0.06369216919800773,0.018567062394916897,0.01944729982315786,0.003893999022563967
0.8522802732167168,0.062105941727695,0.057442081830059534,0.023537871950887634,0.004633831274640987
0.8479028466670399,0.05699156805394039,0.05003816039363232,0.03814806443057235,0.00691936045481508
0.8224609370055305,0.11649950931076304,0.029030160328731847,0.026823060358753658,0.005186332996221031
0.9325506818250088,0.034035183793130835,0.018266259375927636,0.01252183796574056,0.0026260370401923077
0.9176269762669443,0.0462107947471658,0.014313366226188392,0.017822940325581797,0.004025922434119701
0.8287615580787444,0.0785742910810977,0.053943639647838416,0.032670150655337356,0.0060503605369818525
0.8005560540431332,0.11008364713960195,0.055340826794306755,0.02958492699598496,0.004434545026972862
0.9286870530035686,0.034360417065120955,0.01662730188743658,0.016593780512083208,0.003731447531790862
0.8589416388190535,0.08573195837563757,0.029912271058131337,0.021657269518220813,0.0037568622289564967
0.9385135479482521,0.039224665803417054,0.011763552740160518,0.00814711236714616,0.002351121141024085
0.9049417083125126,0.05103123896930507,0.025714049274852064,0.01416390309437834,0.00414910034895175
0.8667025218755247,0.06353053259695614,0.047265100228094034,0.02019179100304766,0.0023100542963774414
0.8832091867376434,0.05726232614533332,0.03082573624835367,0.02536342830570837,0.0033393225629613638
0.8784717490564158,0.06366574160696174,0.026093555014519522,0.027814578132198568,0.003954376189904266
0.9396323882014338,0.037301154753842325,0.009270133261943625,0.012005668621897381,0.0017906551608828517
0.7477839805754192,0.13929976599876204,0.07357863278411764,0.03394757769581835,0.005390042945882729
0.8730510228303936,0.053597388603805286,0.04743923175699686,0.02069827713614556,0.005214079672658746
0.8952198045491736,0.05580302493859798,0.026776744251256267,0.018348798752150824,0.003851627508821405
0.8301252915127579,0.10499889710073061,0.029188825355346268,0.03149874479578395,0.004188241235381421
0.8385482780229675,0.09725579172330796,0.03297160734741927,0.025219551776212986,0.006004771130092634
0.8421008815648431,0.06921024765629183,0.05474336469126275,0.02858573340008027,0.005359772687522174
0.9288431797602272,0.0346937227648555,0.023134505080583987,0.010782482781670646,0.002546109612662586
0.8883417088025861,0.04928980523164446,0.043327217892175626,0.015658464060389943,0.003382804013203974
0.8204137241603741,0.05988540564961693,0.08351325870353321,0.02976193019904826,0.0064256812874275305
0.883226914743699,0.06019725717220069,0.03283984898781388,0.019848455093244424,0.0038875240030418943
0.7940280871157472,0.09312834277557823,0.06948257630248174,0.03705450878007703,0.006306485026115904
0.7621050159764182,0.13257820087504246,0.07017880260854983,0.03146921450737091,0.0036687660326186196
0.8763655896690573,0.062448425775485886,0.025077473901082677,0.029404688205926996,0.006703822448447267
0.7774531936174565,0.14227973013581474,0.038748420809673195,0.032448337508506946,0.009070317928548705
0.9451007688220368,0.02318023743415013,0.016957039374306565,0.012815830831027742,0.0019461235384786006
0.8832834530146064,0.054623197392345765,0.043083203318503176,0.015885940074909385,0.003124206199635355
0.8906293877380398,0.057860491074951455,0.022407917432514145,0.025348902888470512,0.0037533008660238726
0.9042272495342402,0.048832875684243514,0.027803994218975357,0.015952028976896595,0.003183851585644495
0.8787604900186972,0.0559059129263629,0.03814672291067783,0.022802696798127367,0.004384177346134917
0.9422668566172399,0.025233315093646055,0.01769413994933015,0.012130628096521778,0.0026750602432621816
0.8711672785154041,0.058268034208192106,0.043071627878874155,0.02270460357863607,0.004788455818893658
0.9256309222468305,0.052130610235619775,0.012160476592927565,0.008374666038162192,0.001703324886460058
0.9391306791343517,0.026745480354878122,0.015311420086435474,0.01456043955406188,0.004251980870272833
0.8337003498400162,0.1080540680962346,0.03072462886312953,0.02180418738567951,0.005716765814940326
0.8907164617761144,0.047200171503470216,0.029024377920574378,0.028046052813055444,0.005012935986785519
0.8069935694678994,0.07165430543139936,0.08177066548941651,0.03344644792077895,0.006135011690505742
0.8603204449766627,0.06131538478882503,0.04769116926187857,0.025822045974251612,0.0048509549983819815
0.9099684901762491,0.05616186117181463,0.010994967473501658,0.01932570879235676,0.0035489723860778594
0.9049156047658988,0.04312146790714835,0.03190367282016413,0.0166186063760409,0.003440648130747789
0.9549570564538472,0.02688610323778073,0.009482001775600121,0.007224706143930583,0.0014501323888412743
0.8508544771918107,0.06835432018142719,0.04715941164144307,0.028427588774439797,0.005204202210878978
0.9552249713921435,0.025580924234062035,0.007491087946109227,0.00970702594749672,0.0019959904801887416
0.9163845407652413,0.056257892959703744,0.011912026252105018,0.012182920372293285,0.0032626196506565547
0.9236522868498377,0.031984324912034595,0.0240019907436963,0.016081253479594274,0.004280144014836987
0.8676352678826735,0.06335441133002925,0.04689579240784851,0.017652257979125965,0.0044622704003228165
0.749063032411353,0.1438261692514433,0.05477945845671571,0.04436597373047061,0.00796536615001737
0.7809136437180135,0.139369101813604,0.04444219691041639,0.03062082866339356,0.004654228894572425
0.8407669367582695,0.09082438715063658,0.03702865650785208,0.02672839110671684,0.004651628476524897
0.9528974749819519,0.025428781277966172,0.012759203780276951,0.007100621595404281,0.001813918364400659
0.9605763918490625,0.023392170685431382,0.006869552228214853,0.007713015442358742,0.0014488697949324428
0.8661267133209446,0.07290433229044746,0.03281376637697621,0.02335827135260077,0.004796916659031177
0.9332878550491072,0.027590084124999036,0.021085796676673173,0.014629021916682708,0.003407242232537704
0.8915890014110196,0.050554907689516,0.029748337961406614,0.024708098264225552,0.0033996546738324475
0.8801583924615027,0.0723476161065582,0.025423221433691565,0.01891206117770056,0.0031587088205471295
0.8831188022711897,0.06887276250743933,0.024005228291278324,0.019945224067937164,0.004057982862155657
0.846873494446914,0.09396115953264969,0.036992712523848066,0.01761550988469226,0.0045571236118963285
0.9449385859788241,0.03388406909811554,0.009332910176581737,0.009505963282039795,0.002338471464439046
0.8768462236921745,0.05415392149562833,0.03050535169583378,0.03269758520005945,0.005796917916303949
0.896910492048423,0.031509115576112016,0.04208935204631052,0.02504600832490616,0.0044450320042488285
0.9019063258582545,0.05717120311735653,0.017465256532121658,0.01943043439365076,0.004026780098616505
0.8878323502199402,0.0719105499921342,0.01584316643363334,0.0196090748057745,0.00480485854851764
0.9030894972226332,0.05275874862990286,0.021769459287250374,0.018943181847487486,0.003439113012726078
0.8058207891439039,0.10300973654224764,0.042676882984131664,0.04083109502397099,0.007661496305745667
0.8676168128448436,0.04610485188726995,0.0521746561702509,0.029900712705449525,0.004202966392186004
0.8648054832448554,0.05341242807639849,0.047065276028872546,0.028318554492837825,0.00639825815703555
0.8499948235380839,0.07865515224072755,0.03851666817883287,0.02838741575991615,0.004445940282439527
0.9414559859362732,0.03214879647292507,0.011193114142326365,0.013376069592978495,0.0018260338554970034
0.8780253513839403,0.05797766104805929,0.03514136073055841,0.023011437494779984,0.0058441893426619766
0.8515731043585428,0.07297865939568234,0.035103807464658986,0.03342678861940961,0.006917640161706024
0.8887723331449777,0.043401565735568026,0.03964755183162544,0.02297874449779585,0.005199804790032951
0.8667859667254199,0.057591052896015044,0.03731430602685488,0.03354165841482174,0.004767015936888498
0.9130977587520711,0.05024998797542405,0.021114635732628007,0.012846786318992956,0.00269083122088401
0.8891201081503033,0.05458609723841674,0.028791423205465856,0.023016385626479494,0.004485985779334684
0.876456957333647,0.05772960759710934,0.040209178341021994,0.020899381473699376,0.004704875254522426
0.9287680287675294,0.03773655174533508,0.020110742233419184,0.01060750335975497,0.0027771738939613745
0.8311443382762931,0.10397297381826663,0.038526749729908515,0.02095657953037464,0.0053993586451571525
0.8228573634623967,0.0939116957447306,0.043723430722513806,0.031332041294389844,0.00817546877596929
0.9369519657684684,0.02866309878664445,0.017755646469567152,0.013841737189387648,0.002787551785932819
0.9042643940955643,0.05260346090372089,0.02166642187083019,0.01743249454181126,0.004033228588073443
0.8968069505519884,0.06328830326586511,0.021495155107443275,0.014918462579396764,0.0034911284953062054
0.9460038004381826,0.019185415267906663,0.016697419746159563,0.015315634800968717,0.002797729746782621
0.8322444533252135,0.06214361552545394,0.07490647043716295,0.024717272334837642,0.005988188377331939
0.8215802518414597,0.08739514609772854,0.06166603246795256,0.023821512213158726,0.005537057379700381
0.933792322685258,0.028087673119069862,0.016840769374126163,0.01724813280497037,0.004031102016575607
0.8926771317064838,0.05512342381310076,0.025168609093378293,0.022660737679701712,0.0043700977073354704
0.8466201541348803,0.09055031890036139,0.04137281687881805,0.017930255505544054,0.0035264545803961093
0.8320888803975539,0.08355829254697024,0.05609328465272506,0.022662574668128044,0.005596967734622966
0.8669928945407226,0.05361419470509076,0.0413131639768963,0.03134768087219965,0.0067320659050908345
0.8990195023463724,0.05395109592613441,0.025254828656024145,0.016807392383556698,0.0049671806879120865
0.8719757898505682,0.06762300907841336,0.024126830446250486,0.03162006520419678,0.004654305420571337
0.7804250900775362,0.12489457348402348,0.04623006668293058,0.041390704976120726,0.00705956477938876
0.9333933295211406,0.03983171415468761,0.011930905818668815,0.01207137671216086,0.002772673793342056
0.8387018127976089,0.036912631610935255,0.09413449971131728,0.02519809786047173,0.005052958019666765
0.825232481470373,0.09326664710358885,0.04074586419931756,0.03356736719591289,0.007187640030807602
0.8437269624923864,0.08000379765727111,0.049059724476666185,0.02274647973037842,0.004463035643297767
0.8924699949948258,0.03291612083002066,0.05568577049918306,0.01653451289493887,0.002393600781031296
0.9222270046360567,0.04170734310755167,0.02152207744816922,0.01231743456286961,0.0022261402453529846
0.8511216268310571,0.04700102847020042,0.061446447286511205,0.033145016879274965,0.007285880532956333
0.8780549302058923,0.08239778228023259,0.016468642587541712,0.018896101969685792,0.0041825429566477905
0.8087990356714337,0.10976934116041086,0.051972657595755374,0.024874300549876476,0.004584665022523508
0.8668598315688665,0.030142637316227662,0.07123578666428948,0.027207105056187696,0.004554639394428727
0.8502299118564214,0.07708001701949327,0.04126271917038445,0.02571249069435385,0.005714861259347008
0.8938352118578768,0.048705616180483594,0.03320862107716913,0.019224413252111074,0.005026137632359157
0.8464718775462413,0.02898767777626282,0.08968881754235417,0.028853147439709452,0.005998479695432502
0.8786942426907045,0.05548944361238831,0.04021142306587902,0.020318887794413504,0.00528600283661456
0.854601903861543,0.04610392544747788,0.057834076302268764,0.0324884874473907,0.0089716069413195
0.8770160945038845,0.04231251886664668,0.0538803719628723,0.021984760489093893,0.004806254177502443
0.8923945382763904,0.03958049825429224,0.03914372625320109,0.02432055526916772,0.004560681946948712
0.7365637571345433,0.11639834448318193,0.09194359489902793,0.046094045555842164,0.009000257927404524
0.8499808303489412,0.06063411781484749,0.0651382279342785,0.01867043466578894,0.005576389236143598
0.9544118155644842,0.01868353300603799,0.015305132761658218,0.009078154963466832,0.0025213637043528564
0.8863232534416547,0.048724031472288126,0.03273296656847304,0.02571632409856672,0.006503424419017315
0.7388499608012593,0.10483934113315162,0.09781022413519276,0.04666277212389783,0.011837701806498487
0.6389778117396805,0.17960471186571153,0.12179702928311867,0.04984161779153037,0.009778829319959183
0.7828543404739692,0.12070203269758667,0.05225898255696203,0.035035511761965996,0.00914913250951596
0.9166002590664367,0.034065926160016115,0.02634716025857203,0.01801157408774518,0.004975080427229787
0.8896663649123862,0.06342525819311623,0.024262285592472118,0.018048111806580638,0.00459797949544488
0.7207218822605855,0.18541242952365478,0.04107706587596014,0.04215874594651646,0.010629876393282889
0.8896016336447913,0.055803291337735185,0.026967783564855526,0.020953092306386818,0.0066741991462313825
0.7546088748608251,0.10374302500317345,0.09508210964703624,0.036161330445763785,0.010404660043201468
0.7693112440326169,0.12374729711012812,0.05252739671242649,0.039623626287650995,0.014790435857177741
0.8720632006361315,0.050611715618806376,0.04957561881523227,0.020866228039639157,0.006883236890190639
0.9076631574347596,0.03816474356501644,0.024391362995420305,0.025035867579375228,0.004744868425428292
0.8046858849329531,0.0813111033565388,0.07585418247602022,0.028868190199465665,0.009280639035022159
0.8594224420712533,0.05830404569440032,0.04795346248728306,0.026858168863994145,0.007461880883069067
0.8382440109564498,0.07495747798892471,0.04586355153050478,0.031124093976259624,0.009810865547860884
0.9274941138161075,0.02777140365844932,0.024637332805412273,0.016644545138258596,0.0034526045817723523
0.8728456809080865,0.049173487304805905,0.04581617188083174,0.024911839056354267,0.007252820849921737
0.8898904835382082,0.04306277268204857,0.037821960808872235,0.022966801989157275,0.0062579809817137795
0.89868747488347,0.033023030063504634,0.03917279074073365,0.022216489328235726,0.006900214984055847
0.8548287131294324,0.05780689437616851,0.03160014478527887,0.04346351700976915,0.012300730699350846
0.8298565547605993,0.10133427466476372,0.034104596574742484,0.026531094087190125,0.008173479912704635
0.9237022985974942,0.04526261084233908,0.013490512740119028,0.013156343696901402,0.004388234123146614
0.892210812165997,0.0649235367598729,0.018758162257772628,0.018849579552171175,0.005257909264186357
0.9138845353995759,0.03604953030997285,0.02839437269574804,0.016608692710269473,0.005062868884433998
0.9066090066887201,0.05372101581227052,0.017272085461267475,0.018303471038693557,0.0040944209990481425
0.7368177440158008,0.12722445870427837,0.07556293500466764,0.051680088502484914,0.008714773772768159
0.9498492456914781,0.014512318024382803,0.018786301955951722,0.01350711549681024,0.003345018831377203
0.7823234762143113,0.13530244480006334,0.05442693730274889,0.021398271394444633,0.006548870288432001
0.8986618379870307,0.03819087670142242,0.02627893038729523,0.030992554206452357,0.00587580071779946
0.9130705020414418,0.03808982877684414,0.021273651610419442,0.022240117789123836,0.005325899782170895
0.8945275382953946,0.04862848594097961,0.027419474669740814,0.023660584312143854,0.005763916781741112
0.65038693057255,0.1997807527212765,0.08805856732518352,0.04734994115057795,0.014423808230412158
0.6505715427202805,0.1727141058073559,0.11188620107179983,0.04836023539503073,0.016467915005533042
0.9070982057088792,0.05501522106510612,0.01885431319738723,0.01303795383489493,0.005994306193732311
0.7975592397291248,0.10954049202679685,0.05000430080125027,0.03136870422892899,0.011527263213899186
0.741145706831911,0.15692210203840837,0.04932163975847178,0.04026717983972655,0.012343371531482272
0.870917593991738,0.05006917947538287,0.04295519563405867,0.027082565626725306,0.00897546527209504
0.6384397762116767,0.18153068177618725,0.10069278537030539,0.059545963328113946,0.019790793313716675
0.8741640310622872,0.05629587524899221,0.02832977136361056,0.03324512782517409,0.007965194499936077
0.8721858583957051,0.05638023718343809,0.04289394901127443,0.022118842734834058,0.006421112674748367
0.8968921212283508,0.028587221373496396,0.054049569237521806,0.014767107632061325,0.0057039805285697825
0.8929189405041553,0.05266934066433544,0.02223333059434945,0.024177168820579315,0.008001219416580337
0.8967410411549357,0.06348145711724364,0.01690689149004503,0.017573786052905736,0.005296824184870036
0.8787820139479474,0.06684361481517087,0.029383857757103563,0.01779741859614658,0.007193094883631458
0.8735352109285184,0.06475745092333733,0.023923075124290177,0.02937010791809125,0.008414155105762985
0.858617519510141,0.07624100221236912,0.02776330083580107,0.028037890333371826,0.009340287108316844
0.9367121527621447,0.03206026138335765,0.013578653213903842,0.01339776513256185,0.004251167508031884
0.7542919357664446,0.13545032277355326,0.05714184119246234,0.03753467910315733,0.015581221164382488
0.9015591164128899,0.049510245311888336,0.022454441897236832,0.020942529021295033,0.005533667356689884
0.856202416792988,0.08518101032471476,0.030891194628619667,0.020400955979526614,0.007324422274150887
0.917336761389733,0.03349572131199361,0.025676923086730412,0.016777287779790494,0.006713306431752537
0.935267766247572,0.035745383870791535,0.013396278176462502,0.010290018944525577,0.005300552760648148
0.9291626326313337,0.035804671977630535,0.015607765094645077,0.014098650998163337,0.005326279298227331
0.9161078955576369,0.03557274973893483,0.01989148396038218,0.02225598835631594,0.006171882386730283
0.889854582710429,0.05558501016830558,0.029587579798917987,0.01969529798571247,0.005277529336634764
0.8805466198113013,0.05911961590492409,0.03485447865010486,0.019847282071512207,0.005632003562157396
0.9485288346890572,0.02156317174764747,0.017128211741244768,0.009249526748620732,0.0035302550734296347
0.8169675031544424,0.11720998021745718,0.03956233375911021,0.017714574158543817,0.008545608710446262
0.8207384488988347,0.09358725354942714,0.03463428020373949,0.0392794676230226,0.011760549724975847
0.916842887422362,0.043603701410694015,0.01544339689085041,0.016599722530557075,0.007510291745536615
0.7429242641680323,0.13141181047903155,0.07029968095442833,0.034281219371009065,0.02108302502749854
0.8971015411444098,0.052273282700362425,0.021510203077848653,0.02042153478310818,0.008693438294271012
0.9466553155477172,0.025529003825990822,0.01033621407786252,0.012601134512664194,0.004878332035765324
0.9278154198638509,0.04143835323161712,0.011653237271884016,0.013387011964291524,0.00570597766835662
0.8862028991350194,0.047609427632335756,0.032362312740533555,0.026618786231586065,0.007206574260525241
0.9206755936136362,0.031183764907975114,0.02007015743030161,0.021632477765993377,0.006438006282093624
0.933309877262848,0.03435655944383952,0.021528205071911465,0.008561266807009148,0.002244091414391993
0.8316589370066787,0.05795912290537692,0.07250090873758243,0.0284953175095413,0.009385713840820492
0.8927013953131162,0.06077390516433757,0.023117808218904773,0.016108456210625774,0.007298435093015447
0.7189283656370147,0.15186706364973102,0.058574546969504586,0.05148769525489171,0.01914232848885829
0.7904593193436144,0.10214347957310708,0.04701381427119991,0.04342456498497005,0.01695882182710869
0.8692819352317691,0.062888693638208,0.02306835845596862,0.03592024812675397,0.00884076454730014
0.8215326670034702,0.10142590808636873,0.0276063945877882,0.037807746665854146,0.01162728365651871
0.9206270445876528,0.03746746110757706,0.020404675493995036,0.014503163400938367,0.006997655409836825
0.8162053563287358,0.09834284200051117,0.04124153561575894,0.03321421146328662,0.010996054591707473
0.7956146461404944,0.1111551253481513,0.04809435767071609,0.03400954856677557,0.011126322273862675
0.795398115251398,0.06277789169164039,0.07562504425668726,0.05354432240688792,0.012654626393386431
0.8656250424280096,0.06204835889525634,0.0445867464475266,0.019652200375379004,0.008087651853828464
0.9016818360448897,0.036091430057750146,0.03349768747389726,0.023032131297159524,0.005696915126303234
0.8584117603228479,0.07240177126165592,0.03238049183942577,0.0277204391530229,0.009085537423047442
0.9062607240056795,0.06365874974782669,0.015098781471263447,0.009976014699387418,0.005005730075842891
0.9268656123490762,0.030548433368449833,0.015399176102097498,0.019961783263877687,0.007224994916498921
0.8642780821760363,0.0701973713623187,0.021187226445774098,0.03615860758213967,0.008178712433731142
0.9173303768201378,0.040503375651663724,0.01576741620812272,0.020275770735649967,0.006123060584425815
0.8737188646458278,0.04821416152198726,0.032574500127462,0.03512337428173066,0.010369099422992469
0.8789705987818284,0.07176512618887118,0.02242173407285592,0.02071111853805036,0.006131422418394092
0.8320841243806905,0.09275781551496998,0.04081135452027247,0.026274939400388508,0.008071766183678554
0.8944200663061401,0.07819891793859395,0.011446582782365383,0.011406392655844429,0.004528040317056401
0.7805381969992712,0.12053349212848447,0.050220471540064954,0.03097858075744926,0.01772925857472992
0.9291385602097763,0.040269805012579284,0.01373437920350026,0.011700070156933657,0.005157185417210815
0.8953364221937099,0.04256971571519788,0.027487629216258573,0.024904230794206846,0.009702002080626828
0.852899223645812,0.07741862458982059,0.03537716613249733,0.023560479325124842,0.010744506306745276
0.9127986798376054,0.05210559614514311,0.013578457332083994,0.014429629760035445,0.007087636925132151
0.7839660315516129,0.08983142873122216,0.04626504663965444,0.058861867534209716,0.021075625543300676
0.9287282311958067,0.027686304798946588,0.020818778438461874,0.016838270528868316,0.005928415037916575
0.8342976820204805,0.07374512934213537,0.03587226617200776,0.04448742016987418,0.011597502295502259
0.8560748356641183,0.07913928378109682,0.027557502352837687,0.028112453275089926,0.009115924926857125
0.8784769497571092,0.06763942425460666,0.01990027684725518,0.023894498986819952,0.010088850154209144
0.7769792112091903,0.162704691636198,0.029218191450305554,0.02252088663746335,0.00857701906684261
0.9185963712766984,0.037886037013083546,0.02148893556474174,0.016198989062854226,0.005829667082622161
0.8889512314594755,0.06123950849649778,0.0193606877183806,0.023306392608086274,0.007142179717559771
0.8266952528295837,0.11441829966217769,0.019633068959751913,0.02963325455882266,0.009620123989664173
0.709986652617144,0.12160943801564914,0.11122368650970706,0.042785825175797765,0.014394397681702068
0.912011594127048,0.04377356259465876,0.02330064300444474,0.01591628905094053,0.004997911222908202
0.9353092872825652,0.02400906740252337,0.01961915092377702,0.015316798748623293,0.005745695642510781
0.9338061811268089,0.03407547663252591,0.013087649641091305,0.013608935146030633,0.005421757453543147
0.9116795921840942,0.03445803130896237,0.019558287848649526,0.02540382601497751,0.008900262643316463
0.7513044456039024,0.14660208685450346,0.053401698224388436,0.03532698953166139,0.013364779785544225
0.9014031469496664,0.04882771906707945,0.019610640536663212,0.02175475760856285,0.008403735838028082
0.914362762831528,0.042638463844325916,0.021363459243329063,0.014504118089060106,0.00713119599175686
0.9179083168015532,0.04075310039893811,0.013357959739164569,0.019741380036941,0.008239243023403193
0.8879123507151448,0.06238564827300487,0.02209483407439477,0.020711132808603875,0.006896034128851694
0.9080137334101737,0.051610171214838976,0.021060952330903483,0.013790725932629883,0.005524417111454073
0.9090321484227173,0.055883686989253334,0.014153841958772612,0.01569520150348216,0.005235121125774598
0.9313469484440731,0.03139632509026381,0.020274887541489272,0.011102529544945219,0.005879309379228775
0.9509521368370023,0.020144729046368683,0.010229814612312427,0.013660281326765103,0.005013038177551514
0.8980396017723947,0.047891460977694054,0.02524278024453245,0.019553838938599914,0.009272318066779113
0.9533892883649341,0.02062824835152755,0.01151939208846799,0.010036910312014183,0.004426160883056266
0.8736864936097936,0.05843025148347086,0.03199590169731406,0.025330059511281987,0.010557293698139748
0.7510887354007821,0.16574822960122446,0.030756943115143515,0.041808740006714286,0.010597351876135678
0.8245036847430571,0.1267817724450533,0.017408530149254677,0.023067765597093386,0.008238247065541581
0.841305435185179,0.07489288071164453,0.035305582126231784,0.03699261531959131,0.011503486657353401
0.9437373316979754,0.017611911713292645,0.015941218149940033,0.01613058462918521,0.00657895380960655
0.8142194080116961,0.10665640781874745,0.03845859868100412,0.030265041205728076,0.010400544282824319
0.8365204649239361,0.098583294691982,0.03098408399711283,0.024657232752366184,0.009254923634602726
0.897939649415222,0.05282112970694768,0.014058134027202426,0.026822648760036597,0.008358438090591393
0.9025044111453278,0.040932042235951496,0.02744239441960361,0.02285916869593203,0.006261983503185278
0.6994667001731377,0.14715357237110524,0.0884449276911262,0.0504091767798747,0.014525622984756098
0.8449053934981954,0.06681202394033545,0.048391123959391776,0.031166837437504622,0.008724621164572755
0.8929095494309431,0.03352514059764219,0.04592489410193198,0.019755298217324923,0.007885117652157856
0.7823776541482033,0.06930916297519299,0.09208146663352215,0.0408498468179673,0.01538186942511426
0.8653141994674866,0.09060210227720128,0.02068547906283394,0.016426262031597597,0.006971957160880603
0.887110355712732,0.06088889314452982,0.024656640403323195,0.021502671287024166,0.005841439452390949
0.8723136249245332,0.08387531924255248,0.024065694208421144,0.01389184835048102,0.0058535132740122585
0.9494213343151691,0.02966245912754361,0.007070931452338328,0.009346512908536896,0.004498762196411867
0.8473586520085358,0.11362913905460785,0.014315751088682672,0.01763616975654468,0.007060288091629024
0.9505226046017642,0.02494582489863655,0.011189733497515855,0.00822333775936439,0.005118499242718914
0.9196018756743236,0.03711214110673181,0.011428333158633633,0.025566876648749896,0.006290773411561203
0.7502356960074578,0.18376278620310996,0.030987632257752553,0.02348246523005446,0.011531420301625262
0.8747766142852783,0.06281668752253686,0.025744016656941777,0.02867534121482941,0.007987340320413906
0.904869211014268,0.04079478881063868,0.025576307555292485,0.02282101334474383,0.005938679275057194
0.8832956833868596,0.06456251968823903,0.020939363501108064,0.02264401975108185,0.008558413672711441
0.8731066434049,0.06686723742568741,0.03220631430170647,0.0185780582616689,0.009241746606037354
0.8531204378017119,0.06755885957897938,0.04007965563321888,0.02815097535051742,0.011090071635572405
0.8999374620844762,0.06454836078060283,0.014296348796441056,0.014077148983624397,0.007140679354855637
0.8672339544432603,0.07443102888968901,0.03531011310228805,0.01652596060517653,0.006498942959585934
0.8536238160747411,0.06991743836182272,0.040970552568558985,0.02745548473923509,0.008032708255642125
0.8997938654319472,0.05742622444040261,0.0176720016050101,0.016485116955131,0.008622791567508873
0.9335425012821419,0.038861109867724244,0.011319350154714558,0.012483295725815743,0.003793742969603293
0.9292320438958346,0.027787876569358966,0.02213687419642463,0.014677789526753372,0.006165415811628617
0.8990666791033541,0.04996852249214591,0.027127182729430446,0.016769769760160223,0.007067845914909495
0.8759855030125979,0.06309057616270253,0.03596820483273376,0.01827671222238994,0.006679003769575903
0.9551440640502602,0.021518584120766796,0.006046685681609177,0.0121710013388813,0.005119664808482736
0.8730607591390618,0.05459816219823914,0.03517092629346482,0.026591085798773267,0.010579066570460854
0.9142650401753637,0.0363024052912862,0.016567384879458108,0.02208440038111077,0.010780769272781314
0.8756906534730969,0.0754951005783443,0.021788714200782548,0.018821557679542713,0.008203974068233859
0.8922916675112452,0.06373292683872803,0.016833150185287766,0.019625878836320557,0.007516376628418166
0.9117030801335938,0.02906919578883998,0.025884171456225947,0.026245182536092967,0.007098370085247357
0.8983356652643874,0.03395379925339818,0.03541841788181931,0.023906559229592683,0.008385558370802687
0.8819707859201079,0.062407151951355246,0.02512535216630278,0.021841500777778525,0.008655209184455382
0.8352965210985613,0.1020750710258389,0.03123357502574286,0.023955121193238702,0.007439711656618309
0.8680599397659506,0.07386599178704992,0.018681412714227658,0.028777821887322357,0.010614833845449305
0.8457273391054188,0.07822424115596514,0.038179475362649075,0.029679350761175588,0.008189593614791478
0.872828276108306,0.047371253386353306,0.0405403768474217,0.027391821145864775,0.011868272512054178
0.8138173884474006,0.07116356603514046,0.053920183471672295,0.04572078526113376,0.015378076784652894
0.886319979168364,0.054832706613016285,0.025538982771910742,0.02435522987701031,0.008953101569698797
0.9353489052557127,0.03548870756694442,0.014338365791285421,0.010803964534240335,0.004020056851817115
0.8783210998690448,0.06818056425190673,0.020633497416204034,0.02406876244789113,0.00879607601495329
0.8339254176811307,0.08859269383497832,0.03236931857882686,0.032561275462019285,0.012551294443044895
0.8966304969451933,0.06313999376984307,0.017122589857348405,0.016152338757075654,0.006954580670539512
0.9452401417155012,0.02954092543412439,0.010165437289873519,0.010287307981192954,0.004766187579307583
0.9372930077325742,0.03323262733978978,0.009034893954376915,0.016957956601132675,0.0034815143721265538
0.847667925345953,0.05015804905554384,0.05407971969549849,0.03836724249777904,0.009727063405225408
0.9534479746410275,0.024357209486093906,0.00674000812813639,0.010477732768763905,0.004977074975978543
0.9168079623127549,0.03766809856956801,0.02076532399357338,0.017075385548557778,0.0076832295755459405
0.9312536602525505,0.04068813813538035,0.011904646635359773,0.011956222494442796,0.004197332482266617
0.895220197770253,0.040415744379186484,0.028779861839192136,0.02842426335053984,0.0071599326608286756
0.8325079246701095,0.09937954415883259,0.025537445733235433,0.03273660042133419,0.009838485016488263
0.860570456332096,0.07689750387739823,0.02516901035801448,0.02856365650711625,0.008799372925375165
0.790570044110148,0.13463320863307343,0.02489722819789599,0.03470289286668503,0.01519662619219776
0.90665594974959,0.04588615796815351,0.02450277413064656,0.01635623207954703,0.006598886072063099
0.9534953551244477,0.023394858676337983,0.010177340297548968,0.009736583354150402,0.003195862547514871
0.9100501414035455,0.04806100268169283,0.01628109436137215,0.018726536312861072,0.006881225240528414
0.9439527998013116,0.016871127007657104,0.014913247625771326,0.01657185049289837,0.007690975072361587
0.8997872058482469,0.03549382747627636,0.025329051552259896,0.02991184770741579,0.009478067415800956
0.8608293479986241,0.09726350332704121,0.012500034934593002,0.02084481671190256,0.008562297027839233
0.8986620169455316,0.048228424509191195,0.026406958975492393,0.018844905050433465,0.007857694519351161
0.884454677744002,0.03458731133524219,0.040886445015502676,0.032772511413413793,0.007299054491839241
0.8960865140451381,0.05620701872259858,0.01912933059679047,0.021094431060131372,0.00748270557534171
0.8977695884835156,0.04463219759174464,0.026104379975626254,0.02447957721812231,0.007014256730990946
0.8699172178608436,0.0565707460233932,0.031895805400238834,0.03119333124289907,0.010422899472625216
0.8453719924487599,0.07764058477486419,0.025978485161588603,0.036652540919629495,0.014356396695158116
0.8319416792801622,0.07812190358963186,0.04078688112323362,0.037724636190980584,0.01142489981599187
0.9125786247078729,0.04446413885285895,0.017289550157512892,0.021035556836841246,0.004632129444913979
0.8692522217141206,0.08113896596648792,0.018310622201775262,0.02252475889828315,0.008773431219333147
0.7463904486406159,0.12686980249304441,0.046009398823458905,0.06344447802461955,0.01728587201826113
0.8625380569938769,0.09194633594022487,0.02117203650779683,0.01656306267195724,0.007780507886143957
0.8032733480616643,0.131728473212449,0.01862181380847609,0.032296148384155884,0.014080216533254709
0.8683349000450111,0.06853453167373776,0.027996985532347248,0.024029506536712812,0.011104076212191002
0.7020874671872893,0.1577913847031054,0.05480362642190985,0.05627965604959854,0.029037865638096776
0.9088452853400703,0.05049030717814461,0.014580632271290379,0.019921000958265694,0.006162774252229034
0.9092248320794626,0.04451406356813331,0.017936032586260815,0.02038947486830719,0.007935596897835977
0.9342892219508784,0.04047995835925553,0.00831650718987637,0.011540028120035328,0.005374284379954244
0.8905646204086963,0.07298829508235098,0.013953345878936497,0.014988056614444762,0.007505682015571372
0.8652481463647126,0.050786118094112306,0.03217244927599632,0.0377133501187002,0.01407993614647839
0.8695655775535345,0.050256530274107494,0.031158855597580873,0.03482379766529842,0.014195238909478715
0.9117722922919961,0.05869622090860012,0.009234496962258707,0.014892682696944307,0.005404307140200547
0.8041224186185522,0.1172135140097005,0.031168601964375042,0.03488504874264886,0.012610416664723529
0.91693983362152,0.04384007506855231,0.018323383278493314,0.01585790933837659,0.005038798693057639
0.9173163801848034,0.04050448808518024,0.01935698821159233,0.016207086920652137,0.00661505659777161
0.9245897507726272,0.03676310815010111,0.01309800403499338,0.017109275942726057,0.008439861099552286
0.8976851067395677,0.060122401458437204,0.014306671463916508,0.021186878529194656,0.006698941808884186
0.9298664778378549,0.03847884888097015,0.012654262521811569,0.013756888496840708,0.00524352226252267
0.8806089292993723,0.05872283826165803,0.025870440408881874,0.02209608970459362,0.01270170232549401
0.9099585072152528,0.03432069190705203,0.025798429404216686,0.023543257987987558,0.006379113485490979
0.9036244102962631,0.040442019985920466,0.02931444486878026,0.02089194739899178,0.005727177450044417
0.9479227678821078,0.022464375850044297,0.014031516176448622,0.012639551387484243,0.0029417887039150377
0.869991880501323,0.07143642741954706,0.0253979584394415,0.023979058591269115,0.009194675048419091
0.9588575902781489,0.014244175229994204,0.011107912906053133,0.01165066397427144,0.004139657611532456
0.835194340542463,0.11166255117607532,0.015921085448229493,0.02465456173345737,0.0125674610997751
0.8199625361215929,0.10934012880218877,0.03376609252300255,0.024398735760302586,0.012532506792913047
0.8637909439093444,0.0900672732044554,0.012887300528597285,0.02570166715676783,0.007552815200835014
0.8443728393328329,0.09900054818490628,0.026358298975559063,0.021296741393516987,0.008971572113184506
0.8259177667610792,0.10474927803784656,0.022741437099903377,0.031179559406792966,0.015411958694377944
0.8956494949695468,0.03851309884282399,0.018706744083108094,0.03304583072032085,0.01408483138420038
0.9259807194860745,0.04349167998458196,0.009900751193202613,0.014743565359641341,0.005883283976499344
0.865477985423007,0.06584598238816536,0.025868737989249053,0.030994967125178317,0.011812327074400176
0.9293737714291371,0.03723935963889648,0.012467723435962422,0.014407747980822498,0.006511397515181406
0.6752492511320577,0.1644453716536082,0.07998891016154139,0.05735522563343806,0.022961241419354544
0.8495962392818569,0.08501315637130062,0.033879470476871114,0.025287450393595177,0.0062236834763762265
0.8849445321254237,0.07649451581167929,0.01634239876540436,0.016811904789739818,0.0054066485077528415
0.9003278840000908,0.057399521757272726,0.019120293964618514,0.01586367623445633,0.0072886240435617675
0.9076335418291788,0.04854203331058706,0.015504418478569693,0.018937694334846666,0.00938231204681773
0.9312545664406998,0.03661860843102195,0.014572492097677825,0.013544203590448016,0.004010129440152193
0.8678397292679007,0.0851737620057181,0.016036131219452018,0.022839905166084647,0.008110472340844417
0.8557155558018519,0.050916931164573784,0.042001150602218804,0.03791995863882281,0.013446403792532625
0.8309778553094411,0.07630998727104672,0.05563009438719483,0.029786736678772758,0.007295326353544547
0.8923412500447842,0.07382597749501908,0.01100210339379359,0.017369695807447117,0.005460973258956102
0.8558352038314218,0.08062062847304098,0.02390984583253693,0.030512377053219075,0.009121944809781334
0.9345263893736299,0.03819026445464695,0.009881892015816572,0.013056217965196315,0.004345236190710012
0.8403199508834021,0.10189338643195718,0.016231986425415745,0.03361127920086641,0.007943397058358555
0.9489677838426149,0.02908771839835936,0.011653532361427379,0.007802106720774582,0.0024888586768237906
0.8868534266627552,0.07422128071523663,0.011033344608065574,0.02243965692534017,0.005452291088602205
