Delta_Power,Theta_Power,Alpha_Power,Beta_Power,Gamma_Power
0.8024624530726191,0.07825991017618773,0.08176291006643326,0.02772956703111865,0.009785159653641198
0.9004166992181508,0.02998657113115653,0.04776740217202024,0.016829928420821993,0.0049993990578505
0.8335058505814285,0.03893971374533197,0.08943583272046979,0.026911957386643957,0.011206645566126078
0.8689699676453669,0.04699608445497713,0.05358279793953619,0.02352252475515396,0.006928625204965776
0.8991437139632986,0.022127825782445456,0.05363052956051962,0.01830219891874783,0.006795731774988384
0.8677481594170227,0.06525390511558568,0.041806048644952194,0.017451654154958533,0.007740232667480983
0.8286086176933072,0.06933854167992405,0.06176164454862613,0.027514132791505167,0.012777063286637603
0.9363527412247592,0.029111868220195066,0.01595700998637909,0.012755621999518935,0.005822758569147541
0.8321323756183328,0.054603536325106054,0.03849129341927074,0.049894411929080555,0.02487838270820995
0.8619221274817555,0.06557480231476306,0.044912132161476916,0.018548001293393186,0.009042936748611483
0.8176287482366639,0.06187907064185643,0.06728246110674477,0.036977411704301834,0.01623230831043337
0.8798370590602728,0.05133673403440681,0.037914904142273075,0.020327922951118328,0.01058337981192901
0.888745684031209,0.04879765508665663,0.034186521670731586,0.018683964464323008,0.00958617474707962
0.8342019401676645,0.076321474412213,0.046824862437247275,0.031497846072484334,0.01115387691039074
0.8470617492588025,0.051873766606723215,0.06094618661449557,0.03014704435573107,0.009971253164247679
0.7889259486945875,0.08190325862819975,0.07599447008462802,0.04002490753367845,0.013151415058906085
0.8029417308306992,0.0778215363888667,0.07799297788999578,0.03221761435382305,0.009026140536615166
0.8557932234088647,0.04550347981541357,0.06314957597870904,0.025923932882249576,0.009629787914763287
0.810440064630415,0.0858469865563243,0.0696117157661379,0.024786719817739732,0.009314513229383063
0.8168025331470422,0.05962510663007363,0.08070776302136835,0.03159909394619656,0.011265503255319404
0.8595128175290645,0.04670449096536439,0.0639681851055052,0.022708345172692504,0.007106161227373561
0.9296291698297527,0.030685608207345002,0.020790428417343486,0.013988353698344825,0.004906439847214113
0.912234945356981,0.03837987632480692,0.013294523210189329,0.025304886581489522,0.010785768526533313
0.9349696228924538,0.025975303125916307,0.018372491863983455,0.01439348607764027,0.006289096040006285
0.928851997353981,0.022385404724905075,0.02909591154985665,0.013557832352081169,0.006108854019176094
0.8757713295681352,0.03186347187689094,0.06322412540215643,0.02139938729406316,0.007741685858754061
0.9364056428148373,0.024757487637770175,0.027096360804871666,0.008469057253665643,0.0032714514888553983
0.7817156275318059,0.08134664619004095,0.08702107438099313,0.03624895008068374,0.013667701816476184
0.6640150311977103,0.09994582365545124,0.1689549911246818,0.04893175282132755,0.018152401200828703
0.9062326638562334,0.031334170157117584,0.0324623618303732,0.022688526967843785,0.007282277188431961
0.5808012255912749,0.2061410198011321,0.12471891615201386,0.06407110914770575,0.024267729307873336
0.8767819986757623,0.038150549225541154,0.04902637925063151,0.02450357637957745,0.011537496468487505
0.927849885173825,0.021353648357739674,0.03594165195969716,0.010499598882324995,0.004355215626413114
0.9374918207853198,0.017970576106398923,0.02665156930254047,0.013404772555487145,0.00448126125025383
0.8680021942597821,0.03417501983872805,0.06084051073958664,0.028400456893084475,0.008581818268818698
0.8679917438943635,0.03720173751187042,0.06470823883410773,0.023182424260597332,0.006915855499060819
0.7701313679057876,0.040653631478515785,0.11694503989317943,0.05354879294288388,0.018721167779633226
0.8916618465953637,0.046493910776193484,0.023872523334362697,0.025280622091892614,0.012691097202187406
0.7805100352933009,0.06983207412817315,0.08223651796334325,0.05077946767255599,0.016641904942626906
0.8705045965081372,0.0598578448523682,0.04717911236334219,0.016097457806732295,0.006360988469420234
0.8134979125456915,0.04284014853147902,0.10156938041304332,0.031586792330973286,0.010505766178813023
0.7730099490944885,0.08862911031164747,0.1014432718677719,0.02770243080479945,0.009215237921292429
0.9002755481637872,0.0345760639164656,0.043692359912856284,0.017217409941026832,0.004238618065864142
0.8673201732215744,0.030832501050122745,0.06864128409098642,0.025608633762973055,0.007597407874343478
0.8569256806275112,0.04716124829833485,0.06742700158762288,0.022527003291525082,0.005959066195006035
0.9143653195025546,0.039734316750270844,0.02858241741053308,0.012785920385136706,0.004532025951505012
0.8140409828680734,0.08149740546187813,0.06225067935583512,0.030871377559263575,0.011339554754949834
0.7981294038060367,0.07368107775153351,0.08289869499149712,0.03460932917430877,0.010681494276623836
0.7998698848827125,0.05499357589610788,0.10020720278622505,0.03319885214961749,0.011730484285337088
0.8479678347461983,0.09968141562326736,0.0336062907094216,0.014250231568628273,0.004494227352484548
0.9234296063115814,0.042630705206961564,0.016766467458218,0.013577867834767356,0.0035953531884715135
0.9228858940970459,0.030294597831805718,0.03134441831118758,0.011713415245255559,0.0037616745147053456
0.7210847296716337,0.12394016987726555,0.07853280880373986,0.05748418109507205,0.018958110552289145
0.850433154084461,0.06488021296557903,0.061876198952758026,0.017082807971602193,0.00572762602559962
0.863893540409511,0.04522891195960967,0.06462505425098257,0.01981088533640022,0.006441608043496332
0.8752561221345918,0.0571871583457004,0.04241221494753884,0.019297829901173617,0.005846674670995289
0.7896220249425565,0.09534326049539148,0.07807551269456489,0.02804129905672705,0.008917902810760166
0.7975019759217493,0.07805628711249488,0.08952072844802339,0.02846976393409065,0.006451244583641929
0.8173042898359063,0.05778418078972581,0.08709863577191539,0.030071218380595385,0.007741675221856975
0.8981837502344969,0.04515318241223388,0.03217678361041537,0.019387832735486603,0.00509845100736729
0.8408730539263983,0.06957787518941537,0.0534065885295448,0.025087491564061187,0.011054990790580347
0.8310418774028355,0.0891096968426704,0.025409598737046044,0.0422401521577066,0.012198674859741432
0.9684343671164911,0.013991850530268154,0.0081933107820705,0.006967888829504181,0.0024125827416661945
0.796064266036544,0.06805166294871132,0.09815353747757863,0.027479565721926325,0.010250967815239587
0.7469445600203638,0.07712125291571308,0.12721806823894063,0.03641180886007327,0.012304309964909305
0.8354832333161355,0.043663258205457946,0.091715317675967,0.02167619344026283,0.00746199736217671
0.7942181661760254,0.047473320046023636,0.09895368001475172,0.046564074550660785,0.01279075921253853
0.8277883392167824,0.06823680253701346,0.07174903670437646,0.023888518993861133,0.008337302547966701
0.8750032282223146,0.04313062206013089,0.05229567477308885,0.023001045018574542,0.00656942992589104
0.8773176537690504,0.030830329299486217,0.06726497625880147,0.01866129669935985,0.0059257439733019605
0.8048138995999552,0.05023692463635557,0.1062620846934231,0.03139545688549725,0.007291634184768999
0.8472339770313925,0.020407307117209963,0.10383428829828309,0.022096894142078185,0.006427533411036167
0.6746795008482745,0.1147299530256946,0.16090079247266886,0.0389475880554712,0.01074216559789084
0.7498395820858004,0.06694723695805452,0.13988266294573878,0.03307175404565064,0.010258763964755831
0.8027059792876577,0.0636093241519784,0.08288017954919992,0.038679472321731016,0.012125044689432802
0.7728318413376072,0.08037860742152934,0.1131113751116819,0.026618835736264407,0.007059340392917266
0.8628660067094007,0.040754088148943976,0.06329935511875924,0.024575181947921097,0.00850536807497499
0.7264350879465751,0.07238744183105734,0.1618090467314183,0.032134363357241354,0.007234060133707788
0.8105323280815067,0.06731346161366426,0.09767970402057016,0.018705331818228064,0.005769174466030979
0.8005259868432764,0.05750328720817218,0.10072562861411744,0.031877373977648914,0.009367723356785006
0.7610690735657689,0.04559164159616765,0.15678486912288347,0.029978172101062482,0.006576243614117599
0.9416402955512994,0.024411462973119573,0.022108250978986905,0.008746243482337775,0.0030937470142563313
0.940928429145538,0.030170887426279804,0.017964171683489138,0.008022688284626829,0.0029138234600661807
0.8470055758463838,0.0863784106701627,0.03602166014197495,0.022645798582507405,0.00794855475897116
0.8085948287056195,0.08710772870343887,0.06277761237425009,0.028216089572260135,0.013303740644431314
0.8704930041583564,0.06766457980604411,0.03303152159834278,0.021160357098335553,0.007650537338921095
0.8121941892810113,0.07572314309613971,0.07395750570650446,0.030233909889834872,0.007891252026509515
0.9372281207181702,0.022820109228379307,0.02530129987773427,0.010421384032053867,0.004229086143662497
0.8416755653458323,0.06884538674598441,0.05556942012630028,0.024968945998872366,0.008940681783010829
0.7960251519110453,0.11868146618464256,0.05324990267783005,0.02415211923760144,0.007891359988880743
0.896907572341457,0.04238389894491191,0.038587411655616854,0.01707647441836409,0.005044642639650279
0.7980546246735946,0.05058158534471552,0.11100974558017135,0.031028298736136255,0.009325745665382225
0.888501606883468,0.03678288545914651,0.05732783654893814,0.013636897031618713,0.0037507740768288264
0.9441404932927191,0.017435875592620328,0.02623939365489442,0.009221104267714792,0.002963133192051431
0.8131142723905015,0.05721479011923227,0.09880056134643095,0.024931510917955126,0.005938865225879885
0.8547607449530278,0.04719971321196689,0.0796211688043019,0.01424611204284469,0.004172260987858905
0.7585511482950476,0.08619324180289904,0.11743991425751456,0.029667179113930676,0.008148516530608208
0.8723123959582816,0.03125494895119929,0.0714273304686262,0.019533116870902218,0.005472207750990735
0.9398349433804981,0.02327578464921211,0.024650101284082418,0.008970516715594205,0.0032686539706132953
0.8872873847898818,0.059017025463056004,0.0357955693747578,0.013655405374892274,0.004244614997412042
0.832011686856534,0.06371870245313317,0.07134744462975992,0.024606279309780012,0.00831588675079275
0.7065617895976253,0.0968210204170921,0.15935612320442963,0.029551477083170925,0.0077095896976820694
0.8540293963640482,0.06379217347307874,0.060254834246128236,0.01694230234971832,0.004981293567026621
0.9202862812046488,0.028196228577568268,0.03648505544152772,0.011407575041546237,0.0036248597347089263
0.773277390434035,0.09773892517576359,0.09540292111839505,0.027257504912666326,0.006323258359139865
0.7703491885621907,0.06378257678001391,0.1409703845707184,0.020632454301578826,0.004265395785498086
0.8246951479976874,0.04744999976351049,0.10173727744810747,0.020911986561241182,0.005205588229453547
0.7704383761493567,0.0877408869260522,0.10305787008785246,0.03351662725958509,0.005246239577153514
0.914220613002745,0.03643340604825889,0.03642447797869669,0.010369242467406146,0.002552260502893026
0.9223460536470398,0.024507094516085206,0.04044432051691434,0.009936826209951292,0.002765705110009707
0.8296436984832872,0.06252799842862504,0.08602240999528556,0.018344987578066282,0.0034609055147356467
0.8482612014403282,0.025999735297613426,0.10423153297354487,0.017602770938961124,0.003904759349552306
0.8322643517747261,0.05960286614396775,0.09275603445608477,0.01216577584480667,0.003210971780414599
0.8368704181097788,0.06497359039564445,0.07941304247305489,0.014505955893490022,0.004236993128031861
0.8636674522630777,0.043082719655877684,0.07597732570072581,0.014110841133617413,0.0031616612467013634
0.8863362171929924,0.04927390794778303,0.04976166793049616,0.012438428395826793,0.002189778532901681
0.8476265188781305,0.05554914417157769,0.07235421955344168,0.01991270100653049,0.00455741639031981
0.9293624565874875,0.017262229713485757,0.042333377370683885,0.008989190675660761,0.0020527456526820954
0.8517865244591908,0.03752625501578024,0.08430469691360108,0.021710098230394857,0.0046724253810331955
0.7768931483340014,0.11275943550964306,0.07657884474309289,0.02713738749697826,0.006631183916284379
0.8711206013694319,0.034867111482240386,0.07794455271163206,0.012637308895566579,0.0034304255411290036
0.8675988859861219,0.04030924210107632,0.07332251689906322,0.015191947605732612,0.0035774074080057784
0.8707692212889898,0.04341295580821126,0.06705610513073844,0.016012133972028702,0.002749583800031717
0.9178516253464718,0.03128771818121935,0.039122610233866914,0.00989077195712401,0.00184727428131793
0.8800152444129649,0.022154375267705622,0.08125243884516475,0.013703367314404788,0.0028745741597598472
0.7988621483579409,0.07473462161098636,0.09738763071277813,0.024245531114875107,0.0047700682034197105
0.8903697429489482,0.041303477652152726,0.051198501958469256,0.015252432275089928,0.0018758451653396633
0.7622216475943643,0.10381859014144831,0.10374880232810037,0.024631050966135812,0.005579908969951215
0.871951444450612,0.06111498549029769,0.05027988192055464,0.013327930225004055,0.003325757913531618
0.8757787355468241,0.03692193128486946,0.07151557303539555,0.013488550760917694,0.00229520937199313
0.8555602269567373,0.06107712874383814,0.06381177643051505,0.017027357999721573,0.0025235098691880425
0.8087852034774352,0.06782514563334086,0.09631975836819995,0.022534061795182456,0.004535830725841404
0.8223689797393209,0.043538425339330486,0.10240347506450506,0.026604440451615387,0.00508467940522804
0.719691951886875,0.15149841940648057,0.09836850260533801,0.02508147801736866,0.005359648083937879
0.8612392665295914,0.06224741187687507,0.052192587160587035,0.01993242612351873,0.00438830830942783
0.9292109389501324,0.024423703157956445,0.035527605390577324,0.009080382779388031,0.0017573697219459272
0.9006472504115594,0.037838983688803514,0.04987950700388128,0.0099704836184173,0.001663775277338368
0.793087531768342,0.05111195145048018,0.10729731017975822,0.04021771064278803,0.008285495958632053
0.6954589841350893,0.08856639226405723,0.16606114461305635,0.041705229016939425,0.008208249970857544
0.8191438715161885,0.07109101369476518,0.07955425540201257,0.02564519947630953,0.0045656599107243255
0.8983650533016401,0.0502812582032751,0.041352369634173554,0.00853424940165644,0.0014670694592549328
0.8000877860051829,0.061135782414397946,0.11311795604831885,0.021934405440576253,0.0037240700915240517
0.8501246063470022,0.05621213608068621,0.07344899398098056,0.017833771466176564,0.0023804921251542733
0.8644575788692371,0.04844828118007907,0.06433027958329868,0.01980188621812391,0.002961974149261087
0.8880840106303045,0.03604463957810101,0.06282863636254948,0.011530289719978803,0.0015124237090662809
0.8012925189102024,0.05644997568350507,0.1088819882037884,0.02776993115008197,0.005605586052421969
0.862673660485814,0.04658795922202574,0.06782575630254649,0.019427601302173556,0.0034850226874404313
0.9358721796196864,0.027446641148729755,0.027511231897233767,0.007715428303291104,0.0014545190310590868
0.8718302826351705,0.03702361562996466,0.07270146163871834,0.01542232849632437,0.0030223115998223716
0.8308880349583505,0.08507669024417405,0.06927514710838881,0.01215220855598667,0.0026079191331000754
0.9244489205962654,0.03779308291290435,0.025049411760282386,0.010425634114428244,0.0022829506161194933
0.912915791374036,0.040851531921658774,0.031049897482968884,0.01278625397474856,0.0023965252465875104
0.9045066829061493,0.04631939717137477,0.030351923283288357,0.016004171415632852,0.002817825223554453
0.8911946565998995,0.050917970368867034,0.0314334314126078,0.022253104836940683,0.004200836781684613
0.7583130390075643,0.10725481173593801,0.10233500853912543,0.02821591458786075,0.0038812261295116846
0.7500589475628893,0.11478595459217393,0.10553122354086551,0.025308611664328795,0.004315262639742402
0.8633847632830447,0.03467514766927579,0.0714445971923881,0.026598027547241998,0.0038974643080494256
0.7963687697881571,0.06279696225199607,0.10599106517193078,0.031136509030315788,0.0037066937576002777
0.8077850502925628,0.06872312965080911,0.09992102875583757,0.019829284576461985,0.0037415067243283515
0.8760686628317776,0.04857469345656455,0.051491363768764856,0.021047445036255663,0.0028178349066372175
0.9250784950619995,0.01965232280302358,0.042353481193824524,0.011492720473479745,0.0014229804676728264
0.7234059042338573,0.11321550616938908,0.13204183350311874,0.0262732401698491,0.005063515923785663
0.8478845438174301,0.05474099621796186,0.074923119424934,0.019310248968955664,0.0031410915707183983
0.8068840975528786,0.10057118455967654,0.06999675923140398,0.019837900068478718,0.002710058587562188
0.7788403305353342,0.07394267119419154,0.12491742472634201,0.0192992998717163,0.0030002736724160485
0.8942764224682758,0.03549927083769559,0.05617104807386272,0.011610404820684456,0.0024428537994815665
0.8092173060823452,0.06427833344348675,0.09150077907185464,0.03056440229195709,0.004439179110356203
0.6787156904023532,0.12468906547254485,0.15309317296930633,0.03665006647666079,0.00685200467913503
0.9220193053352032,0.04255713941898734,0.027097672926223306,0.0071721413821796256,0.0011537409374067385
0.8183164459618291,0.0846923094640344,0.07683568218152922,0.01685199050100798,0.0033035718915994682
0.871320881807783,0.036712042737674304,0.07606074112798356,0.01419409449958443,0.001712239826974955
0.8601562808132802,0.0336712470225149,0.08003404766467706,0.023701901256403198,0.002436523243124718
0.8143342901705259,0.05716186126574764,0.09931402080414303,0.024521949567432314,0.004667878192151064
0.9033626864352975,0.02621081488726412,0.0556589963055837,0.012753098306376236,0.002014404065478592
0.6884030508147339,0.10704025199170142,0.16860315505935303,0.03153768914104247,0.0044158529931694395
0.8726504390107332,0.03195167229983064,0.07908913389664418,0.013614926423658876,0.002693828369132848
0.8555507592926349,0.03585968262814873,0.08456805525822113,0.021045846273762995,0.002975656547232441
0.8769642223378833,0.033571964174881466,0.07153598839256288,0.016549959622093473,0.0013778654725787342
0.8988542422845633,0.038384785033921294,0.050919028208137776,0.010373358383783986,0.001468586089593487
0.8589414606094676,0.05154802493616389,0.07048518441140832,0.015887869577331418,0.003137460465628633
0.9123652544146685,0.03133770047681324,0.04448496245362386,0.01035024522089295,0.001461837434001358
0.7460246696702983,0.1011540857352651,0.11672795383067214,0.031202773542680945,0.004890517221083496
0.9170313790131879,0.030369990871337967,0.041907457790211475,0.009139683676483393,0.001551488648779309
0.8762779681400396,0.0473870146682794,0.05686490065282992,0.016648219824087238,0.0028218967147640144
0.858499398399204,0.04421819609942349,0.07512486589681097,0.01874418787865267,0.0034133517259090987
0.9403300700801128,0.01763303979779899,0.030454576825628833,0.009647889571235083,0.0019344237252243044
0.8697006465834095,0.0479945133879573,0.04508761794735769,0.025845155745814693,0.011372066335460805
0.7787540327194677,0.06334069376285367,0.060379005127922394,0.04529110680225666,0.05223516158749962
0.86622913837017,0.05171342146113303,0.0584378953486929,0.018898336050941187,0.004721208769062745
0.9205756794413259,0.029205339695978223,0.03511778046842453,0.012209898357263474,0.0028913020370079545
0.8524503906445381,0.075444861495337,0.04689545821037227,0.021956109275354973,0.0032531803743976132
0.8153551099524645,0.1000182717521074,0.06651527569560826,0.014476536959424137,0.0036348056403954702
0.8342150107185459,0.0626993768612613,0.08306739965743766,0.01721167865639505,0.0028065341063601124
0.8575325509339565,0.05608852687623451,0.0684469398370975,0.014529882738955098,0.0034020996137564354
0.8350788505080954,0.05778331235854347,0.07920556352193403,0.02438509133867866,0.003547182272748602
0.8969241507837806,0.03252829735244377,0.05472226156435841,0.01352221465596551,0.0023030756434518165
0.9073222818762576,0.029537359268594646,0.050295993101161576,0.01119543606317642,0.0016489296908098754
0.7189173041422141,0.09193590303853238,0.14897006161247306,0.033587912054040325,0.0065888191527401435
0.927181525472315,0.029564638512652897,0.03325180506162536,0.008376467195218375,0.001625563758188377
0.8631062945777842,0.036852385899238164,0.08036345793205203,0.016982583814956157,0.002695277775969441
0.9175560399450121,0.028819188820183535,0.042384030136732254,0.009553172906773323,0.0016875681912985614
0.870722992963824,0.041162286867592254,0.07038371836624319,0.015279513220819465,0.0024514885815209997
0.8121582962087671,0.06594042989300017,0.10111294595340367,0.01701779294742554,0.003770534997403571
0.7713650198210306,0.08733313818963277,0.11311777618957264,0.024000591225137813,0.0041834745746263
0.8484470154418456,0.07128904049544683,0.06136536223038279,0.016586705528978923,0.0023118763033458238
0.9067898962339553,0.03834801011880554,0.043862579241683144,0.00958190005233789,0.001417614353218115
0.9463456512628051,0.017169557161231475,0.022891704220309155,0.010916426168913496,0.0026766611867405925
0.8359033023499916,0.05159785419721633,0.09055200415117805,0.019032600924642023,0.0029142383769719025
0.845116800003297,0.04639809459578242,0.08838494663406057,0.017083966148371377,0.003016192618488446
0.9297763911625742,0.019099813201005907,0.042110833299278456,0.007923602335216386,0.0010893600019251212
0.789646343432718,0.08167245089323616,0.10650456995847711,0.019694907959523097,0.002481727756045603
0.7726860253492529,0.11130371441932324,0.08641024005483967,0.019034400531326916,0.010565619645257388
0.9140759513770702,0.028346045834527045,0.04202816757792625,0.013439802021877067,0.0021100331885991934
0.9125590928169188,0.03353534475957229,0.041413337440914993,0.010699177816750354,0.0017930471658431934
0.8775653774014046,0.0356380729982984,0.06801006473905724,0.01686445457530561,0.00192203028593402
0.8837222576397477,0.02827865005963576,0.07019287771077061,0.01560386305517714,0.002202351534668761
0.8327830662469233,0.06737180408314165,0.07850209257598002,0.018779129301765077,0.0025639077921899268
0.9268878451882591,0.028200388443847903,0.03355121648780795,0.010271134664899723,0.0010894152151855727
0.7179081408450778,0.13867098417506127,0.11082796038449892,0.02786891388764215,0.004724000707719828
0.8215351614732025,0.07532787052464739,0.08083870020529937,0.019326767959617613,0.002971499837233103
0.7724601879670407,0.11192105405472504,0.08734483212525802,0.023363678006410187,0.004910247846565921
0.8201035541889847,0.05793314785521826,0.10120969552925362,0.017528928499695937,0.0032246739268474507
0.8349451770376277,0.07714697920631239,0.07330323623056477,0.012323957361837693,0.0022806501636574773
0.7797097657031168,0.09902832992589959,0.09091781488757948,0.024588826533726075,0.005755262949678158
0.7166560115194704,0.10906189481516826,0.1427809734423899,0.025772554643720226,0.005728565579251131
0.8699688391308174,0.031114201436937494,0.08126149231387211,0.015528080781154899,0.002127386337218064
0.8599387694616962,0.052191301884946195,0.06567320249110432,0.018808319001499787,0.0033884071607535827
0.8804074600591174,0.061669664041471464,0.04291001731215889,0.013269963725885769,0.001742894861366653
0.8513766849511252,0.03919284096492161,0.09019738145029971,0.017240387936113065,0.001992704697540268
0.8762217545939872,0.05255060689676602,0.057165700743849024,0.011996462290014085,0.0020654754753832915
0.8384538013264357,0.06989431370457817,0.07228605124645163,0.016268914442364044,0.0030969192801704303
0.8487385950581847,0.0407566949536342,0.0905111388315311,0.017172456226160895,0.0028211149304890916
0.8391599110775451,0.04667742227810838,0.09437416594422546,0.017782920629311028,0.002005580070809887
0.8551180166439644,0.03213500138281774,0.0876370953035737,0.021586846508482447,0.0035230401611618715
0.7682514743276456,0.06933322144999542,0.13317736682054612,0.024874610835709902,0.004363326566102968
0.872422043597266,0.05436268277365495,0.059327614326267576,0.01135057603482885,0.0025370832679826698
0.7171154467694157,0.09639873564132129,0.15386160583405079,0.028056352017065755,0.004567859738146559
0.6690598469601066,0.09862362685660017,0.19211916798600545,0.034441529850710764,0.00575582834657718
0.7706803064525423,0.03874820905448156,0.16055059898879737,0.026265280297652446,0.0037556052065265176
0.9427501476016755,0.025203655267694514,0.022444095035897837,0.008189903847577585,0.0014121982471547259
0.8025382619058024,0.08402302175118365,0.08640200954553544,0.02140369702703827,0.005633009770440133
0.8915847215579323,0.04594848411347872,0.043410093256517054,0.01676763488272268,0.002289066189349048
0.8721833064301301,0.024749531185797573,0.08382243215825434,0.017015213696083335,0.0022295165297346103
0.7958863730425116,0.07686868271229921,0.10006293652393054,0.023413748206289234,0.003768259514969432
0.7668384018834541,0.06570148011615956,0.14391163362372444,0.020085940419758586,0.0034625439569031732
0.9309233455628235,0.024528167841876006,0.03559936890910365,0.007726970732674014,0.0012221469535226683
0.8146881629692588,0.052670494792133524,0.10807437298160497,0.021246101881172756,0.00332086737583
0.7870763693018153,0.05194550216340645,0.118617419202076,0.03491601124566064,0.007444698087041196
0.899250971880033,0.039474603470062035,0.038726912548344504,0.0189919121941465,0.0035555999074140623
0.8160430517356198,0.04944011414262117,0.10075729801224528,0.029444437239150877,0.004315098870362822
0.901761120380357,0.05250875241301659,0.030619790310475806,0.012662016757185895,0.0024483201389649705
0.7606707790177396,0.07635132308455315,0.13184187385721377,0.024842467867952252,0.006293556172541599
0.8969848238739931,0.027150137391566232,0.06041351210520263,0.013111706824407852,0.0023398198048303126
0.7787726439013083,0.06628153103323048,0.12628888127170393,0.02387570063266524,0.004781243161092006
0.892295258018823,0.03195492055212987,0.06319145189748439,0.009857516724364647,0.002700852807198253
0.7309693277587861,0.0967746929962543,0.1373877010717069,0.02954271492157489,0.005325563251677818
0.9160038322194223,0.02109391497976798,0.05256740929054201,0.008582688917669907,0.001752154592598031
0.8524901828994679,0.046441113496422264,0.07863115562752497,0.01846536608111758,0.003972181895467275
0.8655086041877491,0.069119966356254,0.04471374158169071,0.016758026890169846,0.003899660984136388
0.8626489973340973,0.06494179440327646,0.05651184149296815,0.012878499801651773,0.003018866968006526
0.725250183493799,0.1006063894553845,0.15001338397560737,0.020123505582278843,0.004006537492930131
0.7363849899110737,0.12279596261604894,0.10192420425222244,0.03239717076971981,0.006497672450935162
0.8781381340007293,0.03774252543987572,0.06546947223232649,0.015805991634010717,0.0028438766930574963
0.9161059125681923,0.02672357278364975,0.029878864400442046,0.01332147913171682,0.013970171115999366
0.7636229231246143,0.10537392468405976,0.055685750250692154,0.03260541217561646,0.042711989765017416
0.7009438224849542,0.10246141985381547,0.15544099985468968,0.0302076387213741,0.01094611908516658
0.7483041115648525,0.11922942269063239,0.10488570742143201,0.024132094949173667,0.0034486633739093265
0.7500770735829576,0.07743453898897214,0.13598017962766298,0.031198208364553334,0.005309999435854307
0.9067483006298959,0.052734962704501,0.022336284496723525,0.014696450964897405,0.0034840012039820847
0.8884774291160867,0.04401245876798714,0.04515070448861962,0.017973042907447948,0.004386364719858619
0.8323510519610615,0.06646667899419727,0.06767569367695289,0.027621467115453567,0.00588510825233479
0.8805267123256187,0.04837777598447466,0.04321974978246876,0.024396028885557346,0.0034797330218803066
0.8216255460985517,0.06718888166946822,0.08616528927933215,0.01982155808657907,0.005198724866068855
0.8716920417354449,0.03777312991367296,0.07254475529835529,0.014932653313713535,0.0030574197388133387
0.7036398284437679,0.11129644178250046,0.13276085946277827,0.04141257307911362,0.010890297231839841
0.6300171922707887,0.2026932440361391,0.13189663128914625,0.029695800346205246,0.005697132057720601
0.8519180512135627,0.05382010005180977,0.07891987873562979,0.01294535512186028,0.0023966148771374617
0.7672377279879936,0.08141826192337412,0.12744493197166856,0.019842765197377002,0.004056312919586816
0.6753670785616792,0.08899995445330496,0.19059372179904444,0.03857265272703832,0.006466592458933234
0.707835185779461,0.099034713389723,0.15667572625341708,0.031641288901808215,0.004813085675590722
0.783932309153336,0.06804874374034302,0.11754140752182174,0.025801234607234963,0.004676304977264136
0.8134169119185236,0.08155121320814217,0.07837723803936655,0.02202989187458079,0.004624744959387022
0.9163651393198343,0.03683133172771846,0.03376268953245462,0.010734203218838613,0.002306636201154083
0.7553006178419258,0.04094994278092774,0.16103008238991537,0.03793014688094388,0.004789210106287213
0.9173580105061637,0.024629189911426985,0.04654098509753214,0.009697781370530236,0.0017740331143470138
0.8105931085048022,0.06969738089578845,0.09289370209596388,0.022774563443647953,0.004041245059797513
0.8500764567189473,0.03703315537058033,0.09383590063263718,0.016993925349888094,0.0020605619279468624
0.9531343097534596,0.01747727364377077,0.023501463642999387,0.0050955594359160345,0.0007913935238542153
0.7831658952944062,0.03881975484393146,0.14623340356895312,0.027908608407228308,0.0038723378854810093
0.8322606718423319,0.045093408852607764,0.10454172994293714,0.015421781358158401,0.0026824080039647108
0.8418124179064977,0.0549848255178407,0.08639627453474044,0.01429620201134951,0.002510280029571646
0.9090346820203082,0.020757695717406082,0.059927291668001044,0.008973734496222366,0.0013065960980622668
0.7445910900110718,0.10513068182865934,0.12374574312985136,0.022646236391940223,0.0038862486384771255
0.8882422467085965,0.021943961843715026,0.07241191077747201,0.014598104926841288,0.002803775743375099
0.8868851572106204,0.026696477343569718,0.07200180747775088,0.012471617563903994,0.0019449404041548375
0.8783434457563597,0.040377943216344366,0.062201022474658536,0.01646378700744388,0.002613801545193491
0.7879968739714328,0.05438458894884077,0.13217940833897932,0.021091677881532586,0.004347450859214465
0.8395880250606185,0.03458321821263009,0.10425917069011253,0.018306143251329076,0.003263442785309732
0.7458625058489592,0.06722306673638864,0.150557939085693,0.032594667701427146,0.0037618206275320406
0.8598200160301709,0.035519111567395706,0.080946129567787,0.02086611373900513,0.0028486290956410984
0.6802902211793048,0.14167263356776075,0.12995519706949116,0.04325290614895151,0.004829042034491729
0.8415910616609277,0.052113216380258405,0.08578182742216385,0.017047151221287204,0.0034667433153628023
0.7279848282484598,0.09741041081475864,0.14642977232547555,0.024030498258108948,0.004144490353197115
0.7249391951553242,0.09046920167361787,0.14528657809087472,0.035743503262210305,0.0035615218179728576
0.9326832626373515,0.02994305463236962,0.02848371879224125,0.007386828179721836,0.0015031357583158262
0.9058540050119714,0.049371446034438,0.027673151587394317,0.014008372336675274,0.0030930250295208932
0.8956573404982854,0.036678573218033195,0.051321194003334354,0.013199456812483515,0.0031434354678634155
0.7160622885811798,0.16095782073729822,0.09063781529628234,0.027222315332722728,0.005119760052516822
0.7148170483605748,0.0805419468545521,0.15925608556165147,0.0389753919179659,0.006409527305255822
0.9108260473328187,0.035118779389448886,0.03570448236802067,0.015634734219959538,0.0027159566897523705
0.786849434176669,0.08303185513946264,0.09553861606494368,0.030003544824148118,0.004576549794776631
0.7778661155533099,0.07722997391238476,0.10524110138810173,0.030387914769229737,0.009274894376974069
0.8769844509811897,0.042484315229203394,0.06727761275914973,0.010711366444547576,0.0025422545859095837
0.9077290536838754,0.01320871289064762,0.06257154755061776,0.014515554071291896,0.001975131803567177
0.7755381392344163,0.11723432533167903,0.07106353004388247,0.03106441963829575,0.005099585751726412
0.8066241555718328,0.06711592265111604,0.1026852452009241,0.01918774811229664,0.004386928463830571
0.8093600643496762,0.05214608586257659,0.1183478672739332,0.016934382375176256,0.0032116001386378874
0.8023187147606125,0.07737153753397344,0.09263508758978796,0.0233229558598524,0.004351704255773703
0.8777514148142548,0.01925163855498079,0.050493179638666494,0.02535891004920974,0.027144856942887995
0.8009266405196708,0.057406226799587665,0.0678820178777238,0.036374717951482775,0.03741039685153493
0.9085704431932231,0.024650392805138657,0.05017392533682371,0.01201570655817803,0.004589532106636439
0.8812219402798298,0.04170829298762794,0.05833528078496183,0.015339467435209286,0.0033950185123710914
0.8200622394638561,0.06342962580977302,0.09158822643719537,0.02027620363765135,0.004643704651524211
0.8255557135336861,0.04671057858093128,0.0999959061715381,0.02278274223546116,0.004955059478383398
0.9476580081318351,0.014850029394033154,0.027864619819491673,0.008060977918838794,0.00156636473580137
0.9191053063670188,0.01892767849864589,0.04943032412030411,0.010623522795468047,0.0019131682185631264
0.801061812969111,0.10240968679225786,0.0767410430415855,0.015758928477762293,0.004028528719283723
0.871195039825825,0.031904859397529364,0.0752680316029907,0.01773660518525701,0.0038954639883979165
0.9127692508173071,0.034416401186504464,0.0374609929082079,0.01244348803676122,0.0029098670512191192
0.8375844186752165,0.06582643139783732,0.06366120650043469,0.026263624148731048,0.006664319277780701
0.9215017195000557,0.037598800348326265,0.029686860335148658,0.00870345350287402,0.0025091663135956336
0.7714529167462842,0.08704333856811586,0.10375325493931063,0.030220127086121235,0.007530362660168108
0.7706439140822439,0.1297896441653396,0.07283396512959887,0.02236052337575654,0.004371953247060995
0.7744004006303646,0.036886036344151225,0.15366731274865134,0.02971694727499963,0.005329303001833079
0.7103052305680614,0.07062324358578093,0.1838426730783405,0.03022412060931792,0.005004732158499337
0.83724309770282,0.048404365535657856,0.0964528720069366,0.015088427040466562,0.0028112377141187974
0.7768495640305203,0.07576483173012445,0.12255411527597682,0.020882539547754677,0.003948949415623675
0.9138047364554047,0.027299457558393584,0.049738597911207307,0.007969961580693095,0.0011872464943014787
0.8484831357624754,0.07587575374911609,0.06002614034799156,0.013157123419926087,0.0024578467204909617
0.7226576810018205,0.1444075796678612,0.10074180384243676,0.025097211919135057,0.007095723568746307
0.8017267863460629,0.06307708854879034,0.10757927489823975,0.022835439755689545,0.0047814104512176785
0.8428739611919355,0.03752952886046056,0.10121697078167022,0.016145213723203423,0.0022343254427304596
0.8236773800348589,0.05149845115322447,0.09889337963727725,0.02200367037650266,0.0039271187981368295
0.669404760576608,0.1112528561857487,0.17124985021444297,0.03954733531313009,0.008545197710070172
0.8963959199678445,0.03078283344250546,0.056319425072971344,0.013285069918541977,0.0032167515981368334
0.7476319467560298,0.05347019904891622,0.17049187250240977,0.022989711832064965,0.005416269860579175
0.7422403156048163,0.08329690529674985,0.13389024467888633,0.032557923789305124,0.008014610630242613
0.9099110195143202,0.0182908967281535,0.057305881882157066,0.012595219833352258,0.0018969820420172445
0.735641545056506,0.12916510988261842,0.11151338873377545,0.020199414358548634,0.0034805419685515373
0.8450072463337519,0.04985203588118379,0.08048201196358548,0.021131472988235752,0.003527232833242879
0.8674333704049352,0.03919262190292576,0.076399919997767,0.014424485950486446,0.0025496017438856257
0.8424716509391211,0.03947790636232771,0.09671390171875946,0.01744892714453381,0.0038876138352576754
0.9118748563731377,0.03161558976587215,0.043416851525917025,0.011449369707366493,0.0016433326277065805
0.8804432149113156,0.05024516968025671,0.047343710422365994,0.017590696700107426,0.004377208285954341
0.9008493177841814,0.03539326235100862,0.041737274582496604,0.017632820809345914,0.004387324472967468
0.8481607926668281,0.03479748612017894,0.0859099685536077,0.025553818132812902,0.005577934526572187
0.8914951804265758,0.031411856124335495,0.06020311911135367,0.014612411689161437,0.0022774326485735016
0.8374099190003904,0.03956062508714138,0.09830422328966006,0.02172671728129642,0.002998515341511601
0.8993244555981983,0.026784376517384457,0.05760374236639416,0.014221500691221727,0.002065924826801144
0.8503929178875823,0.057793113977143866,0.07073445907197402,0.01820757090420712,0.0028719381590926315
0.9077712991601518,0.03478714417087036,0.04446092044503468,0.010861375792012944,0.0021192604319301756
0.6718425287622756,0.10163599891842151,0.1856944912122605,0.0344193425281359,0.006407638578906495
0.8871093248397787,0.025165480166891088,0.07082713436242932,0.01478116126083549,0.002116899370065279
0.7806047050235838,0.04552674059571079,0.14880418014362343,0.021841138756752733,0.003223235480329284
0.8262652582570086,0.0366441814726201,0.1113817274128658,0.021900909564797816,0.0038079232927075274
0.7481457987311735,0.07563767825906545,0.14692278077312562,0.024153047112101554,0.005140695124534206
0.7013515784272195,0.10094640483052113,0.15293461757811963,0.039405405105677624,0.005361994058462013
0.7508974339405364,0.08690232226867217,0.13152889200579598,0.0267324487392718,0.0039389030457235305
0.6777939158575825,0.06423874599966532,0.21920186939305522,0.033236321855999576,0.0055291468936971054
0.7719857890263488,0.07254039517184313,0.13040362381199927,0.020097574554877585,0.004972617434931198
0.8691082065750749,0.07396804842564741,0.042106409065139024,0.012184076765236534,0.0026332591689023736
0.8791261125208549,0.04497445590550249,0.06082708895619731,0.013036422461340938,0.0020359201561042047
0.8661673473924065,0.04188216294650522,0.07013102382134996,0.01869052248548839,0.003128943354249911
0.8547059322385135,0.051069487004976544,0.06665805730726436,0.02328581363219046,0.004280709817054986
0.8399800854468107,0.054073417503381876,0.08020273061659701,0.02128010267529272,0.004463663757917667
0.830317089380715,0.05592219328513668,0.09492093034211684,0.01666124615177864,0.002178540840252651
0.8986480313931969,0.0378922174078813,0.04896428928079584,0.0123655739651638,0.002129887952962077
0.8830570254115613,0.061603591587384286,0.03892350197262752,0.013968998104286402,0.0024468829241404617
0.8799955494207525,0.032139315473902294,0.07512268108224704,0.010993965699814428,0.0017484883232837028
0.7863328785919701,0.06323344441785732,0.12498215637940595,0.021233657812129016,0.0042178627986376475
0.8646543774797041,0.028726994382536074,0.07968414448504113,0.02416343080933776,0.0027710528433809033
0.7661931553421553,0.05886295423187315,0.14948231595496997,0.02178064697191275,0.0036809274990888484
0.8491456312613731,0.048211585714280004,0.0880865544664203,0.01186230950705302,0.00269391905087349
0.8699148725340743,0.04769934335468557,0.06591177910431455,0.0139776745211156,0.0024963304858100664
0.831843510914563,0.06024794926880671,0.08830990820958991,0.01648579756383326,0.0031128340432069897
0.8482187859348052,0.06707993467683274,0.06521495328587364,0.016327715298823,0.0031586108036653327
0.8165377276732518,0.08874200144603066,0.07788965854946736,0.014149595986723985,0.002681016344526098
0.8250079547041036,0.03460334524151103,0.11779051386744349,0.019609563496414757,0.0029886226905272537
0.76645265972334,0.04042598174499939,0.17059404861130523,0.019110738737288815,0.0034165711830667056
0.8196742442181417,0.04250942515063967,0.12084284327876921,0.014403332603607918,0.0025701547488415494
0.8322530286605703,0.05447345175076931,0.09324125837278845,0.016719790587116364,0.0033124706287556214
0.6166321292243944,0.1298649044127592,0.20834748277042592,0.0390218253760833,0.006133658216336998
0.8425370100269572,0.05915486254134369,0.07572727291519109,0.020139767388747513,0.002441087127760401
0.8554396716235818,0.032438638200565265,0.08674787791483378,0.0220110385778744,0.003362773683144715
0.8803972203247946,0.05496282062932623,0.05152082591631999,0.011292925261941965,0.0018262078676173417
