Delta_Power,Theta_Power,Alpha_Power,Beta_Power,Gamma_Power
0.8968647838757488,0.04033750961786755,0.0353960693537545,0.023284861263354894,0.004116775889274357
0.8617816497253304,0.08149378811033588,0.02893322997135839,0.02386256646284416,0.003928765730131091
0.8977830242558945,0.04718305316113841,0.029313442611606115,0.022163559225996547,0.0035569207453639688
0.8639958955200039,0.07019611388774273,0.03177691911631709,0.02959261157615003,0.004438459899786412
0.8441236348870182,0.08519490411791719,0.030756682315521193,0.03398718687195442,0.005937591807589096
0.8926640685441779,0.02830280770185021,0.03389709885457444,0.03909908919656653,0.006036935702830905
0.8762191697423153,0.03258336219146066,0.05994869482932919,0.028428257535642962,0.002820515701251583
0.8901698411056196,0.02856616987065531,0.051346555634083114,0.02637320287614234,0.00354423051349965
0.8642094077854963,0.07930571468491185,0.02867560874367781,0.021661153457731282,0.00614811532818254
0.912566303794802,0.045691062623513946,0.021794030954821405,0.015380239268915828,0.004568363357947084
0.8881151095298371,0.07591544601398405,0.014435586154103263,0.0177440776157599,0.003789780686315793
0.7745353499305097,0.06082734324365654,0.12280480605051608,0.03597356814996598,0.005858932625351865
0.9097327578044432,0.0418802031998854,0.027855230095934144,0.017269615251416782,0.003262193648320398
0.9219979150616107,0.03354337295473461,0.02539437728195403,0.01582862335166371,0.0032357113500368997
0.8440245592036073,0.06120150681007263,0.044442849083970656,0.04171008852281416,0.008620996379535248
0.814128867081901,0.061335397052327746,0.07295325358990905,0.040657077215181255,0.01092540506068091
0.9280283626510002,0.018390401593602754,0.02993539233241055,0.01951527042726866,0.004130572995717919
0.8916009800983031,0.038138887084318784,0.03848003530049094,0.027763051662521365,0.004017045854365826
0.8915354066168841,0.03935940724822841,0.04003663596256172,0.0267657591302318,0.0023027910420939535
0.9326249836014011,0.027665150804756004,0.019513096962889408,0.017463631710440616,0.0027331369205128107
0.8543150152634398,0.04622146478473625,0.05530846764174285,0.03914413521106873,0.0050109170990124755
0.8602234517524378,0.06594218637592465,0.041737889441728813,0.025868792549843964,0.006227679880064685
0.9314338313684059,0.03794153917725926,0.01686905001970624,0.010940496675092361,0.002815082759536392
0.834173311457192,0.0743662487751474,0.06246502039711635,0.024841386845673247,0.004154032524871045
0.8748334141269644,0.06279643652805215,0.034906983272811144,0.023507277157351493,0.0039558889148206796
0.7326259386290805,0.10766608713230148,0.08180603886828802,0.0692511382893418,0.008650797080988008
0.8785505083690924,0.054222892725504596,0.04136337100562181,0.022418947719474596,0.0034442801803064877
0.9074657829235021,0.053901271778996784,0.017453732827933156,0.017190405004384735,0.003988807465183317
0.9608735124309971,0.018072663318920032,0.01030243592355133,0.009024035864693676,0.0017273524618380684
0.9614682232759444,0.019404816857871973,0.006769572744442251,0.00948276178528719,0.002874625336454303
0.893607743610817,0.05656666896191084,0.02883988777151254,0.01695462136878043,0.004031078286979066
0.8056473512300192,0.08200358944444298,0.05604706956037972,0.04624347057582296,0.010058519189335414
0.9000996982856752,0.03478119742341129,0.03951389573772068,0.021644409550961877,0.003960799002230943
0.8553065919840802,0.047914599381281474,0.05798134525910418,0.03249029706345928,0.006307166312074794
0.9217556662303483,0.037983116366980645,0.02049782293673588,0.016371492126466092,0.003391902339468955
0.8883534966668324,0.03776398268566546,0.04228549985178774,0.027587177705333275,0.004009843090381013
0.864833284834561,0.04576090622031838,0.055305748271733846,0.02971103799633334,0.004389022677053369
0.892750404715505,0.05161980285301757,0.02985236612752607,0.021688822555024596,0.004088603748926824
0.836719207671147,0.08328746539220658,0.036385635461701246,0.035555578591045765,0.008052112883899107
0.689579925634309,0.14419433118605238,0.08332788094747408,0.07148458968313948,0.01141327254902491
0.8040581684216191,0.10571083321804854,0.05484312713185111,0.02955938785439879,0.005828483374082678
0.9215675091357927,0.01861012445694037,0.03517489391756141,0.02122687364621186,0.003420598843493579
0.8930965000389174,0.03699718335678132,0.038494695340764974,0.024907385323319257,0.0065042359402170714
0.9320427290454718,0.02429008142400824,0.02669248219555225,0.014365263237228464,0.002609444097738968
0.9707144236371611,0.012173545848367036,0.008223345618180286,0.006179241632171197,0.0027094432641203477
0.9325514765978209,0.02647149902106392,0.026421265860995625,0.012339090320592522,0.0022166681995270036
0.8852628619340245,0.039609672019241246,0.04637444034041806,0.023948914798878944,0.004804110907437378
0.8925858746940497,0.044361610373514944,0.036881996568337204,0.021959665534126177,0.004210852829971932
0.8563378026493105,0.038359048887156945,0.06747493144649151,0.03095036589145338,0.006877851125587723
0.8597156311011547,0.04914109679084898,0.05502348535434199,0.03044058819595615,0.005679198557698025
0.8728291551766361,0.044065922266038136,0.055169391948423976,0.02323892536870928,0.004696605240192666
0.9415234047258997,0.01939916369603771,0.027377594309201284,0.009981177435282864,0.001718659833578294
0.8930626644588507,0.033533913630854374,0.04939671326789468,0.02084884422872097,0.0031578644136793293
0.8958967616031476,0.04485510471344934,0.036122927206607584,0.01896098273182609,0.004164223744969378
0.9250318083200387,0.03237785144417094,0.01541847452146243,0.0235562551825261,0.003615610531801818
0.9372180532333728,0.03079420904207311,0.01318941847334656,0.015598721531736446,0.0031995977194710975
0.8365871864644229,0.11237742358120255,0.017859397521316066,0.026865811556504613,0.0063101808765537466
0.8814453781699361,0.05758763486854785,0.033778157979346864,0.023478129571203377,0.0037106994109659497
0.8888709081805708,0.03987691227238444,0.051060241221065,0.017515978831424094,0.002675959494555543
0.8837730344345879,0.06482162454888633,0.03270103116009863,0.015895879694631868,0.002808430161795234
0.9140006945993002,0.03321111278154058,0.032944032124208635,0.017174175700623257,0.0026699847943272466
0.8510746833708766,0.0480869688734403,0.06710614898409599,0.027782899221143704,0.005949299550443276
0.8459075527201444,0.0416189266744693,0.05938969550405649,0.046147694484374197,0.006936130616955666
0.7793535702281834,0.0774572224361467,0.09291375207134206,0.043658026734255374,0.006617428530072214
0.9492364474582983,0.026427464209387096,0.01198341262472069,0.0096416377557052,0.0027110379518888324
0.8928404039505055,0.04432650976018687,0.03627002269534342,0.022323374824728844,0.004239688769235286
0.9199794394518553,0.041151533325618925,0.02081518880781802,0.014614215818550358,0.0034396225961574223
0.7882601897360269,0.07476854352486911,0.08389183610298087,0.040442789565527326,0.012636641070595762
0.8954484584108772,0.04624133619889286,0.024000545139541345,0.028947443854290586,0.0053622163963981655
0.773667033543171,0.09524346895087131,0.07500136860048426,0.04553119031380152,0.010556938591671935
0.8157702041166653,0.07062226346668214,0.06245368455166123,0.04330194208043294,0.007851905784558353
0.8036315752416311,0.10739615278706796,0.059056519123722576,0.025297172892467305,0.004618579955111083
0.8484600240244291,0.05832665877341416,0.06467997625353535,0.024303496104066416,0.0042298448445548375
0.9433534099712978,0.025253164043367825,0.012775575579062629,0.01515707049124749,0.0034607799150240454
0.761060824165685,0.09048321521249171,0.09305168583957382,0.04879162235343905,0.006612652428810524
0.8195177111448346,0.05979649213077143,0.08109781711781186,0.033518408149449855,0.006069571457132119
0.8683331840057659,0.05689828125226383,0.039124542273378665,0.02865882522245127,0.006985167246140553
0.8919928324092252,0.04439280847782221,0.03822156072740988,0.02147918841910538,0.003913609966437294
0.9255334536426101,0.020020742647084467,0.032125361898588986,0.017817823543264173,0.004502618268452246
0.8361397155874555,0.0750534066232451,0.058124235611018094,0.023960034773744192,0.006722607404537058
0.8529457959413121,0.08609250964464527,0.02929204958877622,0.026150774432844803,0.005518870392421299
0.8266123958828133,0.057174398288205655,0.06425391624794266,0.04494855553456311,0.007010734046475333
0.8955221164379615,0.0351570221515318,0.047302749243630766,0.018635551589378553,0.003382560577497385
0.769114071569028,0.07395947464376952,0.08861767872969425,0.0583255745554535,0.009983200502054708
0.8951446185686114,0.04595737285221633,0.035367391656316784,0.019175537138759545,0.004355079784096059
0.9327083938826156,0.033610330612117996,0.01439891741654886,0.014952677260348312,0.004329680828369265
0.9499663792176105,0.028216288350742177,0.01116975928663263,0.00753058014672738,0.00311699299828717
0.891302420699044,0.06286527488776884,0.020346902507969812,0.01910538365427041,0.006380018250946862
0.9168313603980494,0.040186593998271916,0.022862064005855453,0.016509102159430487,0.003610879438392913
0.8351426301928834,0.09216090170553325,0.03860792629246777,0.02567088190579594,0.00841765990331973
0.7716812839971918,0.1506096161574594,0.04049175048229755,0.028908905472253634,0.008308443890797703
0.9529441782172012,0.021790489935175166,0.012590800609196831,0.010290315917569615,0.0023842153208572647
0.7152359416264147,0.06024828751636837,0.022375572538119556,0.11613717965898955,0.08600301866010784
0.8713316557053679,0.05588655628154765,0.03891619723263287,0.025903483551981927,0.007962107228469888
0.9191738178692902,0.0440107527234258,0.01849268129603307,0.015392273968795864,0.002930474142454784
0.7768474288009574,0.1052047176058648,0.0702927313211353,0.04031122440885124,0.007343897863191405
0.9216991100782269,0.033555935276168056,0.024621966512585556,0.016426658399733784,0.003696329733285705
0.8572982665360555,0.08017895528347548,0.03075946499758783,0.02461621680735719,0.007147096375524131
0.9262212876908456,0.02042182177761934,0.03351564470255577,0.01699221670195926,0.0028490291270200376
0.8724842130928259,0.05222124358884415,0.04757380565551573,0.0244356061567096,0.0032851315061046002
0.7973657478575262,0.05963358558469419,0.09363719386051646,0.04490046725874411,0.004463005438518778
0.9086381554318897,0.035097622964093286,0.03499376680238696,0.01790094802498966,0.0033695067766403674
0.8923324919929584,0.050356609981342795,0.03845162229681973,0.015511594535785999,0.0033476811930930554
0.8666556439247705,0.054158488706100925,0.059479795615981754,0.015779189080164287,0.003926882672982495
0.8423844660989696,0.10181706350247047,0.031150429421073593,0.020623671385247306,0.0040243695922392185
0.8495593060846646,0.08210555855543403,0.04099406664671336,0.022554207149458,0.004786861563729921
0.7655320045884051,0.15227322590076056,0.04290264677251897,0.033813149784823415,0.00547897295349212
0.8149622693509064,0.05779780228487684,0.08835976776901486,0.03273513511100309,0.0061450254841986665
0.8608458119043154,0.0450109324931441,0.0610395308549531,0.02848206144155295,0.0046216633060348344
0.8366305398443334,0.07924132072650182,0.04716890835796704,0.030401694089375687,0.006557536981822034
0.84391880332517,0.09895325369518589,0.02700893145904922,0.025014228297228512,0.00510478322336641
0.8347739450837585,0.06452610548880769,0.05517118741594944,0.03945681829877519,0.006071943712709126
0.9097201715871351,0.03498085960192347,0.039120561467999714,0.014017174572443296,0.0021612327704984367
0.8460578686831546,0.06609668078234217,0.03359169794639789,0.03090164348183304,0.02335210910627233
0.9373057350760479,0.022262212122959577,0.02339865999533255,0.012093971995458494,0.004939420810201629
0.8280359639601599,0.08232105562429563,0.05638487630523771,0.02749772658951859,0.0057603775207882854
0.7909590328865587,0.07339192690423425,0.0928325466368247,0.03701435433578534,0.005802139236596921
0.8813087890159043,0.044178733495365725,0.04357734572652626,0.02707901645216149,0.00385611531004229
0.7999900724396402,0.059151783062596636,0.09453592569255036,0.04026123369953405,0.006060985105678818
0.7972512419863229,0.09842005699235476,0.0643524354126447,0.033710297580782714,0.006265968027894845
0.9272273875387793,0.02930291432582622,0.025173438429599824,0.016302760548349178,0.001993499157445547
0.7428475381637248,0.13162704265028002,0.0943034414545138,0.026241348448172698,0.004980629283308789
0.8499572886610502,0.07448861162847721,0.05330695546915786,0.018649387978945463,0.003597756262369217
0.8244942609660978,0.08342710792050734,0.05641282818701966,0.03177806354141528,0.0038877393849599618
0.8191246699336318,0.062307223175413394,0.08833863526239025,0.02609619853252507,0.004133273096039502
0.7017453831420413,0.07191852460687224,0.17246336734881476,0.04708332138879118,0.006789403513480448
0.8989980956151524,0.045833471892603346,0.028160825533455006,0.022845117289672836,0.004162489669116309
0.8751684304053468,0.03735821747970988,0.06306258029936694,0.02148497084912816,0.002925800966448145
0.7642793889087317,0.09612977683149483,0.032655155199936774,0.03876959524714524,0.06816608381269156
0.8556719660033347,0.07177762623910072,0.036787538789686935,0.031342494087898735,0.0044203748799789225
0.9354363204941574,0.0251319171328113,0.025094809607995195,0.012361857226720356,0.0019750955383156838
0.869453417156426,0.06448414723412371,0.04184049563968977,0.021908309163417752,0.002313630806342721
0.935897086088913,0.03863478739149642,0.01321779823732737,0.009493235561028993,0.002757092721234183
0.8798031734581262,0.04253964859837846,0.05422813386781395,0.01987740895181251,0.0035516351238688527
0.879986707124675,0.05577220165194287,0.04208043769233635,0.018810675409059514,0.0033499781219861473
0.9409821408998068,0.01961883635303227,0.01886926394508598,0.014567166879699563,0.005962591922375543
0.9379753410323648,0.03081552620863099,0.014334468505253831,0.014494111173516063,0.0023805530802344216
0.942622546312717,0.023858874443894226,0.01935256935920802,0.01292127033423008,0.0012447395499507379
0.8590491153095868,0.07124147927500378,0.04181195275663258,0.023691025246184255,0.004206427412592766
0.8613938096168927,0.05832885839538397,0.05229028058888046,0.02398454961045453,0.004002501788388029
0.7439946981615057,0.10414570567759111,0.11141643326558083,0.03355889305395531,0.006884269841366918
0.9167794491828647,0.033656030975348236,0.029552111150002877,0.01689182883613689,0.0031205798556469843
0.8896474820554763,0.04231313512041142,0.03737796231988497,0.02581110407007809,0.004850316434149052
0.9003935732522279,0.04635584837438117,0.022621420961333735,0.02344640802696179,0.007182749385095671
0.9401697356500504,0.03164953020054386,0.010621061108636209,0.010177626803935256,0.00738204623683447
0.912027661619057,0.036634479972286194,0.030494840969813353,0.01769755718928453,0.0031454602495587227
0.7428414896168204,0.08270112231998135,0.12548659325175257,0.04290604672319396,0.0060647480882519735
0.8689626732122862,0.057901759690708474,0.049880808584511716,0.0196535999060273,0.0036011586064663907
0.9292049337617124,0.03254634117235531,0.017818215912239737,0.01621460253837978,0.004215906615312715
0.7459764429895667,0.149468952131801,0.05884280992261304,0.037521431523346645,0.008190363432672761
0.9108796687125433,0.03975142774661333,0.03496375599356042,0.012392597250133901,0.0020125502971487905
0.933182541983421,0.017363401213584248,0.03653051864604629,0.01158648051495361,0.00133705764199497
0.8757170089748288,0.04794631530012806,0.047842149750526676,0.02515243523380557,0.003342090740710677
0.799335534899073,0.07908061583005692,0.07776706121521773,0.03933153293189459,0.004485255123757739
0.8681873544336748,0.043369788768008274,0.06030281250022118,0.02525281698984329,0.002887227308252697
0.6781224043508886,0.09466129798783111,0.16698426889889068,0.05367054735325969,0.006561481409129944
0.8956981842521483,0.04192092496183334,0.04440785681009099,0.015125585045041424,0.0028474489308859163
0.7365386014800662,0.10248566047654314,0.10730466422965078,0.04801151494780276,0.005659558865937066
0.8954176469624924,0.05034250653640639,0.034138983399851504,0.016724053970365204,0.0033768091308845525
0.9288738643561836,0.03203043207570066,0.022966884427589564,0.012549857842448595,0.0035789612980776293
0.8953638380922943,0.03696284043691055,0.04747298833541722,0.016695634630986802,0.003504698504391305
0.8657888451739181,0.07917851184184344,0.03061106139842842,0.02070418546492812,0.0037173961208819637
0.8626516275420825,0.041772783595592215,0.04741316053375665,0.02962461336310162,0.018537814965466973
0.9237577701775049,0.03736114515121547,0.02241416176008072,0.013602616972764206,0.002864305938434765
0.8779196185124716,0.04814863421251307,0.04778370441204939,0.02173773212142968,0.004410310741536268
0.661464870936953,0.13465122740258356,0.14669570619814315,0.04649717977130055,0.010691015691019639
0.7863827240599386,0.09448181188936952,0.08973541476871452,0.023968570131582965,0.005431479150394419
0.7918570489183718,0.10109512061926904,0.07479364871041681,0.02744502775761711,0.004809153994325253
0.8301705002925232,0.06268094419472801,0.07522867353407857,0.027426019179852643,0.004493862798817452
0.7726688740222816,0.08475213192422172,0.08814986918181497,0.04791409870688042,0.006515026164801289
0.9657839338411901,0.009739998314482842,0.017034709284438617,0.0065507398645607345,0.0008906186953277956
0.9258221410947489,0.025794331291350746,0.03414129187170589,0.012330474363532306,0.001911761378662129
0.8636685508489098,0.04197694377837286,0.06646383743615741,0.023636120415982703,0.004254547520577164
0.9213160890114963,0.02014579131884442,0.03615006802616366,0.019440653086750272,0.0029473985567452553
0.8435065710215055,0.033065985691884216,0.03332698905025163,0.04298420658692707,0.04711624764943163
0.8382490568299104,0.06622633557209916,0.05477612224476024,0.03364835426927442,0.007100131083955985
0.8647744068635342,0.02645643686593627,0.07344283818516628,0.03149584774103096,0.003830470344332505
0.8680925738836772,0.05610355971099388,0.05127504936400097,0.021611310573663358,0.0029175064676646018
0.8131707028578843,0.05424071043364,0.09216233871238678,0.036414731165421314,0.004011516830667573
0.8986962339328715,0.042654343119134006,0.04125970483030906,0.015230090442437422,0.0021596276752481347
0.8681609173887742,0.05228679201988433,0.05100104711421798,0.02520077533135138,0.0033504681457721184
0.905041880544137,0.03516973394121982,0.03462179157865462,0.022737681108083423,0.002428912827904892
0.8601069050025942,0.04111278893344802,0.06769778168434279,0.02629921407204427,0.004783310307570541
0.8568402646668056,0.04015071951123667,0.07743017391255083,0.02204664560386748,0.0035321963055393907
0.9431725600078537,0.01612728997264205,0.028754526206086616,0.010353035488020945,0.0015925883253968016
0.8531147221402278,0.060684114826752275,0.06221650259241283,0.018068045398322335,0.005916615042284753
0.8559050993052916,0.029637847100622786,0.031640083913783784,0.03477789514638839,0.04803907453391381
0.9282181292439016,0.024188031856928995,0.027818967861504288,0.016550731094975693,0.0032241399426893025
0.9047546585182775,0.03819838876190907,0.034701618930311325,0.019852659774745866,0.0024926740147561584
0.8944930009396785,0.03389967796749122,0.05215524269272135,0.016529703051334093,0.002922375348774646
0.9281363747429292,0.028308474915042486,0.026563548312686328,0.014348145998666725,0.0026434560306754324
0.9188269927280411,0.038533534811283104,0.027155438680600986,0.012532807584182591,0.0029512261958923084
0.8512024082786318,0.08184015773839097,0.03910247133514469,0.022567747693957058,0.005287214953875569
0.5858662315344776,0.07556496813965635,0.08508626865688011,0.15208736395971004,0.10139516770927587
0.9105033580887366,0.028272283627101245,0.02682190118304228,0.02141237789056413,0.012990079210555793
0.8110744704530635,0.07914479116885058,0.07656478349597638,0.027885691582053496,0.005330263300056275
0.8735633970983343,0.042054476996966614,0.06216828254532483,0.01918806900615995,0.0030257743532143885
0.9420397569386401,0.019316455491987305,0.027175342541692057,0.009958980913657836,0.001509464114022567
0.7495000772197997,0.070477892662398,0.12707628365836296,0.04696163902891136,0.005984107430527987
0.785040633430037,0.08463350747139749,0.09743358799340718,0.028679386206339016,0.004212884898819268
0.704852982656115,0.08867568857849924,0.11030609759366312,0.05757069405841082,0.038594537113312025
0.8585150651222713,0.044265914432951234,0.06756858775128244,0.025339640912014204,0.004310791781480782
0.7104447474944238,0.07943030962064772,0.13960871344864428,0.06018147942865847,0.01033475000762563
0.8687738591879179,0.04860554574434656,0.04609561091057368,0.03142564919851458,0.005099334958647282
0.9496938527006865,0.022113701433212417,0.015578586402919254,0.009143103408969238,0.0034707560542124685
0.7897992806049134,0.11338993972319032,0.05986770645609838,0.026900329515548046,0.010042743700249926
0.9299713850322661,0.03945743574033655,0.01964586382575086,0.008720299284222178,0.0022050161174240255
0.9465993965618639,0.02478552327704001,0.016995188629149224,0.00997041229859696,0.0016494792333497225
0.7965962592959632,0.09084471187648842,0.07045722542032376,0.03695963801447102,0.005142165392753582
0.8216526179626645,0.06129450677902248,0.07500160058492357,0.03689896864887834,0.005152306024511102
0.6821379969049765,0.08714555542329532,0.17727796510389954,0.04795169505987776,0.005486787507950892
0.8035540103423735,0.0673495752554114,0.08973987823139236,0.03474292193460248,0.0046136142362203335
0.9035270562748107,0.043407696846919,0.031543447769332496,0.019006434021192377,0.0025153650877453924
0.8769582967135138,0.036648828315528015,0.06549338105421292,0.018597672033966,0.0023018218827793326
0.8721253019519432,0.04694366773796918,0.0581683465258515,0.01864666738390872,0.004116016400327374
0.8830278799950276,0.046968910718896126,0.03454767001371821,0.030426655453850558,0.005028883818507502
0.8078464840192059,0.05004306577554633,0.09470248364502636,0.04055776203013975,0.006850204530081854
0.9316740708939875,0.019007538233219427,0.03204632455202641,0.015329410054120087,0.0019426562666467388
0.7957379288866638,0.0833997935550168,0.08490546711861095,0.031569658756878456,0.004387151682829741
0.8732708196432414,0.049052324978270195,0.053267777860811334,0.020966493087682943,0.0034425844299940324
0.9028307977721428,0.040087262461624536,0.04285287699885397,0.012144292586529753,0.0020847701808488286
0.8125134895112373,0.060076512145627425,0.09884647422336036,0.02538291484290746,0.0031806092768678056
0.7309293295114869,0.07030067752087385,0.1467366811626852,0.04682148817189522,0.005211823633059061
0.8847037986504762,0.04584667243588112,0.04975529348116679,0.01756826344380774,0.002125971988668129
0.7879976250360008,0.06831286755662026,0.09609298462993013,0.04271548373405195,0.004881039043396939
0.8559823425719262,0.038882098429768475,0.06837505163348376,0.03234696410532524,0.0044135432594965525
0.6940927511850822,0.1304726158404955,0.10512076904976275,0.06250144987412765,0.007812414050532046
0.9140010757439139,0.02614002299078878,0.036820665500371476,0.020536908860323534,0.002501326904602215
0.9360267496539765,0.03251397920261078,0.022386984556566077,0.0077031222514690875,0.0013691643353773587
0.7890857135549457,0.09352691320891267,0.07968910744139386,0.03234494579862132,0.005353319996126398
0.7312068830506175,0.062312760314855865,0.1606423758914149,0.04109226943098479,0.004745711312127121
0.7918240551943403,0.07798482687782227,0.089233340699626,0.03648824149694663,0.0044695357312649385
0.704081261141947,0.1292161396502792,0.10437706754879468,0.05513525990400123,0.007190271754978018
0.8140384963456556,0.07002276861607265,0.08214869830210755,0.029827713950995476,0.003962322785168695
0.8232754387008262,0.05778800509020134,0.08479085735786664,0.031048510608047204,0.0030971882430587635
0.809643433586782,0.08421445004033393,0.06963052963710345,0.03249970430719648,0.004011882428584001
0.6943225411253307,0.14007490336646372,0.11684520609461604,0.04091509665730351,0.007842252756285984
0.9080001487135038,0.04263251583950175,0.02693011594523347,0.018685174596200182,0.0037520449055607917
0.8862308489497783,0.043868049515268195,0.03670079241256123,0.02857960629800594,0.004620702824386257
0.8925433654210597,0.0520571270922077,0.036570348492060104,0.01680726282485813,0.002021896169814306
0.8613622353504522,0.03890074667722679,0.0751603219011906,0.021627733432127535,0.0029489626390027464
0.8910030138310646,0.043583966271937724,0.045682262860528934,0.01731373862032946,0.0024170184161390828
0.9138706268773703,0.01974791766013701,0.04506307665549089,0.018772123021122942,0.0025462557858788853
0.7887984742781033,0.0956040860368437,0.07526240672385243,0.03632409532734798,0.004010937633852677
0.8485839047089551,0.05830912861127432,0.06442748037332852,0.024980554570761704,0.003698931735680446
0.733143298787768,0.09881951918608309,0.11511312989635258,0.04756362438748593,0.005360427742310649
0.8321400003082573,0.07577966224188075,0.06127626583799335,0.02771180923585896,0.0030922623760097816
0.8927601788139375,0.04682205512307301,0.0382093759588826,0.01961178981460492,0.0025966002895019217
0.8201595966653462,0.06329728187185042,0.08009931357151387,0.031117733068727164,0.005326074822562379
0.962656810807376,0.013914779213912005,0.013929283557495039,0.008136294363238128,0.00136283205797876
0.8360671331114418,0.04682508123687422,0.08153319598906644,0.03149919096587022,0.0040753986967473396
0.8392784912045278,0.04319060945076724,0.09420386420013145,0.020301961488212835,0.0030250736563607475
0.8617405342426779,0.039542591554540804,0.07873284497949784,0.017836623159069167,0.002147406064214088
0.9037196048453866,0.03195598122590985,0.040717488030595134,0.021234207238051486,0.002372718660056966
0.8281842366712324,0.04538106295108337,0.07576113729362624,0.04427176706535825,0.006401796018699927
0.8695794579296947,0.07573863916437805,0.03587778162947548,0.015557834734920364,0.003246286541531277
0.8661461761188055,0.043730917121473395,0.06642942227304668,0.02145489575905078,0.002238588727623724
0.8408387817105389,0.08442911370115533,0.05184776358193545,0.01989332293154169,0.0029910180748287645
0.8212648180016954,0.051194973053565476,0.0941142642026214,0.030363394183447603,0.0030625505586703516
0.9469706549454512,0.019159838983946572,0.022310604723481404,0.010428763123743521,0.0011301382233772524
0.8575590379117616,0.07251670340844889,0.05050527724812888,0.01693903307492639,0.002479948356734082
0.8516934829056461,0.06860032315611016,0.03831502349195059,0.036721095008753306,0.0046700754375399505
0.849936091955175,0.07922951273022198,0.03643182090710222,0.02819936970792129,0.006203204699579378
0.825832786987206,0.10435724348261104,0.04097333634544691,0.023935060945076393,0.004901572239659551
0.8313370207999012,0.049448854206676295,0.028914186614164474,0.03683842073159819,0.05346151764765986
0.8378768814408031,0.07276309709087933,0.030934639296192654,0.030957422324974015,0.027467959847150687
0.936941796181443,0.03908762949968009,0.01239225708935954,0.009972439521353694,0.0016058777081637214
0.8807118105949655,0.061388550492452086,0.03155005162251673,0.022804189755122092,0.0035453975349436996
0.8200134432199239,0.06155395770580944,0.08703657816440785,0.027537365246615878,0.0038586556632429505
0.8324344472382457,0.056955215154135166,0.0749388208996076,0.031146901057352128,0.004524615650659473
0.8765128924848652,0.05139437029962083,0.045719542915896444,0.023206189686683705,0.003167004612933732
0.8533398557121237,0.057515909409617795,0.050719272927566915,0.033747198722249835,0.004677763228441687
0.9099939448813911,0.028106024455865013,0.04068718342562771,0.01814147221878679,0.0030713750183293744
0.8569779634564583,0.05544196131750141,0.06378126272229882,0.02111679642173596,0.002682016082005593
0.7584794330927112,0.07441924228183862,0.10765915987661479,0.05263186063001516,0.0068103041188199535
0.8937300385475441,0.03979702075835448,0.038221787996148275,0.02467087379132619,0.0035802789066267993
0.8725786160764264,0.06072526436353178,0.04435242924022747,0.019232314364304753,0.0031113759555096796
0.887269260406763,0.029217640765403136,0.05266241996621391,0.025610271666191224,0.005240407195428821
0.8727822745410653,0.06886564938634927,0.03656228859132033,0.01871182571915317,0.003077961762111972
0.8578929005141823,0.06206627435818097,0.0548825801587214,0.021109989292342042,0.004048255676573534
0.8519950665158894,0.04719699409269884,0.07186629559413571,0.024894952176356455,0.004046691620919647
0.8421541712072443,0.05847782636857847,0.06999348632634896,0.025925684365838364,0.0034488317319901983
0.9506028983975623,0.020027339917029936,0.018574391195459807,0.009293717624478655,0.001501652865469215
0.862100765914131,0.05339621610949971,0.0634226808660886,0.017351732446525072,0.003728604663755572
0.9547157311166886,0.016244833993180663,0.01802574577667526,0.009540826956730803,0.0014728621567247156
0.9373460346775008,0.021283002812367148,0.02558347079576487,0.013713316312441213,0.002074175401925945
0.9099410326786322,0.04523257960874571,0.03042081992650635,0.012488206597787935,0.001917361188327753
0.7135446424974782,0.04824579944706984,0.1731318984977559,0.05561568407155952,0.009461975486136474
0.7244860154476342,0.11614210600675787,0.10556927740339486,0.04648274181131572,0.007319859330897302
0.8666767747861792,0.055713752569789575,0.05541501108817045,0.01910559033907825,0.0030888712167827267
0.7717654804951116,0.08235654103732365,0.08951639462414727,0.04899437100242184,0.007367212840995523
0.8031815926107883,0.0802077563409026,0.07263819500419222,0.03934719910866415,0.004625256935452552
0.9239303389860153,0.021993377470991147,0.03416705184779272,0.01800197385417249,0.0019072578410282263
0.8850252915092546,0.05302811886727736,0.03411511681474148,0.024354525249321742,0.0034769475594048425
0.8109567696861243,0.07734465180178803,0.07889729612622493,0.027342797144205355,0.005458485241657321
0.863003685064034,0.04842970765263396,0.05709517627415785,0.02855285405440626,0.0029185769547679327
0.6373285285160002,0.1876529105465276,0.11656542764000435,0.04913746657710517,0.009315666720362702
0.8953814720996219,0.03161415163604881,0.04803421726560847,0.02070977522931863,0.004260383769402218
0.8585896668311569,0.0590311346235749,0.05235062541229247,0.026540802886691927,0.0034877702462839705
0.807724299233151,0.050195658669991844,0.10696847463690032,0.03019870362296794,0.0049128638369888514
0.9117895758921113,0.03168995505556203,0.031810932159098006,0.020935131410034526,0.003774405483194198
0.8448836962566093,0.057104684110487254,0.0577366855070853,0.0340557433527051,0.006219190773113027
0.8017094342228324,0.09119072104920495,0.02525279748344986,0.04239386153808458,0.03945318570642809
0.8002906696722855,0.06880965109424336,0.0774938302054477,0.04531984932320967,0.008085999704813834
0.8568698725569086,0.06826571406963769,0.04372230078607322,0.022564747333011594,0.008577365254368797
0.9260218021841329,0.035346491801123155,0.020380463385577616,0.014872060215666916,0.0033791824134995047
0.8441524326875022,0.05434774948852992,0.04040896863765433,0.03726792467633397,0.023822924509979308
0.8795451660491966,0.04741848698456961,0.04143392729080222,0.02714739105356353,0.004455028621868003
0.8152685987808463,0.08908412989578682,0.05134938099531497,0.03730820638504719,0.006989683943004382
0.8797534057330174,0.06542892559247386,0.028724555913918995,0.022088111418372535,0.004005001342217305
0.8388540308651538,0.0996771220592897,0.03527436517603675,0.022862519489927093,0.003331962409592591
0.9068656601441917,0.04503534147130808,0.027058832311817584,0.017861870499747794,0.003178295572934826
0.937547617536085,0.024067716303886356,0.02261494758061064,0.013401019148629864,0.002368699430788026
0.9128990646986702,0.045961985777029896,0.023714056543665887,0.014418411280836547,0.003006481699797514
0.8572341259907741,0.06067213732876589,0.051874525403996535,0.02550917866529311,0.004710032611170288
0.8819944914882688,0.062063010724438636,0.03238371537034933,0.019120680440460353,0.004438101976482937
0.8942181446435036,0.05977160613566005,0.02549540149311802,0.016995111384886945,0.0035197363428312585
0.9230894901084418,0.03793586658297946,0.021709150891451753,0.014599297978652408,0.0026661944384745043
0.9155409318372743,0.047869183953416876,0.020160015232082714,0.01322281903989705,0.0032070499373292424
0.9114188806779371,0.03467706539731421,0.033454495628836456,0.01755649191947416,0.0028930663764382063
0.8962917979440597,0.04313998188573347,0.040400599174552417,0.01755257263149303,0.002615048364161594
0.8601394619679609,0.06633928801186652,0.04835077165973647,0.021124542791680627,0.004045935568755531
0.9340602300772874,0.032869034995293096,0.02167779348809436,0.009216843890183462,0.0021760975491416194
0.9096093446079064,0.05383489362156238,0.020482543653021445,0.013514368203215665,0.0025588499142940664
0.9459294619841495,0.027894894672007908,0.015237764680650873,0.0093389046694184,0.0015989739937732862
0.8686395021189152,0.0700463529523889,0.03995253217745049,0.018722368919967185,0.0026392438312783594
0.9266126089879648,0.031140765152563303,0.0258778287765923,0.014575548338747748,0.001793248744131744
0.8677814945357176,0.057008781078133335,0.05793695985969078,0.013971586777676279,0.003301177748782202
0.7907350327600687,0.09802085183065341,0.06382512981846038,0.04038561130349237,0.007033374287325357
0.8502735943778886,0.045838402239555424,0.0796780477497028,0.01952031798205768,0.004689637650795501
0.936694005437815,0.02164495746801408,0.02847910699823877,0.011231293994963483,0.001950636100968709
0.8733634151709546,0.07021156708010202,0.04102521719633783,0.012843111792658849,0.0025566887599464284
0.8944657450542479,0.06218984053172192,0.026070257778935336,0.014244346449714482,0.0030298101853802194
0.894747183877648,0.04476247580091938,0.01308893432376464,0.018728145737324165,0.028673260260344106
0.9318398646065562,0.03396816165028964,0.02271768434812069,0.00931791955459606,0.0021563698404374297
0.9268836467828381,0.030982826066059087,0.02860977330702038,0.0108761816784493,0.002647572165633116
0.8021910517365628,0.10814340284337666,0.05953888082143277,0.025828100767372447,0.004298563831255363
0.8854463916576318,0.037651576056264006,0.05200069522207443,0.021808857709202687,0.003092479354826961
0.9454115832825376,0.026089308050126492,0.014717652104606191,0.01129891806379288,0.0024825384989367334
0.9276739947823555,0.033829874112597136,0.020321958753457957,0.013705685213165156,0.004468487138424509
0.945813538216811,0.03114075154183291,0.01066283812824996,0.008888320280944466,0.003494551832161637
0.9113399813264309,0.05117583633639141,0.0179948419672465,0.016634845833033575,0.0028544945368975958
0.9000741787156856,0.05492432816178841,0.026971042452072706,0.014947682933739695,0.003082767736713705
0.88322675897849,0.02810929894447767,0.046892138475350814,0.02665365114888655,0.015118152452794919
0.8877738004656544,0.05376575916411848,0.02792036445522737,0.02073701476985115,0.009803061145148492
0.9414204628862943,0.020558858789105402,0.022157392272912156,0.013589263877125635,0.0022740221745621734
0.8687014432658756,0.060644174147274556,0.043046503930577365,0.023756202584891847,0.0038516760713805847
0.7898562563716263,0.09529776087563419,0.07809747912860147,0.03100925847828719,0.005739245145851026
0.9223935402893064,0.026680814548938697,0.03929075715004773,0.00986483135982043,0.001770056651886753
0.8755765959259224,0.039268617912034905,0.057277225417619766,0.02494322875767317,0.0029343319867499136
0.9169776507324925,0.019208862921734047,0.04817111313083653,0.01369178172319607,0.0019505914917408804
0.9082151092859275,0.05558917944303141,0.018813541720956648,0.015330488939379092,0.0020516806107055375
0.916643075254336,0.035871524835288486,0.03117101977372525,0.013743014597424157,0.0025713655392263063
0.9110742015208453,0.04422111618931257,0.026958132184648542,0.015529608937754904,0.002216941167438828
0.7666895241024866,0.08092794189623088,0.08540566004033602,0.04261331160647418,0.02436356235447234
0.9091414252464711,0.036053709039832134,0.0227499413888342,0.02101480190948587,0.01104012241537669
0.822551411648154,0.06098979708611197,0.0701824748614428,0.038443801307869827,0.007832515096421069
0.7307631067261312,0.1344327907381613,0.08645176349808277,0.04248154570120916,0.005870793336415665
0.8708128993928322,0.05238083545296739,0.048794916758464625,0.024548130002832368,0.003463218392903396
0.9127208915587776,0.039339418063617765,0.027513320430322574,0.017289546087962727,0.0031368238593191323
0.7176120395137099,0.18869129216557368,0.0643252828086154,0.024574249572723018,0.0047971359393780355
0.8446004619614793,0.06779579937915059,0.0624832564724895,0.020796033324984222,0.004324448861896189
0.8478592982327883,0.05349483253209124,0.06785234820105049,0.026294604587430177,0.004498916446639538
0.6853431638890176,0.07470431450210122,0.16593512085851048,0.06696541825201952,0.0070519824983511946
0.9459571327249682,0.027229764020500216,0.013060017703160754,0.010944896848824572,0.0028081887025462587
0.9401574952493565,0.01886931236589206,0.016590920327918805,0.013376790058602922,0.01100548199822984
0.8832515082621488,0.05105783505821013,0.0350538634425466,0.025607707979498164,0.005029085257596532
0.9077671549098967,0.04098221168432778,0.029047068614829075,0.016705913523703934,0.005497651267242602
0.9264488617492618,0.036047588670636725,0.019182866047100174,0.015350411617163618,0.0029702719158376484
0.9306833748908234,0.02883002555836678,0.025972021887107097,0.012787188193834354,0.0017273894698680398
0.9109607182180753,0.04460159527931918,0.025907103992762665,0.015934638213411085,0.002595944296431882
0.9172135476236928,0.025912738526741443,0.03912561709630714,0.01521961170522787,0.0025284850480308367
0.9066308375610785,0.03204537444650691,0.04468972298297757,0.013202344814650057,0.0034317201947869163
0.9241442542755155,0.03645948911356465,0.022528823346012968,0.014273183227969444,0.002594250036937308
0.8915600362546784,0.05571728392756095,0.03792880995758644,0.01303376946652198,0.0017601003936521642
0.9000119933205866,0.050450076180644746,0.03515914985302091,0.012121826541010189,0.0022569541047376372
0.9102056244259208,0.038853236642683676,0.0324777748316211,0.016275970874699827,0.0021873932250749584
0.8581350505007551,0.05338088808274393,0.0647860208781421,0.021072990321162912,0.0026250502171958627
0.8453813906267534,0.050573169724727834,0.07543912130055712,0.02442862500263712,0.0041776933453245724
0.8821384234155096,0.047887375904438624,0.047101754890730346,0.0188380864320991,0.004034359357222357
0.7877858297008069,0.07804068953565117,0.09423997577198345,0.035020498071095266,0.004913006920463235
0.7385687412126082,0.08483603964743497,0.10871629100527196,0.06159645263261909,0.006282475502065919
0.9214930274360718,0.026837688500551925,0.03727060353946968,0.012635100804452983,0.0017635797194535995
0.8630928206344174,0.05552476755084524,0.05690002215628674,0.02065403540239925,0.0038283542560514677
0.8045059661996263,0.030359861138293517,0.11016990398059487,0.04931184847830554,0.005652420203179696
0.7698707486798606,0.10809222496620548,0.06957094276966705,0.041925658279252605,0.01054042530501429
0.8343836976215454,0.047688097385973446,0.08578442534001218,0.028243401020450438,0.0039003786320186296
0.8928807178586522,0.02565382660950267,0.056471283699239865,0.02132073655132546,0.003673435281279836
0.8148236475089421,0.06340764880575808,0.08779225040938177,0.029649213145539165,0.004327240130378643
0.7799307934427896,0.0924298456251934,0.07866837051391422,0.04329475378306605,0.005676236635036848
0.8494008217468704,0.038149361930183735,0.07763823704383561,0.030441475440257285,0.004370103838853158
0.7181446937912987,0.0849500419862638,0.13987182585281246,0.04905259390244016,0.007980844467184745
0.8725573631946062,0.04565244237215957,0.05655402465740511,0.021658552342938286,0.0035776174328906608
0.8939996208435557,0.043533756726814664,0.04331677502342889,0.01620017310071961,0.0029496743054812213
0.774591180498561,0.1066186455173292,0.06894860638050526,0.042418013270051354,0.007423554333553376
