Delta_Power,Theta_Power,Alpha_Power,Beta_Power,Gamma_Power
0.9070923777576922,0.048814799901811264,0.029816785281413936,0.010440005043306647,0.0038360320157759
0.923451004953924,0.04492297712876274,0.017442488407861098,0.011060179470768969,0.003123350038683406
0.8660570892353396,0.052119774815149504,0.043907975700408296,0.026042762587018094,0.011872397662084614
0.9427516901239374,0.02719090171186265,0.014254460580372611,0.011417770170149647,0.004385177413677694
0.9483749322029862,0.024403173708814112,0.013105494726223276,0.009670441283006002,0.004445958078970468
0.8625336386073119,0.09782254002309233,0.015525727182201441,0.015827234679587306,0.00829085950780695
0.8721711370299099,0.05561853233173259,0.047144320417209444,0.019798236017396737,0.005267774203751135
0.911142885041225,0.045813736003746816,0.02528706211686746,0.01429651343843761,0.0034598033997231925
0.9312966940421601,0.03477280600017642,0.017822007382364984,0.01269223136929777,0.003416261206000359
0.9421867830859392,0.024922922044722254,0.016403326431305897,0.012468990831165466,0.004017977606867316
0.8951327935128356,0.05723497415069393,0.02844593672146149,0.014412611697259062,0.004773683917750043
0.7974731845292822,0.06049150641564729,0.10510356593261735,0.030727751382350867,0.006203991740102487
0.8268204222657013,0.05001560390729367,0.08875626393621623,0.027713984422978233,0.00669372546781059
0.8141574695005279,0.067899283207672,0.07137245368841691,0.034709642289103955,0.011861151314279096
0.9058896403523675,0.05683551310787075,0.017943037693558074,0.014288863012458266,0.005042945833745366
0.933593965329656,0.039064336766613715,0.009009877549455448,0.01242926895159907,0.005902551402675757
0.8471019003170869,0.10088570569362215,0.02474134598053887,0.019308493180485678,0.007962554828266388
0.9325187694637999,0.035284692072103004,0.01690038689416518,0.011808597234277738,0.0034875543356543788
0.950019096065219,0.029590158036869936,0.011063667712078517,0.006795721254149102,0.0025313569316836207
0.9474014336781033,0.032595135933404754,0.008130152814263226,0.0086064006607483,0.003266876913480826
0.8976236247679898,0.035841467078978326,0.03261154403610388,0.02385367230815326,0.01006969180877463
0.9084852468832663,0.04443707074409719,0.023646564671332974,0.016471764327497983,0.00695935337380563
0.9042805279776558,0.05005385910335864,0.02522381490624956,0.014598598671161112,0.005843199341574846
0.913420800973094,0.0534080613800476,0.017165870133267976,0.011997419841216998,0.004007847672373457
0.9350355503532248,0.023054758142269365,0.026769926432809645,0.011558040050998006,0.003581725020698084
0.9192306722859132,0.04312957157485529,0.019125051764451763,0.01325006695608744,0.005264637418692684
0.7820088159997156,0.07774713067464016,0.09792490106290391,0.03297374514340704,0.009345407119333047
0.8824727779818258,0.08200211782678835,0.019982677825340297,0.010882921853219202,0.004659504512826509
0.8936010115953694,0.054849210559659564,0.01894942355420704,0.020769861357385334,0.011830492933378721
0.7491481548479115,0.1312997497905844,0.035099615015736337,0.05547538144907092,0.028977098896696772
0.8433731284708467,0.057757268739679436,0.05791186932531672,0.028002607335670997,0.012955126128486276
0.9284707021555335,0.030880172423618152,0.02630124203791872,0.011256898648294707,0.0030909847346346966
0.9069240707833224,0.04694805703546204,0.027703519101674748,0.013148010123598092,0.005276342955942679
0.908333933318939,0.04398453391388302,0.022279902465784946,0.015931538948011983,0.009470091353381166
0.856870377690241,0.10317685175338341,0.01744290550387804,0.015817716632983425,0.0066921484195141484
0.9064017548396518,0.037775093457703496,0.030012957508041525,0.01849972714914033,0.007310467045462779
0.8967060790437301,0.06306325818070073,0.017045923147117652,0.0160916260909981,0.0070931135374534575
0.8494905608444903,0.09716061479812603,0.021143455455394936,0.021068655531316528,0.011136713370672301
0.9410816325495182,0.024399403494062073,0.015269829902482225,0.012976100728341163,0.006273033325596198
0.8797108080288675,0.07620580553304476,0.01914490004904465,0.017401876357875518,0.007536610031167583
0.8158284688918462,0.11524247893743378,0.0326079195619377,0.025548055135504386,0.010773077473277971
0.8631349317029309,0.06372440697721207,0.03345564638403069,0.024457548621899652,0.015227466313926585
0.8602937147064197,0.08328181553256642,0.026435846037215206,0.022375059843470654,0.007613563880328055
0.8232846641214239,0.08017548237012527,0.0493198995130465,0.03370422641537271,0.013515727580031585
0.7857726481573553,0.08585822317111663,0.08070034045608884,0.029779136974048413,0.017889651241390952
0.8437834364032555,0.046639256280417735,0.07271885200904017,0.027059518626328515,0.009798936680958022
0.8323065220682924,0.052465252010844225,0.08579416292811952,0.021538325086716728,0.007895737906027118
0.8541137375702192,0.03621072181420115,0.07556985954714603,0.02500910484122158,0.00909657622721187
0.8818339044056488,0.04523883122848718,0.05085069020502411,0.014362497517046283,0.007714076643793763
0.8253548576846663,0.08380795342740788,0.06662509279907917,0.01889342191310823,0.005318674175738487
0.8158233836772472,0.0595049603699916,0.09345187703777985,0.02342886533137228,0.007790913583609156
0.9116783948928084,0.034527789525728124,0.034252096973048034,0.01294113423866194,0.006600584369753436
0.915576449574063,0.02013071978741004,0.04535809994028201,0.012743849267770571,0.006190881430474382
0.8264116172376842,0.0607691573875917,0.07174390883523626,0.028105992474603738,0.012969324064883806
0.8693694187808847,0.055143856069937894,0.03882198225124081,0.024175317980626308,0.01248942491731026
0.8753613342023123,0.06319225880020862,0.024766378200450214,0.024687724505983177,0.011992304291045856
0.9054033023204509,0.03045911197269659,0.027505457561040725,0.02411387501824952,0.012518253127562181
0.9397046070680846,0.03620492710521551,0.006912440474256102,0.01086206828553076,0.006315957066913019
0.8588061170425778,0.06693811517027375,0.035593066892163315,0.02400485587721013,0.014657845017775105
0.9366919858164837,0.014623674481143203,0.027815429679618385,0.013757738223854527,0.007111171798900315
0.9136924980769172,0.012923373820975283,0.047820780874793044,0.018407103093060723,0.007156244134253836
0.6948625092917443,0.08704072313836034,0.15388762536941095,0.04509072248344672,0.01911841971703774
0.8809461248735252,0.05506013908983393,0.04103488700155489,0.0166323290071111,0.006326520027974564
0.9234195771365162,0.018527593131992395,0.039103940796501965,0.013086454566805582,0.0058624343681837575
0.9212389790312271,0.026718293328713946,0.02427983202199219,0.019545610006990403,0.00821728561107642
0.9324851081506473,0.03136288643667933,0.016861798646384173,0.011784009775827586,0.007506196990461585
0.78989698718401,0.08898082224336984,0.07520480676661158,0.03372698488204607,0.012190398923962212
0.8215257501117916,0.0629781491406833,0.07080384720835624,0.0317113353039779,0.012980918235190864
0.8129658545415757,0.05273441537478962,0.09595772862307926,0.027816102780549114,0.010525898680006238
0.7235289313972665,0.0885966023163007,0.12291912054886045,0.044497528097187204,0.020457817640385324
0.9352812194199336,0.016499642003000012,0.02935212208928568,0.013339719817661863,0.005527296670119167
0.8667077420859004,0.05728266960048946,0.05528515510510088,0.013839182543420255,0.006885250665088925
0.8601122610477874,0.03407509301711613,0.07361561982708721,0.02266444854278086,0.009532577565228424
0.9168411215799286,0.038079106211788345,0.019934971449480494,0.014733427581235201,0.010411373177567197
0.9222529257044382,0.05268038867232604,0.008297735912918887,0.012422605877096388,0.004346343833220462
0.9197030973026,0.04344215720315701,0.014793839856088672,0.012907106120967937,0.009153799517186248
0.7867609314166985,0.11263621177418652,0.031602039075382296,0.04425647805173956,0.024744339681993213
0.8826341808556959,0.058674221894663946,0.025933615009366508,0.01869924740399165,0.014058734836282042
0.8941427902175221,0.05526678461846912,0.018539330930404066,0.01750371458150756,0.01454737965209703
0.9204578458798367,0.03730878520732528,0.014945708882080255,0.017314836550589296,0.009972823480168628
0.9168242825210818,0.03445006679494867,0.016798706827233594,0.016856644272762532,0.015070299583973367
0.8693144652086345,0.0465632472644053,0.01842595562558518,0.035866584645825164,0.029829747255549852
0.92861938662709,0.032971412147665684,0.01626366008710049,0.016423073610479465,0.0057224675276644
0.8742294545197883,0.05401467963143591,0.03987523068077298,0.021418997202754173,0.01046163796524848
0.860658676429693,0.05957116989074834,0.06233791554640129,0.01390773583149482,0.0035245023016628094
0.9452270107292883,0.022824526693641198,0.021368081932253542,0.008526166117404385,0.002054214527412813
0.8367439487075524,0.11032703523839557,0.028576437481923497,0.02020595478747238,0.00414662378465603
0.7938072839346091,0.13580902040731924,0.04142704267158992,0.022534547226069363,0.006422105760412366
0.904602415585919,0.052710744835814886,0.024499595329139832,0.01383868054767052,0.004348563701455677
0.9308941349833134,0.04462141907271912,0.012620385782934373,0.009351107197776992,0.0025129529632558177
0.9012235794430344,0.06589570645254628,0.020934767658046843,0.009008662152627805,0.0029372842937446892
0.9241859259231671,0.02659001050516843,0.029860222984538394,0.015422247316910552,0.003941593270215466
0.9280618248036023,0.041324555646635314,0.015999958988113912,0.011854611942058056,0.002759048619590394
0.9229043552254099,0.051438442141267436,0.011687185632358998,0.011035729897105308,0.002934287103858062
0.8801868049543047,0.04779123903780704,0.0563828107842191,0.012833040949256271,0.0028061042744128616
0.8649786366161776,0.049384305365998415,0.06167597617387454,0.01949486968389331,0.00446621216005602
0.9499185094991669,0.02668588547141614,0.013749799832878338,0.007802158511044298,0.0018436466854944095
0.9313336171855218,0.0363200859724547,0.017032664918923027,0.012778782889235103,0.002534849033865222
0.8737159888646842,0.04559421282559378,0.05679645515973638,0.020267672135544253,0.0036256710144415764
0.8896643409233845,0.046778961029112276,0.04112507056073953,0.018574580522608387,0.0038570469641552654
0.9324345306367507,0.022692155398950555,0.03128870183256586,0.011029390135623146,0.002555221996109851
0.8422564919672337,0.0953415672450545,0.027036690331366228,0.02900621379062232,0.006359036665723084
0.8181139956976811,0.0804406708256311,0.08068814439697676,0.017286729579919797,0.0034704594997911026
0.9373176228833209,0.018679042618515423,0.026991941423852087,0.014417572432156293,0.002593820642155439
0.8996140436877377,0.0356917408637855,0.048608252498473205,0.013963078768053966,0.002122884181949564
0.8871703674359669,0.03009298459818279,0.06539994245770041,0.015333405968911286,0.002003299539238541
0.9273851362324003,0.029668518583463532,0.026048824951934377,0.014175270867521845,0.0027222493646799676
0.8894905841396872,0.06961630722242564,0.0209035214145473,0.01658093873808607,0.0034086484852540793
0.9339393483829505,0.03901216647679703,0.015110146131234377,0.010303800606469857,0.0016345384025483894
0.9497361738872889,0.033551738180274585,0.00835983522991498,0.006850963442205959,0.00150128926031571
0.8924897364107961,0.052782987355065446,0.036546134073095066,0.01457347270032637,0.0036076694607166102
0.8244219254670848,0.05894318793547857,0.08681019792314741,0.02493705597548329,0.0048876326988056655
0.8596462260802704,0.0485279014208134,0.062004546037697277,0.02571936927180145,0.004101957189417242
0.8321059023632372,0.08310296276225278,0.056693586480638325,0.022171745058185775,0.00592580333568598
0.7227217598324548,0.13260438076393696,0.10600079750809058,0.03420967392370083,0.00446338797181683
0.9343401311785284,0.021557453307037375,0.03219468454297495,0.010369456620257466,0.0015382743512017145
0.87157110030946,0.04126707984568213,0.05987909488080456,0.023350293786662406,0.003932431177390988
0.9451397732200331,0.018244232577556776,0.027589271106080736,0.007611901610575672,0.0014148214857538275
0.8519596118162204,0.07902003586280176,0.050780641772672344,0.014775446561917037,0.0034642639863884193
0.9385077159319055,0.02713567914180374,0.025657658427719273,0.007145724426677079,0.0015532220718944998
0.9555601718324372,0.024929807631356157,0.013265865849526708,0.005034109548613916,0.0012100451380659782
0.8890709740757455,0.06314888563926269,0.025706705923371615,0.016835170234886277,0.005238264126733932
0.9618006398699966,0.011498459819789905,0.008659803531597284,0.012207590937610865,0.005833505841005237
0.9509027624941716,0.01638681464663703,0.021193718879962315,0.00938911425975575,0.0021275897194730138
0.9016205481762595,0.04816926749064262,0.031165485720470655,0.015351508759847386,0.0036931898527800284
0.9110194680855467,0.02530634698719435,0.04744967953107228,0.013862889834707973,0.0023616155614788136
0.8978382229523924,0.03306075657176631,0.045120755344189536,0.021178686114216416,0.002801579017435213
0.9187359977336585,0.02995191861379485,0.038718756067031845,0.011056498080277902,0.0015368295052368315
0.8818490970708779,0.042477508159307065,0.0544949674749752,0.01795255385172998,0.0032258734431097986
0.8998087735917337,0.024424075270287324,0.059355492829821485,0.01445274446846484,0.0019589138396927754
0.9401942802696999,0.01940871200977509,0.03131193780667028,0.007228507466070571,0.0018565624477841446
0.8395434935187336,0.07535013279733302,0.06310824117761343,0.01837151912021186,0.0036266133861080547
0.9285618974482359,0.03829265290303622,0.023113001080235278,0.008296000321079054,0.0017364482474137289
0.8518446656794956,0.045408593912888526,0.07632707392316798,0.023364686505029326,0.0030549799794188713
0.9005634040454443,0.03611634793390153,0.045724291105434585,0.015620797083819467,0.0019751598314004027
0.9378373297220272,0.03106637252140275,0.019461838929002523,0.009572849609640563,0.0020616092179268713
0.8958281734500811,0.02733388454376935,0.05698068572058936,0.01713704941598754,0.002720206869572679
0.8495799397851047,0.04450857057494789,0.08123152199585333,0.020720675277689022,0.0039592923664051385
0.8538161739085751,0.07545593542722133,0.051822334095773956,0.015785105638136246,0.003120450930293343
0.8940938738177567,0.04691508568340915,0.04574415690026833,0.011024773734199031,0.0022221098643665687
0.8420535310870412,0.04146023025116912,0.09670368805113427,0.016228243692189503,0.0035543069184658625
0.7542988727234653,0.16089777184116502,0.054398402245509,0.02539715056382926,0.005007802626031204
0.8285753294676653,0.09380959871600983,0.05654565773118702,0.01767624075523412,0.0033931733299038007
0.9011273520469295,0.042190526040142645,0.038861546724451815,0.015776231227625927,0.0020443439608502376
0.7724606163213641,0.08312068540126985,0.08551295030253195,0.052905237993660564,0.006000509981173522
0.8044888175978935,0.10771458328590225,0.05593920323528801,0.028616913757162153,0.0032404821237545845
0.9034301009672838,0.03742920649925521,0.04289457371885468,0.013582736657340177,0.002663382157266035
0.8866760704937409,0.05250432969051654,0.04062305737994773,0.0173997076515724,0.002796834784222685
0.9563979221041813,0.019840627585128872,0.014192622315473078,0.007959804002025223,0.0016090239931915223
0.8447451355694143,0.08000169023413406,0.0474828854955455,0.023714318095732642,0.004055970605173502
0.8304016894670415,0.0826623793403906,0.05997966503746187,0.022533564648410616,0.0044227015066953
0.8692890951998548,0.04727775377689001,0.057345671195350965,0.02230451193208017,0.0037829678958241435
0.809537070927903,0.05713551952031449,0.10068166596694145,0.028147454988356933,0.004498288596484406
0.8345549154461813,0.05402734324490201,0.08582257890424762,0.022552274012527695,0.0030428883921414574
0.9433472116197607,0.028994230671091883,0.017602188804597876,0.008800684157512268,0.0012556847470372677
0.9410130891528451,0.019149767460473446,0.02532024050014123,0.012451439130210911,0.0020654637563294023
0.9185412832006918,0.04126532014587621,0.023913526184276477,0.011929535206446521,0.004350335262709179
0.9446444478066671,0.02885958971902633,0.016120980506837676,0.00866636248670055,0.001708619480767967
0.8826452650479999,0.04752340184526449,0.04961719462345666,0.017918878595002706,0.0022952598882761653
0.855899876908685,0.04673070373920883,0.0695198188120003,0.02401029068073822,0.0038393098593677705
0.8498283231477162,0.06508911066272623,0.06278089625677753,0.018591814217626547,0.003709855715153424
0.8982087962647152,0.036742911725696735,0.045998848091888575,0.01658207765017696,0.0024673662675228454
0.8305125299170459,0.05662029178917162,0.0826349175793373,0.025359010761897692,0.0048732499525474164
0.8481934980420442,0.059345072189954856,0.06588517042101627,0.02231710847322136,0.0042591508737633245
0.8379076724121081,0.03487206870770618,0.10071054184893002,0.022698873654448743,0.003810843376806939
0.6201234767529993,0.1846628854917987,0.14176815015434055,0.04529844439979755,0.0081470432010639
0.665085102876381,0.11556195306155839,0.16015059126031175,0.052283991900711375,0.006918360901037327
0.8501203599576038,0.04333344379646162,0.06598048411959241,0.03343448793649864,0.007131224189843333
0.9498758430807053,0.028009769512105133,0.011911821276525706,0.006458121193849405,0.003744444936814434
0.8105849196140097,0.03793391507249833,0.06626896749271631,0.03978681993318798,0.04542537788758798
0.8167618356484017,0.06631935827782731,0.08856556213406433,0.022491457973847676,0.005861785965859017
0.873104371244487,0.05023844642062918,0.04976631259125437,0.023748517433538608,0.0031423523100908702
0.8515891625676446,0.06868721225095685,0.05648596220569147,0.02008192012595645,0.0031557428497507
0.948137047797228,0.01838096356017432,0.022983057613473173,0.009255800796164374,0.0012431302329601306
0.8764116920317073,0.054622799540656644,0.04965264623837509,0.016548591754528143,0.0027642704347326246
0.9176620530223174,0.027574325893573847,0.037529694770114745,0.014254694832925813,0.0029792314810682488
0.9037513519890656,0.04183524712231128,0.03891411903082736,0.013313868486759974,0.0021854133710357223
0.8365732757098507,0.05460745413089567,0.07427062106281615,0.030250343328689405,0.004298305767747949
0.7833738728342982,0.07184149939455108,0.09665812175587486,0.041884979008070734,0.006241527007204955
0.8296940785374244,0.05843291175626556,0.08414950101670189,0.02379534729811551,0.003928161391492726
0.8740374331584442,0.04435028623420922,0.06122525642894122,0.018190014108895473,0.0021970100695098745
0.8725970039670458,0.05626506910949984,0.04626594343101736,0.021209316649051867,0.0036626668433850456
0.8679994538511528,0.05798318810879632,0.045576066814519325,0.02491806461837995,0.0035232266071516098
0.7577248259086864,0.09442090597285585,0.10045611917474176,0.037936889816817095,0.009461259126899064
0.8058983625464451,0.059954358634618586,0.09715370134708617,0.031832398202156,0.0051611792696941595
0.8574299276168705,0.041962011358886754,0.07269520881805826,0.023369332671989304,0.004543519534195082
0.8661823293859492,0.026835029629715287,0.0841130490721911,0.020211953101139265,0.002657638811004995
0.8643782698740566,0.032610206795273086,0.078601801741897,0.020971678138447098,0.0034380434503261904
0.8656712763823963,0.028038999911615563,0.08641372822334065,0.017153470174415403,0.002722525308232078
0.8431395479398638,0.06294762574246873,0.0706770688545109,0.02040946826332208,0.0028262891998344303
0.9064044984966635,0.044830283154691175,0.03222476641586764,0.014757229692369757,0.0017832222404077856
0.8632074016669699,0.05905642442904675,0.05217775748466566,0.02133348163721907,0.004224934782098813
0.8560546558552294,0.04764335725898046,0.06389818688803356,0.028620609439599768,0.003783190558156846
0.7896449101790662,0.08402826524443066,0.08822483723411026,0.03289533630852952,0.005206651033863464
0.8782785427135047,0.055986411106483065,0.04996515200330265,0.013910219452836605,0.001859674723873274
0.7844033680234446,0.07048845783537487,0.11641604350029586,0.02464018429263495,0.00405194634824982
0.8978982806550574,0.04739106943528708,0.03833864270329241,0.01354164562766323,0.0028303615786998775
0.8643926101249484,0.0509839105330513,0.060969295441747624,0.020675883409876507,0.0029783004903764032
0.7797025367038017,0.031753186037278607,0.14266210534682872,0.039632653937481804,0.0062495179746089174
0.7658703366282061,0.06322698334705182,0.13681654339871696,0.029128088577066426,0.004958048048958478
0.825178398576553,0.04795247687788606,0.10176974079047044,0.021020228351830077,0.004079155403260353
0.6881635829289683,0.16029992214123906,0.11081446902327186,0.03435839448956962,0.006363631416951372
0.8502495985973979,0.08244563192965466,0.04266099035453607,0.019044043622687565,0.005599735495723757
0.874616068937206,0.04394887807058569,0.047302642124785486,0.02517499930195164,0.00895741156547128
0.6899803625860468,0.08897151678646831,0.1269278857378015,0.05028318575592975,0.04383704913375356
0.7660672495978051,0.13029171593241176,0.05937388145097297,0.036030967424873814,0.008236185593936336
0.9325491880053542,0.0409026015312901,0.013462708102039578,0.009719461144304801,0.0033660412170109528
0.8987537026069744,0.06125312675095865,0.020704106069480543,0.01595166055211145,0.0033374040204750973
0.8327223626794397,0.0928826416288763,0.03968750258457014,0.030411144895655225,0.004296348211458648
0.9063654023008636,0.05206116786162109,0.02239290350406632,0.015331672533092415,0.0038488538003566245
0.8820565880853224,0.05091973342464337,0.034058130135527574,0.02731625487022383,0.005649293484282877
0.8561891570471856,0.0541833329034141,0.060908319299443923,0.022190559146849403,0.006528631603106881
0.9078568070519045,0.03928091156389995,0.03200840464657691,0.018199602689575323,0.0026542740480433
0.8531790905737932,0.09237431541048022,0.028801488400647314,0.021502250860549264,0.004142854754530077
0.8496537082445674,0.10555457345405435,0.021960790778478387,0.01831337298048955,0.004517554542410283
0.8112586164409624,0.08302748501765728,0.052484840155265014,0.04535478412663069,0.007874274259484742
0.8557006275730399,0.06721629833214246,0.04794628606697682,0.022886723069573376,0.006250064958267426
0.8024979244276691,0.11269639142939644,0.03386910758727274,0.04321797656461944,0.007718599991042082
0.8725591962716136,0.04251621609717207,0.049159962234155676,0.028108688135539375,0.007655937261519475
0.9582570653501643,0.022924106594695966,0.011505791892229765,0.006242341386325832,0.0010706947765841846
0.8857264304052873,0.06155701385295494,0.03189784167890004,0.016237923515208013,0.004580790547649473
0.9126033828368825,0.0415485733134162,0.023212532784849266,0.019472369740434814,0.003163141324417256
0.9584356317169181,0.021430210961151275,0.01043064891994507,0.007907944342113536,0.0017955640598720172
0.8735744897993376,0.06443240570980936,0.0404114748692665,0.01796511827695574,0.0036165113446305964
0.8800155054214419,0.0552660406367306,0.05151416046282557,0.011115704289187128,0.0020885891898146094
0.8401238496490347,0.08895443048416765,0.04790386050101596,0.018565243898772513,0.0044526154670088735
0.8325565517284015,0.0832503116612956,0.058004611635555335,0.02253633712310466,0.003652187851642814
0.798197540824436,0.05644383616341996,0.10860833839609084,0.03006517350077851,0.00668511111527467
0.8838718421021058,0.028786960404047917,0.06457569923746644,0.018947207994684506,0.003818290261695394
0.73636575726706,0.08501330513200003,0.13644785611986157,0.03684015445155522,0.005332927029523238
0.956221608428197,0.014864104767800692,0.018995829561852622,0.007936952153524626,0.0019815050886250185
0.8679176464718706,0.061223509271036876,0.05328906756946952,0.015043762005410412,0.0025260146822124255
0.8095111294257361,0.044069336175334275,0.10813452197429668,0.03325749543779857,0.005027516986834146
0.9498633902999358,0.014909048756364991,0.02680298637135395,0.007505384654138331,0.000919189918207285
0.8004993924118149,0.06446078451568363,0.10262790428399093,0.027820845946484336,0.004591072842026198
0.842283742051419,0.035083073379785744,0.08904303655233493,0.02924082880175647,0.00434931921470412
0.8700113919412162,0.06799448569874222,0.037004030382335636,0.021982070136380035,0.003008021841325743
0.7139514758262794,0.10139415132230317,0.12415761841136058,0.052248090896610644,0.00824866354344625
0.937803679722828,0.01986010481189543,0.029837647759084953,0.010921513413672278,0.0015770542925195377
0.8706025346338763,0.03125628842908745,0.07700781248422787,0.018225730231853934,0.0029076342209544727
0.902570681158321,0.017038335545835268,0.0616973250524733,0.01600874130433438,0.0026849169390359934
0.8204512635174996,0.060902512787033174,0.09010810633863722,0.024852447577205162,0.003685669779625133
0.7749684612678274,0.0663285312649698,0.11154305067008576,0.04099013819296017,0.006169818604156803
0.7117663051919326,0.06437014186076873,0.17490373171470383,0.04201639421088764,0.006943427021707245
0.7286986167701969,0.05004125525680706,0.18557201739593068,0.031405443527983114,0.004282667049082269
0.7328321531411893,0.07658065412716189,0.14181557613361875,0.042806245500877804,0.005965371097152426
0.8688341906411731,0.03176604909117874,0.07666484392139754,0.01973962925220578,0.0029952870940450765
0.7329526928170612,0.10534918038490472,0.06579775007536759,0.05504309319712224,0.04085728352554431
0.9095597300025458,0.043123008280388085,0.027621636880585387,0.01373795807733364,0.005957666759147252
0.9133927696745291,0.03201183196966298,0.03513019586191119,0.015415411102752304,0.004049791391144277
0.8212961934932226,0.059070814763375445,0.07292543670065622,0.040475687898591454,0.006231867144154427
0.8150686528097584,0.06312289949492121,0.08041836056135634,0.03360358327236994,0.007786503861593989
0.9351641875152232,0.023445721298872537,0.02297049757724144,0.01561399081869077,0.00280560278997199
0.8737797200653811,0.04707736590690599,0.06183189973836692,0.014208554892145288,0.0031024593972005135
0.8958011248013432,0.03651636489154005,0.043465338930874925,0.019594451052948717,0.004622720323293034
0.7722265134708033,0.0818225252225477,0.11250327891783901,0.028014284549568013,0.005433397839241881
0.8786044121224303,0.04705189921591992,0.05501340335909324,0.01612791867022188,0.0032023666323346216
0.797544681225235,0.07338135897412562,0.08724745058127818,0.03552135397111882,0.006305155248242327
0.8900523993647637,0.039184904685425175,0.052291118492552,0.014358695841308878,0.004112881615950164
0.7418680588324914,0.11067850690641484,0.10634448843232538,0.03426370817052114,0.006845237658247124
0.9355899886359319,0.02355191582540252,0.027753035067709868,0.011249651803793156,0.0018554086671624904
0.9576959956282018,0.01206010107742983,0.017998676505142454,0.01025288300674644,0.0019923437824794672
0.8990995414870323,0.0394747274617187,0.04014399493726061,0.016748086173177888,0.0045336499408105925
0.855026240401222,0.04828425581882542,0.06944708759619372,0.022145128118530893,0.005097288065228044
0.7403359707603002,0.08429752299412724,0.1154983955138071,0.05182574543556477,0.008042365296200704
0.8398574305078937,0.050008512081873686,0.08611269515888627,0.020223786375865107,0.003797575875481274
0.7518631129612197,0.09471747465780182,0.11046463695309186,0.03557139920207088,0.007383376225815782
0.8101703405052311,0.05391007852776735,0.10737978380989512,0.023097489758879236,0.005442307398227269
0.8207274581384205,0.0604182875001241,0.07717710885146246,0.0335751239371228,0.008102021572870167
0.8227804924672132,0.07136128941431288,0.07399909894987443,0.02606986072422792,0.005789258444371847
0.8023793680611224,0.062076989848590274,0.09071038985441698,0.03952691139588635,0.00530634083998381
0.8266248221039411,0.06087250977421886,0.08654457414803624,0.02254945908269096,0.00340863489111296
0.8698202199931109,0.04168039943425763,0.07087361379618232,0.014671484217742031,0.002954282558707204
0.80976972354051,0.06625662001656253,0.09646634765163613,0.023053494496343724,0.004453814294947427
0.7737389198155561,0.09193747200146474,0.10014747036148304,0.028520454348674444,0.005655683472821761
0.7599820393687361,0.08589419971593489,0.103670697828709,0.04545709868249352,0.004995964404126716
0.7960483224702037,0.0660283470133518,0.09100804790539122,0.04068201167693598,0.006233270934117387
0.8445656832062505,0.06886847248330243,0.054819949754003366,0.027551901498169336,0.004193993058274297
0.8496943651905613,0.054239307978969274,0.06655446180762427,0.02643090504804617,0.0030809599747990512
0.8948348844739435,0.027924116900221604,0.05572900049449481,0.018782212943443174,0.0027297851878971876
0.8226269133640087,0.0438949232070493,0.09960193310468163,0.028704544332611038,0.005171685991649305
0.6811889764443645,0.09333311261880368,0.15845223341738982,0.057800737406728864,0.009224940112713265
0.8893128375762899,0.028899108193743285,0.05213184373360654,0.025862997174846573,0.0037932133215137324
0.8660892672205266,0.03302812156781986,0.07640322720779519,0.021791163035628808,0.0026882209682295402
0.8951996261911896,0.0266854507535973,0.06020084130379001,0.015289085436460072,0.0026249963149630098
0.905695206162527,0.04746587978968394,0.028521188577547447,0.012829275124069076,0.005488450346172498
0.8998216971519757,0.020291433009565638,0.017129800104563588,0.026231026497687177,0.03652604323620781
0.7881489668444925,0.02391525070326469,0.02629351453240531,0.06664950134008074,0.09499276657975685
0.6884836408866002,0.058377738052976635,0.0733524504708176,0.08475694701193144,0.09502922357767409
0.8401492005781599,0.04584180440791206,0.03307135213610051,0.0414187443272272,0.03951889855060045
0.9432007714055796,0.017510081100734702,0.02157753384881773,0.011981186613310739,0.005730427031557164
0.8571976058659548,0.05884827390276235,0.05888613982455403,0.016344502246610278,0.008723478160118278
0.7710030105000136,0.05185225551504511,0.12774613479725186,0.036912965034158106,0.012485634153531294
0.7173481578444787,0.06937854937123482,0.13235934804133967,0.05515786775869249,0.02575607698425417
0.8108959692890219,0.0631871581780317,0.07681637651685842,0.035556003006600743,0.013544493009487275
0.8391718380997617,0.059699090028788045,0.06543960484189945,0.02562763445610397,0.010061832573446864
0.9228623948896362,0.02000731936887815,0.03699979289070133,0.013570823656215472,0.006559669194569215
0.8528238799532263,0.04090659328314714,0.07495019204527141,0.02229785527352632,0.00902147944482867
0.8825480259723751,0.03362962865648039,0.05804094993816292,0.01943900639389058,0.00634238903909083
0.6917817867437991,0.10223933315301723,0.13230102621172407,0.05296101270775682,0.020716841183702855
0.8125934674276053,0.035828980140905534,0.10472625227377572,0.0376205310138795,0.009230769143834245
0.8432156738631316,0.06702420692235878,0.05776485619988366,0.02603782919542161,0.005957433819204367
0.8892413741367091,0.053682784752594775,0.02837760621789984,0.022259325410872787,0.006438909481923545
0.8802575434448848,0.06287889283810953,0.037614561058150406,0.012885456262665499,0.006363546396189618
0.8301419757262994,0.05253220836938101,0.08737506546368101,0.02392131683788135,0.0060294336027571505
0.7533463607448256,0.09221905588381613,0.09317224282582705,0.0482622500898091,0.013000090455722174
0.816584730251514,0.0588379727228502,0.08960398615053074,0.027873292793263955,0.0071000180818410336
0.8643439163414696,0.068238672080407,0.046148789737016055,0.015539737045191711,0.005728884795915592
0.8750671358301707,0.03909292874390844,0.0637035099634434,0.017575097997979267,0.004561327464498301
0.8945223410385085,0.03145525276569088,0.05482688440224577,0.014995280453082708,0.004200241340472226
0.7761522086438631,0.05499360380361141,0.12032977398601945,0.03798946984397264,0.010534943722533318
0.7552924114249618,0.0777085061943205,0.1226703981289211,0.03072132818478554,0.013607356067010967
0.8438407991673083,0.0528900400598592,0.07448938727174166,0.02152224030877434,0.007257533192316429
0.8545995055581803,0.047933553447302796,0.07318331796029853,0.017604491006360506,0.006679132027857893
0.7340306399120436,0.09388530270531423,0.11103675348463914,0.04464460427066598,0.016402699627337005
0.818962979455964,0.05644757518524684,0.06680611284850572,0.04228017431016311,0.015503158200120222
0.9379802156827922,0.028678629315665838,0.01659914008476799,0.011473715161669675,0.005268299755104549
0.913384574136682,0.038864783534806956,0.02947644931329774,0.014540237843531756,0.0037339551716816547
0.9315793638713517,0.01917007610805571,0.020480058715364312,0.021299787047200116,0.007470714258028129
0.9384892783974422,0.012267105149971105,0.03544852273429606,0.010793999077636498,0.0030010946406542074
0.9141769504141677,0.04030128076075532,0.01942425300539962,0.01629057405079353,0.009806941768883812
0.8334366391732956,0.0815131120771046,0.027484333452730613,0.0396452668415532,0.017920648455316
0.7943112474061855,0.04913547628685982,0.0657847141805438,0.060332446391926774,0.030436115734483973
0.7310577625991339,0.14168166723289433,0.09151933823804195,0.02539326115653566,0.010347970773393987
0.8429916345061566,0.04507267427833503,0.07427718037756378,0.02749125402459872,0.01016725681334611
0.6365678886390784,0.11874937664116353,0.18111272418913452,0.04871476205302059,0.014855248477603
0.7199686741727324,0.10710952607022944,0.131879271021456,0.030787941334233217,0.010254587401349114
0.8786574694326049,0.02373805787647031,0.06482518632845326,0.024864312034445713,0.007914974328025863
0.664355835610295,0.08258380228081337,0.15752241456734728,0.06437674098500473,0.031161206556539527
0.7840695937681113,0.06940362546013985,0.10024815255766976,0.03579230359420771,0.010486324619871257
0.9502075143473998,0.015865054283331195,0.02244876716885317,0.00783111655473663,0.0036475476456791596
0.8707589088271209,0.035155455198990035,0.06736017594713119,0.020880904509118357,0.005844555517639528
0.8463520591807061,0.060367717286235106,0.061337981891581496,0.021435787561463637,0.010506454080013685
0.7050241573184406,0.09942112685382523,0.13633550650530407,0.04555312036555815,0.013666088956872076
0.7373970244691528,0.10771414994894372,0.08110681617605409,0.049977746140782243,0.023804263265067238
0.7482861000368872,0.1099707471666919,0.08963755949273731,0.03735613325186335,0.01474946005182017
0.8330696375581789,0.09470410495425848,0.0319324504932084,0.02939013509500554,0.010903671899348577
0.9429179739401977,0.020178131887556336,0.02628706765199504,0.007239013743807317,0.0033778127764436425
0.8388041131415493,0.048379196697270865,0.07580435007660437,0.027798144935845735,0.009214195148729615
0.7700802245467756,0.07571816755970343,0.09457965106245957,0.04436031276911929,0.015261644061942107
0.7672566834958084,0.08702746391911699,0.09159369790686847,0.03859881496376748,0.015523339714438613
0.8204966964672241,0.10294546571853605,0.05304749341350106,0.01557283457173304,0.007937509829005526
0.9135619543127897,0.03365931949241833,0.033984908826573054,0.01421643821906173,0.004577379149157143
0.7723918759631926,0.09402110519875365,0.08560953161030381,0.036333459665612654,0.011644027562137336
0.9190276362385725,0.025672966334185,0.03915032963295448,0.012147965560670711,0.004001102233617282
0.7705208645785364,0.09054098363528876,0.09436622538827379,0.034605801298483056,0.009966125099418138
0.9172740619550285,0.0341085512709422,0.03527422186194824,0.009718753784861095,0.0036244111272199994
0.784465238580122,0.09858886963728226,0.07243045407529851,0.030420766272634816,0.014094671434662594
0.9116003082143349,0.03096980478704824,0.03840499996042622,0.013493049319671756,0.005531837718518761
0.7858579433417686,0.09397126734686116,0.09061571484761714,0.02179738559969262,0.00775768886406046
0.6984167379874334,0.057871395469827676,0.16951271464387313,0.05875424068575504,0.01544491121311087
0.8477465917776102,0.023907199923414738,0.09558190282884774,0.024976285733914694,0.0077880197362125685
0.8758318057348322,0.03581399769834099,0.06049075323577371,0.018891668540093123,0.008971774790960025
0.769704061686666,0.08046239617416036,0.10493955847872362,0.03157571652019125,0.013318267140258928
0.774399537839285,0.10597625089784508,0.0785072303589398,0.030617926622189463,0.010499054281741088
0.8062630671967753,0.0869377219123223,0.07127091513058813,0.025807484731734824,0.009720811028579496
0.8248675971996029,0.07728505367969447,0.07249084292113939,0.017467244798761633,0.007889261400801524
0.8593401465962669,0.035506793105647964,0.07298429821531065,0.021551272177148743,0.010617489905625535
0.9287109908948313,0.030796136646261102,0.020881465739424926,0.013786461138068574,0.005824945581413908
0.7982451725888017,0.0832716843069558,0.057314662904970705,0.048312709877739494,0.012855770321532367
0.7229507420991157,0.07903499736337366,0.16072104671523355,0.031121023971620723,0.006172189850656384
0.8668380932467372,0.03780713418551536,0.06609722183921082,0.023565311326019876,0.005692239402516886
0.8240687856134603,0.07972576134323867,0.07180777256995484,0.0195390127759043,0.004858667697441913
0.7828920100642911,0.10141812756706761,0.0822388352378225,0.02544597300942095,0.008005054121397924
0.8514663610785945,0.055990647190369155,0.063674401256336,0.021866206675589812,0.007002383799110454
0.8334638806880595,0.04499716453548131,0.090140465242798,0.023121674875732502,0.008276814657928554
0.7310568708532469,0.14279446526702488,0.06583832570615843,0.04628356738498931,0.014026770788580568
0.8664471522607402,0.03394987848248913,0.06553861598243035,0.02517743685800493,0.008886916416335563
0.9034456597554897,0.031883894528003914,0.04672714759783425,0.013772650247477971,0.004170647871194181
0.8858841272286845,0.04686182938182965,0.04113117550839333,0.01912065258221445,0.0070022152988781314
0.8491428503197627,0.03733761672592809,0.07501426458770463,0.0313975707324985,0.007107697634106062
0.9468342645864749,0.007478998815656572,0.03486827076422563,0.009025688718284663,0.0017927771153582485
0.887722020833313,0.03903455924405636,0.05367461382857277,0.01504023796047521,0.0045285681335825384
0.840326960410267,0.058184134396097105,0.07496574577957006,0.01932395249362331,0.007199206920442506
0.7503602578453823,0.11741714582264379,0.0921146553921024,0.03091021990492448,0.009197721034946966
0.8578714450500259,0.04813227616862181,0.06789087534146511,0.019120144994909917,0.006985258444977331
0.8165626992449391,0.05050537673575582,0.08733719275598041,0.03774232816309502,0.00785240310022958
0.9146612209611734,0.041830082094623015,0.030653347517064354,0.010391393864544799,0.0024639555625943182
0.9279324780237608,0.029693504235913323,0.023968854658352697,0.013270654346449246,0.00513450873552408
0.872573978846184,0.036049496130735124,0.06533527878487155,0.01978100750821019,0.006260238729999105
0.9007790095135111,0.028295335356975183,0.05071196784031656,0.015890392951479915,0.004323294337716936
0.8910001104091274,0.038430031173305755,0.04954783600713674,0.01708700170324478,0.0039350207071853155
0.8316765879186323,0.05887226122638225,0.07696050788082251,0.02802595872000683,0.004464684254156204
0.7782777773918045,0.06203196655958289,0.11984613483949222,0.032486712366128476,0.007357408842991859
0.8390579372725225,0.0902047449550771,0.03612453462501533,0.025754793209411864,0.008857989937973125
0.8156713251004449,0.12965979475825345,0.026109552927674837,0.02025443689057069,0.008304890323056202
0.9008950100725571,0.06715620188206631,0.015306404118700132,0.01160267278780414,0.005039711138872111
0.7961359876184528,0.09152835691919085,0.06913585617536704,0.034584192441050154,0.008615606845939087
0.8186516590881555,0.07106296705412732,0.06228610519725724,0.036205879025569154,0.011793389634890555
0.8793130155241414,0.048285964727312496,0.04881773427400037,0.018295763359695513,0.005287522114850166
0.952563350115519,0.020013164983369913,0.014457813933911648,0.009500989003157741,0.0034646819640417924
0.9317460968684389,0.029468854958668456,0.018862310576169456,0.015103119250628036,0.004819618346095122
0.8738815160427431,0.0685274883147125,0.030332278676689958,0.01984344388826331,0.007415273077591085
0.9309114674481541,0.02631984264625508,0.018041908886318427,0.01911311175766433,0.005613669261608036
0.896229369076319,0.05719498220167669,0.018042700734868408,0.01884717818643284,0.009685769800703067
