Delta_Power,Theta_Power,Alpha_Power,Beta_Power,Gamma_Power
0.8734687900241423,0.05573647214776366,0.024004927481745254,0.03359161859474448,0.013198191751604343
0.8548754729933158,0.07326700562907035,0.020784501308544753,0.03813661977042824,0.012936400298640915
0.875604769618775,0.056168721787897044,0.031895609697081745,0.024126828656158287,0.012204070240087562
0.9299859450167093,0.03199095287555664,0.013855053164262839,0.01460645694919794,0.009561591994273437
0.8870916389127934,0.05020872341227152,0.02231148060860896,0.02709382133082427,0.013294335735502257
0.8736349203688919,0.06224188853389387,0.027479465701066137,0.028147620282925476,0.008496105113222536
0.9473705126852177,0.02156072519288168,0.011957987945256932,0.013551264705027722,0.005559509471616186
0.941115875634845,0.0213014136502671,0.0185339526339917,0.014126019016668469,0.004922739064227738
0.9293598701492733,0.025242675654013384,0.017860215284444814,0.01975469131769843,0.007782547594569951
0.930443909894994,0.03462597366037584,0.01291006565509907,0.015535648695682872,0.006484402093848104
0.8776316727196938,0.07865410998882924,0.01773064456431832,0.017688709125014485,0.008294863602144098
0.9430254668125856,0.022802631125332682,0.014397862618310626,0.013707730905143734,0.00606630853862737
0.802696139116065,0.10869623921474157,0.03722463565486354,0.03524788067039952,0.016135105343930426
0.8903695013789278,0.058739960600976096,0.023853065336956043,0.018303129891067364,0.008734342792072669
0.9265360840724028,0.03547367843974691,0.016223836199695484,0.015719836133150353,0.006046565155004374
0.9462272336917504,0.030729296978221837,0.009611191707116272,0.008850775689269182,0.0045815019336423474
0.9484047440202467,0.028065163219469058,0.009643390849573684,0.009446040024414779,0.004440661886296006
0.9066547406587273,0.05401470928586733,0.01908985116513045,0.01252667889072184,0.007714019999553134
0.9331497210937069,0.039578725302855604,0.009645736222776929,0.010866721917611899,0.006759095463048511
0.9559840588367589,0.016587199872585567,0.014364839293679398,0.00958314479956048,0.0034807571974157015
0.8508870017343599,0.06601202118725309,0.0511573994923696,0.024598976083779887,0.007344601502237554
0.9018884294977333,0.04966399791986068,0.022006198733503284,0.020591547425611378,0.005849826423291237
0.8645047116641027,0.08610890995755188,0.022360562227050605,0.01923771679145136,0.007788099359843521
0.8881930144931872,0.03782305372250823,0.033533325722167884,0.029925097934547777,0.010525508127589227
0.885244644999182,0.052920121616810506,0.02199020854916061,0.03052703670380312,0.009317988131043783
0.8840913378133765,0.05142757331806983,0.029124053928912534,0.024997601951497916,0.010359432988143293
0.9600630969915256,0.022663394756078266,0.006947803716855026,0.007416390095178441,0.0029093144403626162
0.8947229483695662,0.05161928680995745,0.01950582790488146,0.024141478321648237,0.010010458593946638
0.8944320560040434,0.051195850459460214,0.015359542281623974,0.028114690763038925,0.010897860491833295
0.9478785750425779,0.02147239883923164,0.010560296194415626,0.013568325101075113,0.006520404822699855
0.8132996843396129,0.10125239432942636,0.03213484756392949,0.0382605656633245,0.015052508103706862
0.9012681412626331,0.03770973789886526,0.022137957718050306,0.029209512969925088,0.009674650150526374
0.8641378683486297,0.07014278178458687,0.028536837844423405,0.024784851644112902,0.012397660378247062
0.9341721024264641,0.03545314948085111,0.010108757658843748,0.013402342889222235,0.006863647544619179
0.8790426698654661,0.057847794104279336,0.024178799902226964,0.02675131666625631,0.012179419461771363
0.926421357819802,0.02704715495878098,0.01894245534517755,0.02257821582680465,0.005010816049434882
0.8435797367966249,0.08723297305839726,0.032522987826712986,0.028313060199909652,0.008351242118354772
0.6994707244237562,0.1493841785855955,0.07329916724776007,0.0593525083399187,0.018493421402969473
0.9573669750243462,0.020116493240866652,0.009176779888172918,0.01038598213799312,0.0029537697086209312
0.867776199297467,0.054235657407635654,0.0365973564154447,0.027291074909864196,0.014099711969588166
0.9172262056637505,0.05109156051063626,0.0107008157982362,0.011791759549573013,0.009189658477804088
0.9539568708558473,0.015170822684053786,0.010155705280038542,0.015183635961078431,0.005532965218981947
0.930856431768028,0.025458653181282338,0.01595333991201528,0.0212740262432401,0.006457548895434321
0.7302511134512639,0.13888860775207615,0.05788949294729748,0.05211233003096558,0.020858455818396952
0.892898330940781,0.048455072615098946,0.01980903367310122,0.027774421352673134,0.011063141418345563
0.9512735644107787,0.026629355528407447,0.004957262551726938,0.01215564666424621,0.004984170844840682
0.8634516031899849,0.02261960468181004,0.05340491116005327,0.046134030351641035,0.014389850616510741
0.8459284719739885,0.06772711207087849,0.04812024644618816,0.02590561171026478,0.01231855779868005
0.9225569632920132,0.039406852574881385,0.015756622695028324,0.015256586750511497,0.007022974687565844
0.8585320689380306,0.08373634870713002,0.024070792492043084,0.022963975617918117,0.010696814244878143
0.8609226291536028,0.06462359422432871,0.023652527513230184,0.038131759173465556,0.012669489935372731
0.9200282201181492,0.031565807928089155,0.01735578036603153,0.023804601334501484,0.0072455902532284795
0.8375499118189881,0.08013077304330328,0.040522476107154946,0.02887703207395948,0.012919806956594346
0.8662859963739106,0.059195436949370704,0.027494762910364498,0.03474621099055173,0.012277592775802726
0.613291761937265,0.21904031372683508,0.06916021947936893,0.07925670290410723,0.01925100195242379
0.8975473012764237,0.04859396430363115,0.01926609639452227,0.0269052233196168,0.007687414705805959
0.945877054151276,0.028003919025113067,0.010953094766878491,0.010359082944645536,0.0048068491120868825
0.9104820413638067,0.05528970330672046,0.017033701812361038,0.01159498278808148,0.005599570729030348
0.9522002255489775,0.026443316728429048,0.005729181405211947,0.009507646403756155,0.0061196299136252975
0.8252498413626794,0.054470950208654584,0.06479254570766042,0.03507228299477505,0.02041437972623054
0.9149040919622317,0.034323687227661104,0.026850891293520807,0.01734160165706168,0.0065797278595249
0.9315959811512755,0.027564356461049887,0.017929124195589598,0.017711694038028965,0.005198844154055976
0.8685078869961417,0.06243185798942312,0.037127404699277666,0.023126406988003126,0.008806443327154372
0.8813892635996008,0.06596164684400749,0.024428119188228622,0.018832032225030194,0.009388938143132743
0.8250621357122105,0.07389386201536659,0.04108968127690964,0.04199027044702111,0.01796405054849206
0.873191629149433,0.044750956638066185,0.052536927910723445,0.022364912251077847,0.007155574050699078
0.8699734711120282,0.060375661737709245,0.03534498911565295,0.02313989303388101,0.011165985000728736
0.8681290542754612,0.07691714431206617,0.024056903821411145,0.022513040623712895,0.008383856967348535
0.7848202718930191,0.1195371100639366,0.045667758650595296,0.0324360806779662,0.017538778714482766
0.8613638294187004,0.06169432679888339,0.02855597627500201,0.030052042229222423,0.018333825278191634
0.9112749429767604,0.043833195668550366,0.02239883069319699,0.014676926493576785,0.007816104167915276
0.7970162296791938,0.0627054037098279,0.07763807985403763,0.04513557476539702,0.01750471199154367
0.8537659630742833,0.0807174128135195,0.026734021535362463,0.028723610808168393,0.0100589917686662
0.9110306785689295,0.02649361773988024,0.02231361215463438,0.028126299266258942,0.012035792270296858
0.8984547441111325,0.03310297719324238,0.028980780602378558,0.03054561385771303,0.008915884235533566
0.9473220499374391,0.022221418020378494,0.013690649398590523,0.012459087257291269,0.004306795386300598
0.8009735720571067,0.11354415683503961,0.037817104581876065,0.03419304818119292,0.013472118344784534
0.8594422155343482,0.07510981791132303,0.022479611701705798,0.030671288879597552,0.01229706597302534
0.9719767749917462,0.009238801167485513,0.007458421644937518,0.007598127902171137,0.0037278742936594526
0.9358786213718949,0.026103030675457592,0.016656756251918616,0.014520037911751243,0.006841553788977809
0.8817635547688246,0.034026080612717224,0.027972891339560414,0.0398055258928998,0.016431947385998007
0.9266327532516502,0.027670592547683462,0.02015349409100955,0.01831830631652887,0.007224853793128047
0.9402765243288098,0.02994051972735495,0.014116198288927512,0.009699298157154574,0.005967459497753191
0.8872750367083923,0.0590370452187673,0.0214714993207278,0.020807742676599787,0.011408676075512563
0.9006337947925247,0.04554259269855931,0.02683313912405394,0.018307564877341927,0.00868290850751985
0.7775681114991078,0.10465968880566753,0.060526501477531365,0.03346460973054721,0.02378108848714596
0.9315864598810698,0.034272531675206885,0.013517044582329154,0.012454147046568536,0.00816981681482537
0.8902020647141445,0.0663736524325487,0.02080206387779064,0.012770140373319768,0.009852078602196373
0.8959090674523525,0.06218744037675143,0.015447166646787986,0.017996690085076095,0.008459635439031754
0.9353574237291375,0.03428276565022007,0.010161985336032417,0.013397397659276973,0.006800427625332987
0.7286289933096038,0.15180320883787737,0.051284728905027395,0.048509693463397695,0.019773375484093834
0.7330009614300248,0.16808147329000683,0.039717591488113504,0.03851162357274561,0.020688350219109117
0.7265066178686577,0.12170932439445042,0.0646436423529143,0.06392980625698247,0.02321060912699502
0.844953144958681,0.05633656881369025,0.0447206350577266,0.03639601772886315,0.017593633441038856
0.8768697975984264,0.05679209522247873,0.02500336335039167,0.027886102884659727,0.013448640944043551
0.8036294169474804,0.08093133388801721,0.0506008654220403,0.04544888650246483,0.019389497239997486
0.8909411034529164,0.07931821177228929,0.009787626361290274,0.012997193316736308,0.006955865096767753
0.8516610386906185,0.09030964324015403,0.026683753016171312,0.019399498860871917,0.0119460661921844
0.8464838235275075,0.07674943672455496,0.026191676323797004,0.029266117172604054,0.021308946251536516
0.7587086098986482,0.10560868667068334,0.0476179619241472,0.06164231490651394,0.026422426600007497
0.8814837200343242,0.04826884988102988,0.02411161586494431,0.032319912363216866,0.013815901856484602
0.8822160353045538,0.05358017747618114,0.03150510522353966,0.02368622270442753,0.009012459291297957
0.7959757302396,0.10494743355852297,0.047934395195767615,0.03650830745040269,0.014634133555706596
0.7837338237906474,0.08864163447559043,0.059437095668349295,0.04809327256963704,0.02009417349577582
0.8608951636603626,0.07997990116914885,0.028287121552869953,0.01947409694989038,0.011363716667728174
0.7793746095088234,0.09101655807373604,0.04546323141242089,0.060531338712491514,0.023614262292528065
0.9614181937314664,0.012775276554324248,0.010682356429280239,0.00973374488651175,0.005390428398417357
0.8584738017724476,0.05210971942982445,0.04017350240786643,0.032088513524529745,0.017154462865331708
0.851662829520652,0.05508725399428951,0.03946169185261064,0.036593896234472185,0.017194328397975887
0.8176919195516553,0.08554383345039217,0.03321362490162773,0.04744774281999901,0.016102879276325935
0.9228950453035255,0.03434062123505177,0.017698357408919344,0.017150559602061674,0.007915416450441718
0.8480180755556974,0.09039366300839952,0.024261262362875548,0.02696195490356463,0.010365044169462918
0.7822033711036375,0.09865353036937559,0.055009484904818065,0.04820227973156032,0.015931333890608433
0.8877879200316372,0.06248958049037403,0.02389004849988523,0.019779656926118334,0.006052794051984993
0.7800342981359422,0.08633873495357292,0.062026941333098315,0.04908452940960244,0.02251549616778433
0.882912279175649,0.04143549660216874,0.023966648436276213,0.03909183769848769,0.012593738087418161
0.859288194449298,0.08225261882787467,0.02032380374385042,0.024726986276450057,0.013408396702526635
0.8808468971282659,0.056305145993785034,0.025303318736041847,0.026120917845154447,0.011423720296752786
0.8909720184230433,0.06439575377480763,0.017561340869909174,0.01888454993493215,0.008186336997307883
0.9526114575860173,0.02033683336048947,0.009954385040392292,0.01077516585269045,0.0063221581604107
0.9012923729833896,0.04167959128892673,0.026893755747538425,0.01924401728116871,0.010890262698976616
0.8235400113650553,0.10688321317989542,0.0273888004025432,0.02545137036328782,0.016736604689218577
0.9324008468003956,0.030710306654135777,0.017501413195369308,0.014304482044444528,0.0050829513056548465
0.8780489672841572,0.022836830258596806,0.06432776654652443,0.026468302719061556,0.008318133191660112
0.8685275074504736,0.040258410967185555,0.03951030042313273,0.03519047846668103,0.016513302692527106
0.8978130737108417,0.03368431199245352,0.03401179340115094,0.02499328343083113,0.009497537464722906
0.6449413348019121,0.18953023036315084,0.07928775108285607,0.06436882695350553,0.021871856798575572
0.889367817582833,0.043159230194128054,0.025871317900815476,0.029294579963439826,0.012307054358783728
0.8727203121934475,0.07024420807746108,0.02505975499359843,0.019173478672693586,0.012802246062799493
0.9002625100244671,0.03966704220617499,0.020050623245320025,0.02927675872941463,0.010743065794623263
0.9232900937540842,0.02977171691554867,0.019210384260709285,0.018056131329647247,0.009671673740010642
0.7539298709412898,0.11425341961744115,0.04996324494126648,0.05719915834490441,0.02465430615509812
0.9122475030061991,0.02540159770364594,0.026696339550147132,0.025653998911209373,0.01000056082879844
0.947390926325521,0.016984937941324857,0.014042124913870004,0.014526680838013561,0.0070553299812705856
0.9146497701274682,0.040080194834060966,0.01882417500680017,0.01784081318578853,0.00860504684588197
0.8616223666170003,0.08940028653653025,0.020709725535777396,0.019829487955390992,0.008438133355300961
0.8686470121774306,0.04125939941043794,0.036898496124504666,0.03472264799190454,0.01847244429572214
0.8891805486209379,0.03373961880908546,0.03548527949202297,0.028970679671910755,0.012623873406043068
0.9656383856067406,0.012736401652693638,0.009952890650494796,0.008499899936158994,0.003172422153911899
0.8962473163746125,0.037282445523674636,0.028391421191022427,0.02782028398903727,0.01025853292165311
0.7892140045617665,0.08500944247590363,0.05509513981252479,0.05222232760472204,0.018459085545082955
0.8577412105072798,0.05805926452270599,0.0492081222796222,0.023607615680366605,0.011383787010025464
0.8633254798194312,0.061464081767446735,0.03120185820994502,0.030237628058851097,0.013770952144325924
0.892067634764988,0.05693422138131314,0.026891710758013783,0.015391833168286826,0.008714599927398481
0.9058937598925272,0.036501108314035455,0.03113326055934108,0.018590267677565508,0.00788160355653099
0.7235189086136731,0.1365711165862283,0.06028759169169504,0.05711462669038173,0.02250775641802167
0.758062700029659,0.10739329480085315,0.07291650140197274,0.040183792683950864,0.021443711083564413
0.844820891190642,0.06829881858037173,0.04342323851006188,0.028979473529153407,0.014477578189770942
0.9153252796254686,0.039349368036607275,0.021991444290864595,0.017569929197381724,0.00576397884967778
0.8824616383128844,0.054722909990507565,0.036725346842168195,0.017589444658958328,0.00850066019548144
0.8506278640048327,0.058919021573821354,0.044036895752105835,0.031328473906800665,0.015087744762439143
0.8728781797090611,0.06544588361640896,0.028799227997992657,0.022250897990205423,0.010625810686331649
0.9125574862141325,0.030189091588021837,0.03621033465641897,0.014209851061322153,0.0068332364801045415
0.8770305726547314,0.04415923215432286,0.03992436362853186,0.027442654352290752,0.01144317721012307
0.7725811888985528,0.08722013349308892,0.06453873085346537,0.05210663286272725,0.023553313892165664
0.8709404554073303,0.03644237079169234,0.04852162238361686,0.03402417581661513,0.010071375600745554
0.8976368116015214,0.05585212003678374,0.02058848972467955,0.018712883603452354,0.007209695033563078
0.9442370386740138,0.023506480273630354,0.01091122311058231,0.014638102446133864,0.006707155495639707
0.7674339959803929,0.11661844192855975,0.051212901382044054,0.044078284490107505,0.02065637621889587
0.8093423391056609,0.08008441910868354,0.04793880297711895,0.044518665534347364,0.018115773274189024
0.8307624379835071,0.0381637971136285,0.06557038019854694,0.04898394775248915,0.016519436951828347
0.8421615274167941,0.08750971911805447,0.02958904252894335,0.0305174365347376,0.010222274401470654
0.8546371026189369,0.06709847203891241,0.033476400524367865,0.031251574548993494,0.013536450268789189
0.8579232064312694,0.04254345334811832,0.043956992149727446,0.04469993410282428,0.010876413968060519
0.8975548465132742,0.0371754595239903,0.038677070228540805,0.018263190695421195,0.008329433038773605
0.9033589944951113,0.03071088301376074,0.03355805073874229,0.02295574238402532,0.009416329368360437
0.8672315849650057,0.05115112047534438,0.03558699167430287,0.03251752762304759,0.01351277526229923
0.782942464300177,0.10590203419023211,0.062353081088090595,0.03125709617071941,0.01754532425078103
0.8663736136854675,0.03466234493181787,0.05191683479650781,0.03500023378700134,0.012046972799205333
0.8627478391316452,0.047945514277677785,0.04432914264553818,0.0340348412177493,0.010942662727389483
0.8526449155257841,0.041282986899840085,0.04584537788126184,0.04567112903392908,0.014555590659184957
0.8726920386650603,0.035867107526444945,0.049237369944270165,0.03175621910462799,0.010447264759596587
0.769007105277417,0.11842794585495024,0.04473385724796117,0.04730274414316147,0.020528347476509994
0.9143301520124927,0.03814633343210794,0.021346953875781765,0.017971409986981293,0.008205150692636333
0.8872811460578431,0.054050314063795485,0.03505316135188692,0.016287457284196564,0.0073279212422782585
0.7790980710840728,0.07259015572256615,0.08405639039063009,0.04752785799328423,0.01672752480944674
0.8558300157737144,0.028660720537642664,0.07691258359610861,0.029731514614089877,0.00886516547844448
0.9215332947412007,0.022250555696954492,0.022703019022849904,0.02473606952290564,0.00877706101608914
0.8367901272900994,0.043322603499488105,0.06504144366650531,0.04133068752373562,0.013515138020171439
0.9319804160275448,0.02111621040125911,0.028962885595324894,0.013537711296899877,0.004402776678971452
0.8136482477109551,0.1017648108574701,0.04948079575384099,0.027219542160842814,0.007886603516890868
0.844816060806905,0.07683077909702186,0.035886801134052404,0.031475211635480144,0.010991147326540478
0.7584601620838264,0.08538899891206302,0.07199357512900445,0.05985360388751129,0.02430365998759509
0.8237835157841766,0.072307901401365,0.04111697506315891,0.047640199633023066,0.015151408118276538
0.9462536746300876,0.015451569150105428,0.016009819631406515,0.017167858662349347,0.005117077926050936
0.8742173688383355,0.04597724678005569,0.0356704041809241,0.032848711698557,0.011286268502127906
0.9494877652338866,0.013161018990018284,0.02053681520624543,0.013132941564465171,0.0036814590053847658
0.7578998406009108,0.04409956995304866,0.15248082658522788,0.036046172684389324,0.009473590176423404
0.6724196975487382,0.10362228287822314,0.15280624277361077,0.055844507407661476,0.015307269391766597
0.7625650225592755,0.0734431057540156,0.08775597715366022,0.055625668297957086,0.020610226235091598
0.8595692035142266,0.04390156622586414,0.05037795286046911,0.034069981325701104,0.01208129607373897
0.81724727591978,0.07066167734348228,0.057725643659782194,0.040416010162693854,0.013949392914261886
0.8206849479307693,0.049663578632144115,0.07307185276717465,0.044007435248747034,0.012572185421165
0.858166388368556,0.04476541466585829,0.06813058635032677,0.021838097368002216,0.007099513247256715
0.7601193453475823,0.09037455204529757,0.09502102641725955,0.04186732848444233,0.012617747705418103
0.8219100500353581,0.07168789058514823,0.059045745131432285,0.03241996953682495,0.01493634471123651
0.8610332631456576,0.0366139730696272,0.04262347246576351,0.04629774987116702,0.013431541447784764
0.7999340824680985,0.09431232406279362,0.052145096986720596,0.0412123471323069,0.01239614935008057
0.8783042021175678,0.04381133633796638,0.03155863579866629,0.034669323237494755,0.01165650250830495
0.8158306914603277,0.05212644177827097,0.08174853934076404,0.03675287354046356,0.013541453880173564
0.8883492658087022,0.04968597994426612,0.02640519596971479,0.026633631857269326,0.008925926420047314
0.8747302660152907,0.0438820046750597,0.03520348361231568,0.03276965134882568,0.01341459434850826
0.8969320195564199,0.041536064291030086,0.03168177690266763,0.021364527635746446,0.008485611614136265
0.7994804839824411,0.08259546076310798,0.06214879609922246,0.042378026506548316,0.013397232648680436
0.822054663876259,0.08871613266815696,0.05420293906852624,0.025713703254027165,0.009312561133030545
0.8859717498622001,0.04254825874394781,0.041555632817624484,0.0226789022036613,0.00724545637256653
0.757909657431694,0.07303907688306314,0.11669125044391447,0.03795331053773599,0.014406704703592246
0.7349220410590999,0.12994715897383557,0.07338944663023333,0.046350117695133086,0.015391235641698017
0.8838187983249169,0.03920626279784013,0.04636436240731758,0.02231823706546653,0.00829233940445873
0.8178922981810645,0.0765082554198082,0.05329645292117832,0.038408807171212034,0.013894186306737144
0.8890650998485019,0.030300716937571262,0.038816590015732594,0.03521808588196882,0.006599507316225384
0.8364289752052303,0.057781264827603894,0.06571616196352338,0.03151159276298236,0.008562005240660168
0.8071842252744741,0.09506567913450352,0.053219581884706206,0.03446241400749693,0.010068099698819095
0.7571726585179136,0.07179472187238121,0.09896731322487563,0.05514694526814134,0.016918361116688298
0.8598454203049737,0.059117697002408015,0.04641528724581581,0.027158797144492118,0.007462798302310355
0.6557622971467412,0.0987146840480153,0.1750732215087164,0.053045962010413075,0.017403835286114177
0.8513123499728786,0.056193671021375804,0.056307711676377006,0.02693692058090789,0.009249346748460768
0.8378586956529231,0.05273061908914354,0.0545318229656718,0.04071869794396096,0.01416016434830075
0.7097431253863238,0.07394676684769365,0.1455623648601562,0.05541749122528139,0.015330251680545233
0.8306423074912614,0.0535045837410955,0.06928511510836864,0.03695141903537206,0.009616574623902209
0.9355656186423896,0.0325827719539659,0.014202753862972867,0.01342273161621592,0.004226123924455455
0.904065812902771,0.03185553964429801,0.03880074397033844,0.019947795635400955,0.005330107847191652
0.8020700587819894,0.07937928377792623,0.058711824148806636,0.04603561026210954,0.013803223029168173
0.8508327135111163,0.04647147574029415,0.06454119841401268,0.029594224988498986,0.008560387346077902
0.8151893305107226,0.04060513213414743,0.10109548013045458,0.03266744772255585,0.010442609502119338
0.7637639761181375,0.07585515072880511,0.09573592820647218,0.04884400916772787,0.015800935778857276
0.7587290259303892,0.11444322352967043,0.07825564789801134,0.032935238874267726,0.015636863767661387
0.9228902941754517,0.019147952509234567,0.035574733969903134,0.017109234723129852,0.005277784622280757
0.8551716031117311,0.0543131870324445,0.04892412549102055,0.03331671796927963,0.008274366395524091
0.5576612301041093,0.15365144272892478,0.15990441458039822,0.09846484391455358,0.030318068672014135
0.7426316081916322,0.07752294010839626,0.09072784820893,0.06781337877908282,0.0213042247119587
0.7500427161075665,0.08150948469086654,0.07439217575124932,0.0769554551035213,0.017100168346796264
0.7839314818362775,0.08106195004071941,0.07000262408934191,0.050165767622606994,0.014838176411053958
0.8873110132557064,0.04033735459622544,0.03766900695623758,0.02399865871361774,0.010683966478212719
0.820839130446957,0.056291905691783904,0.07795981762249496,0.035129819483707005,0.009779326755056971
0.7578992666486509,0.06506479731870789,0.13277649785530302,0.03429117696646579,0.00996826121087234
0.8741796432925585,0.03557260471336896,0.04479348079361583,0.03603575311389712,0.009418518086559595
0.8963111395038221,0.018903016856408827,0.056241476253446596,0.0233432818004686,0.005201085585853676
0.7838476794588425,0.06996564337555024,0.09435227668850579,0.03917514491077992,0.012659255566321454
0.7775519517314528,0.033090093340106624,0.12360408997675099,0.05246741146075997,0.013286453490929774
0.7826472061106485,0.052850255553365165,0.113582796283022,0.0378459326798907,0.013073809373073833
0.7031529432245232,0.09315944645160344,0.12922851291745296,0.05636544843686879,0.01809364896955168
0.7886624024373173,0.04025406082603992,0.12836113633280666,0.0344462213854868,0.008276179018349388
0.8918183035111407,0.03420531088894788,0.04741289333171855,0.01947046954417834,0.0070930227240146105
0.8970144786631091,0.03353355795251919,0.04292311774938518,0.019960154655111587,0.006568690979875164
0.8467719946121809,0.03570676460554855,0.08591981526638924,0.02342502775639034,0.008176397759491173
0.9140021924277724,0.015717443978526768,0.04668299862372686,0.017520575414410648,0.006076789555563394
0.8335428284481671,0.07448859271139782,0.051006309348437986,0.030375111737976208,0.010587157754020842
0.8608026137469112,0.05771567817792903,0.04571454611672316,0.026468925844190635,0.009298236114245911
0.7476010468982621,0.12343375577723692,0.049141577910045545,0.060201460080148636,0.01962215933430686
0.8815385404324306,0.055726272982714375,0.03010271227780446,0.024702330085335,0.007930144221715658
0.7854998759096896,0.059140340537807284,0.08395166549004644,0.05513338558226507,0.016274732480191515
0.7177887426681372,0.07398201695304946,0.1435340564879312,0.0522661661183264,0.012429017772555683
0.8466132065470398,0.05964388823719736,0.04806850610336294,0.03374062375593075,0.011933775356468928
0.7574436030426474,0.07160589255320449,0.11658983973380986,0.03971338893704237,0.014647275733296064
0.7797270177134628,0.07426693046970329,0.10400257885242656,0.03229543741596923,0.009708035548438168
0.7068392136935081,0.07745653711241401,0.15446659906009688,0.04670867530386523,0.014528974830115532
0.7134332951908212,0.08547922478310513,0.11974977954806366,0.06267451646471552,0.018663184013294365
0.7847096614539278,0.04445632670306724,0.10728075110255265,0.049234353533523276,0.01431890720692907
0.8824971113149603,0.028151790833671118,0.05289843007558488,0.025823677027181788,0.01062899074860169
0.8159769043209363,0.05357063313148129,0.06837593588137099,0.044865449329890575,0.017211077336321195
0.6891070993036517,0.07056415959440769,0.15094615252202237,0.07346271461401455,0.01591987396590359
0.7645496898396887,0.05288288107313194,0.07307789140910145,0.0850792307840312,0.024410306894046777
0.770908534571694,0.06905808518598328,0.08772817057303944,0.0581688514460785,0.014136358223204854
0.8807546959954621,0.035236342349768426,0.05265073548859098,0.024881449960298247,0.006476776205880347
0.7196414018559438,0.0730376306374529,0.09471540237506101,0.08428928433034065,0.028316280801201615
0.7941901662309295,0.07135228921132777,0.0845026539844693,0.03895923321016099,0.010995657363112414
0.8305247020614155,0.06208537848559692,0.06296472757346872,0.03405482595814937,0.01037036592136935
0.80731471365365,0.05194486971544367,0.10249897782544047,0.02971956224247375,0.008521876562991837
0.709909819312451,0.0747494450777407,0.13690889012104793,0.05787567840400533,0.020556167084755016
0.75463040052642,0.08511797105354865,0.09170295727435862,0.05278235532827852,0.01576631581739419
0.8993634173773027,0.046664513535421316,0.025907066987752893,0.020652281041655944,0.007412721057867024
0.8140489450053451,0.045082445146875344,0.09138782870161857,0.03923917757345214,0.010241603572708749
0.8954093533029329,0.03978954707433439,0.034701085854244654,0.02280955097635606,0.007290462792132117
0.8425019654626932,0.0593261453784985,0.049096827985725455,0.038868686557001896,0.010206374616080916
0.8925837129618218,0.03512496450311009,0.04339705365509602,0.021265696218726923,0.007628572661244937
0.8491157381439821,0.04551859777899011,0.04537792804582611,0.04513233424201277,0.014855401789188863
0.8716950037396095,0.049951672222542064,0.04394705671689615,0.02683473002752064,0.007571537293431453
0.8854812082724315,0.03573731151809031,0.034569122080783186,0.03318224174837466,0.01103011638032043
0.8188873127232508,0.053154839292389705,0.08470391311361321,0.03014052932691089,0.013113405543835378
0.9216260139904505,0.02797985884239294,0.0229254069994466,0.020318635428740905,0.007150084738968898
0.9331304368502644,0.026915548192842084,0.01985748362726581,0.01438015877158645,0.005716372558041212
0.9282670083685731,0.020218291393007008,0.02086422680973677,0.023548936360158514,0.007101537068524873
0.9135009113529512,0.023499617462355394,0.030377954649896288,0.024271438868493995,0.008350077666303062
0.8809564643650359,0.042935145401980165,0.04519016224938727,0.023840970442573235,0.007077257541023189
0.760835572075024,0.10330557553695674,0.06534432501358974,0.049250176929126914,0.02126435044530251
0.7630829184064752,0.08911309178470336,0.08872705067439508,0.04174254562104643,0.017334393513379787
0.8342825353952774,0.027908485878386794,0.10701571874481847,0.02092250789332884,0.009870752088188621
0.7331938834895888,0.03956521955179061,0.16106923369002968,0.046835132338436426,0.019336530930154208
0.8261212298725354,0.0725513805177356,0.0486101917716624,0.03994676643195725,0.01277043140610928
0.7976247085536011,0.0785885044220864,0.06522666133212725,0.043675313021162336,0.014884812671022901
0.85366132362218,0.03845213778594873,0.07399622487714685,0.026707740330368577,0.00718257338435589
0.89301653834314,0.028627018320674383,0.04045072902617888,0.027173794485504364,0.010731919824502207
0.8224431952668945,0.0605923095908758,0.054576284829709415,0.04800999913577827,0.014378211176742001
0.912116823921202,0.021969199388453445,0.03767830849737144,0.021331974375575012,0.006903693817398269
0.8768242984905615,0.03703288795885965,0.049430533013325395,0.028112284204697042,0.008599996332556354
0.8464233460466895,0.0763470206953068,0.039007074926207155,0.027967650037621358,0.01025490829417542
0.8300710911128109,0.04826407172200039,0.06561348907027913,0.04356642835878245,0.012484919736127085
0.8247674630624174,0.04973715785044824,0.07575841405829772,0.03657008335194108,0.013166881676895604
0.7066515032287695,0.07528811007544793,0.14012854281902015,0.05970070694448778,0.018231136932274725
0.9075456848807376,0.03298152310293602,0.02400450538989144,0.02766485727355416,0.007803429352880771
0.8304374561896856,0.04290616748264963,0.09146660424660787,0.026528648699819708,0.008661123381237387
0.6703368651462662,0.1422085255411917,0.0868262274689193,0.07506532870380575,0.02556305313981726
0.7561938674967115,0.06457780725842015,0.10731117229268644,0.05639570262121945,0.015521450330962415
0.7821922766472563,0.08661603337876518,0.06914053125017376,0.04932985980537282,0.01272129891843194
0.8840279560021246,0.05226222065599544,0.025333100501263476,0.02800162012820466,0.010375102712412014
0.7655695145881423,0.08798952163601081,0.07185299901149941,0.05511687169520504,0.019471093069142315
0.7498577266833096,0.08365549288642322,0.0785313795107362,0.07005872184447644,0.017896679075054555
0.8397834341386579,0.06519306073092632,0.04530876511439417,0.035636950112245214,0.014077789903776653
0.9498817749657105,0.018492665229241676,0.015663631707379756,0.011039965252013366,0.004921962845654729
0.9057462210425884,0.04490788946929897,0.021293017944284478,0.01847658629605872,0.00957628524776961
0.9196240489011229,0.046701012381424024,0.013591940188028626,0.014933067932873908,0.0051499305965505525
0.8999720112887766,0.03772580672675671,0.024741662407435014,0.025094588120909016,0.012465931456122938
0.8796125521708615,0.0505431475719,0.032538766358514465,0.027137877062118124,0.010167656836605843
0.950243117525402,0.018614377226451692,0.01086622529065789,0.014304922869093264,0.005971357088394967
0.6615732472001574,0.09798471810066955,0.17750918175646865,0.040626507934781286,0.022306345007923202
0.7182093720161825,0.07955938146210029,0.15546847333841698,0.03436944371066777,0.012393329472632676
0.7805456804718344,0.07825000517880495,0.08636295820098149,0.04500767058178519,0.009833685566594022
0.846933752536583,0.06114953902023068,0.04790388348869479,0.03280582131930503,0.01120700363518649
0.844024909390982,0.07948151131678165,0.03316723402196326,0.03390573988894873,0.009420605381324403
0.8873473629508736,0.046769577210636425,0.029076534906939025,0.027347558485404978,0.009458966446146118
0.8059312228802408,0.07076078196220226,0.06142671812673371,0.04942907423855954,0.012452202792263566
0.8845503691540706,0.04260765922994856,0.03780540645531642,0.025936393780610252,0.009100171380054057
0.9146718932747084,0.03411052103698124,0.02305194453940972,0.02231573811662554,0.005849903032275093
0.7518894484883618,0.0647019437799489,0.06402637321537868,0.09791482953716288,0.02146740497914791
0.8955252882244352,0.02263342847588463,0.045821763938300016,0.027694615258662268,0.008324904102717908
0.9632704722075491,0.010673272162431266,0.015915176041696566,0.007689106885854797,0.002451972702468235
0.62661554599361,0.138402001135766,0.1512395602542374,0.06562764535013652,0.01811524726624998
0.8014357125975962,0.05753277905580564,0.10545844681578544,0.028312283278772596,0.0072607782520403
0.6604693469224703,0.07079433403465311,0.2105757879340025,0.044886025256528406,0.013274505852345403
0.7903598301914738,0.0653939836910436,0.09723370706780854,0.03333370123844011,0.013678777811233939
0.8252212360303788,0.06818786261648971,0.05636656119927279,0.03785423350215101,0.012370106651707732
0.7591588276013667,0.08944077616699031,0.08960165924124364,0.04716960401943157,0.0146291329709677
0.8822082082864307,0.04497914861532742,0.04595249610273336,0.021806207347851422,0.005053939647656916
0.9124185749570646,0.02602006939532194,0.02740020780432302,0.027269840125190792,0.006891307718099755
0.8811772083094455,0.042742377232381355,0.044121553144647004,0.02612575295044536,0.005833108363081061
0.925218220149293,0.02196479615226971,0.028964547051434954,0.018513620417905725,0.005338816229096732
0.916577993846069,0.03002296532021168,0.021189507414746074,0.02575643913270363,0.006453094286269502
0.8087330314670876,0.07001974072604629,0.05848396556344989,0.046959072404601766,0.015804189838814625
0.8990308413919431,0.026587266822144625,0.04057540825262159,0.02667997710864618,0.007126506424644625
0.7920861455003569,0.08740785908348256,0.051658118586808584,0.05494742903096112,0.013900447798390756
0.7497794264072007,0.10994860073158733,0.04707181944550848,0.06903138780285378,0.024168765612849752
0.7134849272407952,0.12700527719500593,0.059624015753972956,0.08064552097646484,0.019240258833761136
0.7127194835562894,0.08799684559265519,0.112708888435993,0.06660145225018484,0.019973330164877602
0.7675602940062979,0.0816313922674804,0.08233557919268618,0.05245241356012158,0.01602032097341388
0.7880807158479912,0.05603564380197315,0.09141207724307811,0.051586658263189485,0.012884904843767964
0.8524264868393641,0.06118745506732537,0.051928212325147875,0.02454632719516978,0.009911518572993003
0.9300902510058048,0.026956408585369705,0.02494122190260411,0.013064979107773303,0.004947139398448179
0.8934609258363412,0.05048297203365934,0.028761735318084323,0.020549994133652116,0.006744372678263153
0.8164470883954699,0.07775550290125063,0.06500960136214132,0.03138882256793562,0.009398984773202605
0.8928214224497419,0.029939004666065513,0.050760413268317074,0.021384711278337437,0.005094448337538034
0.8329960677005807,0.04287854657850504,0.08050555195011845,0.034609594176897365,0.009010239593898753
0.8751488071338924,0.04113999947798327,0.04529295249513067,0.02780567888886093,0.010612562004132449
0.887855919093613,0.03290123094300938,0.03884530866984619,0.031948318493048425,0.00844922280048284
0.8734000541351056,0.06541408137085349,0.025801630967919136,0.026599445198645214,0.008784788327476702
0.8960233709521092,0.024475041021825197,0.0477485564866668,0.024120384015205644,0.007632647524193332
0.8331067376327866,0.06122191348911743,0.06627390527100437,0.029229194145422216,0.010168249461669169
0.7600528797255812,0.09221055985276676,0.08847963282178488,0.04565589387826817,0.013601033721598894
0.8850672370135274,0.03777877671610294,0.04114843654192386,0.027035334622367173,0.008970215106078561
0.9421309729987515,0.014877554855650078,0.021675054256703987,0.016489416813615033,0.004827001075279057
0.9209312546937615,0.03692583990680507,0.021968327908096056,0.01432693727305245,0.005847640218284866
0.7792257390646795,0.08391518763252424,0.08329800395053155,0.04112136448462806,0.012439704867636634
0.8745197054386878,0.02817458340877468,0.055843790467062435,0.03156243934836696,0.009899481337108046
0.8171477160457353,0.08485790100314228,0.054163224562167024,0.03210578210684759,0.011725376282107616
0.9089519894530036,0.014309864424390289,0.05407661622208787,0.017585969908323736,0.0050755599921943825
0.7979678483858424,0.04648378186119995,0.09426688652904795,0.04924980849320531,0.01203167473070431
0.8191883478990178,0.08585381140348561,0.0418035929372571,0.04213455823070553,0.011019689529534056
0.7246817287705821,0.09229866034527684,0.10720941033440176,0.060275380708578144,0.015534819841161058
0.6205899064196739,0.1758010754535867,0.12061748853766381,0.05786908420594342,0.025122445383132196
0.8955752628173569,0.04832369491061865,0.023196220024309447,0.025496011551797027,0.0074088106959179015
0.7882104791012358,0.09478610624928566,0.0690717408275482,0.038223637532669344,0.009708036289261231
0.8976806962911296,0.031145140113632563,0.03978759979092248,0.023472975531002697,0.007913588273312958
0.7673015754004832,0.09188019732054419,0.09252652978636818,0.0391339606785833,0.009157736814021223
0.8473246687999167,0.060927708236382216,0.05134098486899485,0.030897968413774114,0.009508669680932244
0.8486997977639525,0.07470318818776665,0.0377325795656912,0.029160194814721634,0.00970423966786802
0.9084261486547361,0.029059904583761106,0.029638847203806114,0.025529471214369614,0.007345628343327052
0.8818813585857095,0.03537251104317577,0.03952093033789521,0.033877061473472254,0.009348138559747437
0.8270112582648973,0.04836277077391101,0.07625477270935502,0.037820103038175505,0.010551095213660966
0.8324530767081242,0.06225944960074373,0.05904610856939265,0.03769713598312263,0.008544229138616778
0.5759725307637928,0.09883841943872042,0.19585846225258757,0.10522352494334761,0.024107062601551522
0.7352089672249205,0.054313589861626745,0.09288703472844202,0.08690549379106827,0.030684914393942466
0.7983048007068244,0.07761949252879852,0.05346511409409635,0.05524239474132791,0.01536819792895278
0.8331730193467888,0.04416043011876633,0.07609790905861673,0.03781370232520922,0.008754939150619118
0.5298071698560339,0.1098771182161784,0.2699648508590684,0.07375663132624703,0.01659422974247222
0.8271499600254851,0.06011700821388218,0.049036175817911504,0.05273497821654318,0.010961877726178196
0.8850975587864456,0.050268489764606065,0.03240305604358357,0.02391595429111141,0.008314941114253216
0.7801490893614138,0.0818929796069549,0.08469000441325587,0.03517639045245304,0.018091536165922417
0.8810643027817645,0.05250108635389829,0.03558350468270309,0.02336787734604988,0.007483228835584345
0.8146345553600033,0.09523896239301385,0.04125815840761778,0.03912517869489764,0.00974314514446751
0.7958931824338371,0.09584480600786743,0.051405023037392694,0.04400279479682756,0.01285419372407499
0.769931263288007,0.07720893854382284,0.0931526923294437,0.04797592643814993,0.011731179400576537
0.8806212148713078,0.06055352297444331,0.026968964491838724,0.024038696223807176,0.00781760143860294
0.8185159536816855,0.05491972188850245,0.06830062478550843,0.043612777892164264,0.01465092175213946
0.7015904047434302,0.13021743475439082,0.06102909671254802,0.08202840963631305,0.025134654153317813
0.7669373150213301,0.05756189473773013,0.10565731112502422,0.052876207851542595,0.016967271264372887
0.7216451474988702,0.06729516818455039,0.13965497571432045,0.0530439243140428,0.01836078428821634
0.8449895526418019,0.048018826291893156,0.05616985439330701,0.0381385026313769,0.012683264041621227
