Delta_Power,Theta_Power,Alpha_Power,Beta_Power,Gamma_Power
0.8798893929750381,0.06083009455259967,0.03958954735966264,0.017889532079915928,0.0018014330327839124
0.9384833454841293,0.03000941430420233,0.01870580303601499,0.010945755431726064,0.0018556817439272875
0.9673492177501943,0.00764071369846005,0.016847732565613543,0.006395061962172691,0.0017672740235593273
0.9267709990559119,0.031109294075360224,0.029796481945323267,0.009655416014673535,0.0026678089087310754
0.8872776409207501,0.04351777435298734,0.029246377698479497,0.02825222309813432,0.011705983929648571
0.8134808354248942,0.11626448253866843,0.03470295536254191,0.027366778742584582,0.008184947931310964
0.7993600701376673,0.05708655106839488,0.10497981062903369,0.030406291669446955,0.008167276495457189
0.8062747047678174,0.08842469717206865,0.07628699188984604,0.02442486691015829,0.0045887392601096245
0.8863290175978512,0.044819445647915346,0.04688431512142589,0.01798701993117757,0.003980201701630067
0.7412649348668434,0.11016689926227802,0.10640599996966195,0.03524111400528706,0.006921051895929683
0.7742836378993246,0.053486376398361964,0.13806699179639545,0.029457321802387897,0.004705672103529769
0.7497838955987796,0.09883406880497066,0.10473191603552573,0.03962061349637695,0.007029506064347262
0.8151234226131918,0.1170051539390591,0.037218970630716254,0.02656770685847466,0.004084745958558109
0.7097970932490896,0.08224002121686763,0.16172306592514674,0.041041747428078486,0.005198072180817356
0.8551137930700985,0.04360107013299701,0.06910546111499995,0.02857163367648337,0.003608042005421123
0.9173788504604646,0.041954096739513065,0.028586317008282177,0.010114349959874178,0.0019663858318659075
0.9065603075040651,0.0222955212587689,0.04801407388802261,0.019656935636427425,0.0034731617127157265
0.9028821914736633,0.030352321906213345,0.046970607243764666,0.016754234119014538,0.0030406452573441484
0.8316261694953943,0.07846096014452632,0.06255152792520764,0.022016201270631707,0.005345141164240299
0.8769426851328668,0.05762531960090546,0.029604963440513863,0.026181605669925275,0.009645426155788402
0.8267891361459121,0.11259603115316884,0.021971712613289084,0.02856121988218351,0.01008190020544667
0.8967243099776607,0.0370914874838465,0.035607355104681375,0.025804838868063704,0.004772008565747712
0.8570592761476117,0.06014389247948487,0.05379899384161261,0.025537857778956025,0.00345997975233461
0.9129008553501861,0.02984272002769614,0.04246303667994324,0.012131116489491858,0.0026622714526826096
0.8884929563280135,0.04189874947189887,0.04956915262042574,0.017225650280870277,0.00281349129879191
0.8051145692985264,0.08113704385796522,0.0746130559312086,0.03450622305809426,0.004629107854205567
0.8757227390892531,0.04509517692573722,0.05473991480250539,0.021336458498752663,0.0031057106837514754
0.9358542893932793,0.023588507446577797,0.026615330560655185,0.011918494969106476,0.002023377630381306
0.8996541339009791,0.05751932081960785,0.02777318646940487,0.01218926608520876,0.0028640927247993446
0.8296444759971241,0.08234787412820652,0.051519367488610905,0.02836027929224483,0.008128003093813403
0.9010185687807266,0.06117321428977698,0.016040114684496072,0.018778594879391406,0.0029895073656087978
0.9513717533139079,0.027523233237145683,0.012176675451396234,0.00717649234547944,0.0017518456520707903
0.8250671733141175,0.08010975599377648,0.06862175320907556,0.022468612790334703,0.003732704692696275
0.9094011192093001,0.03360448658114123,0.0343241431899683,0.019521872090607562,0.0031483789289830327
0.950406363977322,0.019809306367212714,0.012878567741144204,0.012473733788946957,0.0044320281253742546
0.8039129253929989,0.1252089725562151,0.035270537209991154,0.028817142783944774,0.006790422056849957
0.917592696652066,0.03212656254031386,0.035829829996604556,0.012805749996693157,0.0016451608143225206
0.8592741220874173,0.06267522824055155,0.05348322857478031,0.021369104357620173,0.003198316739630656
0.8550784453887834,0.045426511368095474,0.06880587148912834,0.026943605253783927,0.0037455665002087595
0.9067562326199295,0.03980769565185278,0.03596146577844745,0.01543016579516959,0.002044440154600845
0.9219051135730512,0.04454452648539917,0.01778027559787514,0.01336375076914983,0.0024063335745245725
0.7046485452353601,0.11455797080557412,0.13342213281481577,0.04161286909791441,0.0057584820463354785
0.8493860875679967,0.047608138618185844,0.07920394227449573,0.020409386805562594,0.0033924447337592947
0.7600129555029426,0.07834613539507058,0.11949131910869314,0.037103571621261704,0.005046018372031997
0.8847014031772045,0.041671041090333684,0.05303201308479242,0.017804193465550122,0.0027913491821195736
0.8817358610056389,0.05060117951603225,0.04735025601514991,0.01803243122427583,0.0022802722389030526
0.6954214891758158,0.1300962478654198,0.12229538147624086,0.047261857706345084,0.004925023776178459
0.8753401722766646,0.0675416691366123,0.03864755019332479,0.015492198117781722,0.0029784102756165763
0.7948110112401106,0.09730976809997893,0.08039510347701802,0.023277687873824313,0.004206429309068216
0.9047338922500451,0.03864910982600891,0.030669990727271872,0.01879648409100505,0.007150523105669338
0.9100892496663444,0.06069143981946351,0.010494957444588927,0.012758553608962947,0.005965799460640101
0.9287429969041149,0.031343974294951164,0.023006267788964523,0.013337127802684708,0.003569633209284671
0.9656660809482721,0.015168164868231155,0.012835658675844892,0.005275512322200838,0.0010545831854509079
0.8928991582031653,0.05053974871436018,0.030475279663296256,0.022841092264954278,0.00324472115422402
0.9365672013370767,0.035176241820903294,0.013403981944974615,0.012094889331702588,0.0027576855653428764
0.6182139674814361,0.2286271243431217,0.10574716720713029,0.03946644864420416,0.007945292324108025
0.8919971197138389,0.06081224152961588,0.02462933032856591,0.019361002398108552,0.0032003060298707027
0.8415077872434351,0.09628811302491688,0.02642672832542794,0.02916500388440976,0.006612367521810191
0.7850795671791476,0.08856203635502141,0.07108526221149734,0.04708421253685949,0.008188921717474155
0.9506277482652871,0.02739013671438882,0.010909642407365644,0.009056446041766673,0.0020160265711919637
0.8925867917405536,0.05968663969544198,0.023660063118564625,0.01991940656377542,0.004147098881664213
0.8050067603427753,0.10742223119948897,0.05843747613439327,0.0259956406085563,0.003137891714786065
0.8924855930121097,0.07444413728772067,0.022664075625125513,0.008867674591230902,0.0015385194838132671
0.8302548560784053,0.0699495240551586,0.0667590309324138,0.027874356415605817,0.005162232518416384
0.9434743225001484,0.02396556321441962,0.021593011938726606,0.009613679601173167,0.001353422745532029
0.8051902373856177,0.08655027942369481,0.07146463440779154,0.03233685511097985,0.0044579936719161715
0.9386260900697218,0.022449981837464154,0.026538368592919283,0.010454867498257095,0.0019306920016377038
0.8322754161552093,0.05401737786581936,0.0900422137676553,0.02068858587307608,0.0029764063382400605
0.8407958913597658,0.07361045569511125,0.05683986140394769,0.02548211921673929,0.003271672324435798
0.9148856596034004,0.03590155495561211,0.03611227803033774,0.01093006872923684,0.0021704386814126236
0.8547647829574361,0.0634023844970398,0.04552138435397298,0.030907957714635743,0.005403490476915339
0.8970243355744688,0.0306042860468182,0.04605832504263694,0.02326514448409502,0.003047908851981155
0.8501075339349473,0.042491527703783546,0.06868138694169022,0.034441063429304405,0.0042784879902745005
0.910757766045814,0.03291623390293122,0.03952948094537859,0.014236974755079061,0.0025595443507971083
0.8472572328058665,0.07318337559123214,0.04951994516833777,0.02479741589223957,0.005242030542324254
0.8105195863272979,0.07963664156236296,0.05978572308785425,0.044669803927335536,0.005388245095149363
0.9168496991984324,0.04674965131412363,0.019723908768918517,0.014329774219054719,0.0023469664994707844
0.8959009642877689,0.046832169292839135,0.038223181482293075,0.01623991536513986,0.002803769571959113
0.9349346711619866,0.026723705308395934,0.020043545384761812,0.015214979636167573,0.0030830985086880195
0.8718778853783946,0.04723384205388932,0.059286847490587546,0.018561910596955344,0.003039514480173133
0.8317613798111017,0.06808954689891303,0.06715634820697915,0.02847167907798317,0.004521046005023053
0.8491695596700636,0.0876191249949709,0.029176990485963533,0.028544476454454626,0.005489848394547507
0.7462449066502678,0.19270044500494668,0.03245637215154089,0.02265723963427441,0.00594103655897009
0.8451661482337279,0.07508205852329364,0.05562509148265298,0.020415026045729954,0.0037116757145954915
0.9400557851882846,0.030770199116352297,0.01722023930601477,0.010242001939339683,0.0017117744500084666
0.9366335544489246,0.030689167410216746,0.014666398650436526,0.012536461417647997,0.005474418072774276
0.94252619483628,0.035343393372103266,0.007349919551963348,0.010109956175661686,0.004670536063991458
0.8744071655404547,0.07316289385820286,0.025539306781183203,0.019611211091633485,0.0072794227285255695
0.8673962514528452,0.04914123714105913,0.04673628494670263,0.030628322159369916,0.006097904300022844
0.8639179480939662,0.09756048292600614,0.01670492106989456,0.0187695161537557,0.003047131756377498
0.8514099742123175,0.0777791609919543,0.040453049561437804,0.024640041556451893,0.005717773677838404
0.9248070540332393,0.03279009210315466,0.02174756376847686,0.016926349123784924,0.0037289409713443396
0.9404774917730478,0.029045755449294473,0.013927889353089832,0.01260048956367483,0.003948373860892941
0.8913931054445351,0.05166937869737362,0.03399640078829465,0.019759672964388617,0.003181442105408078
0.9125942266760316,0.03750956116548772,0.029675747685663893,0.017734249553324696,0.002486214919492181
0.9049501264917245,0.02474645545529544,0.04586069998278259,0.02106477811277539,0.0033779399574219732
0.8531309979025437,0.05560488510922228,0.06280804467225787,0.02305602988964831,0.005400042426327866
0.8351748295566657,0.08394375217635634,0.06154509662490587,0.015954743676461096,0.003381577965611063
0.8099373087882693,0.07813683718501352,0.07345080048257535,0.03286504472816376,0.005610008815978091
0.8041111451654748,0.12113078643265196,0.04782320867518233,0.023247567977698932,0.0036872917489921583
0.8513609468421771,0.0672145607295186,0.04893385320619565,0.02704692098153171,0.005443718240577108
0.9113936881749611,0.03726749918417035,0.030003612643146205,0.018415763187290723,0.0029194368104317387
0.8033467813777413,0.10468533265812725,0.0615622640609717,0.026023566004085792,0.004382055899073889
0.7697122507473239,0.12595263152810635,0.05517799954613231,0.041889909020001524,0.007267209158436091
0.8202484512765859,0.08637527082566669,0.0635135791263522,0.025079572652305804,0.0047831261190896136
0.8768701173353529,0.036007125213653124,0.06540523409092605,0.01808377192105414,0.0036337514390138866
0.9128005632697327,0.03262307305302017,0.04038911962998576,0.012713372762573899,0.0014738712846873712
0.8936845867679614,0.04660107823228567,0.04245640830282336,0.014508807451358212,0.00274911924557141
0.8725602221624742,0.06528906410542022,0.04400518704055343,0.014860016725011216,0.003285509966540845
0.9536659945733341,0.021580590523445013,0.016525640039921196,0.00683547723976944,0.0013922976235301511
0.8135283532163602,0.10431378614063626,0.049774835219540875,0.024895813704307133,0.007487211719155833
0.9448384868317709,0.031600955905761424,0.01334589619261835,0.00840978329238182,0.0018048777774674746
0.8985067839077814,0.03936418529995304,0.04211276709367806,0.016617226143303878,0.0033990375552837215
0.769268112291138,0.15718557858781518,0.04101535684725392,0.027028685151407512,0.005502267122385514
0.7922380999270418,0.12184681102269211,0.05322528367291763,0.027060003220483433,0.005629802156865079
0.8152057034574054,0.07269541825713996,0.0675595180035538,0.038387385158259686,0.0061519751236411135
0.9440358329451393,0.023349935965916224,0.018772794773233802,0.011845954285765271,0.001995482029945503
0.9120249540262376,0.053099664119269634,0.022045238706088786,0.011071427060964019,0.0017587160874397891
0.7003073434880788,0.1274313563811344,0.12308435796237671,0.042155334625780486,0.007021607542629595
0.8027995323084859,0.0792780045099156,0.08906426090603468,0.023204798674566717,0.005653403600997084
0.6238925083148447,0.18449909311031923,0.12146477603169781,0.05941863354980977,0.010724988993328504
0.8117169520723508,0.07409498709291185,0.07885987550556073,0.030612310674210885,0.004715874654965923
0.7766150339371609,0.12430319650569928,0.0663405831452038,0.02719197959840951,0.005549206813526392
0.8907367426286243,0.04867982044604267,0.046941074023365184,0.011245169442561409,0.0023971934594064375
0.8342052262964045,0.08574539924852648,0.05559389654458995,0.020456906831772547,0.003998571078706495
0.894671191372837,0.02824395368846941,0.0592722722258238,0.01562912492457723,0.002183457788292606
0.865694940657589,0.03412848819379505,0.07856080160294872,0.017883056290573737,0.0037327132550935074
0.8849910684254275,0.02195584370864732,0.06746963952185592,0.02226512816788905,0.003318320176180196
0.7642770040317308,0.0963328708346433,0.10334085015571252,0.030623372427049503,0.005425902550863698
0.8470357755789146,0.09202637280208825,0.04452161167725763,0.013918205764533596,0.0024980341772058877
0.7153831216762018,0.12744491146837916,0.10670606481740966,0.044648715294978894,0.005817186743030572
0.8312030576487737,0.04111322534226563,0.10159774434406142,0.021768908436019346,0.004317064228879771
0.8418237615555372,0.05454524326705814,0.07508887158558038,0.0243091145469339,0.004233009044890258
0.8628580883873836,0.04750992959834185,0.06329794000541093,0.02281881730489301,0.0035152247039704856
0.92982490492755,0.02952113032194328,0.02864261213299183,0.010120540865137174,0.0018908117523778207
0.8196333776680247,0.08328979763192121,0.06898197857161348,0.02291566138859988,0.00517918473984078
0.8245240227019929,0.08506727234817871,0.06280093355129804,0.02385819940209162,0.0037495719964387255
0.9245231120999644,0.026551737358494577,0.038055454464987336,0.008606632900306879,0.0022630631762466332
0.8689472291454065,0.06635973391431088,0.04032849464918824,0.02110952233023951,0.0032550199608549443
0.8687103381114696,0.04175850325194329,0.06487300009999628,0.02086831956048487,0.003789838976105862
0.8213389649692366,0.05901722999680983,0.08204794697661322,0.03277389682809957,0.004821961229240806
0.8800505246238172,0.041610246983085526,0.055248920800208316,0.019987114669489357,0.003103192923399517
0.8736706073833346,0.04823430943650507,0.0498538745050673,0.023978192291391413,0.004263016383701674
0.8901715939474363,0.03869762541971257,0.0417530472685846,0.023249574151245886,0.006128159213020795
0.9253182838886737,0.027035211521441574,0.03542733695539127,0.010143481250835591,0.0020756863836576566
0.8294688545183394,0.10427477658501114,0.040412434696610634,0.021990193823485348,0.003853740376553584
0.8454092647869601,0.0712540983031971,0.04839549597590893,0.028696969173603416,0.006244171760330552
0.9034557261476053,0.04805590147232475,0.02997738269016272,0.015748332285752866,0.0027626574041542504
0.8247849711679309,0.08359002972030316,0.06450597100878763,0.022499948260060958,0.004619079842917293
0.9367281495857971,0.02402742174581519,0.025541965094322567,0.011852397433608242,0.0018500661404568847
0.8622224458890467,0.054997528445026846,0.05447662414443534,0.02462225782124967,0.0036811437002412903
0.8863862632040514,0.04204480295154137,0.0517470668701361,0.016794631513454707,0.0030272354608163695
0.8616807487580372,0.050844077569154135,0.06735198105527117,0.017627452367850144,0.0024957402496872854
0.8005754299814758,0.06926727953142436,0.0914723704691458,0.03333402838319167,0.005350891634762554
0.8406479519381382,0.05827474653089302,0.07185254801157046,0.02542083703581075,0.00380391648358762
0.8791287446692747,0.04979306625495853,0.054258123610036714,0.014324468302574384,0.002495597163155866
0.9142527474257869,0.03270924745354858,0.036374829646490234,0.014810977117415271,0.0018521983567591322
0.820310985643858,0.056412971285944274,0.09007555757400737,0.02886322058942016,0.004337264906770355
0.8766634611279087,0.051847236123710616,0.05298132140511018,0.015606163935538932,0.0029018174077316285
0.9153539122130607,0.01919949695190275,0.04853339304651337,0.013310351362749683,0.003602846425773367
0.8594418640458018,0.07776514977240571,0.037976388751375684,0.0216481161276735,0.0031684813027435684
0.93566989597732,0.027945110713676505,0.024808385562240177,0.009377354002064728,0.0021992537446987783
0.8179897606358397,0.06685173572528483,0.0860186598835016,0.024205966234117113,0.004933877521256664
0.8770049081972764,0.05302335914890619,0.04612370003882187,0.020068673173267052,0.0037793594417283335
0.8816339640944016,0.03744808783338734,0.0598671931536173,0.018185451850951894,0.0028653030676419056
0.9164494197278376,0.048301111310728256,0.02500317484006372,0.00873969032719634,0.001506603794174065
0.9181583009236466,0.03165896379002903,0.030210271758781833,0.01748138730450511,0.0024910762230375087
0.8726352009978776,0.05434005692581972,0.04957547443639008,0.020183263984201456,0.0032660036557110523
0.9363605711305422,0.023623311041562203,0.028134317709640946,0.010181556075176783,0.0017002440430777229
0.8608133747259815,0.048497342255833915,0.06383252700100728,0.02320096967477159,0.0036557863424056796
0.8401506371961104,0.04694859876505109,0.08106109839576682,0.028270464006950727,0.003569201636121069
0.8017996706169804,0.07306884715494111,0.08478400209806224,0.03534628727903173,0.005001192850984305
0.879764463757486,0.055739219778593946,0.04150954079395888,0.01990310652761812,0.003083669142343327
0.9416731688111855,0.023302074493084374,0.022014357615615415,0.010817089990764138,0.002193309089350536
0.8795303653562473,0.046679428970014626,0.05128949478240526,0.01849189263293961,0.004008818258393161
0.6836676120834135,0.09591328736858283,0.15205229291803998,0.061266934226299266,0.007099873403664244
0.8901568192124619,0.038327254125237686,0.04778011301301012,0.02001824409396349,0.003717569555326818
0.8059896518716336,0.08597274386621284,0.07001945089879338,0.03234298453770715,0.005675168825652823
0.8194845915991713,0.061464530223986714,0.08553984721630686,0.029698501290320128,0.003812529670214804
0.8267291560213935,0.060150340852407135,0.08244104887913267,0.025747668216138043,0.004931786030928755
0.9264613890615037,0.027479065841774616,0.03136181759279488,0.01246194396916765,0.0022357835347590915
0.9375648867682533,0.024924373005591124,0.024215197539921553,0.011778294098462197,0.0015172485877717765
0.759454468728657,0.09615789741900574,0.09323531936775732,0.04454593889645563,0.006606375588124317
0.9154510474664148,0.04521527651535239,0.027293103401159837,0.01034010962824818,0.0017004629888249536
0.7366786889640743,0.10669869100964022,0.11532176153216178,0.03652924885498715,0.004771609639136602
0.8746859645144034,0.05148153031192829,0.05077702628366728,0.01903761893078662,0.00401785995921438
0.8633180014029891,0.052284049747602514,0.06382910546893848,0.017532742698735865,0.003036100681734048
0.929713094965547,0.023606060721800225,0.02778613621782894,0.014910246294592214,0.0039844618002316855
0.8552971014138288,0.04923232542969828,0.06562244068382873,0.025286957146532046,0.004561175326112014
0.8421291514516075,0.051413774168558635,0.07273063946667613,0.0278853302699749,0.005841104643182891
0.7844674136567042,0.10256832045328373,0.07076495086818961,0.03587947799118694,0.006319837030635221
0.8780217120622877,0.04643421572679325,0.05435388696606346,0.01728494253756654,0.0039052427072890097
0.7674461901531375,0.11909051937436828,0.0710127532268039,0.03650209901032859,0.005948438235361749
0.787713424792887,0.10239841351350797,0.07853532779065049,0.02670058651531036,0.004652247387644245
0.7588463332851336,0.11154767186389894,0.09224982762321153,0.029617818409074237,0.007738348818681604
0.8670936940855518,0.03754800604468402,0.06960362032554951,0.021652622783037513,0.004102056761177032
0.8875247292626917,0.0358247142922964,0.0578983889926445,0.0162086540360889,0.002543513416278411
0.7988216260629972,0.06625448648612552,0.09836330550026294,0.03183124661225364,0.004729335338360415
0.8666585543486416,0.05711533518783265,0.05192634401865994,0.020640964668731016,0.003658801776134811
0.8299477173006367,0.07367872796846273,0.07264189080259446,0.02059706696057531,0.0031345969677305805
0.8875731041877959,0.03878996271524706,0.0537453890266963,0.017315044885360828,0.002576499184899808
0.8796446604768339,0.03757442758012745,0.053573391632541954,0.025595545812307306,0.0036119744981894177
0.8262116447444321,0.077123031335345,0.061978795553272834,0.02873670718385598,0.005949821183094056
0.8953276591070837,0.04528292135857304,0.03947586667379862,0.01686430925538078,0.0030492436051638393
0.9135300500440483,0.028491149553725607,0.04281837213233831,0.013330870137396162,0.00182955813249161
0.8916044129884552,0.03923627739691821,0.036088877771230155,0.02921386121832504,0.0038565706250713876
0.844206462126768,0.08715281641436336,0.042031503822565694,0.022149088405233525,0.004460129231069578
0.7257167551226936,0.11440647472747703,0.09550308124400182,0.05671213468273498,0.007661554223092449
0.833013185902086,0.04659037226376363,0.08604483353035902,0.03037046226590536,0.003981146037885998
0.7436280705963442,0.07733745953611752,0.1263187769949262,0.04803732065167568,0.004678372220936308
0.8637920659041867,0.06118556869151991,0.04841674333312491,0.02314202863062197,0.0034635934405463963
0.9049207066204658,0.048783845858575,0.02906736281463731,0.014633146706726404,0.0025949379995954588
0.9007314094259941,0.041085447777822394,0.02918435346808712,0.02551736509465755,0.003481424233438898
0.8431846309043288,0.052571507380452354,0.06318070466305038,0.035357883869559494,0.005705273182609042
0.8312061080258749,0.06467063335207543,0.07576127710149466,0.024873613080282752,0.0034883684402721824
0.5422738735248026,0.06603047605685496,0.03934062574945091,0.1263438302405846,0.2260111944283069
0.7477362228924496,0.04815351067495938,0.018891550180185988,0.07888436475292844,0.10633435149947666
0.9302385315870404,0.032587993187982715,0.02540699771592709,0.010182004613642635,0.0015844728954070245
0.8728335656046801,0.08046634486823039,0.029158085793470477,0.014452951919987616,0.0030890518136314584
0.8765563928685457,0.047931317954926445,0.05158998366504202,0.019188588234530946,0.004733717276954934
0.7585479248976328,0.07898667263262729,0.1196838060692645,0.03695579609669235,0.005825800303783073
0.9222626613675878,0.028758015034422872,0.03374638929775391,0.012569721586948189,0.0026632127132874203
0.9175189569979816,0.03258655810753954,0.037298494658032935,0.010525966621506339,0.0020700236149397548
0.8399439856417381,0.05995405994157443,0.06725872337485266,0.029515767912326487,0.0033274631295081283
0.8646729869424534,0.04455169171422396,0.071638105913905,0.01652146131338551,0.0026157541160322477
0.9211086169945265,0.03092859781223203,0.03454547667520201,0.011527087753976805,0.001890220764062737
0.8971678989566767,0.049988065296637296,0.03960347334756713,0.011129785303116273,0.002110777096002693
0.8211090539356461,0.053439164387923316,0.09019001520795797,0.028611668117678984,0.006650098350793636
0.7761645676092842,0.08923612133083521,0.10006629212687965,0.029862916576336225,0.004670102356664429
0.7318142408467052,0.10371285377307034,0.12438407040598923,0.034479476945624775,0.005609358028610249
0.8346193056603904,0.05787642294435915,0.08018165863332939,0.023434054883303503,0.0038885578786175975
0.8839085113185331,0.038260740697815175,0.06059853081997029,0.014367905991981579,0.002864311171699814
0.8985504325293463,0.020900612018177955,0.0537189001294398,0.02305983051654579,0.003770224806490141
0.8412840058048975,0.03960589603712409,0.0886171611067054,0.025799534637261534,0.004693402414011492
0.8127040186762583,0.05221221551064885,0.09982050263835994,0.030366363960013337,0.004896899214719386
0.7176978318920535,0.12849049456306297,0.1103251650102117,0.03760303867837455,0.005883469856297262
0.8833661711973829,0.045618305265414195,0.053384946243755865,0.01503632070766998,0.002594256585776918
0.8868140875159918,0.041251345116267664,0.052055883036878414,0.01700648071706984,0.0028722036137922053
0.8714988342235276,0.04479430671559875,0.056130100450076006,0.024182883844421143,0.0033938747663765554
0.8514048566452871,0.050539912147855866,0.06794105243203359,0.02744055399257983,0.0026736247822433034
0.7874233028039747,0.10415142115644703,0.05854934159016725,0.04179082833620372,0.008085106113207514
0.8990799579218844,0.05524214605410718,0.027641128895351294,0.014861270566592064,0.003175496562065147
0.9271831910471061,0.040415755323554174,0.01794965904229002,0.012110581762823933,0.0023408128242256156
0.9166632165887257,0.030265299479979895,0.03536423987652811,0.015387342143404165,0.0023199019113620566
0.823723247654286,0.060181712830125515,0.07764301348335725,0.03459551002225601,0.0038565160099751977
0.9077801688121953,0.04083646126638068,0.03355256564224768,0.015373116077005073,0.0024576882021713027
0.9142680972253155,0.022853995020962477,0.045709504731820255,0.014833326140257985,0.002335076881643822
0.9430421510249541,0.02165441492107612,0.02515916502207629,0.00892740381805206,0.001216865213841314
0.8122359337831293,0.06519642521730325,0.09709086372931972,0.02264631463600233,0.002830462634245361
0.9213139516211877,0.035480324867713305,0.031519382487173224,0.010210329723416957,0.001476011300509049
0.8157468213789726,0.09249634628898043,0.06712459315736095,0.021110805020420682,0.0035214341542654636
0.8427911733761558,0.04524502285018712,0.07784563832245256,0.028793890858516382,0.005324274592687793
0.8493062396249642,0.07239463166473638,0.05150005236326491,0.022239936198365156,0.004559140148669237
0.857751916189203,0.053837581301309216,0.06422780901572063,0.020233818551658615,0.003948874942108531
0.8420974514169033,0.0858424569730398,0.04999266204059521,0.019570943747129713,0.0024964858223322298
0.8693664564923058,0.02990933741502564,0.07511554639455438,0.02200095637594049,0.0036077033221737992
0.8478933044871091,0.06190320285330557,0.06019979993159947,0.026414731006571168,0.0035889617214145417
0.8589012302165616,0.06154237251371226,0.059063094984050504,0.017505239935773007,0.0029880623499028863
0.9012233987838895,0.044860982006870234,0.0396320751214945,0.012769762369394167,0.0015137817183518173
0.7376714899106029,0.057255017871570474,0.15840614273648498,0.040512518558292965,0.006154830923048791
0.6374493399445399,0.11676214875330383,0.186904817950603,0.05212211464620923,0.006761578705344079
0.7598509401270764,0.08271854782930986,0.11494676210827634,0.03680608767822739,0.005677662257110064
0.8379433901104457,0.03212184018993369,0.0973321189489294,0.02795180858144587,0.004650842169245126
0.8361658650978634,0.05818717618163016,0.07444684547823706,0.02720500336189666,0.003995109880372724
0.9174282696129422,0.04220862581409211,0.022179516114322284,0.015291665193367141,0.0028919232652763567
0.8601758622095428,0.060985940946325104,0.05441943727902961,0.01952555717302991,0.004893202392072256
0.8339562192507906,0.06068770621860899,0.07140435049194836,0.02913602273321114,0.00481570130544098
0.785914330515562,0.09527429195952052,0.08541541873326576,0.028858835349112506,0.004537123442539422
0.8812077300005371,0.06440810149240325,0.0329023044526234,0.016495743656515176,0.0049861203979210175
0.9478699346516369,0.023785164375686015,0.017362204758820596,0.0091300331418275,0.0018526630720289501
0.931869472225806,0.017654004749113987,0.03683913006615934,0.01209162554737556,0.0015457674115454101
0.8407812688599583,0.07789222522367746,0.054549144739456185,0.02363251767703468,0.0031448434998732713
0.8596530394500673,0.08136492835894335,0.035062581764541204,0.019553684763139276,0.004365765663308739
0.6882230772275237,0.09707906840875286,0.14922317898314907,0.05639713400402649,0.009077541376547755
0.7640368549760389,0.05988524692418174,0.13053714192318142,0.03793528126643962,0.007605474910158218
0.9021856934818132,0.052481845692619676,0.030801899082626198,0.012150431423990986,0.002380130318950025
0.8911175627627067,0.04978487434297871,0.04212552549174727,0.014558844502115352,0.002413192900451782
0.6892436109602728,0.05936494625087258,0.05163535845993203,0.08793859050769302,0.11181749382122966
0.8495430194322456,0.06183047120318085,0.02461393823927432,0.027409496040806766,0.036603075084492454
0.8890649466515883,0.04838587506540345,0.04088405954694158,0.017610186278776016,0.0040549324572906114
0.7988768121674512,0.12518599629730162,0.051763305035199034,0.020098718198937826,0.004075168301110305
0.7863292109761024,0.08266350554157431,0.09213315163222618,0.033930889317238346,0.004943242532858709
0.9250071050388554,0.041435712079403345,0.020607842624226495,0.011193838824126114,0.0017555014333884415
0.7107199207986334,0.14772376275272922,0.10450739151435556,0.030437173069603682,0.006611751864678041
0.8841286634209297,0.042926477850027775,0.04351640361557897,0.02386069272049473,0.005567762392968825
0.718306615186022,0.1159207294278411,0.11763921099790743,0.040642036286989966,0.007491408101239477
0.886826852697172,0.03894227443712483,0.055280215903158174,0.01668295553867019,0.0022677014238747014
0.78993343894234,0.09687141111989125,0.07979282443599094,0.027550784708874114,0.005851540792903499
0.8108970058146372,0.050318877920244184,0.09265886000411798,0.03936954878637583,0.006755707474624857
0.8809824323540668,0.049021571336975045,0.047516078127339,0.019592623842900152,0.0028872943387191286
0.9387137563313767,0.035474000594156396,0.015724140325442042,0.008561294947161254,0.0015268078018636857
0.9274204075105849,0.03703357799430338,0.021916074587294016,0.011235760772230681,0.0023941791355869715
0.8617231383170065,0.06689194453143239,0.05130620972306222,0.017087946936668732,0.0029907604918299113
0.8158033448270031,0.07554615611045262,0.08073868627989626,0.02385232371106499,0.004059489071582828
0.8088443777555364,0.06589902690998518,0.0937400768541123,0.026336981082673593,0.0051795373976925
0.8653540186729742,0.0674519415700947,0.04225467705523486,0.021152676404952785,0.003786686296743437
0.8084663002905534,0.07759861790280818,0.08119107691987655,0.028464434160748026,0.0042795707260139485
0.8140811736983523,0.09001898827191827,0.07385705872464958,0.018972122910487402,0.003070656394592472
0.8544283946940912,0.0723040873766407,0.05298296818286854,0.016216879219256648,0.004067670527143142
0.8850155610687558,0.03566845831134758,0.053838860605245294,0.021326001336667372,0.004151118677984015
0.8097168197936172,0.09655761345976463,0.06191376081811293,0.027161569309051115,0.004650236619454303
0.8282535857667193,0.0569647892346513,0.0732356501444673,0.03502171635043041,0.0065242585037318815
0.8448507352220412,0.047364458725662945,0.08123410933534544,0.022107582021091223,0.004443114695859317
0.8288094303782673,0.08505254578747597,0.061792739519254625,0.021331712310232776,0.0030135720047693216
0.8998770616288542,0.048985868413050214,0.03387233439609117,0.014653559267035514,0.0026111762949687423
0.7906775811033989,0.10124338639019743,0.07763259265452974,0.025554585097944185,0.004891854753929539
0.8732793294745521,0.07492081681543684,0.03241585379920428,0.015487103959703359,0.003896895951103449
0.9263286776242354,0.02540456632932521,0.030459864211571264,0.014252453590129771,0.0035544382447382054
0.7314785900526776,0.14362706940011224,0.08930376018436728,0.031867694224843805,0.0037228861379989733
0.7704849989082982,0.1271717378390948,0.07135835087841136,0.025171500002651365,0.005813412371544384
0.8742535769548759,0.06531036418254409,0.0377739626836154,0.0193846598052973,0.00327743637366718
0.8843288795967218,0.03055256430649304,0.05453312872627299,0.026098013682969785,0.004487413687542448
0.8792151617326753,0.03506955156070164,0.058539653858440045,0.023119030477654668,0.004056602370528457
0.7746299154544365,0.10884962143051537,0.0849415294989476,0.027632844122080863,0.003946089494019698
0.8284291972800987,0.06054631934452385,0.08049898323964692,0.026889521865480735,0.003635978270249618
0.6856500229947193,0.1133089127279757,0.1541041040500147,0.03693407580706546,0.01000288442022493
0.8555756531662346,0.078537756568009,0.046134220014673696,0.01707012800305745,0.002682242248025193
0.8152367169641418,0.08406612022764426,0.07486484635835494,0.02082746897263497,0.005004847477223786
0.9040230019647676,0.03771253707570364,0.04102861263844792,0.014725469867521754,0.002510378453559077
0.9112135304698749,0.041190852168854285,0.03310175437355731,0.012523813959754288,0.001970049027959265
0.9326361542942307,0.026475068747208154,0.027395528002430117,0.012121636813717444,0.0013716121424135837
0.7764786891260107,0.05006384678061348,0.1406435664631415,0.027948860136075337,0.004865037494158953
0.8300545215974019,0.08973959863565213,0.04827210229847148,0.026174822812257973,0.005758954656216521
0.8013100070450492,0.09297134255449784,0.07599942092977373,0.025351570591408284,0.004367658879271015
0.9555974113092788,0.016027933681634205,0.020315800521339376,0.006455474723951321,0.001603379763796258
0.8775542506236059,0.041008164044027275,0.05442491348124062,0.02406719648239841,0.002945475368727909
0.8451567830662896,0.06399788060727321,0.05816790878873493,0.02765638460100899,0.005021042936693138
0.8174336862475813,0.09437297096074004,0.06313067169551026,0.021136593314576377,0.003926077781591883
0.8259414730131388,0.05560521238031015,0.07932702489597744,0.03437425994143536,0.004752029769138197
0.8336504367594187,0.09280685820014566,0.044192905362668816,0.025331755621267472,0.004018044056499426
0.603009696211325,0.1191074858671868,0.19069378216282953,0.07565507437350445,0.011533961385153894
0.8971677236306278,0.041849059926740415,0.04598839259389415,0.012951724850740332,0.0020430989979974543
0.8484894189187482,0.08893234070862042,0.04071308699484004,0.017732604771168548,0.004132548606622936
0.9000594011561545,0.05565139605209618,0.026751846244355344,0.0140385188652065,0.003498837682187565
0.9504935970687998,0.0305695831595936,0.008529501159946964,0.008576987291810811,0.001830331319848771
0.895855998031812,0.05335654214030515,0.026301772673941338,0.0204459867692045,0.004039700384737139
0.9107059303772914,0.04818929346978718,0.027218238022442172,0.011852226033448338,0.0020343120970311413
0.9037796743604106,0.04261306750867089,0.04118074989720019,0.010554543140422153,0.0018719650932961611
0.773468639275077,0.11152217370192218,0.0624393812879066,0.04620092253782173,0.006368883197272379
0.8229541963240452,0.11549441635998707,0.020882190991376347,0.03335137112880506,0.007317825195785992
0.8769314480114436,0.046704756997478156,0.048655490775955504,0.023665932650251874,0.004042371564871025
0.8395926729103652,0.08207920495735815,0.046440523064349204,0.026817712522524666,0.005069886545402719
0.9036316594334296,0.038770675459427084,0.03512843752932479,0.01818598919099109,0.0042832383868274876
0.9009623960095638,0.042418406600324275,0.03587995622776175,0.017060598270125467,0.0036786428922248263
0.8885605344847705,0.03882491473899342,0.054230892006288424,0.015541114583817376,0.0028425441861301215
0.9031683447069859,0.03607339134746758,0.045477732633352655,0.0120726173204961,0.003207913991697754
0.7927760094179434,0.09011493423682229,0.08432854670418863,0.026565926619523686,0.0062145830215221565
0.8828961072934126,0.05857541303791197,0.030499911785339156,0.023899941434401054,0.004128626448935317
0.9060336297812265,0.05398543025145924,0.025250941929972983,0.01227330357096219,0.002456694466379049
0.9304177061401366,0.02510094861959345,0.02878925932245527,0.013269782387518966,0.002422303530295496
0.8099809650149178,0.1125665992082442,0.0524891933914667,0.02107783650431118,0.0038854058810600285
0.91747753625304,0.04322808680089202,0.023344843259213217,0.012820339102998535,0.0031291945838560417
0.814063551213293,0.09587285998524071,0.050509276841659546,0.03184137694615578,0.007712935013650893
0.9600919776087882,0.01113195501164021,0.01892197074689763,0.008242484072111325,0.0016116125605625854
0.8484111320040214,0.0835470142620809,0.0400493316416998,0.023588305561507567,0.004404216530689984
0.8956475353279715,0.056397650650897926,0.028200189578226734,0.016496379824899196,0.003258244618004614
0.9113635692819164,0.03630370505747755,0.01690954887098113,0.029428932455538605,0.005994244334086199
0.933304201647298,0.022930842565238353,0.027638252957193462,0.013444026804616727,0.002682676025653191
0.90842666440998,0.06411985676843522,0.014509594183332199,0.010383908495595584,0.002559976142657058
0.8916019672005292,0.05075198996384187,0.02958487729859824,0.022363615707577517,0.0056975498294531655
0.5558812024010303,0.21967825990736692,0.05741419655864538,0.10635529750066249,0.06067104363229499
0.6033471755242522,0.10551111543314379,0.03568686486044388,0.12060378360865621,0.1348510605735039
0.8755878385291233,0.04703883253506165,0.021421487386853424,0.029769981632896965,0.026181859916064563
0.685195735838197,0.12684601745982477,0.06389517575103151,0.07859989151834866,0.045463179432597874
0.6984195809288984,0.13527911786422941,0.08084178506207322,0.05423311723410019,0.031226398910698713
0.849212325858115,0.05441412227383682,0.06874267731398008,0.02084027869252431,0.006790595861543573
0.854839589438566,0.0996259086732298,0.026284485199749748,0.015721072614677138,0.003528944073777194
0.8863906774399588,0.07500891186447596,0.01974467870384762,0.015870503495561208,0.002985228496156552
0.6401011313946183,0.2248304123551326,0.0706037461745289,0.05167062609624209,0.012794083979478043
0.9013711053320013,0.047686446803666065,0.02836426052414254,0.017565273887484332,0.005012913452705624
0.8613638889265222,0.06954559084336126,0.04516670155306599,0.020344510096357033,0.003579308580693593
0.8478521527059042,0.07882998267064806,0.049512928229292125,0.019320562915175036,0.004484373478980664
0.7743776557096016,0.1408587453558401,0.056876681300222616,0.025169723592901004,0.0027171940414346452
0.8193260342702247,0.06876619274308163,0.0769906481388285,0.030228216362289683,0.004688908485575517
0.8881228703544964,0.03596215949985036,0.046047050775875786,0.02621653082503176,0.003651388544745577
0.8000761363995333,0.06242931105452252,0.09182114114364279,0.03963189026997607,0.006041521132325237
0.8471871914569161,0.0593407960432134,0.06426043641961737,0.02478697964231834,0.004424596437934825
0.908364906568103,0.04227049305324374,0.032461907898050174,0.014790154373141885,0.002112538107461497
0.8012862626772078,0.09163556192800112,0.0764205570704667,0.026412333380987304,0.004245284943337198
0.8897482340332189,0.04106515204937741,0.05095744636110256,0.015601996281129089,0.0026271712751720737
0.8291945094957334,0.06771845395584417,0.07039770413703796,0.027963832922488434,0.0047254994888962
0.7925746611782197,0.08572452154594316,0.08694888657151495,0.03017890267408593,0.004573028030236333
0.8468482218579221,0.06709386030417071,0.0618922405606867,0.020616163994358776,0.0035495132828619637
0.9166530345106259,0.03360317913912394,0.030903417432374305,0.0159356998562865,0.0029046690615892224
0.9070940375480101,0.03751427692187975,0.03810292250871199,0.01429534818286397,0.0029934148385339604
0.796918967186376,0.1363733873127712,0.034275646246669275,0.026627681566861038,0.00580431768732241
0.825208707732168,0.10395573534793914,0.03326756160833432,0.03260600701602125,0.004961988295537178
0.7534682761546023,0.1227374944361373,0.05279922645665486,0.06232721378182933,0.008667789170776152
0.9318089333948701,0.0382983172609961,0.010719680002585613,0.014505262793048574,0.004667806548499607
0.8919251069908276,0.0664173821357197,0.0184603765753912,0.01994621899030755,0.003250915307754091
0.9361151360821484,0.030609418622285924,0.01823174072579089,0.012812701155154331,0.0022310034146204275
0.9021040754052244,0.0401824005019886,0.03989942441874914,0.014389033788154577,0.0034250658858830173
0.8188156368097302,0.0765789776217504,0.07137991162803925,0.028493823370337568,0.004731650570142631
0.808676111802535,0.11364192960285507,0.0415856460790668,0.031122167835106494,0.004974144680436841
0.8605201857825263,0.07242720205342157,0.04039832745013001,0.023253509467092266,0.003400775246829757
