Delta_Power,Theta_Power,Alpha_Power,Beta_Power,Gamma_Power
0.8734687900241423,0.05573647214776366,0.024004927481745254,0.04107947914496636,0.005710331201382463
0.8548754729933158,0.07326700562907035,0.020784501308544753,0.04509785790639051,0.0059751621626786345
0.875604769618775,0.056168721787897044,0.031895609697081745,0.02907466382126528,0.007256235074980568
0.9299859450167093,0.03199095287555664,0.013855053164262839,0.019762311437300128,0.004405737506171245
0.8870916389127934,0.05020872341227152,0.02231148060860896,0.03295291513581194,0.007435241930514583
0.8736349203688919,0.06224188853389387,0.027479465701066137,0.03229597226043192,0.0043477531357160966
0.9473705126852177,0.02156072519288168,0.011957987945256932,0.01654834224066162,0.0025624319359822834
0.941115875634845,0.0213014136502671,0.0185339526339917,0.016816165821627056,0.0022325922592691507
0.9293598701492733,0.025242675654013384,0.017860215284444814,0.023748269282052335,0.0037889696302160435
0.930443909894994,0.03462597366037584,0.01291006565509907,0.01841733922094527,0.0036027115685857048
0.8776316727196938,0.07865410998882924,0.01773064456431832,0.021594661821707408,0.0043889109054511734
0.9430254668125856,0.022802631125332682,0.014397862618310626,0.01694924988258616,0.00282478956118495
0.802696139116065,0.10869623921474157,0.03722463565486354,0.04233102741481746,0.009051958599512489
0.8903695013789278,0.058739960600976096,0.023853065336956043,0.02321423799426202,0.003823234688878017
0.9265360840724028,0.03547367843974691,0.016223836199695484,0.018605439707057816,0.003160961581096909
0.9462272336917504,0.030729296978221837,0.009611191707116272,0.011364032127590807,0.0020682454953207204
0.9484047440202467,0.028065163219469058,0.009643390849573684,0.011860086038073502,0.0020266158726372796
0.9066547406587273,0.05401470928586733,0.01908985116513045,0.015487435127597031,0.004753263762677944
0.9331497210937069,0.039578725302855604,0.009645736222776929,0.014456615445701322,0.0031692019349590862
0.9559840588367589,0.016587199872585567,0.014364839293679398,0.011604729114139128,0.0014591728828370525
0.8508870017343599,0.06601202118725309,0.0511573994923696,0.02842502642056281,0.003518551165454625
0.9018884294977333,0.04966399791986068,0.022006198733503284,0.023055413524087333,0.003385960324815281
0.8645047116641027,0.08610890995755188,0.022360562227050605,0.02307189886736356,0.00395391728393132
0.8881930144931872,0.03782305372250823,0.033533325722167884,0.03571267344006205,0.0047379326220749534
0.885244644999182,0.052920121616810506,0.02199020854916061,0.035203728762841446,0.004641296072005455
0.8840913378133765,0.05142757331806983,0.029124053928912534,0.030390215347265638,0.004966819592375575
0.9600630969915256,0.022663394756078266,0.006947803716855026,0.008929013644420631,0.0013966908911204252
0.8947229483695662,0.05161928680995745,0.01950582790488146,0.02990566058010103,0.004246276335493843
0.8944320560040434,0.051195850459460214,0.015359542281623974,0.03333522189180042,0.005677329363071806
0.9478785750425779,0.02147239883923164,0.010560296194415626,0.016956641810228525,0.003132088113546447
0.8132996843396129,0.10125239432942636,0.03213484756392949,0.04636653040121998,0.006946543365811392
0.9012681412626331,0.03770973789886526,0.022137957718050306,0.03466076163542483,0.004223401485026632
0.8641378683486297,0.07014278178458687,0.028536837844423405,0.029819058574437445,0.00736345344792252
0.9341721024264641,0.03545314948085111,0.010108757658843748,0.017362378277897723,0.0029036121559436897
0.8790426698654661,0.057847794104279336,0.024178799902226964,0.03234138958845635,0.006589346539571321
0.926421357819802,0.02704715495878098,0.01894245534517755,0.024850030130655138,0.0027390017455843946
0.8435797367966249,0.08723297305839726,0.032522987826712986,0.032046700924554646,0.004617601393709779
0.6994707244237562,0.1493841785855955,0.07329916724776007,0.06704336917618424,0.010802560566703928
0.9573669750243462,0.020116493240866652,0.009176779888172918,0.011804635653374454,0.0015351161932395977
0.867776199297467,0.054235657407635654,0.0365973564154447,0.033278928805079946,0.008111858074372421
0.9172262056637505,0.05109156051063626,0.0107008157982362,0.016384986015261883,0.004596432012115218
0.9539568708558473,0.015170822684053786,0.010155705280038542,0.01822004297080431,0.002496558209256068
0.930856431768028,0.025458653181282338,0.01595333991201528,0.024646314021363542,0.0030852611173108812
0.7302511134512639,0.13888860775207615,0.05788949294729748,0.06448452268033703,0.008486263169025494
0.892898330940781,0.048455072615098946,0.01980903367310122,0.033533342905528285,0.005304219865490411
0.9512735644107787,0.026629355528407447,0.004957262551726938,0.014555961440800262,0.002583856068286635
0.8634516031899849,0.02261960468181004,0.05340491116005327,0.052836864901710925,0.007687016066440848
0.8459284719739885,0.06772711207087849,0.04812024644618816,0.03154469455838557,0.006679474950559259
0.9225569632920132,0.039406852574881385,0.015756622695028324,0.01818762484603987,0.004091936592037471
0.8585320689380306,0.08373634870713002,0.024070792492043084,0.02854172466265369,0.005119065200142568
0.8609226291536028,0.06462359422432871,0.023652527513230184,0.04513123965987287,0.005670009448965413
0.9200282201181492,0.031565807928089155,0.01735578036603153,0.02733536365335557,0.003714827934374393
0.8375499118189881,0.08013077304330328,0.040522476107154946,0.03495360490025652,0.006843234130297299
0.8662859963739106,0.059195436949370704,0.027494762910364498,0.040984354040938996,0.006039449725415463
0.613291761937265,0.21904031372683508,0.06916021947936893,0.08866087696694944,0.009846827889581576
0.8975473012764237,0.04859396430363115,0.01926609639452227,0.03025025390230585,0.004342384123116908
0.945877054151276,0.028003919025113067,0.010953094766878491,0.012437790295070483,0.0027281417616619344
0.9104820413638067,0.05528970330672046,0.017033701812361038,0.014053784215486939,0.0031407693016248885
0.9522002255489775,0.026443316728429048,0.005729181405211947,0.012481168354692491,0.0031461079626889615
0.8252498413626794,0.054470950208654584,0.06479254570766042,0.0459812315052914,0.009505431215714188
0.9149040919622317,0.034323687227661104,0.026850891293520807,0.020427915187634874,0.0034934143289517125
0.9315959811512755,0.027564356461049887,0.017929124195589598,0.020718715676189742,0.0021918225158952006
0.8685078869961417,0.06243185798942312,0.037127404699277666,0.026829897612696576,0.005102952702460927
0.8813892635996008,0.06596164684400749,0.024428119188228622,0.024103119382450845,0.004117850985712097
0.8250621357122105,0.07389386201536659,0.04108968127690964,0.05271672719655836,0.00723759379895482
0.873191629149433,0.044750956638066185,0.052536927910723445,0.026376057999730713,0.0031444283020462187
0.8699734711120282,0.060375661737709245,0.03534498911565295,0.02889985524176952,0.005406022792840229
0.8681290542754612,0.07691714431206617,0.024056903821411145,0.027113587409055548,0.0037833101820058754
0.7848202718930191,0.1195371100639366,0.045667758650595296,0.042996883672377265,0.006977975720071696
0.8613638294187004,0.06169432679888339,0.02855597627500201,0.0412144599431471,0.007171407564266967
0.9112749429767604,0.043833195668550366,0.02239883069319699,0.018944798126035618,0.0035482325354564406
0.7970162296791938,0.0627054037098279,0.07763807985403763,0.0556162743994376,0.007024012357503086
0.8537659630742833,0.0807174128135195,0.026734021535362463,0.03411975938805345,0.004662843188781145
0.9110306785689295,0.02649361773988024,0.02231361215463438,0.033184569983006305,0.006977521553549495
0.8984547441111325,0.03310297719324238,0.028980780602378558,0.03484807711126793,0.004613420981978659
0.9473220499374391,0.022221418020378494,0.013690649398590523,0.014341966186923034,0.002423916456668831
0.8009735720571067,0.11354415683503961,0.037817104581876065,0.04021640739981152,0.0074487591261659354
0.8594422155343482,0.07510981791132303,0.022479611701705798,0.03730717979383224,0.005661175058790658
0.9719767749917462,0.009238801167485513,0.007458421644937518,0.009313175065511641,0.0020128271303189484
0.9358786213718949,0.026103030675457592,0.016656756251918616,0.01801561975183795,0.0033459719488911
0.8817635547688246,0.034026080612717224,0.027972891339560414,0.04949031083825475,0.006747162440643057
0.9266327532516502,0.027670592547683462,0.02015349409100955,0.02162390618295922,0.003919253926697695
0.9402765243288098,0.02994051972735495,0.014116198288927512,0.012490908903186111,0.0031758487517216543
0.8872750367083923,0.0590370452187673,0.0214714993207278,0.02744845720261248,0.004767961549499873
0.9006337947925247,0.04554259269855931,0.02683313912405394,0.022251306373901828,0.004739167010959951
0.7775681114991078,0.10465968880566753,0.060526501477531365,0.0449774817720045,0.01226821644568866
0.9315864598810698,0.034272531675206885,0.013517044582329154,0.015765595295792353,0.004858368565601551
0.8902020647141445,0.0663736524325487,0.02080206387779064,0.017001513971226585,0.005620705004289552
0.8959090674523525,0.06218744037675143,0.015447166646787986,0.021711389510360685,0.004744936013747171
0.9353574237291375,0.03428276565022007,0.010161985336032417,0.016378587523605038,0.003819237761004921
0.7286289933096038,0.15180320883787737,0.051284728905027395,0.056528117454172806,0.01175495149331873
0.7330009614300248,0.16808147329000683,0.039717591488113504,0.047410507803426094,0.011789465988428635
0.7265066178686577,0.12170932439445042,0.0646436423529143,0.07597741228915462,0.011163003094822842
0.844953144958681,0.05633656881369025,0.0447206350577266,0.04340689328778434,0.010582757882117658
0.8768697975984264,0.05679209522247873,0.02500336335039167,0.03417091299129858,0.007163830837404698
0.8036294169474804,0.08093133388801721,0.0506008654220403,0.05463204907513628,0.010206334667326034
0.8909411034529164,0.07931821177228929,0.009787626361290274,0.0159521788054197,0.0040008796080843595
0.8516610386906185,0.09030964324015403,0.026683753016171312,0.024481279097414533,0.0068642859556417805
0.8464838235275075,0.07674943672455496,0.026191676323797004,0.03811323155536136,0.012461831868779208
0.7587086098986482,0.10560868667068334,0.0476179619241472,0.07587591845680056,0.012188823049720871
0.8814837200343242,0.04826884988102988,0.02411161586494431,0.03901492576284607,0.007120888456855401
0.8822160353045538,0.05358017747618114,0.03150510522353966,0.02810003974591159,0.004598642249813891
0.7959757302396,0.10494743355852297,0.047934395195767615,0.043016194711781294,0.008126246294327986
0.7837338237906474,0.08864163447559043,0.059437095668349295,0.058175831443417945,0.010011614621994909
0.8608951636603626,0.07997990116914885,0.028287121552869953,0.0250699136472992,0.00576789997031935
0.7793746095088234,0.09101655807373604,0.04546323141242089,0.07050675485098856,0.013638846154031013
0.9614181937314664,0.012775276554324248,0.010682356429280239,0.012323911107915777,0.0028002621770133324
0.8584738017724476,0.05210971942982445,0.04017350240786643,0.040920397512464034,0.008322578877397421
0.851662829520652,0.05508725399428951,0.03946169185261064,0.045142430390177034,0.008645794242271042
0.8176919195516553,0.08554383345039217,0.03321362490162773,0.05429566858799978,0.009254953508325165
0.9228950453035255,0.03434062123505177,0.017698357408919344,0.020135355667103505,0.004930620385399891
0.8480180755556974,0.09039366300839952,0.024261262362875548,0.03173370799888075,0.0055932910741467974
0.7822033711036375,0.09865353036937559,0.055009484904818065,0.055629957313142964,0.008503656309025802
0.8877879200316372,0.06248958049037403,0.02389004849988523,0.022301294473482926,0.0035311565046204072
0.7800342981359422,0.08633873495357292,0.062026941333098315,0.06055105866985514,0.011048966907531627
0.882912279175649,0.04143549660216874,0.023966648436276213,0.04558720621805751,0.006098369567848335
0.859288194449298,0.08225261882787467,0.02032380374385042,0.03057505713998092,0.007560325838995775
0.8808468971282659,0.056305145993785034,0.025303318736041847,0.0305040751266623,0.007040563015244932
0.8909720184230433,0.06439575377480763,0.017561340869909174,0.02272191534869506,0.00434897158354497
0.9526114575860173,0.02033683336048947,0.009954385040392292,0.013998223444820115,0.0030991005682810355
0.9012923729833896,0.04167959128892673,0.026893755747538425,0.024013077275490475,0.006121202704654848
0.8235400113650553,0.10688321317989542,0.0273888004025432,0.034167406260501694,0.008020568792004693
0.9324008468003956,0.030710306654135777,0.017501413195369308,0.016612692580819887,0.0027747407692794864
0.8780489672841572,0.022836830258596806,0.06432776654652443,0.03049134033740809,0.004295095573313576
0.8685275074504736,0.040258410967185555,0.03951030042313273,0.04272097079890515,0.008982810360302984
0.8978130737108417,0.03368431199245352,0.03401179340115094,0.029019990504140405,0.005470830391413637
0.6449413348019121,0.18953023036315084,0.07928775108285607,0.07490367134524377,0.01133701240683731
0.889367817582833,0.043159230194128054,0.025871317900815476,0.0346046798270735,0.0069969544951500534
0.8727203121934475,0.07024420807746108,0.02505975499359843,0.024476915540273297,0.007498809195219783
0.9002625100244671,0.03966704220617499,0.020050623245320025,0.03411629203048729,0.0059035324935505975
0.9232900937540842,0.02977171691554867,0.019210384260709285,0.023032706884466077,0.004695098185191809
0.7539298709412898,0.11425341961744115,0.04996324494126648,0.06649689451680248,0.015356569983200067
0.9122475030061991,0.02540159770364594,0.026696339550147132,0.03023556734182358,0.005418992398184233
0.947390926325521,0.016984937941324857,0.014042124913870004,0.017652982551498237,0.003929028267785906
0.9146497701274682,0.040080194834060966,0.01882417500680017,0.02279051641352264,0.0036553436181478625
0.8616223666170003,0.08940028653653025,0.020709725535777396,0.023506182927456865,0.004761438383235091
0.8686470121774306,0.04125939941043794,0.036898496124504666,0.041652589613299866,0.011542502674326814
0.8891805486209379,0.03373961880908546,0.03548527949202297,0.035934432784561564,0.005660120293392266
0.9656383856067406,0.012736401652693638,0.009952890650494796,0.010053166657991292,0.0016191554320796045
0.8962473163746125,0.037282445523674636,0.028391421191022427,0.0324727566788417,0.005606060231848682
0.7892140045617665,0.08500944247590363,0.05509513981252479,0.06155901830252641,0.009122394847278581
0.8577412105072798,0.05805926452270599,0.0492081222796222,0.028845183295313975,0.0061462193950781
0.8633254798194312,0.061464081767446735,0.03120185820994502,0.036765790527343585,0.007242789675833433
0.892067634764988,0.05693422138131314,0.026891710758013783,0.019986117046516896,0.004120316049168408
0.9058937598925272,0.036501108314035455,0.03113326055934108,0.022221223114249244,0.00425064811984725
0.7235189086136731,0.1365711165862283,0.06028759169169504,0.06716391783176735,0.012458465276636046
0.758062700029659,0.10739329480085315,0.07291650140197274,0.05158345356969515,0.010044050197820125
0.844820891190642,0.06829881858037173,0.04342323851006188,0.03594289332654071,0.007514158392383645
0.9153252796254686,0.039349368036607275,0.021991444290864595,0.019996551514764784,0.003337356532294716
0.8824616383128844,0.054722909990507565,0.036725346842168195,0.02131806190463626,0.004772042949803503
0.8506278640048327,0.058919021573821354,0.044036895752105835,0.037903765306498256,0.008512453362741555
0.8728781797090611,0.06544588361640896,0.028799227997992657,0.027736506496708432,0.005140202179828639
0.9125574862141325,0.030189091588021837,0.03621033465641897,0.017344089061669392,0.0036989984797572975
0.8770305726547314,0.04415923215432286,0.03992436362853186,0.03286060762614278,0.006025223936271046
0.7725811888985528,0.08722013349308892,0.06453873085346537,0.06316674463177659,0.012493202123116326
0.8709404554073303,0.03644237079169234,0.04852162238361686,0.038838132491631684,0.005257418925729008
0.8976368116015214,0.05585212003678374,0.02058848972467955,0.021915923805846536,0.004006654831168892
0.9442370386740138,0.023506480273630354,0.01091122311058231,0.017371277088496655,0.003973980853276914
0.7674339959803929,0.11661844192855975,0.051212901382044054,0.052807088621760534,0.011927572087242834
0.8093423391056609,0.08008441910868354,0.04793880297711895,0.05340604485605103,0.009228393952485375
0.8307624379835071,0.0381637971136285,0.06557038019854694,0.05626935067954976,0.009234034024767749
0.8421615274167941,0.08750971911805447,0.02958904252894335,0.034686184120588444,0.006053526815619808
0.8546371026189369,0.06709847203891241,0.033476400524367865,0.03612290787359704,0.008665116944185649
0.8579232064312694,0.04254345334811832,0.043956992149727446,0.04955736524998056,0.006018982820904225
0.8975548465132742,0.0371754595239903,0.038677070228540805,0.02227680278282107,0.0043158209513737295
0.9033589944951113,0.03071088301376074,0.03355805073874229,0.02772160421525518,0.00465046753713058
0.8672315849650057,0.05115112047534438,0.03558699167430287,0.039830771913078634,0.006199530972268179
0.782942464300177,0.10590203419023211,0.062353081088090595,0.03914883776269489,0.00965358265880554
0.8663736136854675,0.03466234493181787,0.05191683479650781,0.03949400488530519,0.00755320170090148
0.8627478391316452,0.047945514277677785,0.04432914264553818,0.03975180375733354,0.005225700187805248
0.8526449155257841,0.041282986899840085,0.04584537788126184,0.05111567377350272,0.00911104591961132
0.8726920386650603,0.035867107526444945,0.049237369944270165,0.036775740813490415,0.005427743050734166
0.769007105277417,0.11842794585495024,0.04473385724796117,0.05645916490803068,0.011371926711640775
0.9143301520124927,0.03814633343210794,0.021346953875781765,0.0215292398298019,0.004647320849815731
0.8872811460578431,0.054050314063795485,0.03505316135188692,0.01998397415971988,0.0036314043667549398
0.7790980710840728,0.07259015572256615,0.08405639039063009,0.05493509391904917,0.009320288883681813
0.8558300157737144,0.028660720537642664,0.07691258359610861,0.034339790754732515,0.004256889337801831
0.9215332947412007,0.022250555696954492,0.022703019022849904,0.02906480208198014,0.004448328457014639
0.8367901272900994,0.043322603499488105,0.06504144366650531,0.048426674674296545,0.006419150869610526
0.9319804160275448,0.02111621040125911,0.028962885595324894,0.015701001457459812,0.002239486518411522
0.8136482477109551,0.1017648108574701,0.04948079575384099,0.030680567393395485,0.004425578284338188
0.844816060806905,0.07683077909702186,0.035886801134052404,0.03716892836101214,0.005297430601008487
0.7584601620838264,0.08538899891206302,0.07199357512900445,0.07452258128113451,0.009634682593971874
0.8237835157841766,0.072307901401365,0.04111697506315891,0.055631312911939325,0.007160294839360266
0.9462536746300876,0.015451569150105428,0.016009819631406515,0.019589474606429035,0.0026954619819712557
0.8742173688383355,0.04597724678005569,0.0356704041809241,0.0389131221792686,0.00522185802141631
0.9494877652338866,0.013161018990018284,0.02053681520624543,0.014802586542396502,0.0020118140274534317
0.7578998406009108,0.04409956995304866,0.15248082658522788,0.04057363161345719,0.004946131247355544
0.6724196975487382,0.10362228287822314,0.15280624277361077,0.063200655492591,0.00795112130683707
0.7625650225592755,0.0734431057540156,0.08775597715366022,0.06495961349655828,0.011276281036490402
0.8595692035142266,0.04390156622586414,0.05037795286046911,0.03986868484465491,0.006282592554785152
0.81724727591978,0.07066167734348228,0.057725643659782194,0.04878383225388654,0.005581570823069196
0.8206849479307693,0.049663578632144115,0.07307185276717465,0.050946001257497035,0.005633619412414999
0.858166388368556,0.04476541466585829,0.06813058635032677,0.0259428183375306,0.002994792277728334
0.7601193453475823,0.09037455204529757,0.09502102641725955,0.04880479007614786,0.0056802861137125685
0.8219100500353581,0.07168789058514823,0.059045745131432285,0.0417142251549513,0.005642089093110162
0.8610332631456576,0.0366139730696272,0.04262347246576351,0.05358547681077307,0.006143814508178731
0.7999340824680985,0.09431232406279362,0.052145096986720596,0.04655186239314112,0.007056634089246343
0.8783042021175678,0.04381133633796638,0.03155863579866629,0.03995366526634421,0.006372160479455495
0.8158306914603277,0.05212644177827097,0.08174853934076404,0.04407237126561781,0.0062219561550193245
0.8883492658087022,0.04968597994426612,0.02640519596971479,0.031319878044836304,0.004239680232480333
0.8747302660152907,0.0438820046750597,0.03520348361231568,0.03878508502337134,0.007399160673962592
0.8969320195564199,0.041536064291030086,0.03168177690266763,0.025956519020955915,0.0038936202289267963
0.7994804839824411,0.08259546076310798,0.06214879609922246,0.04871404729466722,0.007061211860561525
0.822054663876259,0.08871613266815696,0.05420293906852624,0.030638932140050985,0.0043873322470067205
0.8859717498622001,0.04254825874394781,0.041555632817624484,0.026686743033631645,0.003237615542596183
0.757909657431694,0.07303907688306314,0.11669125044391447,0.04550003971978295,0.006859975521545294
0.7349220410590999,0.12994715897383557,0.07338944663023333,0.055117964606715385,0.006623388730115723
0.8838187983249169,0.03920626279784013,0.04636436240731758,0.026399463321150753,0.004211113148774506
0.8178922981810645,0.0765082554198082,0.05329645292117832,0.0459175304675096,0.006385463010439586
0.8890650998485019,0.030300716937571262,0.038816590015732594,0.03799384381217077,0.003823749386023442
0.8364289752052303,0.057781264827603894,0.06571616196352338,0.034913586071773105,0.005160011931869441
0.8071842252744741,0.09506567913450352,0.053219581884706206,0.040269864662805986,0.004260649043510028
0.7571726585179136,0.07179472187238121,0.09896731322487563,0.06302466540252827,0.009040640982301357
0.8598454203049737,0.059117697002408015,0.04641528724581581,0.030556822039001192,0.004064773407801276
0.6557622971467412,0.0987146840480153,0.1750732215087164,0.06201917510848067,0.008430622188046579
0.8513123499728786,0.056193671021375804,0.056307711676377006,0.03180287672863964,0.004383390600729014
0.8378586956529231,0.05273061908914354,0.0545318229656718,0.047683848849759625,0.00719501344250208
0.7097431253863238,0.07394676684769365,0.1455623648601562,0.06356269612757172,0.007185046778254905
0.8306423074912614,0.0535045837410955,0.06928511510836864,0.04267691272290287,0.0038910809363714035
0.9355656186423896,0.0325827719539659,0.014202753862972867,0.015705407120124096,0.0019434484205472812
0.904065812902771,0.03185553964429801,0.03880074397033844,0.022715335763265707,0.0025625677193269023
0.8020700587819894,0.07937928377792623,0.058711824148806636,0.052739210401405424,0.007099622889872296
0.8508327135111163,0.04647147574029415,0.06454119841401268,0.03392155595457428,0.004233056380002618
0.8151893305107226,0.04060513213414743,0.10109548013045458,0.03763179786743488,0.0054782593572403095
0.7637639761181375,0.07585515072880511,0.09573592820647218,0.05677844572492477,0.007866499221660373
0.7587290259303892,0.11444322352967043,0.07825564789801134,0.042111742539322344,0.006460360102606759
0.9228902941754517,0.019147952509234567,0.035574733969903134,0.02032237265510931,0.0020646466903012995
0.8551716031117311,0.0543131870324445,0.04892412549102055,0.03806448244020636,0.0035266019245973742
0.5576612301041093,0.15365144272892478,0.15990441458039822,0.1131180157840379,0.01566489680252983
0.7426316081916322,0.07752294010839626,0.09072784820893,0.07665043063223477,0.012467172858806733
0.7500427161075665,0.08150948469086654,0.07439217575124932,0.08516985212043313,0.00888577132988444
0.7839314818362775,0.08106195004071941,0.07000262408934191,0.057075512267729035,0.007928431765931923
0.8873110132557064,0.04033735459622544,0.03766900695623758,0.029598910857521993,0.005083714334308472
0.820839130446957,0.056291905691783904,0.07795981762249496,0.03938255137717762,0.005526594861586358
0.7578992666486509,0.06506479731870789,0.13277649785530302,0.03935072344579372,0.004908714731544415
0.8741796432925585,0.03557260471336896,0.04479348079361583,0.03994116031223261,0.005513110888224106
0.8963111395038221,0.018903016856408827,0.056241476253446596,0.02577862052817964,0.0027657468581426354
0.7838476794588425,0.06996564337555024,0.09435227668850579,0.04460824206076039,0.0072261584163409815
0.7775519517314528,0.033090093340106624,0.12360408997675099,0.05755440820453514,0.00819945674715461
0.7826472061106485,0.052850255553365165,0.113582796283022,0.04467434964443765,0.006245392408526896
0.7031529432245232,0.09315944645160344,0.12922851291745296,0.06545652183096319,0.009002575575457271
0.7886624024373173,0.04025406082603992,0.12836113633280666,0.03885491895671391,0.0038674814471222813
0.8918183035111407,0.03420531088894788,0.04741289333171855,0.02337796470683213,0.0031855275613608207
0.8970144786631091,0.03353355795251919,0.04292311774938518,0.022819154770437947,0.0037096908645488074
0.8467719946121809,0.03570676460554855,0.08591981526638924,0.027122512202476634,0.004478913313404881
0.9140021924277724,0.015717443978526768,0.04668299862372686,0.020907496623387173,0.0026898683465868714
0.8335428284481671,0.07448859271139782,0.051006309348437986,0.03565556170971758,0.005306707782279477
0.8608026137469112,0.05771567817792903,0.04571454611672316,0.03170584651742207,0.004061315441014474
0.7476010468982621,0.12343375577723692,0.049141577910045545,0.07230992773433814,0.007513691680117345
0.8815385404324306,0.055726272982714375,0.03010271227780446,0.02931116861756324,0.003321305689487425
0.7854998759096896,0.059140340537807284,0.08395166549004644,0.06278693964141015,0.008621178421046441
0.7177887426681372,0.07398201695304946,0.1435340564879312,0.05733650017582364,0.007358683715058446
0.8466132065470398,0.05964388823719736,0.04806850610336294,0.039603591370688,0.006070807741711677
0.7574436030426474,0.07160589255320449,0.11658983973380986,0.04707282933289127,0.007287835337447154
0.7797270177134628,0.07426693046970329,0.10400257885242656,0.03644976436214044,0.0055537086022669595
0.7068392136935081,0.07745653711241401,0.15446659906009688,0.05445187374121566,0.006785776392765088
0.7134332951908212,0.08547922478310513,0.11974977954806366,0.0729200723729156,0.008417628105094273
0.7847096614539278,0.04445632670306724,0.10728075110255265,0.0565305866784442,0.007022674062008146
0.8824971113149603,0.028151790833671118,0.05289843007558488,0.031691984883920846,0.004760682891862639
0.8159769043209363,0.05357063313148129,0.06837593588137099,0.05556996243688012,0.006506564229331666
0.6891070993036517,0.07056415959440769,0.15094615252202237,0.08069548529563501,0.00868710328428313
0.7645496898396887,0.05288288107313194,0.07307789140910145,0.09655854471526738,0.012930992962810592
0.770908534571694,0.06905808518598328,0.08772817057303944,0.06495692125197279,0.007348288417310583
0.8807546959954621,0.035236342349768426,0.05265073548859098,0.028519890622914386,0.002838335543264216
0.7196414018559438,0.0730376306374529,0.09471540237506101,0.10023663361314308,0.01236893151839918
0.7941901662309295,0.07135228921132777,0.0845026539844693,0.04400865448326037,0.005946236090013034
0.8305247020614155,0.06208537848559692,0.06296472757346872,0.038737539764426294,0.005687652115092411
0.80731471365365,0.05194486971544367,0.10249897782544047,0.03395852118629119,0.004282917619174399
0.709909819312451,0.0747494450777407,0.13690889012104793,0.06888235459511695,0.009549490893643394
0.75463040052642,0.08511797105354865,0.09170295727435862,0.06142359503670134,0.0071250761089713685
0.8993634173773027,0.046664513535421316,0.025907066987752893,0.024100708726053507,0.00396429337346946
0.8140489450053451,0.045082445146875344,0.09138782870161857,0.04374294122347657,0.005737839922684318
0.8954093533029329,0.03978954707433439,0.034701085854244654,0.02655466982523326,0.0035453439432549124
0.8425019654626932,0.0593261453784985,0.049096827985725455,0.04419820529426533,0.0048768558788174635
0.8925837129618218,0.03512496450311009,0.04339705365509602,0.024426903963748407,0.004467364916223453
0.8491157381439821,0.04551859777899011,0.04537792804582611,0.052235396356641706,0.0077523396745599205
0.8716950037396095,0.049951672222542064,0.04394705671689615,0.03051139046312022,0.0038948768578318817
0.8854812082724315,0.03573731151809031,0.034569122080783186,0.038035460211557404,0.006176897917137684
0.8188873127232508,0.053154839292389705,0.08470391311361321,0.037618953773833716,0.005634981096912553
0.9216260139904505,0.02797985884239294,0.0229254069994466,0.02375932413290588,0.0037093960348039243
0.9331304368502644,0.026915548192842084,0.01985748362726581,0.01714375835020673,0.0029527729794209274
0.9282670083685731,0.020218291393007008,0.02086422680973677,0.02663360038788748,0.004016873040795907
0.9135009113529512,0.023499617462355394,0.030377954649896288,0.028664179801348093,0.003957336733448959
0.8809564643650359,0.042935145401980165,0.04519016224938727,0.027511654791434942,0.003406573192161482
0.760835572075024,0.10330557553695674,0.06534432501358974,0.06105030981281604,0.009464217561613381
0.7630829184064752,0.08911309178470336,0.08872705067439508,0.051704387328646,0.007372551805780225
0.8342825353952774,0.027908485878386794,0.10701571874481847,0.02628882515987625,0.004504434821641211
0.7331938834895888,0.03956521955179061,0.16106923369002968,0.056749696940645765,0.00942196632794487
0.8261212298725354,0.0725513805177356,0.0486101917716624,0.04572006982927114,0.0069971280087953785
0.7976247085536011,0.0785885044220864,0.06522666133212725,0.05026859900761689,0.00829152668456834
0.85366132362218,0.03845213778594873,0.07399622487714685,0.029953631884540345,0.003936681830184116
0.89301653834314,0.028627018320674383,0.04045072902617888,0.0320019242626306,0.005903790047375971
0.8224431952668945,0.0605923095908758,0.054576284829709415,0.05494618316249446,0.007442027150025807
0.912116823921202,0.021969199388453445,0.03767830849737144,0.025437995431548715,0.002797672761424571
0.8768242984905615,0.03703288795885965,0.049430533013325395,0.03232504579551647,0.004387234741736933
0.8464233460466895,0.0763470206953068,0.039007074926207155,0.033414282625419935,0.004808275706376841
0.8300710911128109,0.04826407172200039,0.06561348907027913,0.049445522631469355,0.006605825463440185
0.8247674630624174,0.04973715785044824,0.07575841405829772,0.042443879433376366,0.007293085595460324
0.7066515032287695,0.07528811007544793,0.14012854281902015,0.06900755816402948,0.008924285712733031
0.9075456848807376,0.03298152310293602,0.02400450538989144,0.03178555560790701,0.0036827310185279156
0.8304374561896856,0.04290616748264963,0.09146660424660787,0.03065273394237988,0.0045370381386772175
0.6703368651462662,0.1422085255411917,0.0868262274689193,0.088474584557128,0.012153797286494992
0.7561938674967115,0.06457780725842015,0.10731117229268644,0.06396763531349056,0.007949517638691317
0.7821922766472563,0.08661603337876518,0.06914053125017376,0.05477234534043936,0.0072788133833654066
0.8840279560021246,0.05226222065599544,0.025333100501263476,0.03243696762920466,0.005939755211412016
0.7655695145881423,0.08798952163601081,0.07185299901149941,0.06378588394427909,0.010802080820068255
0.7498577266833096,0.08365549288642322,0.0785313795107362,0.07732753260853446,0.010627868310996522
0.8397834341386579,0.06519306073092632,0.04530876511439417,0.04285268140010602,0.006862058615915844
0.9498817749657105,0.018492665229241676,0.015663631707379756,0.013896883783138823,0.0020650443145292705
0.9057462210425884,0.04490788946929897,0.021293017944284478,0.024483486133490478,0.0035693854103378496
0.9196240489011229,0.046701012381424024,0.013591940188028626,0.0175592777200605,0.0025237208093639653
0.8999720112887766,0.03772580672675671,0.024741662407435014,0.031202374498292863,0.006358145078739089
0.8796125521708615,0.0505431475719,0.032538766358514465,0.03397308688295877,0.003332447015765208
0.950243117525402,0.018614377226451692,0.01086622529065789,0.017916832041817054,0.0023594479156711793
0.6615732472001574,0.09798471810066955,0.17750918175646865,0.05142284489252901,0.01151000805017547
0.7182093720161825,0.07955938146210029,0.15546847333841698,0.04047788321924005,0.006284889964060396
0.7805456804718344,0.07825000517880495,0.08636295820098149,0.049021444892961515,0.005819911255417694
0.846933752536583,0.06114953902023068,0.04790388348869479,0.037574333970587584,0.006438490983903943
0.844024909390982,0.07948151131678165,0.03316723402196326,0.03795337449849877,0.005372970771774372
0.8873473629508736,0.046769577210636425,0.029076534906939025,0.03115853223427525,0.005647992697275843
0.8059312228802408,0.07076078196220226,0.06142671812673371,0.05544188083491265,0.0064393961959104355
0.8845503691540706,0.04260765922994856,0.03780540645531642,0.030762134888171373,0.004274430272492931
0.9146718932747084,0.03411052103698124,0.02305194453940972,0.024785069549018844,0.003380571599881789
0.7518894484883618,0.0647019437799489,0.06402637321537868,0.10767029618652754,0.011711938329783251
0.8955252882244352,0.02263342847588463,0.045821763938300016,0.03207753610440915,0.003941983256971019
0.9632704722075491,0.010673272162431266,0.015915176041696566,0.00903032617116882,0.0011107534171542134
0.62661554599361,0.138402001135766,0.1512395602542374,0.07444590676051546,0.00929698585587104
0.8014357125975962,0.05753277905580564,0.10545844681578544,0.03238781392014194,0.0031852476106709587
0.6604693469224703,0.07079433403465311,0.2105757879340025,0.05097708997570228,0.007183441133171532
0.7903598301914738,0.0653939836910436,0.09723370706780854,0.04076089143804174,0.006251587611632315
0.8252212360303788,0.06818786261648971,0.05636656119927279,0.04555723235224555,0.004667107801613195
0.7591588276013667,0.08944077616699031,0.08960165924124364,0.05581749725451901,0.005981239735880258
0.8822082082864307,0.04497914861532742,0.04595249610273336,0.024322944587529014,0.0025372024079793206
0.9124185749570646,0.02602006939532194,0.02740020780432302,0.030356198752246405,0.003804949091044134
0.8811772083094455,0.042742377232381355,0.044121553144647004,0.02905051956590029,0.0029083417476261342
0.925218220149293,0.02196479615226971,0.028964547051434954,0.021196086389304186,0.002656350257698275
0.916577993846069,0.03002296532021168,0.021189507414746074,0.02906948064867879,0.0031400527702943413
0.8087330314670876,0.07001974072604629,0.05848396556344989,0.054939050854954694,0.007824211388461696
0.8990308413919431,0.026587266822144625,0.04057540825262159,0.02964900104865821,0.004157482484632592
0.7920861455003569,0.08740785908348256,0.051658118586808584,0.06142033536924919,0.007427541460102686
0.7497794264072007,0.10994860073158733,0.04707181944550848,0.07944084006125623,0.013759313354447302
0.7134849272407952,0.12700527719500593,0.059624015753972956,0.09006046694060664,0.009825312869619322
0.7127194835562894,0.08799684559265519,0.112708888435993,0.07715917318977926,0.009415609225283174
0.7675602940062979,0.0816313922674804,0.08233557919268618,0.06230923919261427,0.006163495340921178
0.7880807158479912,0.05603564380197315,0.09141207724307811,0.05724518852121109,0.0072263745857463505
0.8524264868393641,0.06118745506732537,0.051928212325147875,0.029564851644920516,0.004892994123242266
0.9300902510058048,0.026956408585369705,0.02494122190260411,0.015739205153064696,0.0022729133531567886
0.8934609258363412,0.05048297203365934,0.028761735318084323,0.024841373987939716,0.002452992823975552
0.8164470883954699,0.07775550290125063,0.06500960136214132,0.0358683618014507,0.004919445539687527
0.8928214224497419,0.029939004666065513,0.050760413268317074,0.02374716067879571,0.0027319989370797647
0.8329960677005807,0.04287854657850504,0.08050555195011845,0.039108724470193694,0.0045111093006024216
0.8751488071338924,0.04113999947798327,0.04529295249513067,0.03369540633050953,0.004722834562483863
0.887855919093613,0.03290123094300938,0.03884530866984619,0.03588898055046696,0.004508560743064315
0.8734000541351056,0.06541408137085349,0.025801630967919136,0.031089694910122857,0.004294538615999057
0.8960233709521092,0.024475041021825197,0.0477485564866668,0.027377146166844134,0.00437588537255485
0.8331067376327866,0.06122191348911743,0.06627390527100437,0.033997284619101696,0.005400158987989693
0.7600528797255812,0.09221055985276676,0.08847963282178488,0.05323119896423705,0.006025728635630012
0.8850672370135274,0.03777877671610294,0.04114843654192386,0.031158924456540768,0.004846625271904957
0.9421309729987515,0.014877554855650078,0.021675054256703987,0.018650449153642064,0.0026659687352520206
0.9209312546937615,0.03692583990680507,0.021968327908096056,0.017478859854507936,0.0026957176368293807
0.7792257390646795,0.08391518763252424,0.08329800395053155,0.04823665678401141,0.00532441256825328
0.8745197054386878,0.02817458340877468,0.055843790467062435,0.03674655415883363,0.004715366526641365
0.8171477160457353,0.08485790100314228,0.054163224562167024,0.03767911156998587,0.006152046818969342
0.9089519894530036,0.014309864424390289,0.05407661622208787,0.020277031606747632,0.00238449829377049
0.7979678483858424,0.04648378186119995,0.09426688652904795,0.054611046134254326,0.006670437089655291
0.8191883478990178,0.08585381140348561,0.0418035929372571,0.04784823667476007,0.005306011085479512
0.7246817287705821,0.09229866034527684,0.10720941033440176,0.0665760079664055,0.009234192583333677
0.6205899064196739,0.1758010754535867,0.12061748853766381,0.07050748406425913,0.01248404552481648
0.8955752628173569,0.04832369491061865,0.023196220024309447,0.028619117951600093,0.004285704296114837
0.7882104791012358,0.09478610624928566,0.0690717408275482,0.041960259371008425,0.005971414450922152
0.8976806962911296,0.031145140113632563,0.03978759979092248,0.027757588128424323,0.0036289756758913355
0.7673015754004832,0.09188019732054419,0.09252652978636818,0.04362889062007318,0.004662806872531335
0.8473246687999167,0.060927708236382216,0.05134098486899485,0.03536074594748277,0.005045892147223594
0.8486997977639525,0.07470318818776665,0.0377325795656912,0.03296060621507444,0.005903828267515206
0.9084261486547361,0.029059904583761106,0.029638847203806114,0.028987453593665665,0.0038876459640309947
0.8818813585857095,0.03537251104317577,0.03952093033789521,0.03793593682709076,0.005289263206128931
0.8270112582648973,0.04836277077391101,0.07625477270935502,0.042625346075406606,0.005745852176429861
0.8324530767081242,0.06225944960074373,0.05904610856939265,0.04184318840582225,0.004398176715917167
0.5759725307637928,0.09883841943872042,0.19585846225258757,0.11561272829051732,0.013717859254381827
0.7352089672249205,0.054313589861626745,0.09288703472844202,0.10620434556713916,0.011386062617871564
0.7983048007068244,0.07761949252879852,0.05346511409409635,0.06326611365224914,0.007344479018031542
0.8331730193467888,0.04416043011876633,0.07609790905861673,0.042151732970127684,0.0044169085057006435
0.5298071698560339,0.1098771182161784,0.2699648508590684,0.08037623281758667,0.00997462825113256
0.8271499600254851,0.06011700821388218,0.049036175817911504,0.05773831397745147,0.005958541965269914
0.8850975587864456,0.050268489764606065,0.03240305604358357,0.027476858919284385,0.004754036486080241
0.7801490893614138,0.0818929796069549,0.08469000441325587,0.044888230439671384,0.008379696178704073
0.8810643027817645,0.05250108635389829,0.03558350468270309,0.026753070116080493,0.004098036065553736
0.8146345553600033,0.09523896239301385,0.04125815840761778,0.04358195459413718,0.005286369245227975
0.7958931824338371,0.09584480600786743,0.051405023037392694,0.050948124279696326,0.005908864241206224
0.769931263288007,0.07720893854382284,0.0931526923294437,0.054086132158191025,0.005620973680535446
0.8806212148713078,0.06055352297444331,0.026968964491838724,0.02785394135324462,0.0040023563091654895
0.8185159536816855,0.05491972188850245,0.06830062478550843,0.05006952084130503,0.008194178802998692
0.7015904047434302,0.13021743475439082,0.06102909671254802,0.09513002408954987,0.012033039700081008
0.7669373150213301,0.05756189473773013,0.10565731112502422,0.06125169828531575,0.008591780830599735
0.7216451474988702,0.06729516818455039,0.13965497571432045,0.062486543759080235,0.008918164843178896
