Delta_Power,Theta_Power,Alpha_Power,Beta_Power,Gamma_Power
0.8737652692172093,0.036014930422879864,0.05322671310633687,0.023481818742277925,0.013511268511295995
0.9005322906017518,0.03194873990487968,0.03344267291335771,0.017888573978805094,0.016187722601205944
0.8621977030127738,0.04925426117736999,0.038042578625586174,0.028187826058078142,0.022317631126191968
0.7625746963526229,0.09070723031325721,0.08548261785913022,0.040595822829848624,0.020639632645141046
0.7601255566595044,0.08072906646521394,0.09227194005583425,0.04057567449755698,0.026297762321890357
0.8701100081997599,0.039082810920402535,0.054543418455661824,0.023117094489012065,0.013146667935163722
0.9055516804754282,0.028831285100811625,0.03611397076687862,0.019989164999500608,0.009513898657380653
0.9047582474152551,0.030710789903953234,0.04103851578566992,0.015284839307202298,0.008207607587919484
0.846261093786678,0.05964179833579704,0.04960922895523415,0.02857562862767734,0.015912250294613333
0.8060607550948007,0.07045682951914428,0.05542438431410838,0.045792503843223024,0.02226552722872357
0.6721318913106347,0.10546194006575145,0.12862698961892888,0.055000673245521756,0.038778505759163195
0.7447661716340173,0.08257819562388072,0.09389890204257081,0.048752302417935954,0.030004428281595462
0.7336980990072401,0.09015995799852632,0.10029463522839237,0.04973522414882627,0.026112083617014895
0.8207393993783091,0.08475448256170516,0.056762313646707224,0.02477064023692009,0.012973164176358463
0.8128559852416003,0.08718950510531327,0.06294342881995599,0.02441215125466843,0.012598929578461876
0.7335876263000948,0.08178470307059671,0.1288212521756658,0.0355479089285228,0.02025850952511987
0.9061189572269754,0.0424186732870924,0.027625350228327405,0.014766997560626676,0.009070021696978242
0.9442309013056397,0.026131993475366412,0.011752199204062098,0.011671855212163662,0.006213050802768053
0.9047710361882806,0.043342196508478904,0.03826325276668728,0.009655140392226333,0.003968374144326776
0.8183027481367702,0.06222660605722523,0.08067414313403425,0.024695711623023496,0.014100791048946865
0.8725546592213508,0.0495951386546316,0.04711559413790865,0.019354576612226244,0.011380031373882937
0.8345991173898546,0.0563727004453792,0.0685109950002352,0.027069584104255376,0.013447603060275613
0.5669596504048846,0.1590607059101268,0.19104587906747936,0.06219360485851345,0.020740159758995548
0.8998893884103636,0.033495594730296,0.04846279707465347,0.013008288654228197,0.0051439311304586335
0.8253471324321083,0.045664132868451834,0.07635788257759285,0.03837033741215659,0.014260514709690728
0.8193833750662711,0.05335594515640179,0.07261379655728287,0.03914399443346729,0.015502888786577079
0.895347552695735,0.03779146134897704,0.03309730147529606,0.020789672423372135,0.012974012056620014
0.9253585704697014,0.0351384309065023,0.017967121280618305,0.015009999977023764,0.006525877366154265
0.7826549082947012,0.11025916783209715,0.05857658374769157,0.03356081710382157,0.01494852302168863
0.8557528060148182,0.0618683013714011,0.05054894029536272,0.021222803262406855,0.010607149056011069
0.7785743979327314,0.0611660967812484,0.10736731521535772,0.0353108890787316,0.01758130099193074
0.739473453717539,0.11782202494876085,0.08884129206149943,0.03166256861304224,0.022200660659158534
0.7939741734295279,0.07731107623384384,0.06761591838570506,0.033662727222785106,0.027436104728138153
0.8342270476155698,0.08340722183572795,0.025062031245978618,0.033582706055719606,0.023720993247004118
0.7686550939624653,0.06938522659291886,0.10365180620142411,0.03982165106196715,0.018486222181224442
0.9729159179065948,0.012733999108744438,0.007957184640758124,0.004289225589915182,0.0021036727539872993
0.8720367739420216,0.0484663572716491,0.04768949657700464,0.020719141769433402,0.011088230439891066
0.8533333029107849,0.034800501665915584,0.05623600421446835,0.03749072957378326,0.018139461635048
0.8782553960765171,0.04651221210156859,0.04693156754878689,0.018728622486610454,0.009572201786517022
0.8368701286664528,0.05768248585794863,0.07149776719648916,0.022186657284074953,0.011762960995034688
0.7910735753332577,0.08704857785952867,0.07512083678249531,0.032129101062371476,0.0146279089623469
0.9423679074343246,0.016116213840625403,0.028528599837437742,0.008774246645529267,0.004213032242083042
0.6883947245040638,0.09244621421699886,0.16540169740034696,0.038544931858314944,0.015212432020275463
0.8528867715026063,0.049122263926378765,0.06340969477176028,0.024612417603562465,0.009968852195692102
0.778750903994163,0.09743500508332337,0.07333062058717406,0.03391404360773188,0.01656942672760742
0.8092404317961283,0.05342285324066086,0.08411148660203811,0.034547557368967564,0.018677670992205353
0.9060663639649575,0.02654836516553683,0.04606847339194626,0.015489232690793721,0.005827564786765604
0.7951423413245736,0.12050475229997797,0.05365030447591646,0.021110131514439967,0.009592470385092205
0.8226062000493215,0.07538320854534551,0.06498139267439888,0.024977252959638964,0.012051945771295213
0.634555090125661,0.13817015154327822,0.1628719563109837,0.04002314226756009,0.024379659752516925
0.7922794442692551,0.06581896006053402,0.0899899045760425,0.03177884958313988,0.020132841511028374
0.8602141934998221,0.056961659166737226,0.052108687520879785,0.02163414923741868,0.009081310575142106
0.8734486501404907,0.05864469070656568,0.03805828551413756,0.0204429872061326,0.009405386432673468
0.875034563001012,0.051378641031113496,0.04522335308098483,0.01939359182531503,0.008969851061574514
0.822480697656038,0.08262118423088087,0.053504328091918116,0.02732394450947749,0.014069845511685474
0.8289023381916222,0.049721241834049704,0.08218950235840373,0.02589125926169751,0.013295658354226766
0.8401853367155839,0.03410445946513536,0.06870347811443468,0.036700678230638016,0.020306047474207972
0.9519626305053206,0.019168778736795483,0.018417117732051527,0.00722295499806036,0.003228518027771906
0.8005019161397654,0.07822784307355946,0.07877827113777688,0.02976167647498506,0.012730293173913113
0.7959441631850992,0.05113033811063159,0.10672128101442303,0.033396970924463004,0.012807246765383107
0.7870285193736417,0.055749134022530504,0.10928636403918143,0.03185375562964022,0.016082226935006317
0.8452477616704057,0.05709219710773346,0.05835602305284493,0.025431141545202048,0.013872876623814008
0.7463282700807429,0.07695285940062724,0.11937594544719426,0.040264011023902514,0.017078914047533245
0.8111514139970628,0.0666252294258864,0.08321912039466406,0.026303349728571006,0.012700886453815946
0.8089856834788297,0.06746879402444318,0.08449003846962966,0.02670085658992465,0.012354627437172746
0.8654014475258364,0.06045258303088348,0.043222513551348984,0.020655270346317908,0.010268185545613236
0.788902901420627,0.10759263496426681,0.06418625452184093,0.025063296176265258,0.014254912916999811
0.8343983232369802,0.062477585233021916,0.07461162284169719,0.019009851614164675,0.009502617074135978
0.8681612170872626,0.04784965796058776,0.05338980477086985,0.01941437576645594,0.011184944414823676
0.93260410622101,0.019844626779371932,0.026931853942780304,0.012756149542220539,0.007863263514617221
0.8698611018140281,0.045386286857054176,0.05252122980226457,0.01991228605507427,0.012319095471578922
0.8867790793344201,0.050606577815081016,0.027479067351264524,0.023559980433472377,0.011575295065762036
0.7951300801671563,0.06272362674745321,0.07643601225577148,0.04399053536083974,0.0217197454687792
0.90368619557409,0.04243819133778496,0.026872378949982935,0.01638443513038084,0.010618799007761337
0.8966420574015485,0.03863376603662278,0.03689791537661122,0.018095844788782265,0.00973041639643538
0.8311404956305917,0.057561252317465776,0.0620471007261701,0.02954876886988802,0.019702382455884362
0.8394717336907013,0.0647324019765969,0.04828295064504247,0.027747577517941168,0.019765336169718317
0.8526152332435611,0.06054867586351501,0.04230345674849167,0.026195201054959642,0.018337433089472364
0.8470561187763457,0.030934984116108483,0.08165677873436344,0.022341926048522323,0.01801019232465988
0.8074866814669873,0.05850195972813344,0.08942268109316386,0.02575873678224975,0.018829940929465792
0.9049233688761662,0.03405373640751207,0.030415357939157662,0.018087610713782228,0.012519926063381755
0.895599877331243,0.033541048161947674,0.03776763802125871,0.017103841992577605,0.015987594492972913
0.8348812366374222,0.0574917120483744,0.060186502117598496,0.029378237414800282,0.01806231178180479
0.7909469239909306,0.098156986774784,0.05465032987102987,0.03103250683317802,0.02521325253007773
0.8589369305388226,0.045476229816272445,0.049389258696392976,0.02446333195599403,0.021734248992518027
0.8698291271840088,0.056076662074417555,0.040157902812597665,0.018464785140841558,0.015471522788134347
0.9248613203536369,0.03964509403205155,0.02147644440476027,0.00735124500401403,0.006665896205537178
0.8584488117258187,0.0532883260336121,0.0471270127773342,0.02596037652896726,0.01517547293426777
0.6768697468633129,0.07584666728565412,0.14724087132239516,0.06197923760619097,0.03806347692244687
0.86971118376631,0.03506183679477801,0.05614161057007323,0.021114992526184036,0.01797037634265433
0.858496007958353,0.04943427270465018,0.04931010217507912,0.02348647597332029,0.01927314118859745
0.8885606133146972,0.03788858874237952,0.041137671476961644,0.018364806094038566,0.014048320371923198
0.6999623241132069,0.10582326740479285,0.12237013268094529,0.043257001711519194,0.028587274089535805
0.9421897812802927,0.014996023243210414,0.023558269573418812,0.010486339399890904,0.008769586503187002
0.8413445307354711,0.05241850351016504,0.05338019996193793,0.028533819089357843,0.024322946703068168
0.880980469323538,0.04076313977187082,0.042732733498671516,0.023122293790845454,0.012401363615074315
0.7659182307111368,0.06263500928010234,0.11379867835133874,0.036238720555973936,0.02140936110144807
0.9067204533275975,0.032438387692567267,0.03083838300627153,0.01863245128081285,0.01137032469275079
0.7668131998373562,0.09156258363786987,0.07998887136484964,0.037203340725538,0.0244320044343863
0.9251141349498102,0.021636664605747098,0.03025220322608267,0.014693648192748642,0.008303349025611313
0.7154523369031744,0.0694895159466634,0.14245043589922482,0.04244710411483233,0.03016060713610503
0.7717433440691743,0.0753297295699102,0.07688305460492761,0.04181975180674382,0.034224119949244264
0.7639676673628584,0.08915618898362469,0.08341190567268565,0.039072841732603426,0.024391396248227643
0.6750329507697596,0.09453253048215068,0.17010747044783434,0.03481593080040533,0.02551111749985013
0.7511764929275181,0.09876636204642007,0.09830023005448547,0.026952940025126194,0.024803974946449963
0.8764092025673792,0.048564380316444986,0.0423181952339842,0.018047134274425822,0.01466108760776568
0.9018461523921747,0.02103325358788987,0.035528737115689,0.026195149130888492,0.015396707773357745
0.8684483428022853,0.0480693855134878,0.048782781026263614,0.02071556859080647,0.013983922067156908
0.8514210937591725,0.03598960116634232,0.06225971241878656,0.02948924957405996,0.020840343081638554
0.7395621570825414,0.10596198239065563,0.08232416572316438,0.040533462972011595,0.03161823183162719
0.82408597357141,0.06606480559799068,0.0659915131701784,0.020941812936748225,0.022915894723672562
0.7718450046186165,0.07811966950228623,0.09496791670921043,0.032933472666101096,0.022133936503785655
0.9127542820979189,0.033804644990338105,0.03163984788480164,0.013068884166809853,0.008732340860131416
0.8890344537086559,0.03280930079647667,0.032147772837705015,0.029538185823293723,0.016470286833868645
0.8387061743368602,0.057797805632794436,0.042788107453440326,0.03885642025224856,0.02185149232465648
0.858706722329094,0.046002699699175004,0.05766739800115375,0.023320671958462748,0.014302508012114558
0.8721521599148397,0.054592685967423414,0.04216865704710127,0.018783267936106185,0.012303229134529347
0.7069953817116695,0.10958246579114295,0.11071714392643377,0.045291821940151425,0.027413186630602458
0.8743044673299106,0.045270260431591436,0.046794113525726364,0.015451966768208753,0.018179191944563047
0.8729762289831977,0.030220079044833793,0.05806129214116798,0.022759536704682885,0.015982863126117814
0.8856786025193766,0.03510978118540003,0.04535776405132975,0.022799266896077593,0.011054585347815872
0.8634600030285319,0.04171316843327653,0.05906472472852274,0.021958413556649667,0.013803690253019191
0.795988861098969,0.053726147202018126,0.0894271788256296,0.03456695824302188,0.0262908546303613
0.8860914232567162,0.027728176686288044,0.051132137059545654,0.02312923691601372,0.01191902608143616
0.8878337186842359,0.03227808805247972,0.04650746121943452,0.0204969372743448,0.01288379476950522
0.7918594796331035,0.08560981762476681,0.06493025281498134,0.03268654820574831,0.024913901721400084
0.9050349590683658,0.030915443373456458,0.03041613218038888,0.021143377928252695,0.012490087449536278
0.8738635932210216,0.026052850529985315,0.04778556384151249,0.029022465092687452,0.02327552731479322
0.8295184916957772,0.08191290174904171,0.046005805941361125,0.02186306781246788,0.020699732801351994
0.8177946761495289,0.053840877329840664,0.06760146770902734,0.04140009759897454,0.019362881212628524
0.9141226160613438,0.038511551499938707,0.02805734366102565,0.009910806233335871,0.009397682544356044
0.7841895542515691,0.06350526391155412,0.1078863995607375,0.026731811992709843,0.017686970283429276
0.8735754148962646,0.02983494157510993,0.0595156473531898,0.02316905981785776,0.013904936357578088
0.8375731966354335,0.059328800835265365,0.06044915222721222,0.0262105951245318,0.016438255177557145
0.7848471334636918,0.05038122910701503,0.10233833523726271,0.04233968240503541,0.02009361978699516
0.8814996409926692,0.02916386416477094,0.05284075939641447,0.023985135259052496,0.012510600187092893
0.8875722115160621,0.02915753862049622,0.046145905468164786,0.024817533581905363,0.012306810813371148
0.7386530913881544,0.09195501898165435,0.09614035801218165,0.04933808601557107,0.023913445602438372
0.6785895877993405,0.09727054420314153,0.13189907288710917,0.0612542231550636,0.030986571955345068
0.7054590574602182,0.07034016429152114,0.12499191027390026,0.06740476472027242,0.031804103254087966
0.8662258113236685,0.04790672527779602,0.05571284790675417,0.016516245938806563,0.013638369552974554
0.929087039202446,0.016170475636230405,0.027827631769821292,0.014259049489038415,0.012655803902463762
0.8143874380404567,0.05198249313589836,0.05904309520261176,0.048926995321195536,0.025659978299837717
0.913260397641832,0.032029429330714745,0.030049724400549576,0.015482154280829193,0.009178294346074305
0.8784594993758538,0.04351498479466111,0.043890326063663374,0.019295395680140832,0.014839794085681061
0.6621059966489774,0.1259262524832976,0.1267292272567924,0.04791199688899284,0.0373265267219398
0.8058911644918628,0.0778265329775002,0.06444159332917743,0.02672563589778888,0.025115073303670715
0.882303151316206,0.04596069579848335,0.030147356661747646,0.024254248209014628,0.017334548014548378
0.772868596152614,0.07490566367405745,0.08788574102629412,0.03697140223955716,0.027368596907477116
0.7723743851266791,0.07307510132052182,0.08961623695837738,0.035885883787337564,0.029048392807084017
0.7729813885081077,0.06543707847971793,0.10411589574266962,0.03397174710327802,0.02349389016622655
0.8275342964448408,0.057614063175933886,0.06949244957908386,0.02606203302657833,0.019297157773563077
0.8628904574148786,0.02968015149449583,0.06822097384031092,0.021013008367501772,0.018195408882812944
0.7946120934915563,0.053110819707818224,0.07756339487966497,0.040906159926904814,0.03380753199405591
0.8002937752029406,0.07153299904980195,0.071425550149249,0.03520598368568946,0.02154169191231885
0.8880927580101035,0.032304056753795385,0.04404819553085926,0.02037774787678289,0.015177241828459226
0.8348780246216383,0.05800584154056418,0.05142460241250007,0.03134968248920143,0.024341848936095895
0.9078568889580949,0.024081435358907593,0.03553855603970873,0.01558375638644613,0.016939363256842588
0.9349565396926782,0.012623764126466343,0.03179206874315472,0.012346444121880826,0.008281183315819854
0.815949632298089,0.05450667772253344,0.06128106506350545,0.04470520719470664,0.023557417721165583
0.763956275822239,0.09419044505446776,0.08595314613852105,0.03136255478180936,0.024537578202962564
0.8074719382735547,0.05739239405887122,0.07972026988208594,0.029822458743934493,0.02559293904155363
0.9169459929036308,0.031040141899997292,0.0286183862653955,0.01365564704398327,0.009739831886993278
0.72173093671294,0.07471521817102979,0.12083172302118309,0.05135374268103855,0.031368379413808566
0.877107390596679,0.04380803361267122,0.03590747320718498,0.027405132121508264,0.015771970461956608
0.7032687500834,0.08513809895145659,0.1377062227370943,0.04763315527197508,0.026253772956074048
0.8026683665751392,0.06521615495127717,0.07213198916129818,0.0393998553230471,0.020583633989238282
0.8895648842048276,0.03690741796130017,0.04267550022443943,0.018499641784790362,0.012352555824642302
0.7620482146344851,0.10583911414074862,0.07585904169768458,0.030718235830842856,0.025535393696238886
0.8738744599448568,0.03681029268211922,0.06459744293898055,0.015521404302869714,0.009196400131173598
0.9365222881541404,0.02950317408405001,0.021395231439794528,0.007096890345501189,0.005482415976514109
0.8910959482214715,0.03077785184080975,0.048853849581830915,0.018211338077557017,0.01106101227833102
0.827370645172281,0.06966551140403104,0.06500754785456919,0.02109328946194897,0.01686300610716985
0.8190973708824898,0.06255105639509943,0.06405035716561555,0.029381784372340767,0.024919431184454482
0.7157450168234433,0.07381111278513411,0.10135612292314593,0.0496055813197364,0.05948216614854026
0.854096426723043,0.04346790064187478,0.05585623509908006,0.029933409063708137,0.016646028472294048
0.7904626620713678,0.08755466836052093,0.08274242952274428,0.026391681620159105,0.012848558425207922
0.8058746930848373,0.05899765193843751,0.09198511478935974,0.029574996763439613,0.01356754342392584
0.8738375980241343,0.027973020546081386,0.06588999319941917,0.022012997930835197,0.010286390299530221
0.9217722875741841,0.030094906017338257,0.02431059377070027,0.014484436901631996,0.009337775736145583
0.9166244216796291,0.022877659614584496,0.03377220751638096,0.018467585607412178,0.008258125581993249
0.875948411951226,0.03249573123491702,0.049339763916784296,0.02731620569753139,0.014899887199541337
0.9064438872763564,0.04235775674138839,0.0241230039464283,0.018016650014162135,0.009058702021664783
0.8160606296732675,0.043158191831351195,0.09148349968564584,0.03273462215366817,0.016563056656067086
0.7819739431001087,0.06937137927934096,0.08856920282728842,0.043141162177808064,0.016944312615453695
0.8123983925801125,0.06771219993254274,0.07903988281139826,0.026846818366215722,0.01400270630973055
0.8867510794352158,0.040964442293617814,0.052001421274619035,0.012770825326336097,0.00751223167021145
0.7253410691244425,0.06949964313120201,0.12295453837424333,0.04981384306576133,0.032390906304350875
0.7927124038436235,0.07985343311251547,0.08293548274360536,0.024774557184079365,0.0197241231161764
0.8199615115861865,0.10197281728304416,0.047924874781273094,0.018101695752870302,0.01203910059662624
0.8876329831847561,0.045551213079237554,0.04504852001528206,0.013096004561405597,0.008671279159318611
0.8437803252602676,0.05179808497275096,0.0641730157366357,0.023719957629230508,0.016528616401115366
0.9487135809918271,0.0184281913156923,0.019213352530526362,0.008144319753759436,0.005500555408194636
0.6935354308569293,0.11063031361766346,0.12556073565920528,0.04110141105048273,0.029172108815719366
0.8571495469208703,0.059653281334570506,0.045829797691361876,0.021148922742011127,0.016218451311186096
0.693965778743136,0.11713590262281778,0.08564930462342725,0.061325128930570884,0.04192388508004793
0.7121976854797152,0.10707268627154759,0.10096701803058063,0.04921204832953959,0.030550561888616972
0.8505656422012169,0.06736056504398995,0.04247186379160138,0.027264133398556174,0.012337795564635393
0.8957099890673643,0.03527353427004164,0.03273158707645136,0.02404255868138762,0.01224233090475504
0.63340830675969,0.12291105707608993,0.15167234306572347,0.055249340749710156,0.036758952348786206
0.7435991866548999,0.06834857094311592,0.10467166780543213,0.04975180173292985,0.03362877286362247
0.7382896791044278,0.10148647172616901,0.0879444459146358,0.0464893677856044,0.025790035469163135
0.9223976916032648,0.023694510176020457,0.03070203688807869,0.012476163664854802,0.010729597667781286
0.8528234741555206,0.05855211828270665,0.044897305038029856,0.02742063184833649,0.01630647067540631
0.906849757967033,0.03821215773333125,0.030486620909890932,0.015228521102603242,0.009222942287141458
0.8526405105200502,0.055191303014268174,0.05697291395686662,0.022102725389616832,0.013092547119198276
0.8917620725146764,0.033526901542864015,0.04009942635201201,0.02105167780051487,0.013559921789932695
0.7550133142975445,0.08453791942087766,0.09812113107744472,0.03781524032950335,0.024512394874629754
0.7107451541621415,0.12702639281702297,0.1162847612238975,0.029181675464632326,0.016762016332305712
0.9005009489599116,0.034441167678538484,0.04266969458207641,0.01301430724898284,0.0093738815304908
0.9180725244362242,0.03320944473764221,0.02799622534376979,0.010461390682682958,0.010260414799680772
0.8346877961179527,0.07027358024214746,0.05429252605774662,0.022343252196843487,0.018402845385309542
0.8658626365451847,0.05389174562051201,0.04427008645503924,0.018832834054724714,0.01714269732453933
0.8248974948909061,0.10031213318786358,0.03443528161556929,0.025244002579171095,0.015111087726489785
0.8564015396002745,0.04429579023386815,0.05767774307910156,0.023800292233866475,0.017824634852889182
0.8749896439257807,0.03155886048116249,0.056407662983288094,0.024924807175788585,0.012119025433979969
0.7349998756479711,0.1084811226950979,0.0770870117380052,0.04816991415375641,0.031262075765169366
0.7778439375090066,0.09292806857684419,0.07411041460582866,0.0360330293889538,0.019084549919366794
0.9156941378809266,0.023318689350085714,0.032827100221546675,0.017746720893553215,0.01041335165388816
0.8254318977233344,0.08689556299043902,0.04971806869209556,0.024754959542969978,0.013199511051160967
0.7657649074026224,0.12143067540995527,0.05747697122155192,0.03452618876726107,0.020801257198609188
0.8537381643494835,0.05181751158827532,0.05130505168059415,0.02550138102224885,0.017637891359398347
0.7770127332778133,0.08693116626938263,0.07850648265472612,0.031117450597224018,0.02643216720085407
0.8946029586695162,0.03262688045600797,0.041705166752152134,0.021138032397029317,0.009926961725294201
0.9018120726352968,0.03468611503547984,0.031624042041586815,0.01995056508021526,0.011927205207421345
0.8770645017199917,0.04639827541018483,0.047768565186408936,0.0176077024339962,0.011160955249418292
0.9087640080629132,0.029892307339106618,0.02940254296709265,0.021036193799355656,0.01090494783153163
0.8737812087287485,0.04549688931883242,0.03568298252500594,0.030463958343145046,0.014574961084267826
0.8382180589108896,0.05661082332992681,0.06107481240298823,0.027194511341600548,0.016901794014594487
0.9449717360045471,0.02681662820684715,0.016629776210633298,0.006619650698191695,0.004962208879780952
0.9526658050217871,0.025073922850296086,0.011270628994545976,0.005678871841767742,0.005310771291602996
0.9297560852485554,0.026573931877737503,0.02638655961832339,0.010038030265399886,0.0072453929899840164
0.8875535158475343,0.02911498998982281,0.04593693011979296,0.02340037183716661,0.01399419220568341
0.9249213861759441,0.01823196412975888,0.02777219796005111,0.01623197648007966,0.012842475254166232
0.8494455516409757,0.04993145532371496,0.05740367514224679,0.026799459019179215,0.016419858873883426
0.8443030197781867,0.07247202012810641,0.05060129955730794,0.021092597739000005,0.011531062797398961
0.8491157096982292,0.05713761194422006,0.054813311879669716,0.02323229633844935,0.015701070139431596
0.9681459912124696,0.00665086257322754,0.010886131351856815,0.008759010481156985,0.005558004381288935
0.9528327982288711,0.026880487656255454,0.006805822964191265,0.009873339195582647,0.0036075519550994527
0.9387586555622672,0.02551980195666701,0.014619738868483752,0.011766881243273998,0.009334922369307925
0.7059629499536453,0.10759871198019264,0.09189654913687191,0.05543397439094815,0.039107814538341897
0.898064968932185,0.04825550343820125,0.027898979045510402,0.01573592668942772,0.010044621894675459
0.9116178088519661,0.033039100918397284,0.024619047960389516,0.019381535668128964,0.011342506601117935
0.783821525208549,0.11188783060650001,0.053527776204217135,0.028839519043875526,0.021923348936858184
0.7924745386175384,0.08755944848618452,0.0677242577991466,0.03315773272742228,0.01908402236970791
0.7627684405235986,0.0670808670828962,0.10718835584861705,0.040036047795948174,0.022926288748939785
0.8716770356004974,0.07119963621705369,0.0371671297542229,0.010661379032202958,0.009294819396023075
0.9133962296878901,0.02853238735310942,0.03771250139232308,0.010751580319629896,0.00960730124704718
0.8327797386801334,0.053325017968034766,0.06856714415335628,0.025970603744153192,0.01935749545432234
0.7926615335206831,0.0832911915836711,0.07340259105784488,0.031227402409968696,0.01941728142783223
0.9180532716491254,0.03148297562110479,0.028622485315697454,0.012465612734507156,0.009375654679564926
0.8635685181726235,0.0491325480176296,0.04596184322723515,0.021846560522036648,0.01949053006047537
0.7624613812564986,0.08033724304221866,0.09737423231010241,0.03745782103002986,0.0223693223611504
0.8513951406453804,0.07172609872356932,0.03672076366534935,0.021647573203389423,0.018510423762311674
0.9135242137451147,0.0318092872957955,0.02786881040509991,0.01696281930507027,0.009834869248919655
0.8992140116974296,0.0550801170701821,0.021569358191902914,0.011427805509505774,0.01270870753097937
0.8254034784233109,0.062199827918922694,0.04826589920284064,0.037802119799160434,0.026328674655765372
0.8837172210615248,0.05911948731452169,0.024096041583444642,0.018312611222878517,0.014754638817630217
0.8455853023220766,0.08092673614265425,0.03295321629426467,0.02037292518932863,0.020161820051675765
0.9367026161536759,0.020536267982209505,0.02554258342459387,0.012043443811978876,0.005175088627541819
0.8975160881026484,0.03496245788635071,0.036703781161929586,0.021259027676272645,0.009558645172798818
0.910732783993162,0.039512942188921076,0.02440738750320448,0.01703945093095386,0.008307435383758516
0.7776439517250876,0.08136948582101054,0.07668969968043751,0.04137425633170351,0.022922606441760786
0.7781284286912478,0.08382737685901066,0.08016628446412605,0.03487094743673632,0.023006962548879153
0.901501605291106,0.03828741701288963,0.03246516725472392,0.018456733893701026,0.009289076547579472
0.8837709665887095,0.044862400670469836,0.040167628539314416,0.02147429228973991,0.009724711911766342
0.8866715073261088,0.047996171910547246,0.04315319875751544,0.01112805409808063,0.011051067907747807
0.8913290808024107,0.04253696177532039,0.03921405824802927,0.01635463031693336,0.010565268857306364
0.8191186164914342,0.0681562874884383,0.06910088962382653,0.024688020191394343,0.01893618620490634
0.8070050356698253,0.06492250403475897,0.07303355639490623,0.03314879174114003,0.021890112159369386
0.8744567057129383,0.046782470619604284,0.04124537567308341,0.01998885590057679,0.017526592093797255
0.5807218273136657,0.1885699727130423,0.11511502115789804,0.06719440906951366,0.0483987697458802
0.664313343518266,0.18551414414656534,0.052498003865076644,0.05356962094319545,0.04410488752689655
0.8829859868509516,0.04193841054132918,0.03923635623396754,0.02211512705033604,0.013724119323415851
0.7920420483585066,0.08903921738739488,0.059685489819899004,0.04086851843574417,0.018364725998455286
0.8517562218749875,0.05181021230726868,0.05235611895805451,0.022962532213410044,0.021114914646279452
0.9128500567888272,0.03997863373906203,0.02784229631270751,0.010542307074811916,0.008786706084591164
0.8557926467411039,0.03483964205022899,0.052649912022243006,0.032715135414899746,0.024002663771524407
0.7803532845300998,0.13708714629961716,0.04711160285953606,0.020554568624279436,0.014893397686467748
0.8876805886626382,0.0645506830913474,0.025085840015979164,0.013170229845198679,0.009512658384836408
0.915674892398264,0.0441068085907171,0.01994849415450431,0.01155374978046087,0.008716055076053752
0.8050047709609213,0.11530146263496326,0.02889663001412652,0.03128104789973673,0.01951608849025196
0.8661461224742802,0.05800397141179381,0.0430237759067849,0.019754106028075914,0.013072024179065231
0.7178782101300711,0.11650763428974144,0.11327103117297263,0.040220360969358424,0.012122763437856607
0.8621758253068021,0.0435988940849882,0.0515922348074229,0.028769080778982627,0.013863965021804155
0.9042121865945105,0.025558950406968636,0.03875322750430163,0.01916652508533496,0.012309110408884211
0.9331721031564241,0.03045381943489482,0.01961443449510955,0.009935163941728742,0.006824478971842662
0.8993119889657686,0.04143007243444685,0.03378922138562093,0.015951444059904545,0.009517273154259162
0.9424491892865752,0.020114811812660036,0.0163342736825815,0.013975754027414525,0.007125971190768702
0.8812636556356856,0.0392614441757545,0.037163764411842624,0.026284907629070643,0.016026228147646614
0.8623217240607325,0.03881856073055775,0.04897367012334236,0.031724140657352656,0.018161904428014547
0.8550033447177072,0.07052414764454695,0.033986900476132335,0.026691720839803337,0.013793886321809988
0.8361105336122538,0.06267790926617388,0.06492040049088535,0.02416670536079425,0.01212445126989258
0.7718175604434574,0.05666899946568356,0.13057304661731364,0.02819794799102532,0.012742445482519993
0.8340484310719686,0.05390866541409114,0.05850276706768308,0.032836376380854675,0.020703760065402487
0.8845285688361032,0.05996356709486386,0.03202117611367106,0.013663566863030887,0.00982312109233104
0.8935049281775002,0.034209542271222464,0.040287130992638434,0.018241501993831857,0.013756896564807278
0.9564302442571021,0.018107602211502757,0.010980453150172747,0.007578007821343507,0.006903692559879203
0.8107763217921192,0.07700509287823941,0.05717373003201158,0.033286701941258295,0.021758153356371438
0.8402129819915563,0.055321676305785016,0.06606343693104777,0.022979851817946515,0.015422052953664458
0.66090159123576,0.15748037941889861,0.0909030886779277,0.05354050165084839,0.03717443901656523
0.8623907795950551,0.06252193563208948,0.040248879525459164,0.020609988154272812,0.01422841709312351
0.9029256013820187,0.05411651087856271,0.01905937367578071,0.015077435390086656,0.008821078673551227
0.8560897240572721,0.059571862496718385,0.03148936714196773,0.03005951269716115,0.022789533606880755
0.8618445556246715,0.06895929560468772,0.034178158090072144,0.021266268473247803,0.013751722207320504
0.9352691382322073,0.029579929625913364,0.01886990354705181,0.010247115247338203,0.0060339133474894896
0.8992831945960009,0.044004704797597306,0.034614501724734785,0.011842481373067858,0.010255117508599136
0.9029643020742831,0.02368332577077232,0.03654801562753163,0.024094012646206205,0.01271034388120691
0.7533722316370144,0.1661154744569247,0.032127226780089925,0.02693485576447725,0.02145021136149364
0.7882832765885927,0.14008413530231578,0.03318080323667564,0.022936746438065096,0.01551503843435081
0.6933874276878251,0.16070872623561314,0.07477925347186574,0.041147123367882926,0.02997746923681291
0.8643647853596355,0.08415685694790932,0.02221241578124581,0.017060527637793213,0.012205414273416383
0.891416902695566,0.06306448986574564,0.021384864902782134,0.015288540920396748,0.008845201615509434
0.895273118914034,0.03345319571744722,0.04008208324985367,0.021452844294538316,0.009738757824126696
0.8940668959512632,0.031041164963933405,0.04558984664542952,0.021978122625608686,0.007323969813765432
0.7559375510472216,0.09543175844712289,0.08510856832234981,0.047029424814498205,0.01649269736880757
0.8826844778556531,0.029623535750000457,0.05244458517150252,0.022078871373296227,0.013168529849547571
0.9386474453065077,0.02098826040090079,0.021723891164819844,0.012126905599011523,0.006513497528759933
0.8845965206615578,0.0566332684886384,0.03202335000467889,0.017911466782946875,0.008835394062178278
0.9362644144687665,0.019945441418259505,0.025130627444163132,0.012746786336455568,0.005912730332355261
0.8577778514641475,0.04952465754291689,0.04796665503192494,0.028415415482316336,0.016315420478694095
0.7790243915950442,0.1086279248640437,0.0632082812155198,0.02809616464165345,0.02104323768373885
0.8929168226523648,0.044847032601282436,0.0418155352891026,0.011292183787045548,0.009128425670204766
0.9425952156478659,0.014054663187286686,0.025982801848036897,0.009586953995763477,0.007780365321046828
0.807198235181027,0.0931609501672526,0.05953151713024222,0.02655216793101028,0.013557129590467877
0.626174168665292,0.19323403356447885,0.10496756832286636,0.044862764997620604,0.030761464449742093
0.7761948582320606,0.07221249533315591,0.0889945977094154,0.0377720766016478,0.024825972123720202
0.8634351942473569,0.052000060636178715,0.04783068754459386,0.02189622106136079,0.014837836510509737
0.9240625893128332,0.03710109314811871,0.020169762411246135,0.012973755458619235,0.005692799669182739
0.8877662179788289,0.04622141438952382,0.034977342676231114,0.0188874954694371,0.01214752948597901
0.8960442361092372,0.04997409843519957,0.021503243966008508,0.01935099069083476,0.013127430798719945
0.880971068409051,0.05252767981744747,0.027790044091365883,0.02598811242871509,0.012723095253420674
0.8506328177751064,0.09126141585782555,0.020558815767594163,0.0215932217604347,0.015953728839039324
0.8900139513939279,0.04709633447859619,0.02807541265084883,0.017757348815350026,0.017056952661276947
0.8754834548588679,0.07177366463133983,0.025440127751755047,0.016654550280414043,0.010648202477623128
0.8161690685649069,0.1143120236097401,0.026901808899840625,0.025617145365521506,0.016999953559990892
0.8128642905087481,0.07634106719046893,0.06385319827028665,0.028120794440195104,0.018820649590301285
0.8891065699083583,0.049503472662896564,0.04012945289597339,0.01174579137001597,0.009514713162755862
0.9079954365632826,0.04022690635636526,0.02804352470134653,0.011643204277032774,0.012090928101972702
0.8867134459692874,0.05876406744702267,0.03130572278092771,0.014161754185925688,0.009055009616836857
0.9156320821409181,0.032020312590427605,0.029008535218775684,0.012677372922381877,0.010661697127496855
0.742500615402172,0.14506755962020393,0.054758198205450415,0.03549548178622244,0.022178144985951147
0.831474848536675,0.0874514305895907,0.04739372630163734,0.018925550281556618,0.014754444290540607
0.7793513873709287,0.10452546965781746,0.0595649427236098,0.033067864957923174,0.023490335289721234
0.8298409902749472,0.1062024120863986,0.02737429573063068,0.02109581888830465,0.015486483019718915
0.9020288400161403,0.050177604827732133,0.023684305911881635,0.011622791102059448,0.012486458142186635
0.9552903193824274,0.020029641327643462,0.011530660487591438,0.0071912209850452545,0.005958157817292248
0.9037406401416721,0.043357588574713626,0.02418924697379466,0.017300952736841037,0.011411571572978516
0.9360384188430055,0.04013519739840562,0.009344228191603951,0.007251693059711095,0.00723046250727378
0.8819016296516413,0.05979990698952315,0.022395269550758126,0.01959110060840604,0.01631209319967161
0.6752125601387662,0.12825155647040715,0.11497180299013963,0.0525008587947437,0.02906322160594348
0.8462967442582582,0.05640667666290037,0.0467503316908807,0.03191921081159333,0.018627036576367318
0.8293976671320882,0.052924323161902584,0.07499603939842528,0.03208888517925369,0.010593085128330133
0.7956399650310187,0.054920326783343076,0.07940175948951508,0.04632207547750644,0.02371587321861656
0.8951698164010962,0.048667822905924904,0.018379081392563106,0.024086186680379255,0.01369709262003675
0.8602328470849225,0.07563265779780225,0.026310256255568543,0.023813195676052477,0.014011043185654194
0.8800380539535569,0.04438651867223102,0.044893478278571264,0.01924944842381549,0.011432500671825406
0.7397510590482611,0.13002279998755986,0.08222032281942095,0.022546765850739694,0.025459052294018437
0.8506950625777608,0.08335976495416017,0.02988996525961429,0.020878414074164735,0.015176793134299675
0.7841665974687468,0.10871003558215642,0.055251942746488314,0.025475100734440138,0.026396323468168444
0.708140797561693,0.1517480687332027,0.0718726080165855,0.03930332750058828,0.028935198187930392
0.8941039221737321,0.04662260056970531,0.02934754488083041,0.019510196786977713,0.010415735588754483
0.9286216841656326,0.02888795582613531,0.02299889961160603,0.010110982226774652,0.009380478169851185
0.8990699995132869,0.05905668436984651,0.021833669281761905,0.011993702377164482,0.008045944457940303
0.9471392956184488,0.02499002072979305,0.013176097739095378,0.008407704479775268,0.006286881432887396
0.7646709295462194,0.13403432824435974,0.04815651795898005,0.028704750995933326,0.02443347325450756
0.9123264959457179,0.04621802735879218,0.019513611611591535,0.012708203096143157,0.00923366198775513
0.9485107763163433,0.02583564198434696,0.00884524039919881,0.01010447210810668,0.006703869192004474
0.9185262783340663,0.05260863749977573,0.008690665807680365,0.0120600426178,0.008114375740677408
0.8730495419017741,0.09672639398073359,0.011731646314087003,0.01165952632585417,0.006832891477551305
0.8426705199526554,0.09830679530187846,0.024088509485570862,0.01624133893118386,0.018692836328711427
0.8382497194784357,0.08455621825745879,0.03407266199435792,0.023829485961449036,0.01929191430829826
0.9211212528621443,0.043952273577919844,0.01761398682539427,0.010026137707675546,0.007286349026866079
0.903635945156037,0.05578123699968508,0.01579713310629779,0.015212678014592904,0.009573006723387076
0.9181770969204464,0.036196549399756,0.023959344637759537,0.011203962964934557,0.010463046077103716
0.8027320497683255,0.13491520840438206,0.02376518259600717,0.022349600110774023,0.016237959120511212
0.8808540164691971,0.06029098180716308,0.02234811214048628,0.020107209725093222,0.01639967985806032
