Delta_Power,Theta_Power,Alpha_Power,Beta_Power,Gamma_Power
0.89041336402984,0.053704972773512875,0.027826668882189348,0.014723862576641381,0.01333113173781623
0.9026638444311651,0.060219835869808974,0.022460779445484885,0.007178130132240133,0.0074774101213010424
0.9208578669637645,0.03113758467181422,0.03250599010574455,0.009708847869887328,0.005789710388789514
0.8788811446061916,0.06251821993163047,0.017757390278218974,0.020218009084077535,0.020625236099881362
0.8679926402626905,0.04582811006029932,0.032728732431341966,0.024469548550557562,0.02898096869511057
0.8907117853308407,0.057600735877109406,0.014315682642933035,0.017633585965433025,0.019738210183683765
0.9376668892915255,0.023915476302675008,0.019147107571260737,0.011071287739231864,0.00819923909530707
0.8289347559541548,0.07508178079240228,0.047711632041189916,0.029164203526035888,0.01910762768621694
0.8143413164939619,0.09149436782994787,0.049088184463079956,0.022646266105086122,0.02242986510792425
0.8243690471902884,0.07886314364179885,0.05361034905207369,0.02271888298952176,0.020438577126317397
0.8057461536793473,0.11132982533188855,0.04738746862858018,0.02119609004645033,0.014340462313733503
0.7963057917283309,0.14074249261245547,0.03725846140174796,0.014347344165949768,0.011345910091515804
0.9425192858363916,0.035219819386544775,0.009911320072093355,0.0055527706929494915,0.0067968040120208245
0.7212211461809174,0.1556523492696369,0.07204911004658762,0.028060865707052872,0.023016528795805114
0.8620166889452434,0.08068211141941155,0.032635038422434696,0.015507049855362855,0.00915911135754739
0.8952959360358355,0.04637587194033334,0.03017474603426021,0.014715245315939844,0.013438200673631405
0.8958988048093,0.07039895807939128,0.014754755627103879,0.01157296223721033,0.007374519246994369
0.8283126472270125,0.09013499337232708,0.03672687190545233,0.02483580016206518,0.01998968733314293
0.8508725727484102,0.07913150697276658,0.025021730676169113,0.016072196547073182,0.028901993055580864
0.9082564864448681,0.04237996778862541,0.014250642476535704,0.01596051776597711,0.019152385523993693
0.9616784057550579,0.01998637664495269,0.005369333962087855,0.006268764391861919,0.006697119246039461
0.9366600637200663,0.022918044237794637,0.017482293604969765,0.01230264250479552,0.010636955932374199
0.8624197887781438,0.07254149502501758,0.033915208750226605,0.01802587554563523,0.013097631900976717
0.926995097943736,0.03503440088818277,0.023365860931103027,0.0077708762546927265,0.006833763982285545
0.9190010182645572,0.04175937689299639,0.020397789137635357,0.0096437807197146,0.00919803498509648
0.8692854434378192,0.07473633978784543,0.02103942873941981,0.01841901239781396,0.016519775637101542
0.7869215290627583,0.06527919655683054,0.03678051006663349,0.037807502996783926,0.07321126131699364
0.8572731137678703,0.06394109727550276,0.03216478999245247,0.027214280595610214,0.01940671836856431
0.7054854403275217,0.17064343745695915,0.05469092439473964,0.041644159533589846,0.02753603828718983
0.8242723956054534,0.07619792800487703,0.05570536501401571,0.022459736758485786,0.021364574617168328
0.9431372194740385,0.027457585685785667,0.013862586496219976,0.008329569105944443,0.0072130392380114535
0.7420850386619301,0.10463002933174381,0.07657853905481682,0.04672220674845882,0.02998418620305039
0.8732005958520894,0.04021272631743664,0.03187810846698836,0.02816814049361837,0.026540428869867336
0.8790281976083164,0.046537477606397704,0.028437705528360877,0.022112966922573682,0.023883652334351187
0.8500855941191635,0.049316717056857445,0.03903130033871764,0.02926303058623045,0.03230335789903099
0.7884692294850799,0.11246434829227732,0.04489149678649348,0.02449897002655295,0.02967595540959642
0.9075111279820163,0.04980844656405051,0.0219446691805311,0.01059777924738547,0.010137977026016676
0.7759439165756918,0.08197298822115612,0.06885456887573588,0.043672151565471176,0.02955637476194505
0.8341159596742922,0.08726445812718688,0.03388964477045944,0.02391980047443131,0.020810136953630126
0.7240232888712723,0.13186883151591536,0.07653882097900372,0.0397379379512188,0.02783112068258982
0.8481207066787564,0.08339524796820023,0.028399425942149507,0.025642675658618448,0.014441943752275388
0.7703930184510389,0.13762636807065212,0.04969405003445058,0.025826254157716198,0.01646030928614226
0.803271083405836,0.10958500485853402,0.04329142160404361,0.026182022828400535,0.01767046730318563
0.9304815111154797,0.029109680476632743,0.022645282516869817,0.009561658875847208,0.008201867015170582
0.925338342286809,0.030937512167750047,0.023436284706302123,0.01217738974455605,0.008110471094582869
0.8961850281660404,0.04711865268576598,0.02091599907559391,0.01714302969590047,0.01863729037669928
0.8784922406650756,0.04991114261538883,0.03094755206846886,0.020678001747096945,0.01997106290396999
0.9229452709138336,0.04136014051775572,0.012347312019111012,0.012223115839801528,0.011124160709497937
0.8339173068517295,0.08110262300467992,0.03081661375210523,0.02496648738360852,0.029196969007876786
0.8440474229467438,0.0697750161646925,0.03293412480144715,0.02314220722218602,0.0301012288649304
0.8748135787495932,0.06642948918191816,0.01657441990077535,0.017666718046220695,0.024515794121492473
0.8732536780469644,0.044800966898148206,0.03920139717190511,0.022434175136491177,0.02030978274649123
0.7614759181017764,0.15251415934066162,0.03955791902461927,0.020863571658122398,0.02558843187482041
0.7009340353568867,0.15650302355900628,0.05880206641478723,0.03773125605971275,0.04602961860960705
0.84379276598306,0.0845907889214143,0.026348008655062732,0.019010288483331143,0.026258147957131907
0.8776629267319489,0.056992567893745474,0.022968781352092387,0.016506032969990165,0.025869691052222813
0.9113686562468872,0.037442439548543184,0.017044421591439773,0.011849444869690839,0.022295037743438918
0.8576802635870939,0.05410593455160986,0.02498298230666627,0.02540137503215323,0.037829444522476774
0.9107505872179469,0.037066357213844554,0.018557046749136795,0.014685940940835135,0.018940067878236815
0.8157717552521726,0.06326998972723451,0.030392186134977045,0.03415881027690551,0.056407258608710494
0.8728634640667056,0.03626227604642768,0.027655389223831397,0.02469154261500766,0.0385273280480278
0.7761148879314236,0.08927857163244617,0.04867902835903076,0.034535121415755377,0.05139239066134391
0.8872211715582929,0.06311374330793112,0.01693161728095777,0.012041710176820772,0.020691757675997506
0.8227306808249666,0.07251278839151465,0.03262808978026017,0.027305720651544237,0.04482272035171447
0.859872564727809,0.04596375712901995,0.029670704639595223,0.0235421182666482,0.040950855236927396
0.8542311997593203,0.04979731926963311,0.026405972381622483,0.022070149576433162,0.04749535901299089
0.9329808353831638,0.015505888958479942,0.011854176356129188,0.01632377969282068,0.023335319609406213
0.8669445123256981,0.05952228772113277,0.031420256147005644,0.019364955867199152,0.02274798793896443
0.7579211924722525,0.12849103145565735,0.054513883313804204,0.028798875386073907,0.030275017372212113
0.7301101587647318,0.12139123451463611,0.07969074662508722,0.03145343943103451,0.037354420664509974
0.8857393765460438,0.05714899160100618,0.02397816056993207,0.016175618827669897,0.01695785245534808
0.8547152285275141,0.06359199818621415,0.041281391870141765,0.018305142959998223,0.022106238456131612
0.6797337150164146,0.14217311928291215,0.08222807006438825,0.041752546959347735,0.054112548676937426
0.9149538111949583,0.03735030049396511,0.025430771845360044,0.012016751056635471,0.010248365409081164
0.8843301092396321,0.061902522711009336,0.02065530061516669,0.019737376025564995,0.013374691408626979
0.8027058628507938,0.11849713977680162,0.038790592019242245,0.019408127592358847,0.020598277760803474
0.8028402815234364,0.07148567724676769,0.06731632716931174,0.03181754283447416,0.02654017122600999
0.6988347752315208,0.12879932696716326,0.0941701782551063,0.046839535170409646,0.031356184375799914
0.8589489926203744,0.06345506292593928,0.03186255156812374,0.022148650446453134,0.02358474243910965
0.8425926376012038,0.06938867013943825,0.033487344791901845,0.02991873226708698,0.024612615200369233
0.8362620137913609,0.0815482015380437,0.035586736480515614,0.026787711295512065,0.019815336894567714
0.894558497256491,0.05776892452809556,0.02638888886425913,0.011599505837602083,0.009684183513552188
0.8782799622250593,0.05168323116077952,0.035961428122048514,0.018196642223281663,0.015878736268831083
0.813248137206065,0.08102302878273292,0.04878878010099431,0.030735253135732152,0.026204800774475654
0.9572644346826409,0.024986027581207545,0.007476933926735781,0.00645085710633991,0.003821746703076185
0.8669433909638814,0.07386364611983079,0.030866770314377828,0.013284667068434815,0.01504152553347519
0.9084909968669379,0.04268102722323779,0.01926066412815347,0.015292858040600639,0.014274453741070111
0.8963342593569439,0.04111748242438041,0.028680061985891108,0.019939203888638,0.01392899234414642
0.8106578252310076,0.07670186682999613,0.053831443081852295,0.02738486124206285,0.03142400361508083
0.8422502624080997,0.07232456192227293,0.036692988421859044,0.021478330470747715,0.027253856777020496
0.8658583502915517,0.057274934607546256,0.027462068778750123,0.023624198050951763,0.025780448271200462
0.926725328757336,0.03963571303493171,0.015215378835148143,0.008252403980528683,0.010171175392055209
0.8329085577481103,0.11702383719826775,0.018708668426708007,0.014721332412248864,0.016637604214665026
0.8762887726353765,0.06975059188206124,0.020752475122111518,0.019444239790104834,0.013763920570345624
0.8480093038934499,0.05011511553514017,0.04706344501613805,0.02709420018442288,0.027717935370848903
0.931983609601714,0.03593450520864635,0.013544099704188574,0.010609854299662977,0.007927931185787992
0.9314559247071615,0.027915682994709822,0.017926252830269395,0.010887325453665948,0.011814814014193256
0.8226369714024514,0.10396516357000372,0.042335055696913974,0.017068661020919317,0.013994148309711353
0.9125089854610348,0.04229055350372333,0.01326768854779156,0.015384236184554017,0.016548536302896495
0.916639198750669,0.04619661754330955,0.01531256205136056,0.01371503558645172,0.008136586068209136
0.8995494573058822,0.06901601183884486,0.015859395358234347,0.008054797730020102,0.007520337767018502
0.9171592838376802,0.033123142686475364,0.024722828730937157,0.014038942865185918,0.010955801879721238
0.9089010995262373,0.045613049627473715,0.01953515060253379,0.015367443808683167,0.010583256435072002
0.8885494699564574,0.0540890185818935,0.02823715914856165,0.01618873382777742,0.012935618485310059
0.9078845327300301,0.03671485817862929,0.035787058041643116,0.010549305762034264,0.009064245287663324
0.8676331748617448,0.07473092953033134,0.025091453442050576,0.022326238450573792,0.01021820371529945
0.7974288871388241,0.12991922809239526,0.03341119896049313,0.028228623446864005,0.011012062361423566
0.8917500080066123,0.05430223000055871,0.026583311580246082,0.01713530005501731,0.010229150357565208
0.7704106655925571,0.11267365685942524,0.08197477291433025,0.01992783574943478,0.01501306888425284
0.8332340985712049,0.09089028919247577,0.04269712683772591,0.020895098897825676,0.012283386500767744
0.8683419331791377,0.050162567645926706,0.04927602075085806,0.020434968018348414,0.011784510405729138
0.8378535720612902,0.08606782148825512,0.046804585494781066,0.018859215364284032,0.010414805591389568
0.9196919280292103,0.04727823182324454,0.017850576587061646,0.010029305883944116,0.0051499576765394305
0.9161149110245064,0.0561745122417009,0.015987837527155102,0.006787810354873948,0.004934928851763584
0.9237441891071023,0.029865627403148756,0.017723883387376543,0.01515971613090542,0.013506583971466918
0.8896729075895347,0.06131094493902395,0.026064210617981563,0.014422876819215967,0.008529060034243764
0.8631743707768404,0.07082750368503647,0.037860744699169294,0.015876570786120696,0.012260810052833105
0.9239085700541498,0.032001716061457235,0.02722333268941855,0.010299639132378701,0.006566742062595811
0.8551314926797775,0.06264127294058665,0.04051597336028422,0.022638534204549452,0.019072726814801974
0.9115419241606179,0.04176619851694472,0.02975016485490626,0.008419232573616861,0.008522479893914324
0.908416967114483,0.026417282824168723,0.037590039370118525,0.01644166353466762,0.011134047156562065
0.9136182282008479,0.03672185910900677,0.02820766325442181,0.012169761764042188,0.00928248767168129
0.8315790680434157,0.08192967805672859,0.05378453844261884,0.01803494134577075,0.014671774111466081
0.8352840038279479,0.10748656313923453,0.028580447426526122,0.01836783014479455,0.010281155461496867
0.9158559504192773,0.04145887783995481,0.025055369452162954,0.009931000894936407,0.007698801393668301
0.9329709585802918,0.036099367276151026,0.01613788727168604,0.008012582726955405,0.006779204144915774
0.8832341964557708,0.06844105907660385,0.025470772870793384,0.013005339354033,0.009848632242798937
0.888620000814131,0.05993517623504559,0.026183661223697117,0.016229117203423446,0.009032044523702817
0.8882181089563681,0.0687923196339476,0.021795336519514392,0.0128330454245474,0.008361189465622544
0.8188536251942123,0.10449081266797278,0.043524758464982855,0.019968920226413073,0.013161883446418979
0.850335426329059,0.07172483167171209,0.04678092900631717,0.01918987442156779,0.011968938571344012
0.8692165749168743,0.06799621205973382,0.031895957084607345,0.019099879354406,0.011791376584378416
0.8928563183193168,0.04126089875362463,0.03919995724759559,0.016848499271454615,0.00983432640800837
0.9378310701911876,0.03701828090153547,0.014670591267664342,0.007248056765828383,0.0032320008737839368
0.8725699082405367,0.06867745684723778,0.03349729935432572,0.017213848638567304,0.00804148691933248
0.8605237754648255,0.07369577506371447,0.037975636472585665,0.0163047738624548,0.011500039136419631
0.8999591429099937,0.05138605257863595,0.030603541306554998,0.011386575017276617,0.0066646881875386255
0.7626606781315463,0.12590648120733341,0.06658826191411799,0.03134483501333854,0.013499743733663586
0.9298053223814955,0.04142698005932454,0.014734860803444489,0.009277922379845522,0.004754914375889983
0.8991324426669692,0.05148640566545773,0.02226262430282608,0.01635354080773704,0.010764986557009965
0.9265017929283699,0.035641466011923646,0.019831425383995467,0.010994065542863739,0.007031250132847374
0.8305551375349081,0.0961558617611413,0.04613550581013429,0.01586587399870309,0.011287620895113315
0.9191264073236034,0.03247669394652458,0.027390419409539978,0.01252787370595097,0.008478605614381149
0.9121976690543276,0.04955330114440068,0.02239813930805575,0.01010838768638015,0.005742502806835582
0.8723296939602863,0.07371784562457037,0.03195502836914086,0.013466975110928835,0.008530456935073804
0.9135613309194595,0.05445395583401294,0.014601636748435416,0.010744874173743934,0.006638202324348143
0.9257888498884894,0.04192748587377256,0.020782627390689274,0.006894518164818471,0.004606518682229971
0.8332571354730336,0.08468815745051664,0.047740877595523694,0.023557429396746345,0.010756400084179704
0.9540815694636895,0.020968365278410575,0.014751674685365361,0.006573739206656098,0.003624651365878647
0.8315683621056328,0.10108977058984403,0.04714430617915946,0.013378886783843521,0.006818674341520317
0.9224771941197207,0.036158346993304,0.028358054168526027,0.007646540482078849,0.005359864236370376
0.8732405537573156,0.05635461502639329,0.040406259537516725,0.018872021496644176,0.011126550182129973
0.850527682467037,0.07992725807556439,0.04852137327025813,0.013251015077291107,0.007772671109849051
0.8553437323203805,0.08205182534013737,0.03886830655449916,0.01437733289118426,0.009358802893798828
0.9177682272219126,0.045614007428841724,0.02421193776183703,0.007375761623644012,0.00503006596376453
0.7093282827432641,0.14722631016741383,0.09088841945914523,0.03214405230795816,0.020412935322218505
0.8466187741238589,0.07184670368979282,0.05527847816131616,0.018688299575302433,0.007567744449729622
0.9268083405010777,0.03277517409238152,0.028386302616167022,0.007448378466939711,0.004581804323434064
0.8482656151823609,0.05546870514013819,0.0514434702942222,0.02030897042652346,0.02451323895675503
0.8971207190749327,0.05996801036453172,0.02591569152896614,0.010374199673865247,0.006621379357704279
0.8947798731412631,0.05776327363305861,0.028594413519288667,0.011816908670829449,0.007045531035560335
0.8531848007438189,0.0872230886448366,0.03795985723474564,0.012988953852964167,0.00864329952363482
0.8597002218236286,0.07064087568427917,0.04415954793852129,0.01483821627631816,0.010661138277252525
0.9242798647204138,0.04257199318784604,0.02225612452168632,0.006952396474905127,0.003939621095148686
0.9131398458594232,0.039156292096602936,0.027418780662109756,0.013983764128885166,0.006301317252978637
0.8880333028115575,0.0398668139277444,0.04866469671584284,0.014194289529982477,0.009240897014872882
0.8902407517325855,0.05968689452239187,0.033867236448460535,0.010064772737124705,0.00614034455943739
0.8078538724665847,0.11713798086343509,0.046367408201394025,0.019019847713615902,0.00962089075497023
0.9248410887163808,0.03543812524608846,0.028754383924087832,0.006764999914908463,0.004201402198534007
0.866789096944047,0.0679325938218079,0.04256159056427058,0.013805156855431093,0.008911561814443452
0.8881323237084146,0.04619654867972916,0.043186736493510125,0.011622344060548991,0.010862047057797372
0.9228208412395797,0.03682660749052138,0.025120487091066974,0.009494645357995964,0.005737418820836134
0.9412599255769774,0.023736720164734895,0.021581646800153585,0.009015559435163203,0.0044061480229707056
0.8763178106449495,0.07353982698247997,0.03190696157780479,0.011393560571342347,0.006841840223423685
0.9089342482728314,0.04615136715539882,0.02580570476558866,0.011845119810947678,0.0072635599952335685
0.9064800516120161,0.0439707820581533,0.036726019290719975,0.00779831109167788,0.005024835947432911
0.9440954458319339,0.02797475120847842,0.016984654524534824,0.007532327999882472,0.0034128204351702726
0.7729293734730689,0.13256845451125568,0.05965475491702434,0.022370083031634534,0.012477334067016302
0.8785194075400744,0.05889507169983498,0.045165987709520204,0.011573644136720821,0.005845888913849333
0.7862338698170841,0.10753967329785986,0.0716150399021652,0.025500966511378283,0.009110450471512599
0.8862238230391415,0.043654168073642315,0.04890257769705571,0.012773112007622437,0.00844631918253813
0.8853828468704454,0.0498918845115074,0.034794046227500805,0.02096622443468706,0.008964997955859111
0.8399923757730062,0.05978992317995874,0.06823473005791035,0.020778979616514384,0.0112039913726101
0.9164304914041571,0.040762267030478125,0.027831969458367366,0.009745768478014744,0.005229503628982662
0.9448360667381033,0.024839142805136157,0.021056847536180298,0.00578133341108099,0.003486609509499519
0.8930339789313456,0.04446766833663317,0.04228766965082943,0.011812931831320471,0.008397751249871084
0.954920676324535,0.024060544602035765,0.011404659783855043,0.005513566277024647,0.004100553012549408
0.8896626621110442,0.05576817470343714,0.024555415030590624,0.013360020736147383,0.016653727418780587
0.9174235183221515,0.04425010374360008,0.020338095458548044,0.010533964773094116,0.007454317702606081
0.8645692816631232,0.054690429541278965,0.03720025407480092,0.02132043199778792,0.022219602723008897
0.8851286708055869,0.046122269077591795,0.040004093884485545,0.016855629254479237,0.011889336977856562
0.9166894554462953,0.052836426731352464,0.01747482648867658,0.0074548414567116505,0.005544449876964112
0.861495817121201,0.07315462563816064,0.03931338361858871,0.016831882047746428,0.009204291574303393
0.7986277180449085,0.08134327991206836,0.08273588351957242,0.023708695943426984,0.013584422580023776
0.7738008603384202,0.11729819005012636,0.06343199434143945,0.027304854448792677,0.018164100821221375
0.9019808731097986,0.054263974374546414,0.030426204453933996,0.009034402529851342,0.004294545531869847
0.8994441674412859,0.04749508404985258,0.02929146018720578,0.01657328244914265,0.007196005872513388
0.9168880841290772,0.050173929994751974,0.017617195428830914,0.010927249817188461,0.00439354063015146
0.7924523407011241,0.13434847942445943,0.04445755059828634,0.018372377600924035,0.010369251675206002
0.7619548914474467,0.12049514156017713,0.07859518725011858,0.027765916608022582,0.011188863134234854
0.8474701639026726,0.06505514049798507,0.04396201070210095,0.030018895817521075,0.013493789079720287
0.826491921905331,0.10655336214383493,0.04726051088176919,0.011644104900784519,0.008050100168280207
0.9134289839550116,0.04618121474546062,0.026078590370517678,0.008567326350710506,0.005743884578299642
0.9294782480943227,0.03662047415290875,0.02290079314707156,0.0071302732943162575,0.003870211311380559
0.8127739794124322,0.09049472147590992,0.056896032950594214,0.028532489092081458,0.011302777068982365
0.9386869909452497,0.032845686141953365,0.017106270234217257,0.007548236990978136,0.0038128156876017475
0.8496301078309714,0.07055229868303765,0.05346474173553814,0.018908753241210073,0.00744409850924263
0.8894869850396501,0.05610266574187658,0.03716928991574095,0.011956172749403662,0.005284886553328557
0.8856474844612474,0.03906432503321076,0.05102582574409652,0.01532606206898103,0.00893630269246412
0.8577600914160874,0.0673084104949422,0.05389270314692395,0.013796976294699951,0.007241818647346516
0.7941500927945068,0.10248262091064503,0.05652070252506986,0.030682288427905692,0.016164295341872463
0.8171111540851328,0.1065181959436685,0.048053669958503575,0.01784408566030324,0.010472894352391666
0.8857582281858141,0.04452694645777711,0.03359543385289693,0.01590500093453577,0.020214390568975938
0.9011385082706943,0.03763338244807024,0.02611351972362328,0.015624447564841748,0.019490141992770448
0.8606592470969796,0.06303131500655464,0.050250037683411755,0.016392688388336282,0.009666711824717511
0.7772840547929316,0.1425915365683173,0.044981148937529754,0.021334169348399015,0.013809090352822165
0.8418244052150123,0.0588198877245646,0.0577238317243876,0.02756661939547701,0.014065255940558323
0.8202642214789834,0.06903517869605887,0.06608676969162894,0.02995762663977533,0.014656203493553541
0.8720131199595947,0.07101914186720852,0.03514347664388978,0.014171232701965486,0.007653028827341491
0.8176423683248304,0.10309474416156039,0.04918658975117716,0.019427597148039905,0.010648700614392251
0.9177936385015186,0.035309934733811256,0.02861688080255254,0.012404851579995392,0.005874694382122131
0.8336431495312234,0.1007485149047047,0.039525636538008606,0.016173343345550022,0.009909355680513416
0.8141430368587039,0.10338719498676749,0.047863272329550975,0.02266766541250744,0.011938830412470292
0.9437807529586497,0.026543758074517202,0.018373341545456997,0.007907471857759406,0.00339467556361672
0.8275512113336265,0.08534905030184792,0.05407469676164304,0.021824068387999017,0.011200973214883513
0.8810462118503106,0.05364075945231927,0.04105263621875404,0.017563204088101456,0.006697188390514763
0.9054655246376283,0.060692620841051086,0.01870704208693422,0.010003591124924677,0.005131221309461816
0.7779804051984931,0.12017802637766717,0.06881552563746277,0.02142499999596818,0.011601042790408782
0.8902701148710206,0.05616246756921318,0.03331610465013003,0.013243651487522445,0.007007661422113665
0.8693257930273987,0.07317468180764675,0.040738294995126316,0.011203088186240556,0.005558141983587575
0.917834200983951,0.04218215959494853,0.027749443841591327,0.007760598769745739,0.0044735968097633794
0.9411480799776658,0.025673686389696183,0.018961998605250708,0.00859851116809917,0.0056177238592882515
0.8786145422247609,0.06117658757243061,0.040215240103343354,0.012558593143315581,0.00743503695614952
0.8802323943070038,0.05506216208985336,0.04181376390037531,0.015834124532853756,0.007057555169913642
0.8850308939856993,0.04818093195398285,0.04493458301427562,0.015255973139327628,0.006597617906714518
0.8814744072018026,0.07118112690856832,0.03189752711817503,0.01009867503737375,0.005348263734080311
0.864871942460096,0.048765099401774016,0.06531966000817371,0.01428723903910093,0.006756059090855693
0.7849894412584998,0.09656736904560834,0.07845571414820446,0.027698406527580006,0.01228906902010733
0.913286532451119,0.052746429606379625,0.02127019081743324,0.00832111828926704,0.004375728835801401
0.8432921130521986,0.07953940243004823,0.054431652926206386,0.014538922207023082,0.008197909384523883
0.9421314706668512,0.024283206337531397,0.01963150815772546,0.00813179230227547,0.005822022535616421
0.8852347794962985,0.06086831117709647,0.03771794362799619,0.009967574494520222,0.006211391204088752
0.8694953972588009,0.06576870432086465,0.045561758229447545,0.013148808959369124,0.006025331231517561
0.9515306936143658,0.020093649763648518,0.019019074713242188,0.006115759923878458,0.0032408219848649687
0.9245546655392884,0.03881446874450899,0.024854548090522212,0.007552853951132782,0.004223463674547451
0.9203084939892092,0.0400443488439767,0.023496832618901224,0.010692825169838622,0.005457499378074534
0.8202480086632213,0.10264116413317659,0.04734054286615953,0.0198546952963381,0.009915589041104244
0.7736970877680953,0.11440174092402118,0.07907565639082047,0.021374786960035974,0.011450727957026959
0.8815835797303659,0.06347271256352685,0.0399844462679417,0.009268687851288501,0.0056905735868769776
0.8511764092776356,0.08876101295614311,0.03595172123550006,0.016565349577846264,0.007545506952874845
0.6542224471548943,0.20715537524334615,0.07943432537279445,0.03867415696997915,0.020513695258985925
0.9028303175827141,0.05242412901546485,0.030712268469608475,0.009271047918935951,0.004762237013276392
0.80853002697378,0.10540028645983922,0.05537341161309977,0.019556502140132125,0.011139772813149054
0.8905043814477441,0.05989183367803184,0.027248895624207126,0.014216698294582662,0.008138190955434051
0.7471286149519547,0.15336841255349945,0.06856939728772854,0.01706156776764341,0.013872007439173687
0.8754265388160778,0.06698117300446926,0.036458261562780044,0.01300243099450085,0.008131595622172303
0.9278008348572725,0.03699056224881072,0.0198721948208648,0.010756395135162146,0.004580012937889773
0.7830101882615844,0.11033749607850961,0.06059165963226022,0.029372632587410075,0.016688023440235594
0.8139726732575183,0.12125295262069317,0.0364635494552867,0.01541952740390364,0.012891297262598033
0.7049603145304313,0.053962046988160185,0.030437577864780314,0.045079309208459435,0.16556075140816867
0.7314446349678393,0.08656454804642126,0.040742698595857725,0.047977996370108564,0.09327012201977318
0.6507112013984232,0.13352108457641584,0.046670957559125835,0.058230430289342744,0.1108663261766922
0.6780192376050999,0.15772295725540922,0.06721810356722006,0.03459963517095615,0.06244006640131454
0.6783588716030123,0.14458612149241845,0.09460631656201032,0.04400116640234511,0.03844752394021379
0.7631790642465749,0.10023240686125169,0.0703861838534914,0.03280162896821468,0.033400716070467615
0.8177631468982662,0.09971732907390086,0.0383954779760392,0.02188431378574031,0.022239732266053677
0.908617044376968,0.0337302176202994,0.036471305104783344,0.009338334761783968,0.011843098136165395
0.8842762836981103,0.04903291080935072,0.0274910790245072,0.019108895526559273,0.020090830941472196
0.7296849160997192,0.13252365005227207,0.06874558805789335,0.03616421898118637,0.03288162680892889
0.8923936500102922,0.05285265011840816,0.028759284052790223,0.011888148410310988,0.01410626740819843
0.8999442421150258,0.043965035420377226,0.02878090669789855,0.014029452178215171,0.013280363588483338
0.9064351355305077,0.026132084148549728,0.025942565555952323,0.01868467443871194,0.02280554032627831
0.8900986850055508,0.03694960883119924,0.027995961531823516,0.021774889413700073,0.023180855217726573
0.9310766196841378,0.034659310884296315,0.015898353105167143,0.008642541207204058,0.009723175119194552
0.7538431604772398,0.10096217314392425,0.06011952592404008,0.03691416030194573,0.04816098015285042
0.8676806124637416,0.05613821739632912,0.0311210114852489,0.01914136859784043,0.025918790056839783
0.8239532402154628,0.092713525707389,0.02847779122104799,0.024633411613650822,0.030222031242449307
0.9602589724745423,0.015523757821563894,0.007694689991015778,0.010049796872324733,0.006472782840553425
0.9199878255149994,0.0273125083343894,0.022559705943864264,0.014389707482196805,0.015750252724550044
0.8515535529585918,0.04575504280969411,0.04468285696148715,0.023790130152776846,0.03421841711745022
0.8373405087301291,0.0894353123370224,0.025085225188142532,0.021567633410720956,0.026571320333985262
0.8616300181439266,0.06331705159697806,0.02799517013024947,0.02089849086426335,0.026159269264582535
0.8075255005791596,0.08181434221643943,0.043997755327236446,0.02932385205138892,0.03733854982577551
0.9418472093534134,0.020079147503550318,0.010269493042052552,0.012080761349979756,0.01572338875100404
0.843135573092307,0.07999604741990901,0.028213503172807575,0.024080614483986667,0.024574261830989843
0.9233472051493578,0.036230074607364264,0.020731946395616457,0.007917956877599722,0.011772816970061514
0.8788073219898381,0.06468155623239182,0.02692886874513133,0.014752788460929376,0.014829464571709331
0.8778194709395124,0.04918409177416208,0.03734266486968377,0.016094878287886152,0.019558894128755614
0.8886070986371544,0.050637358357401796,0.029776890719258785,0.015311635868714082,0.015667016417470897
0.8632474066855828,0.06025559044773959,0.037326550837126105,0.018539518080351272,0.02063093394920043
0.9257145053013225,0.029311729020461242,0.019849415714123905,0.013831092377690882,0.011293257586401628
0.8779350328273225,0.057620311689510255,0.026219637962533644,0.01603070491064953,0.022194312609983977
0.8581413566961367,0.0751141169691681,0.02773736702562905,0.02175871068819565,0.017248448620870573
0.7587765210944606,0.09916249095231008,0.07331381690032655,0.0349270368171163,0.033820134235786364
0.9138249201868948,0.03350477021684718,0.021607558422217423,0.014795296320295097,0.01626745485374557
0.8849028559415607,0.04528844214978126,0.036890778051309955,0.015992898261585776,0.01692502559576243
0.9209512299531091,0.043848062298286486,0.018143891552751056,0.008164741105165985,0.008892075090687557
0.835636477430402,0.09698641029522499,0.020499314194658377,0.02020159597922565,0.02667620210048925
0.7673061763315107,0.12797744104084335,0.04119358413559587,0.02846504878150248,0.03505774971054761
0.7772588757167309,0.10083185751151041,0.06216640203007545,0.026685053058463276,0.03305781168321991
0.8372430724949569,0.09737988523399296,0.03449058702558294,0.012763148136009024,0.01812330710945823
0.8137859386998537,0.06662461389450951,0.06078905036403912,0.02826873717428599,0.030531659867311593
0.7605730965283996,0.09260527659881751,0.06661218999894018,0.04415628978084409,0.0360531470929985
0.8069379466921727,0.07519653183618656,0.06656097091584949,0.024888035686252887,0.026416514869538395
0.9328755469381047,0.021157191147105847,0.02016867908443724,0.012015784872253093,0.013782797958099193
0.90062514656025,0.043121692135669416,0.03143141059221311,0.01155896814573286,0.01326278256613489
0.8637110783678773,0.044544214786689774,0.04928293609724667,0.01915065264083254,0.023311118107353736
0.863660332938989,0.07981820285988615,0.02503693690618542,0.015186907140679651,0.01629762015425983
0.9072697123090547,0.037698386965765406,0.028883443454869397,0.011687290950280666,0.014461166320029722
0.8764322574956035,0.05995561921145026,0.029144633722140673,0.017470172058013475,0.01699731751279172
0.8615118962145429,0.04775153191550308,0.043698695277801264,0.02253425699964027,0.024503619592512495
0.7225845189876292,0.08036068199759554,0.04761781366865018,0.04483832677337949,0.1045986585727456
0.9025090362768308,0.025208222679741935,0.018685777299254986,0.0182348930978356,0.03536207064633667
0.9167795729875831,0.033276652477901715,0.017925259442422882,0.016909022867706246,0.015109492224386081
0.8959138723191029,0.038809773681880856,0.021576858469612135,0.021883730523861573,0.021815765005542588
0.8733092628614001,0.05961950622695521,0.02788120764302376,0.016587087705942798,0.022602935562678145
0.9016371495032843,0.027085720770901583,0.02992978552191724,0.01656569381319533,0.024781650390701616
0.9068645603210239,0.024238696211079568,0.02618944292998386,0.019361983144703426,0.023345317393209185
0.8520852244984317,0.04139332723997407,0.03412851075183889,0.02743676612791959,0.0449561713818358
0.8771191793476363,0.06372047164370843,0.02573014097267345,0.015575452693841387,0.01785475534214043
0.7973232446727744,0.09863799113622104,0.038088170240387756,0.028592138852846727,0.037358455097770304
0.8404972946229589,0.058783898413031214,0.04596473810763891,0.024601790578963733,0.030152278277407123
0.8862701924238205,0.05842074381723764,0.022906470440640214,0.014447838513400493,0.017954754804901097
0.8467404491725462,0.07956293766089156,0.02383487848482566,0.01822877038596666,0.031632964295769846
0.8802589133208001,0.03108772485702262,0.03762990729330813,0.021795078563035527,0.029228375965833577
0.8379791134868233,0.06516424395081913,0.037847040234445024,0.030194761670773774,0.028814840657138928
0.8168657540069266,0.08778546280479185,0.04161471410840794,0.02301616660319187,0.030717902476681724
0.9285162765263476,0.01871985245652498,0.029362427037455126,0.012006874877135221,0.011394569102537045
0.8850839031140081,0.04721306918985848,0.03022137086094669,0.01753714907216784,0.019944507763018957
0.8989350906178901,0.0451733112607499,0.020471818334119526,0.01752557803536944,0.017894201751870918
0.8181154765892036,0.07145199007629208,0.05538136193694185,0.02975065942193697,0.02530051197562521
0.9209318372539603,0.031667480305683254,0.01912589179573864,0.012876010323646946,0.015398780320970584
0.7673771355259825,0.12736837191557182,0.04058830065488393,0.03083753197262178,0.03382865993093991
0.8310054134079773,0.07416818533340595,0.044615052757178024,0.023527390887148447,0.026683957614290255
0.8871552440241116,0.05081079851514913,0.030693125886515925,0.013228242421373996,0.018112589152849523
0.846858620087452,0.11053926426904365,0.015007165329347094,0.012125360020346388,0.015469590293810795
0.8300814447617,0.059339955910409824,0.05729166793256915,0.02949073736356659,0.02379619403175428
0.8950306723502164,0.04611118504847019,0.029130788091520806,0.015047919303727147,0.014679435206065568
0.7790704933222742,0.13926763182189894,0.0405993160256476,0.021478494191636607,0.019584064638542602
0.8112888219366823,0.07383802517252998,0.05378317311867645,0.030727372813336075,0.03036260695877523
0.8574927869399368,0.05104609557893425,0.04958914899013734,0.02277303582034165,0.019098932670650017
0.82595582680419,0.08489339907759921,0.04083784724100467,0.02211051382550173,0.026202413051704367
0.8907008666909831,0.05392623269751107,0.02565564908160112,0.012952145224426682,0.016765106305478165
0.8781115472273446,0.05570743240540644,0.03984681974203408,0.014088535037217529,0.01224566558799728
0.8657181191994324,0.06005595902108769,0.03587216421033571,0.021700902917151918,0.016652854651992236
0.9191567341191951,0.027124904514630958,0.031894150014340664,0.012229593886066162,0.009594617465767286
0.9178853010198227,0.04439399743410149,0.020960556183255215,0.008726815898889441,0.008033329463931193
0.6386117672638331,0.23332532250195132,0.06247366231561753,0.0322978615673666,0.03329138635123138
0.667603658951669,0.1716098145120676,0.07989943837964428,0.0443322839045798,0.03655480425203924
0.8845860431026807,0.07014035093521091,0.02354933662513942,0.012070899885127464,0.0096533694518416
0.9230888561760098,0.03596463902876569,0.021368396299993778,0.010919150154021721,0.008658958341209189
0.7883018599867113,0.1075081916083146,0.0579368391217616,0.022963053067786284,0.023290056215426194
0.8502637242878829,0.07742028794228178,0.04028947743654596,0.01391398835839045,0.01811252197489899
0.8483600196595049,0.10111057279554257,0.024439264506083254,0.013275507324532447,0.012814635714336874
0.895104083173365,0.04158905067042821,0.03581041662261919,0.017527670503914527,0.009968779029673075
0.9086046030916882,0.040495763346403826,0.02392792786035853,0.017178011727425405,0.009793693974123996
0.8839357670826506,0.059415133288847156,0.02953938610399677,0.016799102344601545,0.010310611179903884
0.7481824768892867,0.13038931569614315,0.048846127984289854,0.039946372164705195,0.03263570726557487
0.8935607483358149,0.062118512619977584,0.02160725680996315,0.013113154623285111,0.009600327610959056
0.8497703290405964,0.10234093431577904,0.01940489872399907,0.015723362446650672,0.01276047547297497
0.9068829497682744,0.047944595041610416,0.021580484738792698,0.012296491910114503,0.011295478541208048
0.9665834530451918,0.01477483795843454,0.01086016638923979,0.004105761116090003,0.00367578149104363
0.8448562080242722,0.09181014671543318,0.024945694892099236,0.02081963178219835,0.017568318585996754
0.8209943620389508,0.11784992353900536,0.01823378564343688,0.021607831936337685,0.021314096842269172
0.897733846539933,0.03445562949147363,0.03199565865127122,0.016465912743503994,0.019348952573818204
0.909428044453416,0.042606532216461955,0.021726616546757924,0.014660852549221295,0.011577954234142873
0.8294518233027458,0.10869818555264966,0.030726550500513917,0.016726961242588278,0.014396479401501966
0.8424492541866512,0.07100878420035567,0.04086514819220862,0.026901180388154873,0.01877563303262951
0.9408053665842174,0.02251328259152704,0.01750066944611599,0.012863868292648293,0.006316813085491052
0.872927878040505,0.05236434564184503,0.041762539863878914,0.01793545915333862,0.01500977730043239
0.9018070776041293,0.045211552921093266,0.026432347557826256,0.01626397911311082,0.010285042803840553
0.8703464267594372,0.05630974879609068,0.03840430785624475,0.01832745497261754,0.016612061615610005
0.763104035590177,0.10554574955872033,0.07199314503858026,0.03545968018175389,0.023897389630768522
0.9344847849740262,0.029461624488773642,0.019929046452624586,0.009211887721829109,0.006912656362746534
0.8706510888035208,0.06278458430824436,0.033495197475438825,0.01582189226473768,0.017247237148058224
0.8822704834459515,0.0669140036329089,0.023801841706711603,0.01432076477337792,0.012692906441050256
0.9597723058210338,0.018973794887427647,0.012353065734330258,0.004433620105837522,0.004467213451370581
0.9010810303758422,0.045132206840887056,0.029959801918695322,0.014269780432329062,0.009557180432246282
0.8325675491396214,0.09553826369907654,0.03464397284300545,0.022387391554138804,0.014862822764157766
0.7823933918375638,0.11445664766189016,0.04257675506951539,0.034088177672866746,0.026485027758163745
0.9233924975574662,0.04016616045699055,0.01630429090691175,0.010426497682211516,0.009710553396419758
0.8949788427978969,0.05515827589134895,0.022652618061439787,0.015749115012905518,0.011461148236408852
0.8640340480398411,0.08577488377942129,0.01666780066227024,0.02102201922972111,0.012501248288746205
0.838264983778974,0.09197512033429876,0.02869348318197322,0.022893148764569306,0.018173263940184863
0.8818333323831027,0.0505781529775805,0.03677515536288446,0.016400478859186298,0.014412880417246064
0.8866808420564075,0.040298191338252014,0.040882272493913685,0.01730156813774742,0.014837125973679548
0.8393217823300511,0.08254540213620519,0.039217763108544114,0.024133798173726528,0.014781254251473148
0.8634209000494721,0.060285397840835815,0.04345786176207357,0.018847060433375667,0.013988779914242886
0.8956335118821066,0.04372862395741342,0.03150411936675565,0.017240637235462923,0.01189310755826132
0.7741750204202936,0.08331894086948077,0.06667575334735848,0.04789887508607298,0.027931410276794293
0.8955542335333032,0.05117396268323102,0.022052513378727906,0.018242844864829764,0.012976445539908127
0.8969726033914049,0.06041452020257345,0.020962027689628043,0.01171373976956675,0.009937108946826957
0.8763117516440903,0.04996244158527845,0.039804032311364236,0.017651419894578604,0.016270354564688193
0.9325809489343456,0.033843902136263246,0.017963560356307078,0.007345471727837057,0.008266116845246922
0.8792675062520722,0.048328024098944794,0.039984129864191004,0.01585072697903891,0.016569612805753003
