Delta_Power,Theta_Power,Alpha_Power,Beta_Power,Gamma_Power
0.9209380366327221,0.04210538380661004,0.012495072183164018,0.012625004585385735,0.011836502792118052
0.9027248890193729,0.04793439552979924,0.015823239958662763,0.017490773005795806,0.016026702486369355
0.8875481383086826,0.03415324643587157,0.026778366012749476,0.029904735778178922,0.02161551346451729
0.8099065070047314,0.08900342068816366,0.04773250300989052,0.027771156612542012,0.025586412684672398
0.5815651199233092,0.24376564962853828,0.062246994404858806,0.06593794051480359,0.046484295528490344
0.68528586894067,0.1585328089044261,0.06202823962341497,0.05849464004444907,0.035658442487040004
0.7928682562429229,0.06852602400374724,0.067463570632172,0.0406030536124948,0.030539095508663492
0.962822743223422,0.015438090177886492,0.005812348950430048,0.009084854299858974,0.0068419633484028295
0.7790937968404182,0.10386071723582509,0.028866198310638694,0.05475730259872589,0.033421985014392114
0.8572940712569053,0.06338039154986304,0.02140619680249654,0.0281911488647903,0.029728191525945004
0.8609839989577036,0.05856111194893786,0.022023607318289635,0.024819345243934744,0.03361193653113421
0.9277467068573846,0.027276934248283195,0.012201194960226591,0.01783322688049663,0.014941937053609052
0.8715304587767092,0.052867576969436184,0.029510237506166888,0.028122159441016994,0.01796956730667063
0.9483710510390139,0.017708886052492455,0.015114005769823644,0.011847432679569008,0.006958624459101164
0.8681588392202686,0.045614746803306544,0.04555293362171277,0.025191861040910712,0.015481619313801431
0.9130522364303412,0.04217475879831231,0.015332948557059436,0.01759469446938021,0.011845361744906885
0.9082179770050653,0.04537319425300152,0.011881810818911317,0.02325660419491117,0.01127041372811068
0.8788275338338704,0.07310592348533299,0.019047784555225784,0.0190539454908015,0.009964812634769235
0.8612067589981948,0.09722702413882973,0.015065987414222442,0.016526572658742883,0.009973656790009897
0.9387239138068681,0.0291360589893974,0.011275099595753303,0.012566143050959547,0.008298784557021252
0.8460911496956512,0.08290964096487502,0.025452892891865586,0.027469154729489624,0.018077161718118618
0.7938000024690766,0.13938506794231706,0.024461903645955498,0.0280853965054126,0.014267629437238147
0.7993650823686567,0.11938563644002816,0.03680224399415862,0.026009301934267298,0.018437735262889124
0.7854968709739212,0.0953962591056169,0.05534979984442699,0.03892587245834131,0.024831197617693583
0.9199929845081882,0.041313696060210896,0.010181895694009145,0.016908047758385003,0.011603375979206666
0.9346783963020203,0.036434513407263856,0.010527727753507713,0.008577853203619184,0.009781509333588784
0.8272279109939517,0.07260896934196336,0.04929473540952544,0.028566626978276676,0.022301757276282735
0.8354022490223894,0.10391739874061559,0.029412764481368918,0.019401671628070362,0.011865916127555748
0.764557502219157,0.13856098080023382,0.03458732206854887,0.04365792063815954,0.01863627427390075
0.8605449687360485,0.08253028669562623,0.01672975872547787,0.027500705880831842,0.012694279962015758
0.8540753464395022,0.06463658649981621,0.02935794408740605,0.03427683552431553,0.01765328744896031
0.7918576211192908,0.09382148925137669,0.04637055955619061,0.04322503764568828,0.024725292427453315
0.9243739309677204,0.03841615333931803,0.014104872545861213,0.015478462765545976,0.007626580381554382
0.8788571018169992,0.05284913349516354,0.029923135005333494,0.02366628797028268,0.014704341712221007
0.9237051717563769,0.04778968805704011,0.012513346654431585,0.009008807653124194,0.006982985879027341
0.8837659117808004,0.07438277420448212,0.017569948795078623,0.014302677164313837,0.009978688055324935
0.8602249024647739,0.08056129861331532,0.02563388246695281,0.019940597606631565,0.013639318848326597
0.94425364929828,0.017459360876223667,0.01563834782021377,0.014576571251875205,0.008072070753407457
0.9306746258051865,0.021159359602077637,0.021780424307869407,0.015890286211743994,0.01049530407312275
0.9614130946553624,0.017178016207938268,0.00896242688815139,0.00782072861424687,0.0046257336343010595
0.9080721317503389,0.06307341082882555,0.009854350124271286,0.012256128047986915,0.006743979248577346
0.852799828574262,0.08177806532563768,0.027220874181296557,0.025165832910197753,0.013035399008606051
0.8906196381480389,0.038874537676610726,0.03714465487192103,0.02385039186229426,0.009510777441135031
0.8001359161250351,0.08493108658357391,0.05255733375338759,0.04142202547834998,0.020953638059653328
0.8579950041436288,0.05309103018680753,0.03415831046712005,0.03166248031248207,0.023093174889961633
0.8952883034859326,0.056601178028616236,0.015887519642831145,0.017499753838768638,0.014723245003851644
0.8769099352586923,0.0479810888590573,0.029042573765603884,0.030256684506148705,0.01580971761049798
0.9630902592642931,0.0145742842725895,0.008893751087131566,0.008828499233592867,0.004613206142392905
0.8447912429277193,0.09125990511680725,0.02035967581630057,0.026429042501688007,0.017160133637485205
0.9357210814126942,0.04276563271578514,0.00874120027590395,0.007100837207450631,0.005671248388166263
0.9016867647149412,0.053284889729534685,0.014519785985150153,0.01907132702861273,0.011437232541761277
0.9546643200313425,0.020244659247013356,0.010036011500825785,0.009941501725264786,0.005113507495553586
0.8829301586530769,0.0791047144185004,0.015681512368879498,0.015829644881472718,0.006453969678070703
0.9453608335899597,0.024506186499915608,0.014586452310474262,0.0089695560267666,0.006576971572884062
0.8389251796461963,0.08619972976129243,0.02648076667476889,0.029727109228484143,0.018667214689258187
0.8563891561581276,0.08549960687642254,0.02089811638819468,0.02315037314172776,0.01406274743552739
0.8395107537633624,0.09546302139697795,0.03764005003074194,0.015289571281372788,0.012096603527545026
0.8196310142014807,0.10974720211222767,0.03093669638591269,0.024059453901136837,0.015625633399242042
0.8988735378297368,0.06018388637767022,0.018584368225592042,0.012999158874378088,0.009359048692622947
0.9266547011834068,0.03888536513085726,0.011025324406492046,0.01358008693413163,0.009854522345112294
0.906883521828916,0.061859565404759356,0.014193516729187202,0.009680476806371931,0.007382919230765323
0.9090364522712387,0.04788224421024153,0.015839339431076828,0.014069894176980834,0.013172069910462061
0.9124429645994127,0.035879718658945965,0.02471478700306719,0.01703203043145895,0.00993049930711537
0.8990423182817988,0.06974093095494498,0.011923943893300051,0.010372223156070077,0.008920583713886168
0.8700369506431691,0.08374898985534025,0.02067540440615894,0.014574878076033712,0.010963777019297924
0.9052765650423861,0.04772932352928266,0.017100034513397446,0.020962918790371123,0.008931158124562634
0.7664458532520776,0.15369275018026557,0.028670146481696517,0.032274007449135056,0.018917242636825298
0.869432008260237,0.07798607406952802,0.019198250380010044,0.020495163453960002,0.012888503836264779
0.8193337946093285,0.1332535960224874,0.018278369670491526,0.019007068153072182,0.010127171544620372
0.9195377161347851,0.054924463423143,0.010094303926496646,0.009436146804535877,0.006007369711039237
0.8011729268810702,0.12358296957295221,0.03631201557286589,0.025089871123016187,0.013842216850095556
0.9028397991159868,0.04785985036427096,0.0191533139241559,0.018922591590946482,0.011224445004639726
0.8865535470393571,0.06112877834247328,0.021120306451336404,0.02257843566753969,0.008618932499293734
0.8665530070339885,0.08081836940649913,0.018208937858414216,0.02309829091313325,0.011321394787964643
0.6838431578412624,0.16134914010868923,0.06972570236581391,0.05261581816526619,0.032466181518968185
0.8550920334751709,0.05808919365053898,0.03282770521823064,0.03669988374006579,0.01729118391599372
0.9145598941387224,0.03775489965003809,0.023319656064047532,0.014921870055705012,0.00944368009148686
0.9288342323034521,0.0379263238964549,0.016333877096237487,0.010467311894599913,0.006438254809255712
0.8894991131591964,0.062359971119983,0.01978142700180572,0.019037345454814822,0.009322143264200255
0.9574413095615268,0.017507664369374693,0.010137488639935802,0.01066519756435477,0.004248339864808071
0.812388974805134,0.10628991850641259,0.032415409743640454,0.031519431602344175,0.017386265342468937
0.9267158068487488,0.03322182055968246,0.019347154287429155,0.013053018643014806,0.007662199661124757
0.8966956517854092,0.05502946882510491,0.01950591876749752,0.017580411581393632,0.01118854904059466
0.8167100922893236,0.11610509083979656,0.03203549050930952,0.02240619097100434,0.012743135390565982
0.9282526882897068,0.029193869991109643,0.02006576767342495,0.014914163549701565,0.00757351049605702
0.9116918562586456,0.06058165383483601,0.010343255937312675,0.010379606194972555,0.007003627774233205
0.8625358495446986,0.083529542731484,0.025664317529716433,0.016327570843481697,0.011942719350619291
0.8570322791329327,0.0728029932197399,0.023898966796207618,0.026121595682115,0.02014416516900509
0.924721785675715,0.045514674958164254,0.01387861122147457,0.010061342708968055,0.00582358543567842
0.9239454521088817,0.03544758386822576,0.014216902286287327,0.016011207988968757,0.010378853747636384
0.9188284369856077,0.03506493501813137,0.01422320632758372,0.020395592002521057,0.011487829666156123
0.9280810285602427,0.03564714165472224,0.01864400139527954,0.009501618180532636,0.008126210209222776
0.9317799898572717,0.03559732298198534,0.011120960375149678,0.012775781118073103,0.008725945667520047
0.8016691666070745,0.10800467262658268,0.032688477477201064,0.031460778335684635,0.02617690495345732
0.9118982183901596,0.06451808313376269,0.006767650335874164,0.009216160903231276,0.007599887236972354
0.9146193126256942,0.06065917307070745,0.008996739572886136,0.009130110083471891,0.006594664647240646
0.882697985538785,0.06708827207255355,0.019628827440268167,0.021396954269323063,0.009187960679070276
0.8951225910005316,0.044185738911785705,0.023419671919813506,0.022155723478938027,0.015116274688931067
0.9040427651009867,0.05916629196654361,0.01726153408592576,0.011331014584719612,0.008198394261824473
0.940478415173852,0.036292761772084396,0.008830272415626337,0.008003984864875259,0.006394565773561937
0.8797653015628722,0.0687410077641151,0.02537373015175694,0.015539403034415073,0.010580557486840664
0.8938559400456897,0.06957389225995088,0.011713581629207789,0.016200644446002194,0.008655941619149801
0.8731203318666387,0.051881350022052033,0.03569880767399346,0.02536533494515402,0.013934175492161697
0.9569043315409332,0.02347257262057279,0.006522586123302704,0.008032801449194995,0.005067708265996154
0.8078364781699429,0.10256223244192834,0.03460791400621037,0.03197661151281655,0.023016763869101935
0.841360598872971,0.1163393657747747,0.01728848629270508,0.012952833668650385,0.012058715390898964
0.9430111624231857,0.029989126446532646,0.011109632796748065,0.010171243371925986,0.005718834961607432
0.9536320749323474,0.025576982432303257,0.010490145370066468,0.006642477500916276,0.0036583197643666027
0.9559335306333763,0.02588688904903154,0.00713082392032899,0.007111030025384369,0.003937726371878805
0.8762778896383362,0.06180793304356966,0.029402563699386194,0.019297462477806532,0.01321415114090159
0.9211093253218978,0.0415542115504046,0.014767960443962603,0.013511939386925345,0.009056563296809607
0.9046255918015558,0.05077125258747189,0.020830701089902707,0.013832184893038174,0.009940269628031363
0.876572111095159,0.07394416219276154,0.01831016047929163,0.021626186717064243,0.009547379515723462
0.9143711200915007,0.05585267737098551,0.010634291363337182,0.012791599350211087,0.006350311823965908
0.8640308052094118,0.07233577090903066,0.03120335890043422,0.020444710687003938,0.011985354294119245
0.9196416643892589,0.05188802175418658,0.009533841392689908,0.012326899100944083,0.006609573362920502
0.943735236697262,0.023125506941514044,0.014566479182381199,0.012142674514191187,0.006430102664651484
0.9035708788240394,0.03600134016566162,0.03145757610507067,0.0176179470892741,0.011352257815954106
0.8891392200330364,0.05377454591724393,0.02181369605863072,0.021238272480566988,0.014034265510522266
0.9006447368440484,0.04986752414853568,0.031146178991642553,0.010110404405040024,0.008231155610733482
0.9360774539204104,0.04082584915787296,0.010442446192120617,0.00810240934144942,0.004551841388146614
0.9066075958299475,0.04130428191557737,0.019488445829186,0.02183708795388307,0.010762588471406095
0.834343381905831,0.09338482249297425,0.035379569369003175,0.020316326580159125,0.016575899652032298
0.9019795640557118,0.03237698044254916,0.02944484261268813,0.01919332954028785,0.017005283348763292
0.9175488115375072,0.04753611130519047,0.012807690226515234,0.012988878268340238,0.009118508662446755
0.8496168728938894,0.0714592570135408,0.038529379052548406,0.026641746217258802,0.013752744822762461
0.8619907148307402,0.07878434635545885,0.022341252713343668,0.02272536658899238,0.014158319511464948
0.8937359891449554,0.07038542549487409,0.015217894155199028,0.012933427623992537,0.007727263580979093
0.9534990105875312,0.02055724178929326,0.012412851601170258,0.009217227142796198,0.004313668879209419
0.8814880328621907,0.06820018525631723,0.02691113032842445,0.013047697624603479,0.010352953928464049
0.8677055892826363,0.05935676436515447,0.03980483472192355,0.02260795937551674,0.010524852254769087
0.9403419019388793,0.031994755766833166,0.012729912461583812,0.008976997439030649,0.005956432393673085
0.9362312310969627,0.03152534110084689,0.017950985147372332,0.009911999545946307,0.004380443108871739
0.8880256045460562,0.054605808195184576,0.030414329682771152,0.01748286613299122,0.009471391442997006
0.8836798360380383,0.04263493640959205,0.0339970588645781,0.027189177793029647,0.012498990894761938
0.9539107420395587,0.019053662062381658,0.0064349913000084375,0.010164184234315764,0.010436420363735328
0.8115132355681828,0.11665537562799518,0.03205279070170634,0.024463213450737552,0.015315384651378215
0.9214169227676237,0.04738886540075694,0.011622237321714407,0.014010261569541004,0.0055617129403640045
0.870600891638136,0.08420894055569718,0.018361191717452142,0.017901458773409897,0.008927517315304619
0.8781084421535394,0.07790726278116239,0.018503290270133366,0.01622635694579653,0.009254647849368117
0.9118308257954345,0.04573977977734809,0.017722946446432623,0.014521876963000321,0.010184571017784382
0.9260232776993041,0.04646993764426199,0.013498607560497363,0.00890303831975988,0.005105138776176512
0.8959082478595228,0.03695722489198115,0.03927899080815925,0.01888695372477372,0.008968582715563033
0.916813250388175,0.03645874128350667,0.020195727958701542,0.016724487854271438,0.009807792515345469
0.9016043226036768,0.045705405520957636,0.026343367756875135,0.01864877434054194,0.007698129777948365
0.9525328084437785,0.024917449904549485,0.010972083809918154,0.007354244326667673,0.0042234135150862225
0.937115889733159,0.03475440393781555,0.011778877056451658,0.010686548808180943,0.005664280464392853
0.9060898756886631,0.06042508269624862,0.01247963560987453,0.013345328255861672,0.007660077749352107
0.8655550695000951,0.08738128850100674,0.020131382421400792,0.01758612366961187,0.009346135907885474
0.8880083405493382,0.061955348983401,0.018437806798062655,0.02090572519609195,0.010692778473106363
0.9425056028509449,0.03037936724871321,0.013613509051688755,0.008889284487934333,0.004612236360718692
0.912479254922667,0.03599826408025185,0.024071478231903535,0.017306851767972538,0.010144150997205099
0.8232459190717879,0.10487314865307738,0.037236990393686074,0.020845338952117987,0.013798602929330602
0.9158954586662178,0.04015199006439083,0.018588066532671612,0.017370521947084105,0.007993962789635647
0.9214695262194386,0.05688487497018418,0.006334131880738868,0.011118493228771027,0.004192973700867596
0.8237877633974989,0.08709342444382985,0.03666597589199457,0.03597871425270214,0.016474122013974444
0.9488558339517525,0.02974122656068525,0.010717719638821663,0.007659616614376909,0.003025603234363579
0.9406889606047611,0.03202596017290142,0.012531966879326414,0.009782183865365826,0.00497092847764532
0.6996383770421876,0.201451384145244,0.04166553684465823,0.042507375656206055,0.014737326311704163
0.904370433425292,0.04303302508421712,0.02675596734546896,0.01670982281099416,0.009130751334027923
0.9475799164677514,0.024303676236191403,0.01198481351746344,0.009885479245092404,0.006246114533501346
0.8442413705578029,0.08360858995168545,0.03438687801098263,0.026494946692474132,0.011268214787054937
0.9249156861045513,0.041561425708271586,0.013945012515546333,0.013378351520205311,0.006199524151425429
0.909952086957005,0.05042733542466932,0.015768216255614344,0.015457754133302375,0.008394607229409018
0.913254793271298,0.05920368190607526,0.013774037021760659,0.009230782550804926,0.004536705250060985
0.8950652797689855,0.05645839681712373,0.02214524662618348,0.018365865120401812,0.007965211667305296
0.8793695654570673,0.08245348857704382,0.018108457804246705,0.014086066391311892,0.005982421770330189
0.9320743596521839,0.03251351709566402,0.018935848856295883,0.01144222987384448,0.005034044522012124
0.8831536549740363,0.07238953059401458,0.020666048838044758,0.016132927446614383,0.007657838147290013
0.91844548909779,0.03516394288255837,0.023350293082096914,0.015194819348425988,0.007845455589128913
0.906932640615077,0.05067536325052038,0.02004172466714533,0.015296378620141065,0.007053892847116179
0.9348870680327305,0.0359127167161082,0.009567773035765071,0.01370620662321498,0.005926235592181465
0.856583193114068,0.08405825325570261,0.024151108851589168,0.02048424953487879,0.014723195243761202
0.905338281803238,0.05024550470155912,0.021412714616882236,0.014853259808802043,0.008150239069518606
0.8937575416616919,0.03731312642810583,0.03878195881695415,0.02074113167384257,0.0094062414194057
0.9001236896737493,0.05970134431394859,0.013717005450676353,0.014559107736641166,0.011898852824984754
0.9490243318411737,0.026812075786425953,0.009852951635210678,0.009709983851748495,0.004600656885441273
0.8391344153560057,0.06857293333945394,0.037172159782289764,0.03388672204994828,0.02123376947230211
0.7762267354845157,0.1454429771890728,0.03493611472324021,0.03068162578308973,0.012712546820081562
0.8729291713649555,0.08259950487628277,0.019112632544567174,0.018928135538266295,0.006430555675928495
0.7704650343674315,0.12913346013207996,0.03310725478325809,0.050778239387996964,0.016516011329233415
0.8440743604539791,0.082776295865107,0.02920620980652581,0.03103623761022049,0.01290689626416752
0.887823065206731,0.05631342306478441,0.026388969796678863,0.020537290632604326,0.008937251299201521
0.9604009787127193,0.02389863045665422,0.008016235872423734,0.005303896873519282,0.0023802580846836673
0.8173710000331644,0.12834694156337473,0.021951553919377052,0.022278646060029987,0.010051858424053668
0.833891471413777,0.089165339460856,0.04178245378100623,0.022943395914124313,0.012217339430236637
0.9338146777704948,0.03904334960781896,0.016933265261297573,0.006778828343356777,0.003429879017031656
0.8946921111226945,0.05896066569339808,0.016707791368570753,0.020717325983513522,0.008922105831823292
0.9548180921822591,0.027726002179707325,0.0068694816941335226,0.007003312078060945,0.0035831118658390657
0.9020632693154466,0.0621724556293208,0.0172042271923839,0.01326950303786992,0.005290544824978887
0.9657542819912731,0.01946886453250362,0.00549014267023224,0.007021459032188433,0.0022652517738026064
0.9040537491549763,0.050874864347735374,0.01536833831955298,0.02203528121186301,0.007667766965872375
0.7396438279105831,0.160055813184312,0.049482713507573384,0.03593987192777186,0.014877773469759601
0.9185506655618535,0.0569393714283213,0.008026460337815724,0.01178196755196711,0.004701535120042514
0.8901638902495993,0.05888518395517332,0.02564585592963998,0.01812291085959185,0.0071821590059957495
0.9517988950128037,0.020087591548127486,0.01571515979749497,0.009165797970814044,0.0032325556707602184
0.8381230878866194,0.10974599522398736,0.024004581491762544,0.018390658972371778,0.009735676425258985
0.8632322807338502,0.08338830610990006,0.033293797775520516,0.012096677196343358,0.007988938184385772
0.9221069052038642,0.03646558962626839,0.022418817524825302,0.013980478225522827,0.005028209419519191
0.8851471371239578,0.056780939428733704,0.025260185891607456,0.023724851514892013,0.009086886040809133
0.9126057345374206,0.03760379667014478,0.029622431238570956,0.014276473453072392,0.005891564100791384
0.7908266598232258,0.10998329674374262,0.05221104938303566,0.033303407283900556,0.013675586766095068
0.9309938354204887,0.03444304542289186,0.019443227143150853,0.00993143473905122,0.005188457274417109
0.869959193263878,0.05555572524804486,0.0460806885577758,0.019695335874166907,0.008709057056134433
0.7686119203171156,0.10760401347750365,0.07572025008772701,0.03559122966811695,0.012472586449536862
0.8379253007348525,0.09526610637180295,0.03167291703352722,0.021387637244460175,0.013748038615357068
0.8478113172922541,0.07379297095175079,0.04422103684573616,0.023636029898975282,0.01053864501128354
0.8788442669103584,0.07507709561751094,0.027568176775838376,0.014117967339995124,0.004392493356297088
0.883705787875111,0.07640317403998007,0.02057130273464962,0.011688890307030459,0.007630845043228919
0.9050800690967805,0.042931328690920846,0.021796743926460447,0.020300037359470557,0.009891820926367449
0.869672100530095,0.0697999151760179,0.02889941690598994,0.02327029135917211,0.008358276028725306
0.8705374275444236,0.07941930791375425,0.021769532174927317,0.017736946673417228,0.010536785693477525
0.9262417083571759,0.02685583114955165,0.02310205899774335,0.016691370981813305,0.007109030513715929
0.9671409787225292,0.022745090118787985,0.003939708652001557,0.004634525092105051,0.0015396974145759474
0.8260610317960584,0.11238612761405674,0.028002310537656307,0.02018548995236487,0.01336504009986361
0.9112141283972883,0.054645590968097804,0.015106343235354631,0.013347304894219788,0.005686632505039305
0.8333271368031603,0.11551700855643411,0.025509506044940795,0.018179191651790823,0.007467156943674204
0.9429268485806398,0.03431526387176102,0.013773602507415038,0.00590382792774234,0.00308045711244162
0.9209055445054148,0.048822432201853734,0.012795890580547399,0.011960583778600731,0.00551554893358319
0.924783819299522,0.046144525992315256,0.014520465101090486,0.010372723298792469,0.004178466308279987
0.8890835613471063,0.05860859653822438,0.036016597941004876,0.010378836533652716,0.005912407640011856
0.8396152733848357,0.09460516044870056,0.032182763783859494,0.023382221558157064,0.010214580824447409
0.8279588917243338,0.10824551883391743,0.03364074053804452,0.021959820297904664,0.008195028605799733
0.8938868479893927,0.031892773897029096,0.047098086147263636,0.020372043460760932,0.006750248505553619
0.9004962945824757,0.03417116786015565,0.03566488997175102,0.020683071853065116,0.00898457573255252
0.8247615947162651,0.13173879635179037,0.023466989200983737,0.013548006497047665,0.006484613233913237
0.883663924990124,0.06942495222957613,0.019470864051607733,0.02010277452438323,0.0073374842043089725
0.8999625393809761,0.06870822119380093,0.012882392929412102,0.012880671101928663,0.005566175393882064
0.9250331275535107,0.03302709841232639,0.021583871310776968,0.01353654243015489,0.006819360293230986
0.9706993595872834,0.01130359896357278,0.007948683492619492,0.007270589552349811,0.0027777684041744646
0.9227909616619446,0.04599264355935198,0.011531510545431426,0.014684348434813583,0.0050005357984584066
0.9303761074145638,0.032837340258228175,0.013637893817013379,0.01748707800310156,0.005661580507092967
0.8234930346574395,0.10705990585954617,0.023555208992901037,0.033430716021484126,0.012461134468629408
0.9537603846167687,0.019664989659550023,0.013224738615404767,0.010295457104643866,0.0030544300036328704
0.8776284531045352,0.06469824074274558,0.021352793274188292,0.023190649313607623,0.013129863564923263
0.8892142158008308,0.06265344023598358,0.0200070346244884,0.019763387585684557,0.008361921753012461
0.9190645862450427,0.04392484020554081,0.014030592390207592,0.01611665298708566,0.006863328172123223
0.9573818961479125,0.021825311145885623,0.01002972622239912,0.007489066114557585,0.003274000369244984
0.9078565205761723,0.05364749859894236,0.019737562168117718,0.014048971305597143,0.004709447351170483
0.9578121939123785,0.012457182761275144,0.011705246031062903,0.013312708392844038,0.004712668902439406
0.9506524700717826,0.023323409116388343,0.011085260453771234,0.010911646484668528,0.00402721387338941
0.9302943170114544,0.03934209281174193,0.014661902167226733,0.010661186508338565,0.005040501501238365
0.9091808176359891,0.0568372819970027,0.014589064900217226,0.013692566881187628,0.005700268585603315
0.9506563334198971,0.02510895517227896,0.011594033742798512,0.008718132956491905,0.0039225447085335825
0.9373213248982791,0.03268575722200908,0.012233175645793203,0.013885491720986324,0.0038742505129320216
0.9280963559945419,0.030163045806230464,0.01951626783405625,0.0164544422230132,0.005769888142157974
0.9548201876822596,0.01770320475357725,0.009837462523195619,0.012296850792963837,0.005342294248003724
0.9382569943658357,0.03148529455947561,0.014161248179167116,0.011039832154631153,0.005056630740890453
0.8704450782447177,0.06903478838226942,0.031365371203650634,0.020117354098596524,0.009037408070765574
0.9456745539672902,0.027360743807204872,0.015096518513797183,0.008200298132183564,0.0036678855795243106
0.9199555946832141,0.04461627819225386,0.01784785828843479,0.011997087345042146,0.005583181491055013
0.9302683296336672,0.037681055653666536,0.01717089472526373,0.010466276250110394,0.0044134437372919865
0.9239039785763782,0.03641319132940812,0.02310171120231354,0.010699538581490716,0.0058815803104096155
0.9524905181846066,0.023016347986555472,0.013102108220469559,0.0076227111712236185,0.003768314437144777
0.9007909808147787,0.048420771926962446,0.03033632435883682,0.014566385576983807,0.005885537322438159
0.9048209823926241,0.04327927044911691,0.0254296915381702,0.020336118854548675,0.006133936765540207
0.9223673437677155,0.03200833791328815,0.025570689240179946,0.012537847657464903,0.007515781421351479
0.9648797063306263,0.01440926934272427,0.012480694402568496,0.005838766269578871,0.0023915636545020894
0.9219333173172849,0.0374832240275568,0.024237798121843367,0.011517139905561974,0.004828520627752824
0.9101527120480235,0.049255193094500355,0.02198281756884624,0.012727596964654869,0.005881680323974965
0.9280147555448389,0.034972653093402466,0.018618349078019677,0.013394509712219506,0.004999732571519537
0.9627647864997614,0.01465982724768153,0.009710512437258022,0.008925746605704811,0.003939127209594035
0.9332845276714654,0.03874761207780606,0.01044685161018381,0.01314610633554446,0.004374902305000296
0.8917237738065336,0.0668595604601358,0.01486689835852336,0.018273610599785623,0.008276156775021573
0.7742950745562569,0.1564793119769652,0.03123303625464312,0.02862135561291988,0.009371221599214927
0.9125062315256933,0.05148419780117332,0.019851036196657967,0.011600657926627012,0.004557876549848316
0.8209137934628943,0.09358020123001333,0.04159976372671546,0.03265401800634906,0.01125222357402817
0.9735827525668123,0.015067337249137064,0.004366554456912035,0.004856407927707117,0.0021269477994317358
0.9207914454938728,0.032141253440757946,0.023307380435354626,0.017484629786705896,0.006275290843308803
0.8945420847075215,0.060762207815075374,0.024402351646749657,0.013532641846442256,0.006760713984211112
0.9128954632000634,0.04483236541447821,0.018662960526423144,0.016334440302486285,0.00727477055654879
0.8090040486755533,0.11486406050086963,0.03475336857967826,0.027312929672913037,0.014065592570985934
0.9383964729022984,0.03587527763514744,0.013576210293887002,0.00793137011827744,0.004220669050389789
0.8986685249106411,0.04596380117314558,0.030489995868736283,0.016888128138661102,0.007989549908815776
0.9458518588173005,0.038881928794753426,0.006682626165754718,0.0060623084918117595,0.002521277730379673
0.9450146925696562,0.032835969431921616,0.0140906146793091,0.004781868284485874,0.003276855034627262
0.9041640776320604,0.05149174481954693,0.020430863636478457,0.018059437177436452,0.005853876734477839
0.9171697467967524,0.046954075419193005,0.015253081286186883,0.014584402941507367,0.006038693556360265
0.9425752521400562,0.029976850779452568,0.011485315552870785,0.011222678643014468,0.00473990288460588
0.9447932844065556,0.026754013488774018,0.011494889089986618,0.012454621950872952,0.0045031910638107355
0.9129473039918616,0.050334267755295245,0.016356464983904733,0.013846594438816617,0.006515368830121877
0.9271798114813662,0.03882720787816782,0.013688238932626513,0.014243380023986209,0.006061361683853041
0.9447089183996283,0.03186230916796529,0.010464998027018158,0.00929664089587742,0.003667133509510681
0.8878259383045208,0.0658841481919606,0.02236564062256726,0.017509959685109405,0.006414313195841898
0.9466290269537709,0.018709132326388763,0.020001001469957785,0.009703850189861507,0.004956989060021055
0.8965826464339148,0.056656931067841504,0.024991044765498634,0.015420163739647582,0.006349213993097488
0.8928639072903114,0.07750115079955154,0.014417494564166591,0.010461118721041406,0.004756328624929092
0.8813639915315937,0.07481099683373382,0.018309860139852963,0.015851534999689686,0.009663616495130064
0.9366411280338949,0.041071222459937086,0.011782939849633748,0.0067593989882261275,0.00374531066830804
0.9325018416441729,0.02716026934485202,0.023786328960318043,0.011635825104357119,0.00491573494629978
0.8034505100510622,0.10984365911755604,0.05194210029236459,0.0250088384674205,0.009754892071596799
0.8907584394578757,0.07136622215136126,0.018213958646631556,0.012979182632036691,0.0066821971120947805
0.8817830320311908,0.06315660519407175,0.023036396876838842,0.02150007954358751,0.010523886354311235
0.8500012579621155,0.07536317277592869,0.04087003459154664,0.021888688507427773,0.011876846162981403
0.9545139090277207,0.02137230939734448,0.012341421487521162,0.00873609816390592,0.003036261923507675
0.9261325625086092,0.03852444871402276,0.02166167504711403,0.009274944392908319,0.004406369337345879
0.8630568668119758,0.09599416147896775,0.018381274599722466,0.015445985967758811,0.0071217111415752595
0.8752397327672558,0.07734462826742684,0.028875775145568792,0.012439765342338305,0.006100098477410052
0.9337740194143979,0.03554038877715861,0.011889442865538773,0.013609631592866723,0.0051865173500380115
0.8920938921308231,0.05325750174129969,0.026032419811406974,0.021914221762547682,0.006701964553922623
0.8622946969886597,0.09830668726812178,0.01834739453012249,0.015088900625347693,0.005962320587748467
0.9397144050946614,0.03574980864216122,0.009685648355030111,0.009687400937198323,0.005162736970948741
0.9217059859822233,0.04370605734767636,0.017745800696498348,0.01118549970162764,0.005656656271974445
0.957973370195273,0.014102143683043878,0.013591170022670915,0.010168720042297737,0.004164596056714419
0.929874936039197,0.03764955028419457,0.012796400458023051,0.013697660364540443,0.0059814528540450196
0.9260810028995956,0.041265584851423544,0.012302421087811339,0.015041608554609285,0.005309382606559944
0.9033186714825888,0.0585793157644871,0.019060553919977886,0.01299260104337873,0.006048857789567354
0.8878111020431614,0.0642036873968126,0.026391144136426466,0.014739151808955332,0.006854914614644443
0.9425575695053616,0.03027284758569837,0.011441450554956479,0.01077760743997271,0.004950524914010824
0.962792210453342,0.01677319633290972,0.007770473764685478,0.009884475030731588,0.00277964441833144
0.7315928702074554,0.15694990597918898,0.06326400061563073,0.03315138163367964,0.015041841564045219
0.9190665956476561,0.05592294465943233,0.010050499582182463,0.009439844970417697,0.005520115140311176
0.9531428082123699,0.026809393222744306,0.007404390512682107,0.007813298121013465,0.004830109931190059
0.8907852579102583,0.0521749626275298,0.024690389147257113,0.02138396976043741,0.010965420554517664
0.849602495306548,0.07481105956738396,0.043677256526725564,0.02111767353527801,0.010791515064064562
0.8109513815049672,0.12037173448113611,0.019196956530655354,0.03590179324155662,0.013578134241684747
0.9241408407066777,0.034118576062998465,0.024801562596587626,0.012136885215932298,0.004802135417803633
0.8834051027645192,0.069583791317682,0.02337946700775639,0.01787040857417006,0.0057612303358724444
0.8636330228238855,0.07037291696170239,0.02443391555923934,0.026292059512867023,0.015268085142305786
0.9478375238796806,0.028762174942103227,0.009832440372806285,0.00924651565918199,0.004321345146227819
0.9388808825844431,0.04434427876094562,0.006382665419167455,0.007116722117627111,0.0032754511178166397
0.92485497409724,0.03871039198224738,0.01666074832610757,0.01492204526071343,0.004851840333691588
0.7301131543426594,0.15186416771251343,0.05795825276135701,0.042485546766359544,0.01757887841711065
0.9220781500665806,0.04260506713087272,0.012245729149832608,0.016748781850116867,0.006322271802597287
0.894958878109129,0.06860317564182562,0.014062597866148299,0.01573730614686738,0.006638042236029705
0.8252937720714899,0.12579117974593773,0.024834294251551935,0.01283116684861638,0.01124958708240408
0.8754144676931077,0.07698904914667862,0.024386792653320864,0.016354098600867117,0.0068555919060258
0.9368033608767944,0.03790547534672274,0.012492523141318098,0.007848891962007071,0.004949748673157558
0.9515650554450961,0.0256868063734993,0.00972819497362135,0.009109913174889244,0.0039100300328938735
0.9614094642734353,0.018694383774001476,0.007190301537671778,0.007615452547642233,0.005090397867249084
0.8612202226421816,0.05104993164885939,0.037649751329487446,0.03183644721211504,0.01824364716735639
0.9450702003221232,0.030201627680844355,0.014611036879775378,0.0060923722236409395,0.004024762893615856
0.9176697840859976,0.03810728219674832,0.025533213568170125,0.013000165854347928,0.005689554294735735
0.9260653193278658,0.026334545123629097,0.01828833690096146,0.021918602984093268,0.007393195663450356
0.9563086645610593,0.020620743797240743,0.00608297762046431,0.012750728944765125,0.004236885076470403
0.9232088070924638,0.04647898067663694,0.015740135683429485,0.009655243990421428,0.004916832557048509
0.9141413032854055,0.04600849661101706,0.01696405900447186,0.01652316867160308,0.006362972427502694
0.9168612872666879,0.05069715381912845,0.014901723805163775,0.014133603152265264,0.003406231956754626
0.9146031730519715,0.05085676328457971,0.01728366072900174,0.01269049877937471,0.004565904155072329
0.8261633196186785,0.08881880778547124,0.04355258570246529,0.029645939698547775,0.01181934719483713
0.7710769234192852,0.117948304358712,0.060138692085647816,0.037332151597974865,0.013503928538380172
0.9255867278687289,0.04222297172047424,0.015529982648682326,0.011511881486320418,0.005148436275794226
0.9253793587617319,0.037912757808874056,0.019646465182530395,0.012360848303702744,0.004700569943160923
0.7530079688873204,0.15863144640714563,0.04690166564000217,0.028824147450603285,0.012634771614928769
0.8782493583393453,0.08070011619778605,0.019129400270651777,0.014434547709005326,0.0074865774832112994
0.9010116720990816,0.05718150930036387,0.022529897009985794,0.013962341858486722,0.005314579732081876
0.9306729495088039,0.04196781404319703,0.01263648942465582,0.010239116191844198,0.004483630831499136
0.8580332921870895,0.0828484527466052,0.02809098745633331,0.021607153435556276,0.009420114174415664
0.9481484740242123,0.022794645226284358,0.018050211867332147,0.0076497056401824285,0.0033569632419888687
0.8730263480966792,0.06007783139881504,0.035370043015969965,0.02128548654049501,0.010240290948040956
0.8973881529810644,0.06193382139244223,0.021767717388956952,0.012531501949295643,0.006378806288240611
0.9439974200459681,0.02613551108450714,0.01957873540286791,0.0062080301267631,0.004080303339893603
0.8828335026298398,0.063586883369023,0.025236303032149854,0.018707022447732865,0.009636288521254399
0.9303974304536772,0.03965469770129698,0.012386293857200581,0.012579139571039056,0.00498243841678626
0.9336323507863974,0.031124019194457644,0.02128312212856614,0.008669119215822321,0.005291388674756381
0.9062482960003188,0.05467185369036347,0.01712430644757016,0.014874701379559166,0.007080842482188492
0.887802844752697,0.06502796854131768,0.019322858189683306,0.018717768024084383,0.009128560492217462
0.8126457288001666,0.06393507627915788,0.05405677176911966,0.04811752545532827,0.021244897696227647
0.7703036415620423,0.13198957976420256,0.03985902795760714,0.04400493520731411,0.013842815508834039
0.6679925665102294,0.2043544874322646,0.05005223001452799,0.058833323440730445,0.018767392602247527
0.7648059168875916,0.13105289013561508,0.044767899542898774,0.04042110075767435,0.018952192676220236
0.9233867541550937,0.03523878002810471,0.017772915484533774,0.017809644681045005,0.005791905651222753
0.9369339263534764,0.03205261461214179,0.013095568829709088,0.012104520250931611,0.005813369953740957
0.9291082362777946,0.04540366035193473,0.013938117609291138,0.0075313766835572405,0.004018609077422275
0.9017209351273228,0.04154604488400001,0.026656643159023892,0.021773995902923903,0.008302380926729282
0.9424419281455446,0.03468084299913077,0.008299516337045116,0.00959216769540952,0.004985544822869677
0.9168855235006632,0.05226963115678713,0.010402021667883316,0.014060711118956674,0.00638211255570967
0.9084883483993332,0.04589170656579808,0.015234485796901707,0.023161682982306846,0.007223776255660042
0.9217806434092106,0.029611629284242075,0.024092534167839068,0.016985340030057233,0.007529853108650658
0.9229388349658646,0.037871286729260496,0.020004343601651427,0.01297041169924432,0.006215123003979173
0.9273117413776155,0.04052254254603929,0.012722509179239345,0.013505366071593937,0.005937840825511707
0.9058168648733591,0.04658223139542586,0.022035273820700852,0.018050157988024482,0.007515471922489829
0.9109402499547011,0.04196262305980185,0.030387571913649398,0.010930949960236552,0.005778605111611064
0.8834788682779601,0.07141907601752336,0.016417895440747374,0.02015969335657446,0.008524466907194885
0.8688794542466413,0.07390596777490618,0.025701366547776428,0.02067551817316307,0.010837693257513112
0.9726865583301898,0.014382286025280914,0.00612077633644308,0.004563024690828664,0.0022473546172573225
0.8231646035378142,0.1198417717351378,0.025454568388422284,0.021910281121466327,0.009628775217159467
0.8816646527585119,0.0684380228960909,0.02430681742071486,0.01691084423210677,0.00867966269257584
0.9643725154243548,0.018553656321563073,0.007079850781839701,0.006524450906630236,0.0034695265656123804
0.9492605697119963,0.027785193251924155,0.009448192694461413,0.008483908946788844,0.005022135394829215
0.9148357104537977,0.053106047496119024,0.013589244917906059,0.011774788657608053,0.006694208474569137
0.95206030131035,0.03131136725267324,0.008405895414499983,0.005350690779924009,0.0028717452425527507
0.9119394029277562,0.061033080587887936,0.011963209671834042,0.009018056904956452,0.006046249907565302
0.888398432655009,0.04002952388817911,0.03024293415004904,0.02958684212943424,0.011742267177328508
0.9700496179904012,0.012993997447550538,0.006138852352737802,0.008221228636617294,0.0025963035726932764
0.9272341026137315,0.029633181363899464,0.026173015049393986,0.011730765155480142,0.005228935817494873
0.9519450795633049,0.02427666830616803,0.012995910445927211,0.007831086611794177,0.0029512550728058263
0.8862992521469287,0.06908507846190153,0.02012617534083189,0.01698157108437329,0.007507922965964439
0.8953319685293888,0.06401029741575867,0.019474185391337894,0.015695496655671475,0.005488052007842973
0.8712368068639387,0.040761678520170035,0.028631375488271365,0.032150852715958834,0.027219286411661183
0.8815722982830574,0.03847550893214137,0.02010593260511573,0.015186455364253075,0.044659804815432406
0.853454081369274,0.09312586011783007,0.02224999480991916,0.021929760526695766,0.009240303176280796
