Delta_Power,Theta_Power,Alpha_Power,Beta_Power,Gamma_Power
0.4231765459189735,0.34749202262670176,0.14335138596970437,0.08119752135414761,0.004782524130472738
0.7061562311299363,0.13374438011638962,0.11510164064002561,0.03927787351253884,0.005719874601109839
0.33095820769395834,0.1512990088860784,0.43929143423990774,0.0681581157676433,0.010293233412412194
0.6499962582405348,0.20037518466230478,0.07344824336254137,0.0680736103619834,0.008106703372635677
0.670010990213371,0.19171973402323092,0.10021287256652059,0.031541389657129465,0.006515013539748155
0.7998827565617632,0.08174547813258641,0.0866111345760965,0.025287820787472964,0.0064728099420809804
0.40270169957071184,0.3188670266903601,0.16231255367417866,0.10704621197769036,0.009072508087058976
0.48241815307737734,0.25317364849734036,0.15909385798917894,0.09508139237320806,0.010232948062895162
0.42587746093656575,0.19140043071479362,0.24883312941750957,0.11404132356047897,0.019847655370652268
0.4417028712383462,0.34992973454565257,0.13313015165366604,0.06973820658420811,0.0054990359781271324
0.4760225837268029,0.25664942090639165,0.09632064823855378,0.14933607706190805,0.021671270066343628
0.5959403682223929,0.16908372076909417,0.15571305315127948,0.06758620382001072,0.011676654037222641
0.5749254254627381,0.22136624886047235,0.11091687269149528,0.07912848859051298,0.01366296439478132
0.6617883955197016,0.13843048357517626,0.13754824884523942,0.05631956039668729,0.005913311663195529
0.7097768834256416,0.1152032436845723,0.12319206234555245,0.044877304164387094,0.00695050637984642
0.5632521804882246,0.281397629906616,0.08204628892349847,0.06112791638450545,0.012175984297155601
0.6464850743640316,0.19363454551355228,0.10206282013285624,0.05033126881342799,0.0074862911761320395
0.46173607435427555,0.2564471750476894,0.17938100769114704,0.09749834672145771,0.0049373961854302685
0.4489154084653109,0.18070528037255085,0.20825806197359273,0.14278099468123936,0.01934025450730643
0.43605207239828536,0.24487411114979715,0.2202302750257273,0.06994088202174523,0.02890265940444492
0.32669669671886475,0.4383298977189624,0.1271683863797595,0.07949499633518091,0.028310022847232396
0.7142040103710321,0.16310142170153333,0.05848060971879389,0.04940804236988746,0.01480591583875317
0.9194311978763919,0.03777624693687729,0.011885837542558933,0.02502521936507497,0.005881498279097089
0.9035511417810513,0.028482100219092584,0.05559186244398029,0.010344343558916655,0.0020305519969588963
0.8329975485645474,0.05385546109945848,0.08658960542075796,0.02232358572929455,0.004233799185941488
0.774088894269828,0.12769929638446556,0.07312117299390827,0.02143621683160141,0.0036544195201969926
0.5297588241509781,0.272082143292557,0.09486476668480015,0.08987104945255305,0.013423216419111962
0.4589749492020548,0.274404379939189,0.08757043535364496,0.15384748475506688,0.025202750750044453
0.4238617661338279,0.13535431478251364,0.38243868387299473,0.0479067642833885,0.010438470927275201
0.844616999538743,0.09051273099778828,0.043999346956587373,0.016817450041574797,0.004053472465306403
0.4898844799137847,0.278441422521808,0.14273110014882523,0.08202222157240027,0.006920775843181713
0.28995441770584734,0.07731268830577889,0.5317118817044096,0.08036230126018276,0.020658711023781313
0.6865638470084526,0.1563173808773904,0.11100436525324255,0.039128973031748344,0.0069854338291660545
0.6974082539774719,0.16649230257183098,0.07448055291898388,0.053287220884581585,0.008331669647131711
0.4981071072725303,0.2580601900915083,0.12608817574713987,0.10547980059198936,0.012264726296832116
0.45802243694020095,0.3113387226312853,0.09984810497179283,0.12088384303633723,0.009906892420383666
0.7321557455329035,0.14854396106557957,0.06806872222733801,0.04327923514232504,0.00795233603185359
0.43609601599038206,0.2396455258394949,0.11673763424443535,0.17558187550424192,0.03193894842144599
0.5558807371842754,0.28793425023986857,0.11248975623130279,0.03699458575443238,0.006700670590120703
0.704237086919094,0.17444199889273504,0.06195340310333791,0.05128834672032416,0.008079164364508557
0.6449570264512665,0.1849529645119532,0.11201542052219784,0.04737405456135494,0.010700533953227722
0.7277526851814274,0.12132787820760224,0.12087430961709372,0.024226228812577057,0.005818898181299734
0.47719148571422065,0.17919890728333557,0.26147140638896915,0.07153028147034583,0.010607919143128733
0.5028277197777534,0.28948453368309285,0.13532207300978527,0.05561873362265416,0.016746939906714258
0.6348385925959192,0.17691783026977104,0.1099998595564123,0.06869080457237732,0.009552913005519957
0.6308432397485247,0.16916329254983212,0.09352728226594624,0.09398698188374582,0.012479203551951177
0.7037218401950002,0.1875164584704553,0.0463589637335675,0.053290466966816046,0.009112270634161156
0.39313962729687724,0.31205399652691085,0.12134226628708027,0.14362086712922525,0.029843242759906363
0.821212628733548,0.08085827617852191,0.06440217470448788,0.02934055558482945,0.004186364798613031
0.893006740154241,0.052008906400453414,0.036835901768501274,0.014225357150532903,0.003923094526271459
0.7051048320498141,0.21720368947614263,0.05556349585864214,0.017585200989585718,0.004542781625815478
0.8123526010359959,0.08029057984353517,0.09312923841137553,0.011761106539220868,0.0024664741698724175
0.5457663986054959,0.27542075557636814,0.1192032589416945,0.04063603730071349,0.01897354957572788
0.5448283394261341,0.23000353614440852,0.1648136795134352,0.05041543054984646,0.009939014366175747
0.582233127800584,0.18841052920395523,0.14012759600793492,0.07812251538769518,0.011106231599830626
0.7376668479395642,0.0882593791486233,0.10568786837841349,0.05918306774856202,0.009202836784837182
0.7416123371524838,0.1161016411131351,0.05882153637670792,0.07415373661334353,0.009310748744329548
0.6035492394318455,0.16555207034143257,0.1629976533815655,0.04851258157308401,0.01938845527207242
0.672934100219419,0.14564022291930967,0.14273667524751238,0.030078160119508725,0.008610841494250392
0.8382636410211921,0.09526875913385281,0.03798533971755093,0.025730858448408455,0.0027514016789959945
0.8459774485166311,0.05317545237845423,0.07582095063016504,0.02126905767230216,0.003757090802447344
0.7184767468655728,0.18082486421973848,0.05958812876895746,0.034602332844777796,0.006507927300953087
0.8424111662422034,0.07842116991357512,0.05924353832318063,0.016581365806303074,0.0033427597147379536
0.7836948304923743,0.0877338082545795,0.08856792568347738,0.03276290333720332,0.007240532232365401
0.6782806776349456,0.18587856111709603,0.05384577208374535,0.07157224454312042,0.010422744621092602
0.6542434686558711,0.24478018795780176,0.06627635059108451,0.02884664882453365,0.005853343970708956
0.7056158419004503,0.1463106286855275,0.10801629284730847,0.031097069990234222,0.008960166576479557
0.6562716738928804,0.2140421781519371,0.07495886938430496,0.04646132589976975,0.008265952671107813
0.6664314592571962,0.12749799386264124,0.11924678037632812,0.07490001255662818,0.011923753947206656
0.5401311701404953,0.24515516695970352,0.10259119421204235,0.09844603486509569,0.013676433822663344
0.5895308895986423,0.20509439926929415,0.11985558938601945,0.07069885105444673,0.01482027069159753
0.6914886971658667,0.13893533471633474,0.08577296511354524,0.07348852116108975,0.010314481843163524
0.5491148960583309,0.20481267925137484,0.13295664297225784,0.10341019337296264,0.009705588345073747
0.709614281364376,0.133790877036135,0.11255645831676088,0.035922384207459586,0.008115999075268415
0.9024788514966369,0.03954175596741702,0.04301893780470653,0.011860770262684787,0.003099684468554901
0.8601934835005259,0.08008733705552955,0.03894938572996685,0.016376221801915527,0.004393571912062114
0.8630274712570594,0.04474776442585005,0.06246522174382505,0.026198058999045423,0.0035614835742203647
0.872966454398279,0.04971028692053799,0.05594596491668371,0.017863886457784743,0.003513407306714498
0.835182874136323,0.046796757781488424,0.09533417885752679,0.01911174211109293,0.0035744471135688957
0.8653448278801835,0.04673070758066791,0.07278085866020531,0.012705285574423478,0.0024383203045198138
0.9510473765830434,0.017326799932034877,0.0226301611396483,0.007900585255476747,0.0010950770897965826
0.709850496981512,0.1569689186022783,0.10646590298059068,0.021996019618277497,0.0047186618173413845
0.8001027364226283,0.04311270354414451,0.10548369614608921,0.04509374127919917,0.006207122607938619
0.6814477983931614,0.10152756271022842,0.06551011965764485,0.13234932589492432,0.019165193344041025
0.6457570451552613,0.10961798199027689,0.12472315875370167,0.09769229183884501,0.022209522261915214
0.7367580216146067,0.0949168544043734,0.12438712079511326,0.03603870377150108,0.007899299414405883
0.7288538002398132,0.1344689533630123,0.1047770560798835,0.028058442680254994,0.0038417476370361933
0.7086615296196496,0.08554361772988169,0.16595621664358853,0.034076246555686654,0.005762389451193688
0.7192537950911635,0.11389240191633467,0.14222282023057004,0.019539985529957126,0.005090997231974629
0.8046565235668112,0.06302934183477199,0.09218012526649123,0.03510889833353143,0.0050251109983945235
0.8952321875675088,0.019113342928482085,0.06955951714711363,0.014065164591574158,0.0020297877653212646
0.9116903021626355,0.0332539345629843,0.0423683973815681,0.011082741527440064,0.0016046243653722687
0.7651148128594453,0.09422846404592103,0.11522315761420913,0.02041810998806603,0.00501545549235847
0.8721469328459148,0.04649070471079989,0.061742063417878315,0.016637334625428532,0.002982964399978347
0.8919019110533843,0.02732194959093031,0.06255155984887563,0.015809529168546853,0.0024150503382628667
0.6975743230070881,0.06699931033896736,0.19822533713252183,0.03273729424505502,0.004463735276367512
0.8421654888479359,0.05940479077697123,0.07821082721759887,0.01745218797158655,0.0027667051859073767
0.8799628801886815,0.0448991347390027,0.06070648016651577,0.012277876885512988,0.0021536280202870527
0.7580271420141962,0.09338897535750364,0.11749388684598056,0.025966776259890044,0.005123219522429948
0.841044210775867,0.06488015428393504,0.07687819655253117,0.014346613840470182,0.002850824547196655
0.7911639180015471,0.09678265314703428,0.08073551542142746,0.02676003455504523,0.004557878874945986
0.7503486487333243,0.10432933771341257,0.10448432514113244,0.034310130685798405,0.006527557726331962
0.8154553264059894,0.08113947710451673,0.07224464114171374,0.026223072295992866,0.004937483051787313
0.8576688083387708,0.04331210968668905,0.07479255386000096,0.020445771608262348,0.003780756506276861
0.8146689376032022,0.06313954342827006,0.0904176475991733,0.028481014898203483,0.0032928564711505993
0.8200402488758031,0.08934549020338826,0.07249317663646293,0.014305044353683571,0.0038160399306619982
0.8247216178583643,0.08777587255157168,0.06389863475808305,0.020750058666181823,0.0028538161657993017
0.890557031396417,0.03431258854407025,0.056697653037750186,0.01579776049679707,0.002634966524965488
0.8643530621600253,0.049512543431723746,0.06423214825236159,0.018850228054267636,0.003052018101621679
0.8113125612785426,0.06184958199739839,0.10450746236520854,0.01867976299441948,0.003650631364431143
0.8591837377639008,0.05756060805908224,0.05802762850636838,0.021864790704677128,0.00336323496597141
0.8767805725067664,0.04577194971979976,0.060725737167209026,0.014497871442394172,0.002223869163830763
0.6461993137425982,0.09328397075590207,0.20934367090990882,0.04555885014829613,0.005614194443294724
0.7293759548620768,0.10275621869857679,0.13582619552651815,0.028399636588095824,0.0036419943247323924
0.8268865447100849,0.07255118611682061,0.07389668785879161,0.023589768196157723,0.0030758131181449974
0.7374403008822513,0.1251298532438978,0.09475449565079336,0.03586958127646476,0.006805768946592774
0.825536227371639,0.035343899291488075,0.11052889035562498,0.023904486424912372,0.004686496556335394
0.9264525346502797,0.024243038275695752,0.039582337401547825,0.008431590143838168,0.0012904995286383007
0.9062098776650388,0.039896907922480164,0.040475775857985286,0.011361158152999226,0.0020562804014966404
0.781170013198409,0.06283622266183578,0.12801257129972868,0.024190615922782044,0.0037905769172445116
0.8631704615349363,0.0490746695163362,0.06924901356565771,0.014302197356429286,0.004203658026640509
0.9056739500404523,0.04388491443228715,0.04009814439303641,0.008769979168915813,0.0015730119653084573
0.9040991802019543,0.03955162493806898,0.04626169021676764,0.008717576471289923,0.0013699281719193074
0.8068388802919969,0.0660473636808344,0.09677220446622106,0.02757052850623438,0.0027710230547134296
0.7150495674949517,0.0874987301997636,0.1548399882916264,0.03536534946224088,0.007246364551417447
0.8673802902958859,0.028189228157204097,0.09035234633152917,0.012155785045839335,0.0019223501695415143
0.664141002415139,0.09338986237751158,0.2080348066528148,0.02915147587245572,0.005282852682078735
0.8234876971299331,0.056552989213585425,0.09157237832809974,0.024219389593717517,0.004167545734664378
0.8801979542594881,0.027928413442290925,0.0745180617086141,0.014877957360752819,0.002477613228853758
0.8619948034898198,0.04099640000391446,0.08254670183437599,0.01232729990876085,0.0021347947631288207
0.8669414965819019,0.03846215183540482,0.07264192683390404,0.01940823776150238,0.0025461869872870123
0.7789058378272504,0.05324612408320055,0.1376015438675311,0.026231301149665428,0.004015193072352589
0.6879565978971566,0.10229936025050039,0.17051192497884582,0.03419794182768225,0.005034175045815171
0.5983400981181273,0.12603677868815144,0.22679054346018468,0.04306755017398132,0.005765029559555358
0.6747686407641623,0.07402170661919097,0.21193103758835044,0.03249950233571182,0.006779112692584556
0.7904913517454449,0.07523491118883326,0.10480118797677744,0.025149406542202393,0.004323142546741906
0.7349616057600805,0.07177854806135195,0.15970115383322442,0.028873016172719687,0.004685676172623246
0.8966137304707649,0.051810608112996474,0.040899236930651624,0.009275000636438387,0.0014014238491486387
0.849362743720165,0.056730108115631776,0.07556044997091212,0.015945355020638027,0.0024013431726534677
0.7501992312826093,0.09217001354414488,0.1300496981782953,0.022998302485340138,0.004582754509610405
0.7300147314692526,0.09518459770359493,0.1405356452517871,0.0287955698541273,0.00546945572123781
0.6877189881080699,0.16737573665041844,0.10034546164149877,0.03924065615842445,0.005319157441588282
0.8816754122273133,0.04381089556356853,0.0556282578777586,0.0158667998433664,0.0030186344879931212
0.8032051155665876,0.04075114739026897,0.12270160367286967,0.027755506539010103,0.005586626831263922
0.9019526001209939,0.030042143666895574,0.050711119247760124,0.014921735070570085,0.0023724018937803593
0.9228569474549316,0.0203336000352497,0.0465451566867577,0.008750125980517292,0.00151416984254374
0.8746642009238552,0.04577812866175558,0.060357767295703295,0.016255670490127928,0.0029442326285578804
0.8579245472420205,0.04109182478472549,0.07529539838051366,0.023066038013997453,0.002622191578743051
0.8482439063308373,0.05582936900063183,0.07944759418124953,0.013994611761937151,0.0024845187253443755
0.9056961867348465,0.04162560692370721,0.041147821088677435,0.009633597999266186,0.001896787253502322
0.8367206632394153,0.03425665761944658,0.1012279439074602,0.023492123368966267,0.004302611864711735
0.7178204327058533,0.09164702799785307,0.157456371519517,0.028658603805578307,0.004417563971198223
0.9156319923969348,0.031005873626373012,0.04391579620702994,0.008131426991167177,0.0013149107784952484
0.8907824470331765,0.03137288890684864,0.0638979134583652,0.01196102589734303,0.001985724704266617
0.8586286241503722,0.03779484018405249,0.08313846754485422,0.017793359090496536,0.0026447090302245567
0.7731504282173575,0.073178029336956,0.12999535840627427,0.019494847360126567,0.004181336679285799
0.7300350807343026,0.11076154199681418,0.1190656063627602,0.03492028480453665,0.005217486101586471
0.8588782437521583,0.053151054285755645,0.06776218626948437,0.017629273074442457,0.002579242618159304
0.9528020895505553,0.016267933765649372,0.022108980253714376,0.007200706318502055,0.0016202901115789437
0.9267234779275177,0.016234071089008956,0.04382518020006165,0.011699032003270066,0.0015182387801415463
0.9326512111339502,0.02589034381041289,0.0323305426048677,0.007905082476617652,0.0012228199741514756
0.7993740813527728,0.0646771143330727,0.10364071117582926,0.027523295399953004,0.0047847977383722725
0.8100667697688408,0.04559508231089079,0.1171475713890404,0.022696629691736987,0.004493946839491039
0.7819440400824178,0.07062295351815905,0.10757293332369572,0.030633983609383596,0.009226089466343906
0.81636097207022,0.03850294111445253,0.1070129232759761,0.030546755078034837,0.00757640846131667
0.7706058920891258,0.09060391953726454,0.11124842964566564,0.023246317447391814,0.004295441280552278
0.801093483040242,0.06302442017279256,0.10249752661750115,0.02747375525911664,0.0059108149103476145
0.8687757991608281,0.04420727037391093,0.06655118137684636,0.01691349386689141,0.003552255221523045
0.929272702003375,0.023769417541620704,0.0379150995806528,0.0075219722271548245,0.001520808647196731
0.7375804173579799,0.1809592986153333,0.05304235578531954,0.02445781874190711,0.003960109499460384
0.7329585018101553,0.11755102363913965,0.10730658551284676,0.03630514296924655,0.005878746068611619
0.9266706050648146,0.03148512086855915,0.03033466185722254,0.009837000280796503,0.0016726119286070585
0.7287633317909485,0.12155514585706524,0.11198501403619529,0.032240758295864425,0.005455750019926474
0.8289301912690106,0.06637474649932218,0.07428460362418247,0.025013113070495963,0.0053973455369887196
0.8659356970147204,0.041382989167307586,0.07127656764664611,0.01813852127147764,0.00326622489984821
0.7583284818380771,0.07713223910629398,0.1275387266351398,0.031002006594324272,0.00599854582616482
0.7925339707726444,0.07416072801628537,0.10787258996561262,0.021987693714642785,0.0034450175308147397
0.42914223841831345,0.19443439940153595,0.17928589433715794,0.16140357080901754,0.03573389703397491
0.5428242023192805,0.10407019471641131,0.19830113148153916,0.12110353787864775,0.0337009336041213
0.6802309754664104,0.15509177778423539,0.08827677050293843,0.05190550551756168,0.024494970728854006
0.68106962194178,0.1327763369366138,0.1298536174522982,0.04283517007125279,0.013465253598055189
0.5490728372402489,0.25321049708795373,0.09581663689320997,0.08419410457553943,0.017705924203047722
0.31004593165668765,0.3159384613012781,0.16385514697727066,0.1891643467299499,0.0209961133348138
0.834295497465576,0.09075182271375369,0.046920947498504166,0.0240206638791193,0.004011068443046836
0.8877016422822875,0.06495130441792502,0.029270339958397354,0.015418178721137281,0.002658534620252771
0.8741289681507073,0.049548824890286,0.05355401328541834,0.018904826877571793,0.003863366796016507
0.8448534330294839,0.06022838734213486,0.06789445069929287,0.022978787847072857,0.0040449410820154645
0.7736347140803299,0.04794004793562236,0.12895682958101373,0.04170973106204685,0.007758677340987168
0.856980892877946,0.05174170199473888,0.051264012257078787,0.034636131143797495,0.005377261726438834
0.699396451134806,0.12844507430205096,0.12141333258537032,0.043291656754652255,0.007453485223120684
0.4150414573684755,0.2274648351441439,0.16647229588975848,0.15816151362487907,0.03285989797274302
0.25755442073231616,0.29185001040296904,0.17082262159438655,0.2280346310230867,0.05173831624724158
0.5932055835328323,0.20607955106722892,0.11081929794807258,0.06989917605823852,0.019996391393627643
0.2758476930104921,0.3875494502122749,0.11732586177525235,0.13681700714694173,0.08245998785503905
0.48340540495056167,0.21987333126801153,0.12281740586157096,0.1224925856742642,0.05141127224559152
0.7686147363958239,0.14219942588586157,0.04428063550383276,0.03529704396720686,0.00960815824727509
0.27094529265535117,0.15237085667918274,0.3131644053712438,0.21243799008724681,0.0510814552069755
0.39547457259972635,0.24816470481306005,0.14419861999596814,0.16080881208403117,0.05135329050721423
0.45060363739406717,0.22556779155063128,0.09746480073027672,0.19777415567290832,0.028589614652116603
0.7882337898345911,0.09171958329124248,0.08670969545011745,0.029752334344351667,0.003584597079697087
0.8801896319531459,0.05919340809363823,0.03930289496485273,0.017630185794709204,0.0036838791936538075
0.8865940248667834,0.06831494080395781,0.026468446464790605,0.01572002557447241,0.0029025622899958555
0.8661944600266418,0.05981281144217837,0.03337868294528537,0.036675806768386304,0.003938238817507848
0.7700625597979658,0.14353198777795076,0.05434784664193276,0.024697816413811528,0.007359789368339358
0.8513427499185102,0.0707173986060181,0.0386792236714144,0.03548103040556569,0.0037795973984915254
0.6355053181080481,0.17357959441152251,0.08181268225841913,0.09378501773527712,0.015317387486733247
0.48148167933332725,0.20620833917805678,0.13948169907929425,0.1542040691120081,0.0186242132973136
0.41513762630331547,0.27348848605767284,0.12307141950401018,0.11446097977723967,0.07384148835776189
0.6227832422955751,0.20967895098368358,0.07573391134015321,0.07753677182984009,0.014267123550748282
0.2533747951624218,0.24382685331143297,0.25885351578244625,0.2063303516719568,0.03761448407174238
0.45994501725302056,0.34511733523425103,0.10017768004439348,0.06882627211692609,0.025933695351408815
0.7876739668298648,0.12758468511534224,0.056929983078723274,0.024485722773541115,0.0033256422025288116
0.5247790935048665,0.2532756415518944,0.1489093500801154,0.060714749543923634,0.012321165319200057
0.16806725275624593,0.12280946780513981,0.5954347363411484,0.09146035285359692,0.022228190243868757
0.17564654222042994,0.09801108749569477,0.5792701539969852,0.12428743339490975,0.022784782891980066
0.2658271792124001,0.21720214748422226,0.17075931949574166,0.24848557559201073,0.09772577821562509
0.43805285457224313,0.22000013772900656,0.1086116280746771,0.16982855529911173,0.06350682432496148
0.21826540108949266,0.15611241410823842,0.1757507823216675,0.2905924683168651,0.1592789341637364
0.5393379419621956,0.11455531924179889,0.09137695879804363,0.1751823216749479,0.07954745832301395
0.6836905145518731,0.11852312635478665,0.1058390866041611,0.062029020491087515,0.029918251998091464
0.6042645642566501,0.1331463760261336,0.11750779362394613,0.09822402457360034,0.0468572415196697
0.38740948360209354,0.16467061629982982,0.11670444422539664,0.2524888833164502,0.07872657255622971
0.6161191369625952,0.12180888807280321,0.10783019321913098,0.08125230324902229,0.07298947849644834
0.36913416373946006,0.10881908367396764,0.16821368210779503,0.25066901812885684,0.10316405234992039
0.3784641146032779,0.1645805516465852,0.1343579057788106,0.23530850925309288,0.08728891871823345
0.4084132260925768,0.13856966939593401,0.16553927033329047,0.18915853509608563,0.09831929908211297
0.5165932223274157,0.1213942177363908,0.1291472049818865,0.15892274703052356,0.07394260792378338
0.4859388338501866,0.1287121999100232,0.0995338773128895,0.20610409252672404,0.07971099640017672
0.16268907017209822,0.219652750857362,0.09416536623351593,0.3514446675032333,0.17204814523379056
0.23348546593107336,0.19600532976373186,0.18102996157807158,0.22551315882049103,0.16396608390663217
0.5123911851864551,0.08955392963309748,0.13119368309214008,0.1622596023831839,0.10460159970512348
0.14788467197172753,0.1107839597796597,0.15822513284012948,0.37938323388845674,0.20372300152002654
0.39525277531490577,0.07801562946245366,0.11929115416843204,0.2529512908641916,0.1544891501900169
0.3053585456656367,0.07078102276025479,0.07418651086536994,0.36512124156634435,0.18455267914239448
0.39402520029722843,0.050456383765345496,0.10708124256478016,0.30611127004329175,0.14232590332935402
0.4976033221439251,0.07926085606872228,0.15188426617630377,0.1648900302279334,0.10636152538311529
0.18431364532383265,0.16174518065532306,0.13509127644289687,0.34675015140379756,0.17209974617414986
0.2724772682100802,0.13221266085741976,0.1226571299516672,0.33789092553997485,0.1347620154408581
0.5342635333543896,0.12113446597930849,0.16299056673282566,0.14388457282814088,0.03772686110533549
0.5112656619500612,0.06429510229475496,0.11942768414622162,0.20445534893748116,0.10055620267148094
0.16789030111011644,0.15215933378095903,0.09129056753913266,0.3226638862476343,0.26599591132215755
0.2378256117772633,0.16926242932438418,0.1602272574714164,0.23187869896206753,0.20080600246486857
0.2662792032435487,0.15232664655451963,0.10252572766115388,0.2883732427222437,0.19049517981853425
0.6024331095276515,0.07246068230568804,0.08549429419530455,0.13287380172385194,0.10673811224750397
0.5420692093584875,0.07759247122977495,0.07895866680053155,0.137965324552632,0.16341432805857403
0.7999818997646746,0.06690089942520135,0.067573060123711,0.04336717405742329,0.022176966628989606
0.4830041815850335,0.07806575918892907,0.09744962285040835,0.20933418459697414,0.13214625177865488
0.30567678321546976,0.1404894359230913,0.11053954612479264,0.31327963568641864,0.13001459905022775
0.8347716391765405,0.0589942447289398,0.0730646960923863,0.024855075345541437,0.008314344656591975
0.8989690915341985,0.03357608057477617,0.04606009929736423,0.017808222306113206,0.0035865062875480654
0.9349549506737049,0.03332898385974045,0.01830452592649098,0.011389872152912794,0.0020216673871508283
0.9508927750463446,0.019575440005891988,0.017659999090882356,0.009512078056052723,0.002359707800828459
0.8718858406460934,0.05307966410722557,0.05373006426133646,0.01854010321756709,0.0027643277677772303
0.790861594019696,0.08568465562641404,0.08225998227112757,0.03537541047221508,0.005818357610547065
0.88357063948461,0.07080645354662365,0.025160476505828856,0.01729421957597103,0.0031682108869665
0.8318559256650583,0.10838802827557363,0.037340497461993465,0.016953769604877583,0.005461778992497196
0.8871309115936963,0.0702084682009415,0.023142585243187467,0.015598945116554764,0.003919089845619771
0.8799604087608446,0.06984562920276172,0.022718322993951115,0.023796239405793815,0.0036793996366488303
0.9220087610856255,0.03542477508279746,0.02556735867182682,0.013960261304421826,0.003038843855328303
0.8620547173429193,0.076548563949043,0.04191570438185999,0.016846189169182863,0.0026348251569946217
0.9084838726965045,0.029544773821868684,0.051131621199629496,0.009164689603410686,0.001675042678586715
0.8060135515089109,0.07224891940401133,0.09849748582502824,0.01926605510197529,0.003973988160074304
0.850007304186347,0.039781346809798175,0.08681177111581258,0.01982103994854259,0.00357853793949971
0.6722985715076243,0.10190213964137668,0.18946415257209778,0.03088345210143696,0.005451684177464206
0.7623641651078562,0.05179134317628447,0.15553350977921138,0.02638786649151948,0.003923115445128451
0.8373848875816632,0.047655022856543765,0.09726853764624532,0.015489671894047593,0.0022018800215000502
0.5207481349626167,0.16380228446176118,0.2651705366858631,0.04344222868937689,0.006836815200382266
0.7632799877672567,0.0728596382750139,0.1356049609831952,0.02447722547158468,0.0037781875029493936
0.8308640852261356,0.0513600114026467,0.10009928381161191,0.014765439760052094,0.0029111797995536623
0.7444920330459183,0.08112353608097589,0.14755150433954908,0.021873549065980158,0.004959377467576591
0.8658514938041905,0.058862415829488056,0.058550261311626814,0.013462134995932101,0.003273694058762565
0.8651944326446359,0.04754655101125934,0.06266026005268369,0.0194195909638891,0.0051791653275323
0.7899221759213282,0.1260559970222102,0.043544776329198294,0.0360116683490689,0.004465382378194521
0.9009748258082055,0.03491657410432791,0.04540818420499834,0.014683816641010183,0.004016599241457893
0.8276167410495567,0.07957428105977188,0.06083935503638091,0.028229608698208813,0.003740014156081671
0.7485754466151219,0.08876815542400142,0.12142551110217485,0.036165982627284675,0.005064904231417192
0.9053998581357396,0.036595555505197275,0.04536983582358766,0.011092817869348825,0.001541932666126433
0.9186597954008338,0.03865581690480287,0.030852901056221484,0.009637848944527651,0.002193637693614094
0.90379100640093,0.05154113949205234,0.02392937898599627,0.017273758941015165,0.0034647161800061624
0.7862102731621483,0.07993019449782325,0.1041748230121364,0.02481023194758845,0.004874477380303482
0.8449788523286099,0.047093535743630593,0.08079540985926675,0.023036820214572238,0.004095381853920586
0.7343126529088384,0.08486939628946703,0.1501030390737511,0.025412138608275892,0.005302773119667359
0.8414678931299965,0.05149993979481072,0.08355776749872482,0.020694890072207765,0.0027795095042600494
0.9302164040921937,0.03785850224459034,0.02375189133715806,0.007097304911088242,0.0010758974149694814
0.8152773091560777,0.08023816371740669,0.06111564724749956,0.036903306272716756,0.0064655736062992795
0.9509334086597182,0.012402068656466442,0.030830312030111294,0.004962654168456,0.0008715564852478848
0.840004953105506,0.0745409239538692,0.062036304146914585,0.02030316293120625,0.0031146558625039997
0.8728919914372877,0.024109143599637763,0.08577474289292843,0.014094091945095833,0.0031300301250503275
0.7230714957044102,0.07122834135402102,0.15667852055827347,0.040799577460759046,0.008222064922536222
0.8622300138530047,0.037636137801612964,0.07608632070119685,0.020336592734839502,0.003710934909346073
0.9161666718499412,0.0402236613916414,0.03416059855147944,0.007569612311822299,0.0018794558951157757
0.9138312600734843,0.02434187127052716,0.0489111716121428,0.010375499856415046,0.0025401971874306406
0.8737736629177933,0.05973524053484216,0.04854777667987146,0.01500089540245278,0.002942424465040341
0.8639175314623189,0.06268463837244818,0.057158402982232535,0.012619989654297196,0.0036194375287030706
0.7791467342449974,0.11381610714680751,0.0816502319353708,0.019869014837020943,0.005517911835803198
0.769189835861514,0.07007469034554571,0.1317131706708561,0.02397623706555513,0.005046066056529099
0.8620236295939838,0.04350669736848333,0.07214778951639621,0.01887176745853533,0.0034501160626011418
0.8666489642251756,0.03939801509740327,0.07429280180407409,0.016080726759900892,0.003579492113446111
0.9042282388185613,0.033608471903736004,0.04611028887285352,0.013320983225630714,0.0027320171792185864
0.8537001701914012,0.05478611989840078,0.06409780038060232,0.023778273805794028,0.0036376357238017236
0.7565409305862415,0.09618116046993165,0.11897266561880178,0.02334575734610622,0.004959485978918755
0.8323404553291747,0.055939140432713884,0.08954772043165096,0.018879248378634014,0.0032934354278265606
0.6810550406016026,0.08459007849601607,0.19283468464601253,0.033468370983028885,0.008051825273339683
0.7231387530419585,0.11615620041605348,0.1274815825358823,0.027803332367635047,0.005420131638470609
0.7194983820149476,0.12214126460638451,0.11411159694516493,0.03685503808789596,0.0073937183456070305
0.9018820901156929,0.03314425752021091,0.05309571644074441,0.009765751688964213,0.002112184234387778
0.78453409666376,0.05864532925217445,0.13180082366018253,0.02074299208556022,0.004276758338323253
0.8677708458818436,0.05078423005057561,0.05769444224972893,0.02066994177899043,0.003080540038861213
0.9439242960624669,0.01972213074380005,0.029704883529399855,0.005361419552801048,0.0012872701115320651
0.8407420154217474,0.07181761222542858,0.0640100384589375,0.02020317088280176,0.0032271630110844544
0.9138492983655837,0.016323618715885047,0.05656837241497089,0.011296783987261843,0.0019619265162986893
0.8514320058990131,0.04718122487435061,0.073986785698058,0.02345625760589983,0.003943725922678366
0.8322716533886021,0.08750314412874652,0.05940156592949889,0.017618328885466508,0.0032053076676859865
0.8474582452774165,0.07737069626540943,0.05366815070815754,0.017840508063428365,0.0036623996855880965
0.9232526413025256,0.021078126930474166,0.0396203957387584,0.01384337430614827,0.002205461722093414
0.9064931275570896,0.031004700597421636,0.04952833487127988,0.01090855038022868,0.0020652865939803375
0.897114281756714,0.052005730807795025,0.03759295624359352,0.011681797618450672,0.0016052335734467109
0.90403927628964,0.05124930538880159,0.03361171463077463,0.009537925246858925,0.0015617784439251137
0.8810231643984714,0.042544431608055475,0.06144921738464852,0.013318123309411312,0.001665063299413241
0.807338682743767,0.08114582594047676,0.0904277009869445,0.017741846971055887,0.003345943357756049
0.9220487251676168,0.02302172290977168,0.044256214566636524,0.008937854814266125,0.0017354825417087607
0.8586061087969289,0.061057173635920156,0.05838648070116056,0.01876394453512058,0.003186292330870047
0.7599569088344799,0.1287036290980882,0.07636502131325783,0.029616765426268572,0.005357675327905458
0.8783526215752744,0.054822276934250104,0.05300789695685392,0.011173290282497798,0.0026439142511240393
0.8583698687656571,0.06066490856170284,0.059582429809067604,0.01926992853888846,0.002112864324683985
0.8228056208161122,0.08298157275729778,0.06264226052843007,0.02705208163820488,0.0045184642599548795
0.9109719803289317,0.035880121579252335,0.030139484966301224,0.019406587947452366,0.003601825178062337
0.9062700655059687,0.05598720856467818,0.022833601237336777,0.012678081541065122,0.0022310431509511485
0.893640127594372,0.057623038327166275,0.031148867919822874,0.0144319715367056,0.00315599462193325
0.9104496711952447,0.05739503565747514,0.017893636233455787,0.011615919883693161,0.0026457370301315826
0.8548894791692772,0.07985580058844866,0.03817417463735435,0.0229966415849157,0.004083904020004257
0.9497429202521879,0.017037311643100534,0.01787335741844323,0.013804155679641768,0.0015422550066262776
0.8210234612795124,0.09047218920643244,0.05743868798849261,0.026715310265593636,0.004350351259968912
0.9245356002398112,0.05225867853985983,0.009425468861051618,0.012036662793677468,0.001743589565600013
0.8632395198692466,0.058646370325794166,0.05413763553983849,0.02128088907039556,0.0026955851947250225
0.8241039255489481,0.04672585796846956,0.10588392141912993,0.020428700043375846,0.0028575950200764922
0.8090669834764259,0.07824626755498616,0.0917101898692614,0.018689263599106852,0.002287295500219773
0.8022872945728127,0.060793399047363715,0.10721171357905929,0.024989173555700593,0.004718419245063672
0.7648723488470192,0.11051453454269894,0.09241455927335682,0.02787112370052811,0.004327433636397007
0.7648409902953405,0.1229461482659267,0.07455272906365701,0.03121095877201878,0.006449173603057054
0.7086729233738205,0.09230547445788952,0.15190949423981734,0.041543751572075294,0.005568356356397446
0.8633029813479383,0.05384357940318221,0.06016369798547702,0.020023987034248146,0.0026657542291542396
0.8316332205797335,0.06569686869050669,0.0732013979551847,0.02526306871580184,0.004205444058773301
0.8478062053178657,0.05725427359228296,0.0635981880108108,0.026451217224936818,0.0048901158541038445
0.7376494901400023,0.13423022698338252,0.09566666292681635,0.02827419364930653,0.004179426300492208
0.9235543460760557,0.026431282516025407,0.04285621220077546,0.0059672448936916225,0.001190914313451925
0.8630223319744467,0.056878544689557886,0.06388382785880937,0.013996035952082243,0.0022192595251037117
0.8762126480279665,0.040529707932650344,0.07182303150962681,0.008963879994633418,0.002470732535123194
0.7642016997254212,0.06109981624850981,0.14875369783810274,0.02288797427223698,0.0030568119157292485
0.8492607959756792,0.04197787190290451,0.09425566954608097,0.012419141271092742,0.002086521304242727
0.8648603987346364,0.04059313337625583,0.08188067401912676,0.010247662921628565,0.0024181309483526855
0.7304014435046765,0.12243124498080284,0.11867526647956679,0.024784932617359146,0.0037071124175948908
0.8709758618211211,0.03974140980486637,0.07002213828488596,0.016347801433692,0.00291278865543466
0.6549428031817791,0.14580162373556696,0.15497731643390106,0.03817446229760514,0.006103794351147732
0.8156221248675419,0.04990294072838219,0.1124830054549086,0.018887475749554194,0.0031044531996130623
0.8149380653078044,0.059935659399841384,0.0955632984215659,0.024584523879588545,0.004978452991199668
0.8685892496642996,0.04939171400493096,0.04493534271631214,0.031318327204090855,0.005765366410366381
0.834760583043585,0.08992933777355469,0.045107592388789655,0.026008699983028225,0.004193786811042278
0.8250761116743703,0.11683793653062104,0.032567718927489164,0.02054843610447615,0.004969796763043156
0.9048074481172339,0.05469451507601755,0.025534305377879422,0.01152062172492782,0.003443109703941234
0.7524153084947889,0.1432790165858962,0.07764603404448925,0.021851816283852583,0.004807824590973416
0.8647810022636778,0.04626851299713247,0.06655847139639498,0.019184571777725347,0.0032074415650694883
0.8585539524280644,0.08961433016631853,0.03573008825270589,0.013517105100560136,0.0025845240523509104
0.9080730449006309,0.05451376910324348,0.019108134077733076,0.01485504592769856,0.003450005990693917
0.9192358189374493,0.03748809371313675,0.025651435267658045,0.014600473519964094,0.003024178561792032
0.9335635974806319,0.032301511008719995,0.017097404545815615,0.01377442786330302,0.0032630591015295704
0.7572251478922948,0.08505219422445284,0.12552015865644067,0.027759222218700114,0.004443277008111753
0.809716515535452,0.047975629431317175,0.12133533312145899,0.018142613309957402,0.002829908601814532
0.8881147183947732,0.04214850119180535,0.05123860475922745,0.015689650425253103,0.002808525228940825
0.758203051554275,0.10098640455781369,0.10654854811260504,0.029984674956162378,0.004277320819144051
0.8167026059902286,0.08381697463052742,0.0728107558037746,0.02255407454093839,0.004115589034530886
0.9330485725704272,0.043359959163815055,0.01269153151238767,0.009557037611598483,0.001342899141771393
0.9129202468171155,0.04104934241197579,0.025798056490982775,0.017732544890373347,0.002499809389552585
0.8877567350109209,0.06876650810388799,0.026477042659647662,0.012841038272209674,0.004158675953334013
0.8794167444853899,0.06526482857048234,0.03319753738047862,0.019316707511366053,0.002804182052283214
0.8380967589489996,0.07918860363275679,0.04920288455744741,0.029412183055227484,0.004099569805568784
0.7304454726347046,0.08115075037489901,0.15433022303624078,0.029857056250923324,0.004216497703231967
0.9038519414107835,0.02867548018929229,0.05650238168562011,0.009566772535326526,0.0014034241789775948
0.8536861918945986,0.046790723900509264,0.08223733124261239,0.015416213963395486,0.0018695389988841143
0.8687994463680727,0.045613637949803214,0.07500352421767385,0.008891598872037922,0.0016917925924121269
0.7610952181216238,0.09705628673206268,0.11418515929695715,0.023948926090454334,0.0037144097589019882
0.8731875985240201,0.05498663054431801,0.054112936102034465,0.015364442299862653,0.002348392529764732
0.8972820581723427,0.03848348052350398,0.05007030910284824,0.011558631159398326,0.0026055210419067064
0.7978131890575999,0.08704552407611518,0.09373811197901503,0.018482929741110755,0.0029202451461589614
0.7553047007503275,0.07079689588229902,0.14381494237001527,0.025591548978344685,0.0044919120190135544
0.8537779085453603,0.04362529667610311,0.08131014454509311,0.016563964567204686,0.0047226856662389086
0.797178968303657,0.06592554143324346,0.10755345366016628,0.025403432887063947,0.003938603715869405
0.8345864665054662,0.043129708860438945,0.10413348107114766,0.014968556368278185,0.0031817871946691963
0.757902100888832,0.07885870827010004,0.12766038585824624,0.030519494344254914,0.005059310638566629
0.7066152614418636,0.12583464775646666,0.13519146696833317,0.027739701590137354,0.004618922243198985
0.6716551259455428,0.12382812414004525,0.163294367278225,0.034794018752668326,0.006428363883518741
0.7266789307607701,0.09164372862740824,0.13560564848076434,0.03878802211037441,0.007283670020682671
0.722559847323964,0.15420796876955153,0.0880504604522608,0.028772356569550957,0.006409366884672669
0.8637425899317742,0.06735508214388317,0.04833884761172231,0.01788127607882216,0.0026822042337978492
