Delta_Power,Theta_Power,Alpha_Power,Beta_Power,Gamma_Power
0.9360665080301622,0.025956542968863818,0.016264522210624712,0.015325710236764833,0.006386716553584437
0.9472107154015068,0.027444096659977185,0.013278830985578197,0.008342382719926702,0.0037239742330112766
0.8212026456197556,0.10676174429519229,0.024046012543370934,0.03609736711163846,0.011892230430042732
0.9208855506075192,0.04585413773590933,0.01512112535094032,0.013203976522011893,0.004935209783619248
0.7460371376694599,0.15845739309293785,0.05083759650675685,0.03392244233554932,0.010745430395296024
0.8444361500898823,0.10495977037182684,0.02695144404197847,0.018200789489123133,0.005451846007189332
0.8177212498343248,0.06648873368566013,0.021894674061846694,0.03497773955237208,0.05891760286579636
0.869456065258571,0.03833223846682179,0.02212592066857006,0.031073669469389904,0.039012106136647136
0.8123546504794771,0.04693728797077947,0.06798252932108115,0.05201935159518824,0.020706180633473997
0.9447374607741956,0.019668239028447918,0.017113819211945578,0.013571908843909405,0.004908572141501702
0.7866885998708399,0.1118187195695377,0.04079522132727342,0.04647260122559525,0.014224858006753625
0.9020756852830157,0.05031064323073778,0.01600613500398503,0.020267987023594475,0.011339549458667096
0.8989240037588564,0.059213764234561025,0.016806216335717654,0.017987974619081436,0.007068041051783832
0.9321874281615331,0.03299688244386843,0.018598645353199574,0.011388161868521804,0.004828882172877021
0.9071129005216568,0.05386663293244319,0.015250863817823037,0.017140580321335225,0.006629022406741746
0.901797607565059,0.053446328935117804,0.021525134130263145,0.017073733928522163,0.006157195441038109
0.821886666094326,0.08928671981210755,0.04317358134433454,0.03261178933612995,0.01304124341310186
0.9408918761459311,0.030715388971085535,0.011439147057896556,0.01281199751162019,0.0041415903134664235
0.9527225319632504,0.02347734605179228,0.008673575615041548,0.011204526065765535,0.003922020304150211
0.9251887048052773,0.05852239606307041,0.006044998949648598,0.007337949277733408,0.0029059509042703283
0.9135452304695669,0.06482655641459426,0.007564717366244616,0.010021311239598448,0.004042184509995376
0.867526465514889,0.07907050989746231,0.01800676581320674,0.027500974425293114,0.007895284349149179
0.959612856820893,0.018450672354566426,0.009887037242907069,0.008791414334706503,0.003258019246926775
0.9222848742350203,0.04541504941085058,0.012133309419021953,0.015144187636756293,0.00502257929835082
0.8203334691630445,0.08098189589572947,0.040235063346617875,0.04549431664900127,0.012955254945606728
0.802762059618785,0.0905151018378587,0.02314335852504567,0.041334853531916724,0.042244626486393905
0.9238190443983825,0.02728349826822158,0.01135131504133168,0.020137576717209976,0.01740856557485418
0.9458091906920605,0.018005797212696906,0.0068696703098780525,0.014766057534907952,0.014549284250456485
0.9210198565943589,0.04383751572625932,0.015068115576351203,0.015378063886144818,0.004696448216885897
0.8861517776329237,0.04059566986640674,0.03580881293243621,0.02897588837029707,0.008467851197935972
0.8871659176119812,0.05313334836661271,0.022222276544404,0.028940538632256527,0.008537918844745637
0.9104696715198318,0.046117040616053324,0.01839834747751226,0.020034080434545944,0.0049808599520568
0.886551318802267,0.0535613769450632,0.03297679698355004,0.018212425762338724,0.00869808150678096
0.861104285113114,0.08047925704576071,0.027589821382116603,0.02377664211616508,0.007049994342843708
0.9113615801409848,0.04709719868478927,0.019562042695082694,0.01707922242234944,0.004899956056793812
0.8432746251754891,0.07475638071265418,0.034205877654335075,0.0376765171702091,0.010086599287312356
0.9129644729641531,0.04442842760950533,0.012960187221797767,0.02141636338097111,0.008230548823572882
0.8175660707622777,0.104960403729828,0.02109096838435889,0.04195245979838895,0.014430097325146472
0.908618682363896,0.04417721983961538,0.021617048561020265,0.018639037981745925,0.0069480112537225885
0.9471180161205747,0.01816205746782799,0.019724876494759475,0.010344700190293566,0.004650349726544139
0.8324268727758514,0.1024393790432074,0.016505839606509577,0.03165634291819623,0.016971565656235203
0.9293550096022567,0.04961660461039546,0.006440138439641483,0.010215612577317873,0.004372634770388483
0.8226381814019645,0.10122598116991216,0.020086240671333116,0.039776725167367556,0.016272871589422654
0.8849722742841379,0.06698364423500339,0.020930902798737227,0.017394476203966596,0.009718702478154718
0.8793298090124708,0.07333374587318692,0.019339288625279245,0.015825839853270435,0.012171316635792365
0.8804561678247461,0.05049421586697748,0.010329118157452341,0.02429882650665269,0.03442167164417177
0.9031471852445715,0.037430480199945534,0.012642791957048368,0.015387229915570486,0.03139231268286419
0.8597386071669514,0.06329470534093783,0.019956246571699865,0.024944576083510767,0.0320658648369003
0.938995874926901,0.036396022033805785,0.01060766427263774,0.010266493597543239,0.0037339451691122323
0.9226295803497265,0.047133764485149866,0.014187522630675607,0.01118354213125397,0.004865590403194336
0.8884785977385258,0.07220749186940413,0.014006140245150156,0.01787490961373648,0.0074328605331835705
0.9469145869469107,0.0240136045171704,0.009584129641995827,0.01422133479486357,0.005266344099059314
0.836014010716295,0.09322895738689128,0.0351606507005419,0.02196023844767393,0.013636142748597905
0.9478796010560541,0.025155480181664393,0.011045117336946186,0.011639611638278834,0.004280189787056485
0.8697819580682447,0.06578027454512549,0.023194820106331088,0.03155714557456966,0.009685801705729245
0.8862158719976949,0.04622096366527322,0.030392721116868363,0.027795440363393306,0.009375002856770008
0.8143300333788935,0.10392462426477507,0.034678203216054915,0.03298657387300466,0.01408056526727187
0.8851966006185407,0.06104294378008675,0.016421653199041864,0.028145213788414253,0.009193588613916458
0.9206521839326521,0.0576318416813925,0.00883931941258316,0.008979334651842466,0.0038973203215296004
0.9427856641487156,0.03092760537538715,0.009471105409597246,0.012506431955833395,0.004309193110466407
0.9017527799346797,0.05617350598282501,0.017722397586469624,0.018211056630938065,0.006140259865087472
0.8619142894740658,0.08803987194895412,0.022589663323693786,0.018718076060269564,0.008738099193016768
0.9176379968789217,0.04006151741973356,0.014865276525476237,0.020303400971382127,0.007131808204486318
0.9607680208240523,0.019418806873983643,0.006040365365440077,0.010017434744618985,0.0037553721919049384
0.9271557881969059,0.039606065206375315,0.015153052130605337,0.013328588961192456,0.004756505504920862
0.7180253938397201,0.20648408569961624,0.022116197480414355,0.04129649596682325,0.012077827013425758
0.8820246680802046,0.07787215271082112,0.015315063604152045,0.019243053935621656,0.005545061669200378
0.7890323856528663,0.09684163008605945,0.0533827188817676,0.04515540620221981,0.01558785917708669
0.8850928668984603,0.05438589338172894,0.02411569048931547,0.028895196134334722,0.007510353096160372
0.9351936426079287,0.03182830158523977,0.017885632770570273,0.010370093987916006,0.004722329048345159
0.9257943515106775,0.041510129460026975,0.009989587682714223,0.017468053137878928,0.005237878208702629
0.9462719792927424,0.03776921054227939,0.006986382938966754,0.006447163904943552,0.0025252633210677555
0.8699388184558308,0.06939184136130763,0.03027557220660906,0.020235077117005746,0.010158690859246935
0.8705972588392659,0.069249303587341,0.023754191424692605,0.02636073689062991,0.010038509258070732
0.8487060679359302,0.08764889002549171,0.02891468227778046,0.026839823234359895,0.007890536526437716
0.9156293097171081,0.03818939266294492,0.020416551492302256,0.018323068272833167,0.007441677854811483
0.8992877608245564,0.05911273425893575,0.012781193718415282,0.019930006742258307,0.008888304455834224
0.882315825949825,0.07606999557167747,0.01747228206383629,0.017671577827395746,0.006470318587265452
0.9436022411201167,0.023173396856289784,0.01365994665336311,0.014792187814987163,0.004772227555242998
0.8600441279344945,0.07207002723335568,0.025878478433588724,0.02906519270620447,0.012942173692356528
0.736861928575518,0.11736553129003638,0.06438747891965539,0.06307663437612374,0.018308426838666184
0.9322619377328439,0.04018292928789311,0.009533008747691203,0.013115726083939,0.004906398147632664
0.901413010491367,0.04965997074180968,0.014781039799951223,0.024721831562474955,0.009424147404396769
0.9671618271300867,0.018085211671348734,0.005313846394173541,0.005395327088407292,0.004043787715983735
0.9094456720446714,0.05868979070253913,0.009805542066808696,0.011110922649002375,0.010948072536978552
0.911797151714927,0.03261174380474313,0.021276064260929206,0.024037945919609845,0.010277094299790868
0.9206405936297397,0.04806762713841807,0.012758777977695718,0.011582126403135665,0.00695087485101058
0.9185239823096178,0.03935562723447267,0.016780851415368753,0.018168071698980135,0.007171467341560648
0.9306441023619098,0.04588952716550166,0.009714604135389058,0.009280278085922931,0.004471488251276726
0.8799872948031154,0.04898410514333341,0.02877269816233837,0.02243555249105514,0.019820349400157707
0.935993989517306,0.0249275638463518,0.01606664124877743,0.010946834977578786,0.012064970409986062
0.9603219887350184,0.024371831277456478,0.004748121922449384,0.005490675228022157,0.005067382837053677
0.955095003484064,0.018995623263245182,0.008195566698142568,0.012948689636492398,0.0047651169180561795
0.9263788961439747,0.04364954287195631,0.01425228679515747,0.012103300627005107,0.0036159735619061225
0.8988419248827874,0.06881377015277304,0.011489454658044717,0.015094633942214972,0.00576021636417977
0.9346350931276782,0.041352444937598265,0.0088130652288542,0.01052450866682879,0.004674888039040619
0.8546599508530351,0.09093804601273958,0.016119719268690255,0.02879299452417357,0.009489289341361446
0.8872378885756826,0.07359699353931026,0.014603530885870429,0.017544231798929773,0.00701735520020692
0.8494579505516525,0.0645307274489344,0.03948194300738469,0.03380548871389039,0.012723890278137973
0.9739685377216001,0.011904602175728451,0.005674880760057512,0.005572917580310241,0.002879061762303678
0.9143079697973707,0.046057921022058905,0.018808175038839945,0.014607644539722343,0.006218289602008203
0.8435357471972714,0.09633367666504232,0.026477425070409254,0.0205989376903138,0.013054213376963246
0.7497129966623428,0.1425213954723055,0.05874426903096218,0.035063064281153564,0.013958274553235799
0.8902041965075476,0.0581239017735181,0.018033238275883996,0.02618378821302759,0.007454875230022616
0.7341262809896172,0.155226494634514,0.03536607987773409,0.05268376255155897,0.022597381946575772
0.8517790389143645,0.07376987642039187,0.025085687559215503,0.03779198825504125,0.011573408850986679
0.8883301980915752,0.06966001445475065,0.016770423183437133,0.01908076601546061,0.006158598254776297
0.8419900071511528,0.08220395826152561,0.036451581769052166,0.02907081742986133,0.010283635388407883
0.9183497253174064,0.041874888718738755,0.017229503763572844,0.016565233579840497,0.00598064862044155
0.8207483174298027,0.057074727343933894,0.033866117216485296,0.05432966229485788,0.03398117571492029
0.9073254312382231,0.044967771852605164,0.022500530823170137,0.015207920047075026,0.009998346038926203
0.9050977044787845,0.05064413314614738,0.01532266775707519,0.016875874357295637,0.01205962026069739
0.9379306736351803,0.032510903447294015,0.009682716038722738,0.013068054246829058,0.006807652631974014
0.8867267213163138,0.06880440066987435,0.019621224556076483,0.016803429086558314,0.00804422437117693
0.8663167560308338,0.06932445287755416,0.024118152753402487,0.030123973009951253,0.010116665328258162
0.9187601585202272,0.057638525761036306,0.00912968623795826,0.010830076437260335,0.0036415530435175776
0.8050456754006935,0.1390592763070825,0.022105898515929243,0.022882715431789276,0.010906434344505627
0.9554296841947758,0.01715302997470882,0.014647499886956086,0.009617081425851479,0.0031527045177079474
0.8977629948420631,0.04573569869873138,0.025215097275391365,0.023130739478543674,0.008155469705270474
0.9528781035222075,0.025133664949424823,0.012016183978659188,0.00735943347712103,0.002612614072587413
0.9062357399626652,0.04304311182437075,0.030280057784381312,0.01587010098630715,0.0045709894422755965
0.9041775757416054,0.05286635081619687,0.017401040586379122,0.019925236703793092,0.0056297961520256155
0.9280570568173063,0.038917017334806285,0.013552365393047366,0.014247204528803015,0.005226355926036964
0.9068145194180174,0.05955003325661451,0.014841353986097946,0.014896410688502075,0.0038976826507681117
0.8804666756894282,0.0656835635938638,0.01935460472575913,0.02503119229830263,0.009463963692646503
0.8590558653116879,0.053167860297641055,0.0380681776585373,0.03739603527037588,0.012312061461757728
0.9084630557836075,0.04610545309412228,0.019662012721901646,0.01827061396121291,0.007498864439155449
0.8537406283970962,0.09365440368528512,0.02473351477859069,0.020950693776875334,0.00692075936215268
0.9260125708803428,0.048598865743418915,0.010706799719045437,0.010441926415391673,0.0042398372418012325
0.9581522088020143,0.02369981989067405,0.007537066428974698,0.007897730475907229,0.0027131744024295537
0.9135937148525365,0.053983411952265824,0.013155101098621766,0.01568817004220846,0.003579602054367712
0.896708964999755,0.04728116419804225,0.016337958567819645,0.03166984499056678,0.008002067243816247
0.9086720215858877,0.03996113932604871,0.014936293255252087,0.02604773857921332,0.010382807253598327
0.9644395532176081,0.017393159044907812,0.006299705971211546,0.007646546661259838,0.004221035105012832
0.9304506279540699,0.04039970880472747,0.015636551479812126,0.011044655235684122,0.002468456525706435
0.7743914203356914,0.09501537950276143,0.060927449598707925,0.05165827510821502,0.018007475454624413
0.8728021160872577,0.060072029044391344,0.02065022105861869,0.03197230067916881,0.014503333130563572
0.9666410047433929,0.01744395822110677,0.006541621899849565,0.006868452075731137,0.002504963059919698
0.8731105398533919,0.07881975160222043,0.010730929827990862,0.02752166131399808,0.009817117402398427
0.9196977267423845,0.03891719456148312,0.014761048464686908,0.01680799247259025,0.009816037758855301
0.7994204161285899,0.13163199838691525,0.02633000644607581,0.026748044710680527,0.01586953432773842
0.9293633641319321,0.045461817815830835,0.011611128840611435,0.010549768971788845,0.00301392023983696
0.8430430675824557,0.1127582127150819,0.017612651187340782,0.019434867163876837,0.007151201351244445
0.7866630908986258,0.060556729655100616,0.023449485912803585,0.028021998161187025,0.10130869537228294
0.8861500721070737,0.05556443656759778,0.02237606335610681,0.02700110986434606,0.00890831810487564
0.9686566015486018,0.012589059243389858,0.007600488339682085,0.008413180183292792,0.0027406706850333197
0.9110255797370419,0.032504737638127106,0.028786731371032857,0.01984330542253384,0.007839645831264236
0.8393895919782755,0.11721898273149761,0.01472848350879388,0.02186215740115363,0.0068007843802793295
0.839392176794573,0.10921104881208611,0.021975585200040434,0.020548636241834402,0.008872552951466052
0.8789309754854207,0.05695230184194018,0.030221277135249826,0.02433314735808577,0.009562298179303643
0.9499312147842234,0.016952923640062928,0.0162578780161035,0.011599270632211757,0.005258712927398538
0.8912455928659773,0.05083761308477328,0.016693613482187113,0.024837762072113294,0.016385418494949004
0.904952707650715,0.05314095572370631,0.01660471450502473,0.017219884428232596,0.008081737692321445
0.9159845916376795,0.04191827624250728,0.015848963019637057,0.019696830911882686,0.006551338188293486
0.9593596898481587,0.020739392313777662,0.00967402720110194,0.007659563362024017,0.0025673272749377465
0.9310425446303972,0.030383693168537902,0.015959070068857564,0.01361707614046262,0.008997615991744656
0.7955079307872511,0.07753631993657484,0.06644820041071782,0.039675589489015686,0.020831959376440497
0.8427543407685597,0.08590715565750986,0.02888055565143713,0.03007807370488157,0.01237987421761194
0.9120246581076487,0.03727973041821977,0.020869469251397696,0.02171766478372339,0.008108477439010286
0.9628943849053657,0.016199581336258703,0.010837558669529021,0.0073192757207730524,0.0027491993680736648
0.9053747716448342,0.06538545669548743,0.013107622749453913,0.011528173645253662,0.004603975264970585
0.9163840201521269,0.038594625296505834,0.01736254581117109,0.020417419766095263,0.0072413889741009515
0.8913043101556112,0.02430062755317582,0.026934959180509362,0.02817181803006839,0.029288285080635326
0.7455849825612026,0.0895758068411866,0.07178172835188935,0.06630779758974718,0.026749684655974125
0.8360645666278089,0.102918608643549,0.025404870828340923,0.025403937868437473,0.010208016031863814
0.8389624282770715,0.08879854163396828,0.03028909064200532,0.029556906602919267,0.012393032844035685
0.934576681953673,0.039539208953893804,0.01349636568235813,0.009236057904521547,0.003151685505553599
0.9262413721548485,0.013974587723658697,0.022058962446051503,0.02189530721555971,0.015829770459881636
0.8419212913209864,0.08824273455318735,0.01916003932438645,0.029489226177481266,0.021186708623958477
0.9513535798145336,0.032214516573540436,0.00635681557427506,0.00760581736747304,0.0024692706701776625
0.9223693959097979,0.03286239552325443,0.02757694099965967,0.012032715647109022,0.005158551920179024
0.8154847121838814,0.10156827217626016,0.040141670443885474,0.030952459900349547,0.01185288529562319
0.8962919200000258,0.05628344642543512,0.024418279231785855,0.015963569455434645,0.007042784887318577
0.8003168640518645,0.07545109599417246,0.0565868078549959,0.05070351905234667,0.016941713046620396
0.7812692574773688,0.1102141855171893,0.04538621374892454,0.046172964502987385,0.016957378753530112
0.9444037641730191,0.025357253887041586,0.013527936879324461,0.012900757075115604,0.003810287985499324
0.9513320884353533,0.019698362314585022,0.01404210204463727,0.010107928950266784,0.004819518255157698
0.7607936264206502,0.1445361953862508,0.04013763433415705,0.04033077986001905,0.014201763998922952
0.928866555026666,0.029040571393594675,0.020459120670092264,0.015490950164103698,0.006142802745543557
0.8884062072661101,0.042870222706115305,0.03843131242585571,0.018872339699612814,0.0114199179023064
0.8572906526418321,0.06577459978044582,0.03564157772885207,0.031035003025307973,0.010258166823562048
0.8268153363074346,0.08892845825691907,0.03910732166407296,0.031126262458548135,0.014022621313024904
0.9415956069495969,0.02641016071227325,0.014282268817841986,0.011950061962803706,0.005761901557484306
0.9014484022198138,0.05305986559635326,0.01824272681490583,0.01763788017422211,0.009611125194705012
0.9469765120570373,0.03105787748406555,0.005317504693220796,0.012213724620282506,0.004434381145393847
0.9414885283783775,0.019816579287068023,0.016563720268060713,0.015700212870893883,0.006430959195599653
0.8310460142716365,0.11185772614031794,0.016646255861736386,0.029034979376634382,0.011415024349674698
0.8891356325942261,0.06709273618244103,0.013305590104989938,0.021291933134751993,0.009174107983591027
0.9199324082428247,0.050266337762193476,0.010010601554002949,0.013477454452951546,0.006313197988027167
0.9205663567829385,0.04180327264778748,0.013371600640906211,0.016667605840949923,0.007591164087417668
0.903255191152941,0.05529642327569387,0.01663732476782851,0.017005403819624454,0.007805656983912043
0.8315588882497505,0.10635467462948828,0.031916890551436684,0.021428464176021907,0.008741082393302405
0.678871235438221,0.19703851829768743,0.06119295360468404,0.047133732649694095,0.015763560009713552
0.922621660672908,0.036145121915369484,0.019779226650487786,0.015496963793994133,0.005957026967240723
0.9154786700967597,0.04163953004676331,0.015450890856784954,0.022696132331142333,0.004734776668549794
0.8326345739528156,0.10258830703832922,0.02368549317805311,0.028560079201212167,0.01253154662958978
0.8685010174618167,0.09012768721090753,0.015314823965620837,0.01884632252086155,0.007210148840793378
0.9072209110615775,0.05096599683965357,0.011628140064819173,0.02477674003381076,0.005408212000139036
0.8992288364816949,0.05567423999784417,0.020165416390568718,0.018384918300010173,0.00654658882988187
0.9413339319664745,0.021151391294813433,0.01232606804873275,0.0180105525743142,0.007178056115665149
0.7916698991370911,0.11439573548019154,0.02809386121501277,0.045139606404117884,0.020700897763586752
0.9321449293153447,0.03945413826450379,0.014368318270499659,0.009916295870749416,0.004116318278902612
0.8792023761484198,0.07433502358009186,0.020154345268679832,0.020229166268953803,0.006079088733854785
0.8589843077219057,0.07220338410948932,0.0291080131460217,0.029116656516152105,0.010587638506431168
0.7753138985290583,0.14268443042157813,0.039165512150315704,0.03133075484736452,0.01150540405168315
0.9449578101962535,0.021228602868804652,0.016147194200262262,0.011976669342486682,0.005689723392192896
0.8495733829397931,0.0995959993483127,0.021596224008301284,0.020649994283164264,0.008584399420428374
0.8520387801519069,0.09440766078091516,0.028260830214861327,0.01851571917371316,0.0067770096786035515
0.8938675678849777,0.06616627197407668,0.021240003626317158,0.012418697837170695,0.0063074586774579024
0.7229950492029736,0.17649477026904398,0.03832707285436833,0.04346700198027669,0.018716105693337336
0.8442234378177162,0.09388008972538314,0.020462003452679206,0.029118550793203846,0.01231591821101747
0.9407568215555769,0.024234986884146686,0.014278920561960066,0.014988121377854617,0.005741149620461791
0.8379916749328005,0.08227549450991616,0.04727950379531071,0.023635552972438682,0.008817773789533917
0.9075233447586648,0.059882114160934356,0.01401425931874883,0.012913696946596854,0.005666584815055081
0.9462463984676371,0.0282229723790105,0.009769890581703336,0.012108258892934364,0.0036524796787150058
0.9544385551141569,0.02338352715248747,0.010731106309066655,0.008411077866799772,0.003035733557489337
0.7981911342364273,0.1034803587851668,0.04629177910109851,0.037677400300323356,0.01435932757698394
0.94804183320622,0.025005020444498385,0.008223837283350953,0.014708559295709649,0.0040207497702209926
0.9348187074070707,0.02682499463425142,0.018528336184237403,0.015329406155511371,0.0044985556189288695
0.8157600735298993,0.1027434356582322,0.030067743230519348,0.039477691947665955,0.011951055633683257
0.9450687841048209,0.03628784873945395,0.007994586507908368,0.008265594788407538,0.0023831858594092993
0.8964797227490544,0.055211985909386384,0.017829872428285688,0.023012660973335194,0.007465757939938285
0.8825511098435184,0.03262803354869634,0.04349759725674496,0.03241551373571353,0.008907745615326876
0.8242865616377939,0.10545312476925782,0.035831049788227355,0.026137440935342336,0.008291822869378665
0.9092725035351293,0.038900813897506124,0.02511506723404635,0.02017361197528526,0.0065380033580330855
0.8656147511056679,0.07507948928358428,0.02831181656327664,0.024886372059464295,0.006107570988006645
0.9322747022383086,0.04052292618634141,0.010015694889038715,0.012154622712046273,0.005032053974264909
0.895520703577818,0.0635391569232671,0.01900042816318982,0.01737367254860712,0.004566038787118061
0.9188559099326026,0.043957260009615376,0.012876108757203096,0.01750062383204937,0.0068100974685297916
0.9005670418881285,0.05578953454055089,0.016349961432065165,0.019228074480242403,0.00806538765901302
0.9381606368972597,0.034492484943832606,0.013692975302176615,0.009206299157408004,0.004447603699322962
0.9041386085177626,0.04853871208224808,0.01998783863198126,0.020904212010184345,0.006430628757823588
0.9346273792548397,0.027863447692494502,0.01126811428531521,0.01982673782390434,0.0064143209434462355
0.6610402253083392,0.21003214859867747,0.03416622889884488,0.07052641491562614,0.024234982278512226
0.8643686397368637,0.06549748283730436,0.03228060052469259,0.02662610395091781,0.01122717295022155
0.9001589496746973,0.04964232864774191,0.020943969918455044,0.02093197194834827,0.008322779810757266
0.918456727706822,0.0389723798345128,0.017844237795492168,0.01822926791591755,0.006497386747255504
0.9382953765537672,0.03230761874814334,0.012304917675713081,0.011843079420537474,0.005249007601838845
0.9175591248761229,0.05627428886413163,0.009436685680636719,0.012319940814619955,0.004409959764488816
0.9394288742643001,0.0350329264611818,0.009493260396812425,0.010411024315779163,0.005633914561926571
0.7483529083270845,0.1236200824564096,0.0639144931072504,0.043360857393004604,0.02075165871625071
0.8471053733086066,0.0842400703357125,0.02809300869625815,0.030783733580481063,0.00977781407894179
0.8819340336064889,0.05005320131381586,0.025952581868097457,0.03099029489875203,0.011069888312845685
0.9247545266922766,0.033314326459741105,0.015895985928299227,0.019793415382872426,0.006241745536810773
0.8780809538719617,0.03985183567387799,0.03985630685397794,0.03246269737659596,0.009748206223586622
0.9229415781648285,0.04460088272488049,0.013272287959865665,0.013769902217461119,0.0054153489329644726
0.9364104239160942,0.03686904631899469,0.01276147910891091,0.009598093255689543,0.004360957400310763
0.8929715140424559,0.05371697732760394,0.020778999543696247,0.024943402566096087,0.007589106520147579
0.9630561362934801,0.019538397874607174,0.005783401984500052,0.009236406578587233,0.0023856572688252583
0.9194271609923964,0.043555864663966035,0.012095083708268178,0.020172358638954706,0.0047495319964144835
0.8920613215055496,0.05386722351764596,0.016866478552534585,0.027681361713557614,0.009523614710712178
0.837900888230446,0.08564617479317733,0.025425807107380363,0.03639616037127275,0.014630969497723438
0.8994643264694865,0.029692075022571356,0.03090718201043813,0.024398957759039046,0.015537458738464857
0.9238480462155958,0.023263906404444822,0.023816669848125017,0.013502240154483031,0.015569137377351378
0.9330675521383784,0.03256910702591991,0.016922136132985998,0.0125594655643295,0.004881739138386216
0.9054924094594636,0.05021339237027764,0.019517235086091888,0.018338605993089663,0.006438357091077145
0.8793353929352555,0.06912774654929868,0.02578511723261004,0.019307323110672608,0.006444420172163206
0.8978718523664277,0.056571650406693916,0.020403043947335324,0.01792107062060501,0.00723238265893799
0.9038007300143376,0.039270298583921344,0.02645405567989209,0.022303844142438266,0.00817107157941087
0.9033905577494729,0.03715437866838162,0.026889217933138466,0.024498990777710294,0.008066854871296911
0.9360312643885268,0.029483738767994552,0.01465560327398075,0.014762494048894162,0.005066899520603883
0.9279601627631813,0.029717949045821597,0.014091731518909677,0.022385882598602785,0.00584427407348478
0.8937878509273673,0.07609489291695806,0.010504499766233391,0.013713912782491733,0.005898843606949301
0.9055902252082185,0.03385990672397263,0.028977741998658393,0.023518412800213374,0.008053713268937166
0.9180183781038752,0.04982429533658094,0.010836491791614162,0.016251285391727332,0.005069549376202424
0.8732642339092989,0.07462153237850362,0.022279133551646832,0.022780018429576117,0.007055081730974624
0.9184689757899058,0.04755603818233443,0.011934062345901622,0.016322377899457233,0.005718545782401
0.8948382676013644,0.05803010047222801,0.023067897287048836,0.016717436008661043,0.007346298630697702
0.9418302382407984,0.024548888131747833,0.00987315747744603,0.017565933585240393,0.0061817825647673946
0.935440102880686,0.026517999383618443,0.017276640845584876,0.015075866330643254,0.005689390559467266
0.9155650260435897,0.05153604565520254,0.010601167015671568,0.015682851804254314,0.006614909481281719
0.9188011105098575,0.04500944572622125,0.011542881571738333,0.01830753765218666,0.006339024539996391
0.8787233410399947,0.05995864623579481,0.020139779809310716,0.030654720109938246,0.010523512804961483
0.9025831414561792,0.03218232776643114,0.026268202059118808,0.03062588407886917,0.008340444639401689
0.8484810444744267,0.07198701091938686,0.033878876333976446,0.03324372241780947,0.012409345854400435
0.8601280386611148,0.06387258632892912,0.031643740309106445,0.032765485131939734,0.01159014956890993
0.7633110811234939,0.13541978908983976,0.038572305407449464,0.05114114454709135,0.011555679832125623
0.8954801731569416,0.046585706340138575,0.022150782119482005,0.02727874936055555,0.008504589022882272
0.8878259755880749,0.05191094447013358,0.02155938621709439,0.029586849021473863,0.009116844703223579
0.9482727944218283,0.03306990473630478,0.00805893756174362,0.008247168216144352,0.0023511950639788833
0.9394500461459998,0.0271641907391497,0.015403135273986786,0.012673342408680725,0.005309285432182795
0.9393955677678728,0.0345590969793672,0.007523193390287591,0.014387818900517556,0.004134322961954879
0.8600334279051974,0.06031149311889965,0.030123194693061614,0.040423329245170746,0.009108555037670352
0.879028141327107,0.05331621816199506,0.010272217176409111,0.026340983899284843,0.031042439435204135
0.9050469657642236,0.058783419475083594,0.014896033327194753,0.01334499923563587,0.007928582197862145
0.8581204848022472,0.08482853298480587,0.024898346720719635,0.022094625340940213,0.01005801015128708
0.9395417307514913,0.027616408382096176,0.015760565269091645,0.012568689848521932,0.004512605748799209
0.9195612161993778,0.05667948523801764,0.01023138481783704,0.00923363054457808,0.0042942832001893385
0.8261111117649161,0.08517717118390485,0.05096752650571497,0.026694146322269272,0.011050044223194872
0.8930296607980114,0.05077679322166955,0.026739766075834538,0.019032384056702274,0.01042139584778236
0.8080882481524027,0.12007899906948823,0.03923214449547947,0.020338567727811712,0.012262040554818016
0.9200355257279841,0.050945285213620385,0.013213248297447003,0.01109711590909363,0.004708824851855087
0.9310804725022959,0.0402558999583672,0.01155598650254025,0.012110251891793147,0.00499738914500363
0.9053463476696936,0.05868755425535417,0.01350948723290791,0.015441302249406276,0.007015308592638223
0.9642256177022283,0.02295108861692313,0.004720148991045005,0.005397082549417312,0.002706062140386257
0.8460414543675419,0.06779462760703152,0.021440192706681148,0.04752022488830543,0.017203500430440055
0.8560609247497569,0.07991440832038517,0.029419883623682808,0.027025076134025224,0.0075797071721499
0.9206604466495237,0.02540700266028947,0.01991861830546444,0.02432651537586488,0.009687417008857386
0.9219337053757494,0.038930111785186836,0.012613895796049183,0.02057349291404624,0.005948794128968389
0.927355240352005,0.03841466134248987,0.016202920777303394,0.012792722634396465,0.005234454893805331
0.9721010647550121,0.011620098700016124,0.0063894263745723715,0.007782883309525997,0.002106526860873344
0.9139192105644321,0.05892856318610715,0.012363928252202188,0.011143160043662333,0.0036451379535960824
0.8962609039585643,0.062224408291417746,0.018077163779516292,0.01687524002992376,0.00656228394057813
0.9587356087746635,0.020244780372977316,0.009447083545972231,0.008139862117846628,0.0034326651885405145
0.8831410954671997,0.05322443120168407,0.02629778330809242,0.027661762668291442,0.009674927354732176
0.8712250846296773,0.09021667717409802,0.012832399340079799,0.019204283755673957,0.006521555100470788
0.9560969295639288,0.024171972202192544,0.009420425590934763,0.007367160602308065,0.002943512040636051
0.9090269029192358,0.036056910512764,0.022903602973543432,0.020724101707646273,0.011288481886810347
0.9113080995406645,0.036138027551167365,0.018372073105488662,0.025866212579949772,0.008315587222729688
0.9664479355268468,0.016473444792065254,0.006857448941221276,0.007398500505168739,0.0028226702346977653
0.92635750921983,0.05164506634682297,0.008819187521470559,0.009516007826430157,0.0036622290854465547
0.8104132906135585,0.10005375234239079,0.036892493249134795,0.04079043423956821,0.011850029555347596
0.7089660256369805,0.15431047049240515,0.059980984805183914,0.05615592556265659,0.020586593502773858
0.745283360336614,0.15766207077249744,0.03986377296297176,0.044002944943354216,0.013187850984562433
0.8013315100319746,0.07077235241342153,0.03146070545102718,0.04614559405866394,0.05028983804491275
0.9152194392213032,0.039401346239751195,0.018301913636013974,0.020155415768690326,0.006921885134241195
0.8612844931292217,0.06779613685114178,0.02818931385242088,0.03391485563239829,0.008815200534817415
0.7711590154560038,0.12344678739840152,0.04878422958099988,0.04269782093133838,0.013912146633256545
0.9409353267804612,0.03642003741292758,0.007864706049765538,0.010789534866350661,0.003990394890495003
0.881180765826554,0.07178201944481763,0.02136001327936489,0.019524830823398353,0.00615237062586507
0.907004889116042,0.04904967038524674,0.021394820434085325,0.014731969333829933,0.007818650730795958
0.9393504566539497,0.024124165722310974,0.009705771557223039,0.009623741159648988,0.01719586490686732
0.8766339484766061,0.08013104971116917,0.013320518791621274,0.022465334747187937,0.007449148273415335
0.8939664873943082,0.06303031424265543,0.011423194336598694,0.022357248427191254,0.009222755599246561
0.9309178377829062,0.035311753283109745,0.012190046628788805,0.015772573819757423,0.005807788485437949
0.9020587541258713,0.062329397647951486,0.014522106354857678,0.014231109278812683,0.006858632592506855
0.935593961619656,0.03852614801647135,0.01018734839260369,0.011394251601530384,0.00429829036973873
0.9076297368443388,0.05699266112906128,0.015305059660877168,0.013975756725699858,0.00609678564002283
0.8776990497541401,0.06558317672320253,0.027678244295260217,0.01986355574112181,0.009175973486275434
0.922275848447576,0.04670929744764025,0.014496398745356865,0.011202343593802231,0.005316111765624499
0.9065536107800393,0.02967064507751838,0.02813189856107764,0.02574027976003449,0.009903565821330238
0.9380625681056307,0.0352106823688693,0.011231791327364063,0.011282742845596029,0.0042122153525398776
0.9366136254783238,0.028436262857581253,0.01535986955155618,0.013994420624374653,0.005595821488163988
0.8461567561861925,0.10214046698762719,0.02268053141133687,0.020295750086728938,0.008726495328114387
0.8824178966572467,0.06738363685898957,0.021445952806946837,0.020569207793987895,0.008183305882829065
0.7035138273041799,0.16919528419977178,0.05493103512960869,0.05147441367661195,0.020885439689827666
0.8374314724562957,0.09198989299590414,0.036262957674320945,0.02332768592687399,0.01098799094660527
0.8543104888266285,0.09155320450331536,0.016325402809573383,0.029591335731357988,0.008219568129124784
0.9592186207225412,0.02385394987500602,0.008115637814696704,0.006305299208980505,0.002506492378775732
0.8841692320093915,0.06980116877676831,0.02486506597908573,0.015157652562264782,0.006006880672489695
0.9124150714416517,0.04807738444673149,0.012983072260288634,0.020201878608713104,0.00632259324261494
0.8754274026871985,0.05847956164129318,0.02506220375275187,0.03335894672042969,0.007671885198326552
0.8455963332620124,0.07929116056943768,0.028599047552123658,0.036650211464294834,0.00986324715213131
0.9280116155903549,0.03344903121685875,0.019291016104127118,0.01510410852640371,0.00414422856225548
0.933945808491111,0.03984688626144771,0.011127380617783712,0.011130055829698815,0.003949868799958911
0.8903415681907647,0.0664327663069157,0.016952016934768565,0.017375284184462852,0.008898364383088195
0.9128567959669736,0.031735390522409514,0.019690177542037692,0.02916725975661783,0.006550376211961262
0.9003042480211368,0.0424721924189692,0.019214379031700826,0.022077708034288455,0.015931472493904437
0.8681810216158116,0.0615527957660385,0.03596945300368908,0.02699558365349784,0.007301145960963044
0.9271675479338147,0.024155801365105065,0.021599814648807895,0.021505156491690464,0.005571679560581897
0.8057865072343744,0.10225727809494065,0.02939033148925012,0.031419724612484295,0.03114615856895056
0.9703571757620175,0.01267508189925726,0.007505113889053248,0.006593586153422638,0.0028690422962495514
0.9194604726031766,0.01991623346420237,0.01051183707817026,0.019434571849449963,0.03067688500500076
0.9629198905080116,0.014045182660946742,0.01343004744496552,0.006988321584578861,0.0026165578014972924
0.7812562349088403,0.1487122167218105,0.0264819200580283,0.03318741342156713,0.010362214889753743
0.8771176081122557,0.05856014623505781,0.014762993848471713,0.03196474212422173,0.01759450967999288
0.8412061454430729,0.08587454832797072,0.021775691846536622,0.034090952040651226,0.017052662341768606
0.900072620343905,0.064309846742408,0.01878432956729786,0.012488929309650863,0.004344274036738285
0.8013367532991963,0.12739591263168648,0.02722322194536636,0.03080169136071696,0.01324242076303388
0.8029655859082929,0.1215536314542904,0.03405481850263363,0.028842758100099442,0.012583206034683379
0.8627212529326773,0.07487767942569047,0.03488880872549277,0.020305873960689724,0.007206384955450064
0.871352385673596,0.05009357381590867,0.02364030730170977,0.04118126299682912,0.013732470211956385
0.9616328538394258,0.01799151605423597,0.007702122822373541,0.009251008454398826,0.0034224988295660044
0.8452370803396053,0.07971260093288252,0.03593827977143691,0.02919706810986861,0.009914970846206619
0.723908395046331,0.15908258542739698,0.05011699371642969,0.04570905740566644,0.021182968404176064
0.8399403710396847,0.07788694827052015,0.03837847888866911,0.028354984096950375,0.015439217704175893
0.9045825737258523,0.06350310176160669,0.013035523741634846,0.01471930932117305,0.004159491449732931
0.8316321358305951,0.07711233764822202,0.030329310229456025,0.04299465523794874,0.017931561053778137
0.8618209916606814,0.08470120593886901,0.020072733072375046,0.019661377734260802,0.013743691593813835
0.9330490796259138,0.029516901523370057,0.01515485871625003,0.014878942893793249,0.007400217240672785
0.863920647352118,0.05566854939743895,0.03409253367798898,0.0361484617301909,0.010169807842263104
0.9599056586404471,0.024860502157083145,0.004694023457634866,0.007224259161662235,0.003315556583172732
0.9408168232253046,0.029251587742168985,0.01281068374534484,0.011933910273049228,0.005186995014132347
