Delta_Power,Theta_Power,Alpha_Power,Beta_Power,Gamma_Power
0.8367207155686164,0.09346925153061621,0.027240459471699525,0.030794791920271826,0.011774781508796305
0.739471227614384,0.1597678390525439,0.0578994084050501,0.03088610102989308,0.011975423898129065
0.7162991971150483,0.1326351856442299,0.08735412743352043,0.04685197381519826,0.016859515992002992
0.8167960992888239,0.11326131676418758,0.02902225215721202,0.027585265280235718,0.013335066509540628
0.8898165574296599,0.06431791006859934,0.020560429696051815,0.01839628960315479,0.0069088132025343415
0.9402572177573235,0.011892590711683991,0.027559334531781537,0.016353923851630096,0.0039369331475806015
0.8765342434002469,0.05790452599937259,0.03888887379065852,0.017979388990470687,0.008692967819251402
0.8709495279809409,0.0473188651272912,0.05274165575828544,0.022769454929229348,0.006220496204253271
0.8109345475287222,0.07595981142397576,0.07814046004113681,0.026523313169186317,0.008441867836978789
0.9453296746715599,0.021184477102155697,0.02262563452532755,0.00756723377524983,0.003292979925706907
0.8459914598811642,0.07172858587308249,0.05315053982326042,0.0207618730024454,0.008367541420047595
0.8200371690415799,0.10065365843086037,0.04262002786423532,0.02597067443480316,0.01071847022852118
0.8157664419544575,0.1008919977970906,0.05121728309184086,0.02542580939234998,0.006698467764261139
0.9056430264762623,0.06162877555025661,0.018235885658242357,0.010558280021261524,0.003934032293977227
0.9433045235066093,0.04316547938175893,0.0057195423504043524,0.005856221297471267,0.001954233463756187
0.9562206124558111,0.024240250796987318,0.006300231346471475,0.00911370107767247,0.004125204323057399
0.8991537375961137,0.028314567431005567,0.03903626437444387,0.021604320454581816,0.011891110143854938
0.9030850307011937,0.041285567972768555,0.036538273192503815,0.012973502720540146,0.00611762541299358
0.888355204308349,0.06859132031434988,0.02383254190585807,0.014667963227978153,0.0045529702434649565
0.9044206824666398,0.03564972526004244,0.04065138797524796,0.013792819404704828,0.005485384893365109
0.6935089526297461,0.135549505502256,0.1225488841137726,0.03819272538352024,0.010199932370705059
0.8004043047362587,0.10429510447535235,0.055034079918294405,0.032306464216410175,0.00796004665368424
0.7279838497469703,0.18312954174213347,0.052903932540464195,0.027742510188129843,0.008240165782302366
0.7756091791137235,0.14031427798848561,0.04418191319416194,0.029847488493514568,0.010047141210114246
0.8278584504980376,0.10352102989174677,0.04242291984218421,0.01920523198099319,0.006992367787038002
0.9131177523955067,0.04098334189556358,0.026488955998353974,0.014051521631256968,0.005358428079318824
0.927838672529357,0.04743057721862489,0.013006590321311044,0.008555739618879024,0.0031684203118279206
0.9582722042817002,0.013275097799186694,0.017823908347887583,0.007085277814137868,0.003543511757087722
0.8742863426146389,0.05863798333566616,0.03755474040083139,0.02129336028539256,0.008227573363470863
0.9564821633573155,0.013861979057824245,0.012726666769559362,0.01156052797236532,0.005368662842935841
0.8936346681877163,0.04740876117047313,0.030085772694286975,0.020989907057981465,0.00788089088954223
0.8011705022187267,0.1372741844612066,0.02337783608105886,0.027643919806502246,0.010533557432505513
0.6984401231363379,0.1202206904005192,0.11086164088153555,0.05714329358991203,0.013334251991695278
0.8089102004359553,0.08630784199281234,0.06385086261647563,0.031100820813156287,0.009830274141600651
0.8838769932943649,0.06074299322660966,0.028805796512062755,0.020553298116340747,0.006020918850621768
0.8943994695613536,0.06369216919800773,0.018567062394916897,0.015827569244133855,0.007513729601587971
0.8522802732167168,0.062105941727695,0.057442081830059534,0.019633029705369256,0.00853867352015936
0.8479028466670399,0.05699156805394039,0.05003816039363232,0.03236553072712175,0.012701894158265689
0.8224609370055305,0.11649950931076304,0.029030160328731847,0.023118201790757114,0.008891191564217572
0.9325506818250088,0.034035183793130835,0.018266259375927636,0.011054681070814563,0.004093193935118304
0.9176269762669443,0.0462107947471658,0.014313366226188392,0.014949259387110864,0.006899603372590629
0.8287615580787444,0.0785742910810977,0.053943639647838416,0.028451860597813256,0.01026865059450595
0.8005560540431332,0.11008364713960195,0.055340826794306755,0.026409841548575088,0.0076096304743827345
0.9286870530035686,0.034360417065120955,0.01662730188743658,0.014766713388065837,0.005558514655808234
0.8589416388190535,0.08573195837563757,0.029912271058131337,0.01668485077055398,0.00872928097662333
0.9385135479482521,0.039224665803417054,0.011763552740160518,0.007065734815619849,0.0034324986925503955
0.9049417083125126,0.05103123896930507,0.025714049274852064,0.011888880773553021,0.006424122669777067
0.8667025218755247,0.06353053259695614,0.047265100228094034,0.017731057637050605,0.0047707876623745
0.8832091867376434,0.05726232614533332,0.03082573624835367,0.022037106638578698,0.006665644230091034
0.8784717490564158,0.06366574160696174,0.026093555014519522,0.02545952781774965,0.006309426504353185
0.9396323882014338,0.037301154753842325,0.009270133261943625,0.010230529504506357,0.0035657942782738763
0.7477839805754192,0.13929976599876204,0.07357863278411764,0.028387571486412834,0.010950049155288239
0.8730510228303936,0.053597388603805286,0.04743923175699686,0.017448099086679516,0.008464257722124792
0.8952198045491736,0.05580302493859798,0.026776744251256267,0.016083219297590087,0.006117206963382146
0.8301252915127579,0.10499889710073061,0.029188825355346268,0.029013086561530028,0.006673899469635343
0.8385482780229675,0.09725579172330796,0.03297160734741927,0.02165175921503956,0.009572563691266063
0.8421008815648431,0.06921024765629183,0.05474336469126275,0.02545226354361573,0.008493242543986704
0.9288431797602272,0.0346937227648555,0.023134505080583987,0.00933946918226532,0.003989123212067915
0.8883417088025861,0.04928980523164446,0.043327217892175626,0.01355422329408285,0.0054870447795110685
0.8204137241603741,0.05988540564961693,0.08351325870353321,0.025763795316427623,0.010423816170048165
0.883226914743699,0.06019725717220069,0.03283984898781388,0.01699420489535054,0.006741774200935779
0.7940280871157472,0.09312834277557823,0.06948257630248174,0.031740476271376314,0.011620517534816611
0.7621050159764182,0.13257820087504246,0.07017880260854983,0.027974657092398093,0.00716332344759144
0.8763655896690573,0.062448425775485886,0.025077473901082677,0.025194724980651815,0.010913785673722441
0.7774531936174565,0.14227973013581474,0.038748420809673195,0.028399865516832126,0.013118789920223532
0.9451007688220368,0.02318023743415013,0.016957039374306565,0.011120482368031684,0.00364147200147466
0.8832834530146064,0.054623197392345765,0.043083203318503176,0.014489748630222154,0.004520397644322587
0.8906293877380398,0.057860491074951455,0.022407917432514145,0.02275029452697964,0.006351909227514743
0.9042272495342402,0.048832875684243514,0.027803994218975357,0.013667477864054926,0.005468402698486165
0.8787604900186972,0.0559059129263629,0.03814672291067783,0.019149291561471486,0.0080375825827908
0.9422668566172399,0.025233315093646055,0.01769413994933015,0.010047296014012259,0.0047583923257717015
0.8711672785154041,0.058268034208192106,0.043071627878874155,0.01906122826236162,0.008431831135168107
0.9256309222468305,0.052130610235619775,0.012160476592927565,0.007125414229014752,0.002952576695607497
0.9391306791343517,0.026745480354878122,0.015311420086435474,0.012474962090762641,0.0063374583335720725
0.8337003498400162,0.1080540680962346,0.03072462886312953,0.018513552171365043,0.009007401029254796
0.8907164617761144,0.047200171503470216,0.029024377920574378,0.025314705037090896,0.007744283762750063
0.8069935694678994,0.07165430543139936,0.08177066548941651,0.029274107392218016,0.010307352219066673
0.8603204449766627,0.06131538478882503,0.04769116926187857,0.02208665744070522,0.008586343531928364
0.9099684901762491,0.05616186117181463,0.010994967473501658,0.01706406932824182,0.005810611850192801
0.9049156047658988,0.04312146790714835,0.03190367282016413,0.013447651634097564,0.006611602872691127
0.9549570564538472,0.02688610323778073,0.009482001775600121,0.00647576755539654,0.0021990709773753183
0.8508544771918107,0.06835432018142719,0.04715941164144307,0.022959318838239474,0.01067247214707931
0.9552249713921435,0.025580924234062035,0.007491087946109227,0.008795788348997333,0.0029072280786881298
0.9163845407652413,0.056257892959703744,0.011912026252105018,0.010665203906590098,0.004780336116359742
0.9236522868498377,0.031984324912034595,0.0240019907436963,0.013173322338534644,0.007188075155896619
0.8676352678826735,0.06335441133002925,0.04689579240784851,0.014933208240740414,0.007181320138708365
0.749063032411353,0.1438261692514433,0.05477945845671571,0.037978744611738786,0.014352595268749197
0.7809136437180135,0.139369101813604,0.04444219691041639,0.025350122802444888,0.009924934755521102
0.8407669367582695,0.09082438715063658,0.03702865650785208,0.0233522707593985,0.008027748823843238
0.9528974749819519,0.025428781277966172,0.012759203780276951,0.0064083460930299254,0.002506193866775015
0.9605763918490625,0.023392170685431382,0.006869552228214853,0.007041674492943479,0.002120210744347706
0.8661267133209446,0.07290433229044746,0.03281376637697621,0.02109426954539181,0.007060918466240139
0.9332878550491072,0.027590084124999036,0.021085796676673173,0.012239230071185738,0.005797034078034677
0.8915890014110196,0.050554907689516,0.029748337961406614,0.022116531154945537,0.005991221783112468
0.8801583924615027,0.0723476161065582,0.025423221433691565,0.01688872487334763,0.005182045124900062
0.8831188022711897,0.06887276250743933,0.024005228291278324,0.01754869060070807,0.006454516329384753
0.846873494446914,0.09396115953264969,0.036992712523848066,0.015720716122260368,0.006451917374328219
0.9449385859788241,0.03388406909811554,0.009332910176581737,0.0077662867441329695,0.004078148002345874
0.8768462236921745,0.05415392149562833,0.03050535169583378,0.027855039367076635,0.010639463749286768
0.896910492048423,0.031509115576112016,0.04208935204631052,0.023230943644099892,0.006260096685055094
0.9019063258582545,0.05717120311735653,0.017465256532121658,0.01690186070816307,0.006555353784104191
0.8878323502199402,0.0719105499921342,0.01584316643363334,0.01627495441144515,0.00813897894284699
0.9030894972226332,0.05275874862990286,0.021769459287250374,0.017101180132207048,0.005281114728006521
0.8058207891439039,0.10300973654224764,0.042676882984131664,0.036757546542094593,0.011735044787622072
0.8676168128448436,0.04610485188726995,0.0521746561702509,0.025391684459766736,0.008711994637868793
0.8648054832448554,0.05341242807639849,0.047065276028872546,0.021941545738313032,0.012775266911560343
0.8499948235380839,0.07865515224072755,0.03851666817883287,0.02487570920027419,0.007957646842081488
0.9414559859362732,0.03214879647292507,0.011193114142326365,0.01182233868357381,0.0033797647649016875
0.8780253513839403,0.05797766104805929,0.03514136073055841,0.02056543428019206,0.008290192557249894
0.8515731043585428,0.07297865939568234,0.035103807464658986,0.02932599716664423,0.011018431614471406
0.8887723331449777,0.043401565735568026,0.03964755183162544,0.020081572174364043,0.008096977113464755
0.8667859667254199,0.057591052896015044,0.03731430602685488,0.029412194801878084,0.00889647954983216
0.9130977587520711,0.05024998797542405,0.021114635732628007,0.01106684502133461,0.004470772518542358
0.8891201081503033,0.05458609723841674,0.028791423205465856,0.019353557900219004,0.008148813505595176
0.876456957333647,0.05772960759710934,0.040209178341021994,0.01799007290056115,0.007614183827660648
0.9287680287675294,0.03773655174533508,0.020110742233419184,0.009070591587141668,0.0043140856665746736
0.8311443382762931,0.10397297381826663,0.038526749729908515,0.016720985049736577,0.00963495312579521
0.8228573634623967,0.0939116957447306,0.043723430722513806,0.026531046889353763,0.012976463181005366
0.9369519657684684,0.02866309878664445,0.017755646469567152,0.012256301162039174,0.004372987813281293
0.9042643940955643,0.05260346090372089,0.02166642187083019,0.015304850133872516,0.006160872996012184
0.8968069505519884,0.06328830326586511,0.021495155107443275,0.013061111165956044,0.005348479908746927
0.9460038004381826,0.019185415267906663,0.016697419746159563,0.013966288378794801,0.0041470761689565375
0.8322444533252135,0.06214361552545394,0.07490647043716295,0.021721620262706746,0.008983840449462833
0.8215802518414597,0.08739514609772854,0.06166603246795256,0.02071403924925065,0.008644530343608457
0.933792322685258,0.028087673119069862,0.016840769374126163,0.014996401288470471,0.006282833533075508
0.8926771317064838,0.05512342381310076,0.025168609093378293,0.020236970408851432,0.006793864978185744
0.8466201541348803,0.09055031890036139,0.04137281687881805,0.01630311383341608,0.005153596252524081
0.8320888803975539,0.08355829254697024,0.05609328465272506,0.020382248959986967,0.007877293442764041
0.8669928945407226,0.05361419470509076,0.0413131639768963,0.027080932523086073,0.010998814254204419
0.8990195023463724,0.05395109592613441,0.025254828656024145,0.014760028736374848,0.0070145443350939345
0.8719757898505682,0.06762300907841336,0.024126830446250486,0.02843223987655505,0.007842130748213065
0.7804250900775362,0.12489457348402348,0.04623006668293058,0.036349061155515214,0.012101208599994277
0.9333933295211406,0.03983171415468761,0.011930905818668815,0.010161999478856595,0.00468205102664632
0.8387018127976089,0.036912631610935255,0.09413449971131728,0.021891420651794676,0.008359635228343824
0.825232481470373,0.09326664710358885,0.04074586419931756,0.029178676578934595,0.011576330647785902
0.8437269624923864,0.08000379765727111,0.049059724476666185,0.019852619885092366,0.0073568954885838145
0.8924699949948258,0.03291612083002066,0.05568577049918306,0.014518161010323702,0.00440995266564647
0.9222270046360567,0.04170734310755167,0.02152207744816922,0.010765829698339259,0.0037777451098833367
0.8511216268310571,0.04700102847020042,0.061446447286511205,0.029832774224197545,0.010598123188033756
0.8780549302058923,0.08239778228023259,0.016468642587541712,0.015995474829315563,0.007083170097018016
0.8087990356714337,0.10976934116041086,0.051972657595755374,0.022148223858927417,0.00731074171347257
0.8668598315688665,0.030142637316227662,0.07123578666428948,0.024541906832224406,0.007219837618392018
0.8502299118564214,0.07708001701949327,0.04126271917038445,0.02215946180837525,0.009267890145325603
0.8938352118578768,0.048705616180483594,0.03320862107716913,0.016271993456713048,0.007978557427757185
0.8464718775462413,0.02898767777626282,0.08968881754235417,0.024995870309506358,0.009855756825635593
0.8786942426907045,0.05548944361238831,0.04021142306587902,0.017749805913594544,0.007855084717433517
0.854601903861543,0.04610392544747788,0.057834076302268764,0.0285680591124042,0.012892035276306002
0.8770160945038845,0.04231251886664668,0.0538803719628723,0.018210855927276535,0.008580158739319804
0.8923945382763904,0.03958049825429224,0.03914372625320109,0.01933659068463696,0.009544646531479467
0.7365637571345433,0.11639834448318193,0.09194359489902793,0.04035613343934089,0.014738170043905797
0.8499808303489412,0.06063411781484749,0.0651382279342785,0.016087103215191127,0.00815972068674141
0.9544118155644842,0.01868353300603799,0.015305132761658218,0.008090018098420413,0.0035095005693992747
0.8863232534416547,0.048724031472288126,0.03273296656847304,0.023614090752410773,0.008605657765173256
0.7388499608012593,0.10483934113315162,0.09781022413519276,0.04024928281921855,0.018251191111177765
0.6389778117396805,0.17960471186571153,0.12179702928311867,0.04568482193351401,0.013935625177975546
0.7828543404739692,0.12070203269758667,0.05225898255696203,0.029250530617167456,0.014934113654314506
0.9166002590664367,0.034065926160016115,0.02634716025857203,0.016050957582246526,0.006935696932728442
0.8896663649123862,0.06342525819311623,0.024262285592472118,0.016067518053278187,0.006578573248747324
0.7207218822605855,0.18541242952365478,0.04107706587596014,0.036301231245427674,0.01648739109437167
0.8896016336447913,0.055803291337735185,0.026967783564855526,0.017809435151145345,0.009817856301472853
0.7546088748608251,0.10374302500317345,0.09508210964703624,0.030166345108309837,0.01639964538065542
0.7693112440326169,0.12374729711012812,0.05252739671242649,0.032443768401174994,0.021970293743653738
0.8720632006361315,0.050611715618806376,0.04957561881523227,0.01651819933049187,0.01123126559933792
0.9076631574347596,0.03816474356501644,0.024391362995420305,0.021486151139422417,0.008294584865381106
0.8046858849329531,0.0813111033565388,0.07585418247602022,0.024088525123225703,0.014060304111262122
0.8594224420712533,0.05830404569440032,0.04795346248728306,0.02188928638946741,0.0124307633575958
0.8382440109564498,0.07495747798892471,0.04586355153050478,0.026990176445845282,0.013944783078275224
0.9274941138161075,0.02777140365844932,0.024637332805412273,0.014640864550366856,0.00545628516966409
0.8728456809080865,0.049173487304805905,0.04581617188083174,0.020642591640116403,0.011522068266159608
0.8898904835382082,0.04306277268204857,0.037821960808872235,0.01914457869354728,0.010080204277323779
0.89868747488347,0.033023030063504634,0.03917279074073365,0.018763225877467465,0.010353478434824108
0.8548287131294324,0.05780689437616851,0.03160014478527887,0.037656806635270136,0.018107441073849855
0.8298565547605993,0.10133427466476372,0.034104596574742484,0.022501865801273942,0.012202708198620819
0.9237022985974942,0.04526261084233908,0.013490512740119028,0.010080136000381216,0.0074644418196668
0.892210812165997,0.0649235367598729,0.018758162257772628,0.01530309431062148,0.008804394505736052
0.9138845353995759,0.03604953030997285,0.02839437269574804,0.012858771750825398,0.008812789843878068
0.9066090066887201,0.05372101581227052,0.017272085461267475,0.015363277109423737,0.007034614928317967
0.7368177440158008,0.12722445870427837,0.07556293500466764,0.04545649456984311,0.014938367705409964
0.9498492456914781,0.014512318024382803,0.018786301955951722,0.011558275314699683,0.005293859013487761
0.7823234762143113,0.13530244480006334,0.05442693730274889,0.0187593167958859,0.009187824886990732
0.8986618379870307,0.03819087670142242,0.02627893038729523,0.027292110084929225,0.009576244839322593
0.9130705020414418,0.03808982877684414,0.021273651610419442,0.019001343071663197,0.008564674499631537
0.8945275382953946,0.04862848594097961,0.027419474669740814,0.019458931576512524,0.009965569517372442
0.65038693057255,0.1997807527212765,0.08805856732518352,0.039055948345785074,0.02271780103520504
0.6505715427202805,0.1727141058073559,0.11188620107179983,0.041103920785323926,0.02372422961523985
0.9070982057088792,0.05501522106510612,0.01885431319738723,0.010934681541120988,0.008097578487506253
0.7975592397291248,0.10954049202679685,0.05000430080125027,0.026337675753117518,0.01655829168971065
0.741145706831911,0.15692210203840837,0.04932163975847178,0.0319955065820977,0.020615044789111123
0.870917593991738,0.05006917947538287,0.04295519563405867,0.02096558115820021,0.01509244974062013
0.6384397762116767,0.18153068177618725,0.10069278537030539,0.049304873351100016,0.030031883290730598
0.8741640310622872,0.05629587524899221,0.02832977136361056,0.028995455921842737,0.012214866403267422
0.8721858583957051,0.05638023718343809,0.04289394901127443,0.01838309207924138,0.010156863330341048
0.8968921212283508,0.028587221373496396,0.054049569237521806,0.012642388417792144,0.007828699742838967
0.8929189405041553,0.05266934066433544,0.02223333059434945,0.020247343477278863,0.01193104475988079
0.8967410411549357,0.06348145711724364,0.01690689149004503,0.01593938086753002,0.0069312293702457495
0.8787820139479474,0.06684361481517087,0.029383857757103563,0.015089160712092133,0.009901352767685901
0.8735352109285184,0.06475745092333733,0.023923075124290177,0.023816029675879355,0.01396823334797488
0.858617519510141,0.07624100221236912,0.02776330083580107,0.022902367567434915,0.01447580987425375
0.9367121527621447,0.03206026138335765,0.013578653213903842,0.010464342303093493,0.007184590337500243
0.7542919357664446,0.13545032277355326,0.05714184119246234,0.030270756543918323,0.022845143723621498
0.9015591164128899,0.049510245311888336,0.022454441897236832,0.01719421135344122,0.009281985024543693
0.856202416792988,0.08518101032471476,0.030891194628619667,0.0169611652247273,0.0107642130289502
0.917336761389733,0.03349572131199361,0.025676923086730412,0.013450891450998448,0.010039702760544578
0.935267766247572,0.035745383870791535,0.013396278176462502,0.008163259879982086,0.007427311825191639
0.9291626326313337,0.035804671977630535,0.015607765094645077,0.011304784403580502,0.008120145892810167
0.9161078955576369,0.03557274973893483,0.01989148396038218,0.018635283689143765,0.009792587053902452
0.889854582710429,0.05558501016830558,0.029587579798917987,0.016059725999901193,0.008913101322446038
0.8805466198113013,0.05911961590492409,0.03485447865010486,0.016492634592451445,0.008986651041218163
0.9485288346890572,0.02156317174764747,0.017128211741244768,0.007683407088412826,0.005096374733637541
0.8169675031544424,0.11720998021745718,0.03956233375911021,0.013534809228007065,0.012725373640983018
0.8207384488988347,0.09358725354942714,0.03463428020373949,0.03267063116893804,0.018369386179060396
0.916842887422362,0.043603701410694015,0.01544339689085041,0.013856297208432292,0.010253717067661395
0.7429242641680323,0.13141181047903155,0.07029968095442833,0.028828297890981597,0.02653594650752601
0.8971015411444098,0.052273282700362425,0.021510203077848653,0.01785697837793498,0.011257994699444213
0.9466553155477172,0.025529003825990822,0.01033621407786252,0.010731031304113927,0.006748435244315592
0.9278154198638509,0.04143835323161712,0.011653237271884016,0.009975837564039754,0.009117152068608391
0.8862028991350194,0.047609427632335756,0.032362312740533555,0.022768948432676454,0.011056412059434848
0.9206755936136362,0.031183764907975114,0.02007015743030161,0.017189885996873683,0.010880598051213317
0.933309877262848,0.03435655944383952,0.021528205071911465,0.007609680157199352,0.0031956780642017867
0.8316589370066787,0.05795912290537692,0.07250090873758243,0.023624539154696637,0.014256492195665153
0.8927013953131162,0.06077390516433757,0.023117808218904773,0.013197547613669152,0.01020934368997207
0.7189283656370147,0.15186706364973102,0.058574546969504586,0.04287601070752031,0.027754013036229704
0.7904593193436144,0.10214347957310708,0.04701381427119991,0.034420942201324814,0.025962444610753935
0.8692819352317691,0.062888693638208,0.02306835845596862,0.031211423980936105,0.013549588693118
0.8215326670034702,0.10142590808636873,0.0276063945877882,0.03092676005414833,0.018508270268224533
0.9206270445876528,0.03746746110757706,0.020404675493995036,0.010324878930941743,0.011175939879833448
0.8162053563287358,0.09834284200051117,0.04124153561575894,0.02681337969334101,0.017396886361653076
0.7956146461404944,0.1111551253481513,0.04809435767071609,0.02876180350962603,0.016374067331012213
0.795398115251398,0.06277789169164039,0.07562504425668726,0.044425367795051754,0.021773581005222607
0.8656250424280096,0.06204835889525634,0.0445867464475266,0.016419038160635172,0.011320814068572296
0.9016818360448897,0.036091430057750146,0.03349768747389726,0.01761869888185452,0.011110347541608239
0.8584117603228479,0.07240177126165592,0.03238049183942577,0.0235025547769563,0.013303421799114038
0.9062607240056795,0.06365874974782669,0.015098781471263447,0.008406122572481235,0.006575622202749076
0.9268656123490762,0.030548433368449833,0.015399176102097498,0.016450150806633052,0.010736627373743559
0.8642780821760363,0.0701973713623187,0.021187226445774098,0.03149847215875614,0.012838847857114668
0.9173303768201378,0.040503375651663724,0.01576741620812272,0.016808302441034942,0.009590528879040845
0.8737188646458278,0.04821416152198726,0.032574500127462,0.03097780454122239,0.014514669163500736
0.8789705987818284,0.07176512618887118,0.02242173407285592,0.017717365906714813,0.009125175049729642
0.8320841243806905,0.09275781551496998,0.04081135452027247,0.023029802605937094,0.011316902978129963
0.8944200663061401,0.07819891793859395,0.011446582782365383,0.00926032321549263,0.006674109757408197
0.7805381969992712,0.12053349212848447,0.050220471540064954,0.024894111962852506,0.02381372736932668
0.9291385602097763,0.040269805012579284,0.01373437920350026,0.00871305066603042,0.00814420490811405
0.8953364221937099,0.04256971571519788,0.027487629216258573,0.020044371601493763,0.014561861273339907
0.852899223645812,0.07741862458982059,0.03537716613249733,0.01880701281977506,0.015497972812095064
0.9127986798376054,0.05210559614514311,0.013578457332083994,0.011822949886761684,0.009694316798405914
0.7839660315516129,0.08983142873122216,0.04626504663965444,0.04678219507572598,0.03315529800178441
0.9287282311958067,0.027686304798946588,0.020818778438461874,0.014487126999479398,0.008279558567305497
0.8342976820204805,0.07374512934213537,0.03587226617200776,0.036373248144798906,0.019711674320577532
0.8560748356641183,0.07913928378109682,0.027557502352837687,0.023007358138718535,0.014221020063228515
0.8784769497571092,0.06763942425460666,0.01990027684725518,0.019092250125428343,0.014891099015600758
0.7769792112091903,0.162704691636198,0.029218191450305554,0.016985657343802404,0.014112248360503558
0.9185963712766984,0.037886037013083546,0.02148893556474174,0.01298220656843076,0.009046449577045625
0.8889512314594755,0.06123950849649778,0.0193606877183806,0.019562109213225463,0.010886463112420586
0.8266952528295837,0.11441829966217769,0.019633068959751913,0.02420815966033943,0.015045218888147404
0.709986652617144,0.12160943801564914,0.11122368650970706,0.03283428540243723,0.024345937455062607
0.912011594127048,0.04377356259465876,0.02330064300444474,0.01263551596820211,0.008278684305646624
0.9353092872825652,0.02400906740252337,0.01961915092377702,0.011656471936917307,0.00940602245421677
0.9338061811268089,0.03407547663252591,0.013087649641091305,0.011847914197654285,0.007182778401919494
0.9116795921840942,0.03445803130896237,0.019558287848649526,0.021482946524026287,0.012821142134267684
0.7513044456039024,0.14660208685450346,0.053401698224388436,0.029756658341543486,0.018935110975662132
0.9014031469496664,0.04882771906707945,0.019610640536663212,0.018748710779968057,0.011409782666622868
0.914362762831528,0.042638463844325916,0.021363459243329063,0.012252391950816392,0.009382922130000573
0.9179083168015532,0.04075310039893811,0.013357959739164569,0.017535111861383894,0.0104455111989603
0.8879123507151448,0.06238564827300487,0.02209483407439477,0.017876055107317348,0.009731111830138216
0.9080137334101737,0.051610171214838976,0.021060952330903483,0.01097879481625798,0.008336348227825977
0.9090321484227173,0.055883686989253334,0.014153841958772612,0.01279888109520821,0.008131441534048552
0.9313469484440731,0.03139632509026381,0.020274887541489272,0.008654567177568044,0.008327271746605953
0.9509521368370023,0.020144729046368683,0.010229814612312427,0.01069009005271202,0.007983229451604597
0.8980396017723947,0.047891460977694054,0.02524278024453245,0.016492376672940984,0.01233378033243804
0.9533892883649341,0.02062824835152755,0.01151939208846799,0.008040763942427748,0.006422307252642704
0.8736864936097936,0.05843025148347086,0.03199590169731406,0.020657288159807424,0.01523006504961431
0.7510887354007821,0.16574822960122446,0.030756943115143515,0.03158363532775671,0.020822456555093245
0.8245036847430571,0.1267817724450533,0.017408530149254677,0.01985167844813102,0.011454334214503944
0.841305435185179,0.07489288071164453,0.035305582126231784,0.03131593794470123,0.01718016403224349
0.9437373316979754,0.017611911713292645,0.015941218149940033,0.011852454749470444,0.010857083689321319
0.8142194080116961,0.10665640781874745,0.03845859868100412,0.022429844569059686,0.018235740919492715
0.8365204649239361,0.098583294691982,0.03098408399711283,0.019432172528900244,0.014479983858068665
0.897939649415222,0.05282112970694768,0.014058134027202426,0.022464405937223986,0.012716680913404008
0.9025044111453278,0.040932042235951496,0.02744239441960361,0.019465804174724037,0.009655348024393268
0.6994667001731377,0.14715357237110524,0.0884449276911262,0.04191861340116652,0.02301618636346428
0.8449053934981954,0.06681202394033545,0.048391123959391776,0.024639707286443508,0.015251751315633869
0.8929095494309431,0.03352514059764219,0.04592489410193198,0.0158440613397764,0.011796354529706383
0.7823776541482033,0.06930916297519299,0.09208146663352215,0.03489053669724083,0.021341179545840742
0.8653141994674866,0.09060210227720128,0.02068547906283394,0.012917982044294559,0.010480237148183642
0.887110355712732,0.06088889314452982,0.024656640403323195,0.017148287369347117,0.01019582337006799
0.8723136249245332,0.08387531924255248,0.024065694208421144,0.010610408139123208,0.00913495348537007
0.9494213343151691,0.02966245912754361,0.007070931452338328,0.007248178987997402,0.00659709611695136
0.8473586520085358,0.11362913905460785,0.014315751088682672,0.013627009586202955,0.011069448261970751
0.9505226046017642,0.02494582489863655,0.011189733497515855,0.006162033268355753,0.007179803733727551
0.9196018756743236,0.03711214110673181,0.011428333158633633,0.01984073452691979,0.012016915533391308
0.7502356960074578,0.18376278620310996,0.030987632257752553,0.018421442729130058,0.016592442802549658
0.8747766142852783,0.06281668752253686,0.025744016656941777,0.02356252249920165,0.013100159036041663
0.904869211014268,0.04079478881063868,0.025576307555292485,0.019533588735457467,0.009226103884343558
0.8832956833868596,0.06456251968823903,0.020939363501108064,0.017539472044320308,0.01366296137947298
0.8731066434049,0.06686723742568741,0.03220631430170647,0.013867717982797139,0.013952086884909112
0.8531204378017119,0.06755885957897938,0.04007965563321888,0.022200943936026337,0.017040103050063485
0.8999374620844762,0.06454836078060283,0.014296348796441056,0.011966541255974718,0.009251287082505314
0.8672339544432603,0.07443102888968901,0.03531011310228805,0.01312406798893196,0.009900835575830503
0.8536238160747411,0.06991743836182272,0.040970552568558985,0.021498195684415057,0.013989997310462155
0.8997938654319472,0.05742622444040261,0.0176720016050101,0.011529507508352193,0.013578401014287679
0.9335425012821419,0.038861109867724244,0.011319350154714558,0.009372139932022785,0.006904898763396253
0.9292320438958346,0.027787876569358966,0.02213687419642463,0.011356861533154922,0.00948634380522706
0.8990666791033541,0.04996852249214591,0.027127182729430446,0.012917355704109727,0.01092025997095999
0.8759855030125979,0.06309057616270253,0.03596820483273376,0.014442983078093176,0.010512732913872669
0.9551440640502602,0.021518584120766796,0.006046685681609177,0.009607941341934574,0.00768272480542946
0.8730607591390618,0.05459816219823914,0.03517092629346482,0.021580640978628086,0.015589511390606032
0.9142650401753637,0.0363024052912862,0.016567384879458108,0.019295219629275096,0.01356995002461698
0.8756906534730969,0.0754951005783443,0.021788714200782548,0.01414914748891158,0.012876384258864984
0.8922916675112452,0.06373292683872803,0.016833150185287766,0.014604998162163757,0.01253725730257497
0.9117030801335938,0.02906919578883998,0.025884171456225947,0.021442062437598084,0.011901490183742236
0.8983356652643874,0.03395379925339818,0.03541841788181931,0.017453257079466912,0.014838860520928462
0.8819707859201079,0.062407151951355246,0.02512535216630278,0.017592869285139725,0.01290384067709418
0.8352965210985613,0.1020750710258389,0.03123357502574286,0.019674554915779827,0.01172027793407718
0.8680599397659506,0.07386599178704992,0.018681412714227658,0.022462359772002283,0.016930295960769382
0.8457273391054188,0.07822424115596514,0.038179475362649075,0.026635485570626984,0.011233458805340083
0.872828276108306,0.047371253386353306,0.0405403768474217,0.021600102468664905,0.01765999118925404
0.8138173884474006,0.07116356603514046,0.053920183471672295,0.03817331256851937,0.022925549477267278
0.886319979168364,0.054832706613016285,0.025538982771910742,0.019617057748791224,0.013691273697917884
0.9353489052557127,0.03548870756694442,0.014338365791285421,0.008047371444328068,0.006776649941729383
0.8783210998690448,0.06818056425190673,0.020633497416204034,0.020243489536601388,0.012621348926243036
0.8339254176811307,0.08859269383497832,0.03236931857882686,0.02776310476207515,0.01734946514298903
0.8966304969451933,0.06313999376984307,0.017122589857348405,0.012768920707549373,0.010337998720065793
0.9452401417155012,0.02954092543412439,0.010165437289873519,0.007832010049492364,0.007221485511008174
0.9372930077325742,0.03323262733978978,0.009034893954376915,0.013919351233274185,0.006520119739985042
0.847667925345953,0.05015804905554384,0.05407971969549849,0.030604310850565412,0.01748999505243904
0.9534479746410275,0.024357209486093906,0.00674000812813639,0.007844862093822276,0.007609945650920177
0.9168079623127549,0.03766809856956801,0.02076532399357338,0.013941035405986416,0.0108175797181173
0.9312536602525505,0.04068813813538035,0.011904646635359773,0.0096266338863055,0.006526921090403914
0.895220197770253,0.040415744379186484,0.028779861839192136,0.022889621059970198,0.012694574951398314
0.8325079246701095,0.09937954415883259,0.025537445733235433,0.02566295278338005,0.016912132654442392
0.860570456332096,0.07689750387739823,0.02516901035801448,0.02313410514636363,0.014228924286127792
0.790570044110148,0.13463320863307343,0.02489722819789599,0.025134195649722538,0.024765323409160246
0.90665594974959,0.04588615796815351,0.02450277413064656,0.01152796105042903,0.011427157101181099
0.9534953551244477,0.023394858676337983,0.010177340297548968,0.0073004563565440255,0.005631989545121248
0.9100501414035455,0.04806100268169283,0.01628109436137215,0.014404938411975293,0.011202823141414193
0.9439527998013116,0.016871127007657104,0.014913247625771326,0.01358454122774997,0.010678284337509988
0.8997872058482469,0.03549382747627636,0.025329051552259896,0.025348551599784667,0.014041363523432078
0.8608293479986241,0.09726350332704121,0.012500034934593002,0.016472977056188682,0.01293413668355311
0.8986620169455316,0.048228424509191195,0.026406958975492393,0.015537977080914672,0.011164622488869952
0.884454677744002,0.03458731133524219,0.040886445015502676,0.02810015423045499,0.011971411674798045
0.8960865140451381,0.05620701872259858,0.01912933059679047,0.01697690087026277,0.011600235765210312
0.8977695884835156,0.04463219759174464,0.026104379975626254,0.020946094342438597,0.010547739606674662
0.8699172178608436,0.0565707460233932,0.031895805400238834,0.025993028532610946,0.015623202182913336
0.8453719924487599,0.07764058477486419,0.025978485161588603,0.028265422047029812,0.022743515567757795
0.8319416792801622,0.07812190358963186,0.04078688112323362,0.032518818452669615,0.016630717554302846
0.9125786247078729,0.04446413885285895,0.017289550157512892,0.01737205385478249,0.008295632426972732
0.8692522217141206,0.08113896596648792,0.018310622201775262,0.018062929160747098,0.013235260956869197
0.7463904486406159,0.12686980249304441,0.046009398823458905,0.04569442814471884,0.03503592189816185
0.8625380569938769,0.09194633594022487,0.02117203650779683,0.01215988323991165,0.012183687318189548
0.8032733480616643,0.131728473212449,0.01862181380847609,0.02536604415911583,0.021010320758294763
0.8683349000450111,0.06853453167373776,0.027996985532347248,0.02038664533632827,0.014746937412575547
0.7020874671872893,0.1577913847031054,0.05480362642190985,0.041074733896481794,0.0442427877912135
0.9088452853400703,0.05049030717814461,0.014580632271290379,0.015558793130359223,0.010524982080135506
0.9092248320794626,0.04451406356813331,0.017936032586260815,0.014058674456710898,0.014266397309432268
0.9342892219508784,0.04047995835925553,0.00831650718987637,0.009562603536599608,0.007351708963389962
0.8905646204086963,0.07298829508235098,0.013953345878936497,0.011164990673543193,0.011328747956472943
0.8652481463647126,0.050786118094112306,0.03217244927599632,0.03122916770137701,0.020564118563801574
0.8695655775535345,0.050256530274107494,0.031158855597580873,0.026942868814031073,0.022076167760746054
0.9117722922919961,0.05869622090860012,0.009234496962258707,0.0120210110874565,0.008275978749688355
0.8041224186185522,0.1172135140097005,0.031168601964375042,0.02793641901033436,0.019559046397038034
0.91693983362152,0.04384007506855231,0.018323383278493314,0.01156188275130295,0.009334825280131279
0.9173163801848034,0.04050448808518024,0.01935698821159233,0.01231505944528087,0.01050708407314288
0.9245897507726272,0.03676310815010111,0.01309800403499338,0.012985080273090227,0.01256405676918812
0.8976851067395677,0.060122401458437204,0.014306671463916508,0.014631917969115615,0.013253902368963231
0.9298664778378549,0.03847884888097015,0.012654262521811569,0.010891775303797872,0.008108635455565505
0.8806089292993723,0.05872283826165803,0.025870440408881874,0.01690807259554561,0.017889719434542026
0.9099585072152528,0.03432069190705203,0.025798429404216686,0.018429094689089792,0.011493276784388742
0.9036244102962631,0.040442019985920466,0.02931444486878026,0.01767527074102615,0.008943854108010048
0.9479227678821078,0.022464375850044297,0.014031516176448622,0.010259821256982882,0.0053215188344164
0.869991880501323,0.07143642741954706,0.0253979584394415,0.02004645946218218,0.013127274177506023
0.9588575902781489,0.014244175229994204,0.011107912906053133,0.009258369062028324,0.006531952523775573
0.835194340542463,0.11166255117607532,0.015921085448229493,0.019846318430266102,0.01737570440296637
0.8199625361215929,0.10934012880218877,0.03376609252300255,0.019718070638030178,0.017213171915185455
0.8637909439093444,0.0900672732044554,0.012887300528597285,0.021631842004471488,0.011622640353131349
0.8443728393328329,0.09900054818490628,0.026358298975559063,0.016568227922107544,0.013700085584593943
0.8259177667610792,0.10474927803784656,0.022741437099903377,0.02493363569400349,0.021657882407167425
0.8956494949695468,0.03851309884282399,0.018706744083108094,0.026068165320569065,0.021062496783952167
0.9259807194860745,0.04349167998458196,0.009900751193202613,0.012060972829507815,0.00856587650663287
0.865477985423007,0.06584598238816536,0.025868737989249053,0.024478672869824924,0.01832862132975357
0.9293737714291371,0.03723935963889648,0.012467723435962422,0.010761558793883083,0.010157586702120818
0.6752492511320577,0.1644453716536082,0.07998891016154139,0.0450129514220815,0.03530351563071111
0.8495962392818569,0.08501315637130062,0.033879470476871114,0.021637920206693653,0.009873213663277746
0.8849445321254237,0.07649451581167929,0.01634239876540436,0.013566842595548214,0.008651710701944443
0.9003278840000908,0.057399521757272726,0.019120293964618514,0.012823034573194206,0.010329265704823886
0.9076335418291788,0.04854203331058706,0.015504418478569693,0.01616070228936274,0.012159304092301652
0.9312545664406998,0.03661860843102195,0.014572492097677825,0.01151658582631942,0.006037747204280788
0.8678397292679007,0.0851737620057181,0.016036131219452018,0.018593362214098467,0.012357015292830597
0.8557155558018519,0.050916931164573784,0.042001150602218804,0.029997127868185033,0.021369234563170404
0.8309778553094411,0.07630998727104672,0.05563009438719483,0.025730914145512762,0.011351148886804548
0.8923412500447842,0.07382597749501908,0.01100210339379359,0.014814107618823078,0.008016561447580142
0.8558352038314218,0.08062062847304098,0.02390984583253693,0.026694260855583806,0.012940061007416601
0.9345263893736299,0.03819026445464695,0.009881892015816572,0.010812662221495626,0.0065887919344107026
0.8403199508834021,0.10189338643195718,0.016231986425415745,0.02855312896855594,0.01300154729066902
0.9489677838426149,0.02908771839835936,0.011653532361427379,0.006264346973119516,0.004026618424478857
0.8868534266627552,0.07422128071523663,0.011033344608065574,0.01786329445129885,0.01002865356264353
