Delta_Power,Theta_Power,Alpha_Power,Beta_Power,Gamma_Power
0.763016919762268,0.14281506254961165,0.03987337097512734,0.046965927148984385,0.00732871956400883
0.8822364962558404,0.06379609778586386,0.02513686748817162,0.02293844377559605,0.00589209469452825
0.9377192196004432,0.036028396943020964,0.00841454694710088,0.014391138371104667,0.003446698138330337
0.8714787245397643,0.06429083915913947,0.013430492005849153,0.04513880458975279,0.005661139705494223
0.9154758345375332,0.054558178724052865,0.013376786913909951,0.013513620993728086,0.0030755788307758377
0.8914789781769548,0.06375601437477074,0.02236712594483357,0.020092869033205823,0.002305012470235014
0.7444232127777567,0.11870626744848993,0.045775535475825586,0.07311865783846828,0.017976326459459478
0.8728622508562873,0.04454877662169293,0.024613150812820606,0.0434979059565541,0.014477915752645159
0.9394961423619599,0.03847233141652562,0.00973697679392672,0.009679050870535512,0.0026154985570523578
0.8623033847840977,0.062300165721233064,0.025674417706515174,0.0430167301294602,0.0067053016586936616
0.9519986737815549,0.022734526467462605,0.008837177375790968,0.013538858448882626,0.0028907639263089364
0.9251611704379463,0.04775873330345028,0.012479585260103076,0.01232720591830552,0.002273305080194609
0.879029744549638,0.0724356800860616,0.019467014856898137,0.0242873917751504,0.0047801687322520285
0.9016423277090951,0.04445379482653025,0.0290289557543802,0.020408661900482693,0.0044662598095116714
0.8911946350024955,0.07185693696484127,0.01257372169078854,0.020010797435159638,0.004363908906715005
0.9394242067240025,0.03318604883116503,0.014863088352611959,0.010004886538166044,0.002521769554054683
0.9073013370421207,0.05552811030275414,0.01741209435714319,0.016853984017010177,0.0029044742809716585
0.8223510336908859,0.06646935418727717,0.04975696338166143,0.05274564946580052,0.008676999274374857
0.9050621411882009,0.02953910140452153,0.03603745655392506,0.024754008293570582,0.004607292559782018
0.9037567559749874,0.05642739326092968,0.01639698526421278,0.02041935682442735,0.002999508675442983
0.8100813226778156,0.10666108117044382,0.03964527602538159,0.038349612216362926,0.00526270790999603
0.8515195810179459,0.08696160078792843,0.02467159481375756,0.029140652924070552,0.007706570456297768
0.8884947387603983,0.07053065276017573,0.014388827536508067,0.019900579034401424,0.006685201908516584
0.9436737065616102,0.020982511942449336,0.01158676622288085,0.016799840913706714,0.0069571743593527646
0.9547863810445539,0.023789423568412068,0.009778579304614593,0.009021451596522076,0.0026241644858970947
0.8522914502809718,0.09815661235514991,0.028901076203579793,0.01651295266720264,0.004137908493095899
0.8363779104514053,0.07732718378448732,0.0382277589591221,0.043271350790233525,0.004795796014751731
0.9408717251159364,0.030771115634062412,0.01586863959223268,0.01065514231258074,0.0018333773451876905
0.8874758890876033,0.0613114854906636,0.025635182122411254,0.02172091695627181,0.0038565263430501476
0.7573257668501854,0.13798738894948676,0.044732281560497994,0.04992705101551814,0.010027511624311683
0.9235600988461066,0.04636922712688001,0.013453550083926617,0.013801177866835313,0.002815946076251292
0.8717573250429901,0.08162370708676359,0.021001129977265613,0.021408089842690423,0.004209748050290459
0.8563729414253086,0.08436339015170163,0.02535541171179701,0.02830930792517578,0.005598948786016827
0.905205712641018,0.04941283492735542,0.015021968151450018,0.02684268620614757,0.0035167980740292365
0.7956072659411727,0.09601651110989806,0.061295063221990374,0.041102173514549374,0.005978986212389448
0.9608152501897417,0.017267420545180566,0.010681433333132522,0.00961906851417404,0.001616827417771327
0.9100351689228837,0.052677414041753454,0.01746408123032257,0.015923673407845115,0.0038996623971950446
0.7537122308811969,0.1767134934060222,0.02980476314130381,0.03109478224285111,0.008674730328625924
0.9396954530409606,0.03381535044291321,0.011506474051380165,0.012400199474139648,0.002582522990606401
0.9200061162813672,0.04800989915469849,0.018771996166537634,0.010407512912989565,0.002804475484407256
0.9088349710088541,0.04537259010761056,0.01961173212560183,0.02191895869349738,0.0042617480644359575
0.8948640987831942,0.048339973068297834,0.026030447976862076,0.02562588759225124,0.005139592579394715
0.8569552416947237,0.08602577327359542,0.01953182800028832,0.026977228487405264,0.010509928543987267
0.8976834354294059,0.043495347148970576,0.02732759958113863,0.02378598657436286,0.0077076312661221585
0.9221543480779888,0.04420896316513856,0.016974726136454694,0.013118312876064546,0.003543649744353281
0.8595209114161879,0.08425354769537537,0.031163791387350086,0.021350737263958204,0.0037110122371282694
0.767199037536711,0.1680194251357508,0.032663480136350835,0.027109337454301292,0.005008719736886139
0.8497333081636449,0.06864025288902639,0.03328858873599384,0.0414436948810387,0.0068941553302958244
0.9203645757444223,0.05120604497275536,0.014754412037473519,0.01129547500545179,0.0023794922398968576
0.9177326160791751,0.03695709570847992,0.020589174485656808,0.02107746533347297,0.003643648393215267
0.8051094634668514,0.10320477327259685,0.05329169288130405,0.03204899944847095,0.006345070930776837
0.882706146651912,0.05439236270479876,0.03335800108937647,0.025593983197646414,0.00394950635626618
0.7579797973694697,0.16132723448921743,0.04077970365944608,0.03330299819478754,0.006610266287079474
0.8056367972508324,0.09569276782103252,0.051038620663146905,0.039316122394193694,0.008315691870794444
0.8756267560040639,0.06874351998318169,0.02798593140921974,0.023347799239362706,0.0042959933641718556
0.8268409870884407,0.11575718297428382,0.026201832761303733,0.02659414669723112,0.004605850478740638
0.9067602713985862,0.03749438943206115,0.03292203034393074,0.019420317297597023,0.003402991527825008
0.8065997735040498,0.10410882754136265,0.04161053045634077,0.04093943328261692,0.006741435215629938
0.8950251389136215,0.0354415650391858,0.030608861117811182,0.03478868593646491,0.004135748992916418
0.9209109065056401,0.04918293931943644,0.012919545634195917,0.015143314123264638,0.0018432944174628313
0.7589506278012943,0.14313684680688019,0.055032506490452104,0.03475911388699665,0.008120905014376912
0.7731231648263909,0.04417490540467052,0.03619055740454414,0.0801856098602789,0.06632576250411577
0.8980930678963323,0.054845054517672555,0.012754541083975545,0.02787112081868204,0.006436215683337433
0.8864764926291613,0.04960363527190729,0.027243601124694823,0.03193803582410872,0.004738235150128277
0.9032143155375446,0.06474597181229524,0.01573793832606579,0.013404681565266663,0.0028970927588276947
0.9137879711360954,0.044082640082843426,0.017491034414113215,0.020430389502600663,0.004207964864347283
0.9489737662928105,0.025762841619456304,0.016816631116917384,0.007200987907125806,0.001245773063690061
0.8639605008576798,0.060204276223522604,0.03599925834755107,0.03395658625488804,0.005879378316358586
0.8408824562214646,0.09092785844278739,0.028616927235728902,0.034513018028926944,0.005059740071091918
0.9523210261032993,0.020940396404747996,0.015597860003926973,0.009550613614883076,0.00159010387314269
0.9166773740416957,0.04456061823734922,0.0221823547393394,0.01407200995726688,0.0025076430243487933
0.8902564379450287,0.06156638903187901,0.023786281431334162,0.02130900508763387,0.0030818865041243658
0.724976158505655,0.13891529615431128,0.06819103208820271,0.060262126749404,0.007655386502426863
0.8726409743595483,0.0725989139230986,0.028226056598206848,0.02328832224088751,0.003245732878258465
0.8645740260893124,0.05915155511810526,0.03799635660411297,0.033410920008371606,0.004867142180097891
0.8457450507871385,0.08324145931339447,0.03524103968210867,0.03190713446276949,0.003865315754588914
0.7539192282044671,0.1457257381331936,0.054685541261862924,0.03823674195614604,0.007432750444330261
0.8401426793099188,0.06505836770911011,0.03635980715656177,0.05081524260586762,0.007623903218541733
0.8359663371498693,0.08559703243380593,0.03909682678225215,0.03289990490521599,0.006439898728856501
0.8433167739536065,0.09150900374593994,0.034545999370962484,0.026730487303285082,0.0038977356262060114
0.8403232933282027,0.06830619518144204,0.05844140349781587,0.0284797122572852,0.0044493957352542204
0.7604370482409943,0.1500701462155193,0.05235755563255753,0.0322753229925538,0.004859926918375143
0.8629639061311014,0.0689253875425114,0.02941981478066297,0.03449191441607679,0.004198977129647449
0.8156536294776967,0.06662875103284291,0.05310493056899059,0.054586986346747475,0.010025702573722258
0.8116103475777708,0.11243209467074138,0.020295908811288062,0.041576651349411076,0.014084997590788574
0.7834709937657734,0.09124526432784025,0.07034264233851632,0.041879426035674586,0.013061673532195497
0.7595966610607179,0.16750762982294998,0.03639306257705772,0.02907224196179206,0.007430404577482424
0.8585975945149877,0.0831205911497083,0.02471283631065354,0.027596301120346965,0.005972676904303515
0.710048777331643,0.17390872918186082,0.06606682776559156,0.04157486439145866,0.008400801329446046
0.9173674579527665,0.05584584345953146,0.01191265316491316,0.012435120489589778,0.0024389249331989655
0.8608981659498759,0.08665952917223835,0.015743560334523198,0.02942908268661641,0.007269661856746019
0.78295352000084,0.11770017700917401,0.045485213948703716,0.043709719719046795,0.010151369322235596
0.8709578965763793,0.06912686138546624,0.03173183953135561,0.023061047973979894,0.005122354532818812
0.8321181104964982,0.10182677799610507,0.02665125749129268,0.031388332672203194,0.008015521343900925
0.8988774231234123,0.06696319826075618,0.014296925537304016,0.016024755493183357,0.003837697585344041
0.943064713301745,0.029409318507902824,0.013063894381983222,0.011903977024180225,0.0025580967841888147
0.9214642123479514,0.0386493195296462,0.01628167071922344,0.019274916447262796,0.004329880955916214
0.9320138655473224,0.04281823599059762,0.01034937931353454,0.012432777134746047,0.0023857420137996885
0.917547202779571,0.05082983021700379,0.016427767717422485,0.012709074399957563,0.0024861248860451545
0.9264484229062843,0.028405201709281853,0.020565251221425343,0.021210249988470313,0.0033708741745380427
0.822965351161627,0.08437701428665152,0.04653191815098816,0.038375400186362124,0.007750316214371353
0.8995572089529899,0.04411861118343498,0.032624338456211044,0.01856599402135723,0.0051338473860070314
0.7358211341064139,0.19906346695131896,0.033156160736626576,0.02473824667029577,0.007220991535344836
0.8732519068969248,0.06241637390425406,0.026674973850715697,0.030930288124828845,0.006726457223276419
0.9197237266369404,0.03554943084231672,0.02287778252571484,0.01858721661614778,0.0032618433788806057
0.9482227320189743,0.02462090935179245,0.014197586799516066,0.010489782400691155,0.0024689894290259922
0.9078441797463687,0.033251158221954034,0.024110217963177343,0.027744864505695906,0.007049579562804291
0.7803157448556439,0.12396715591273044,0.045120869660097034,0.04174446838046443,0.008851761191064093
0.812669667298497,0.09616715070327854,0.049591971095863226,0.035860580165715986,0.005710630736645421
0.8555414750073674,0.07908087677828274,0.036177641261836035,0.02473270229993864,0.0044673046525753116
0.9326946241848494,0.024274040435753874,0.027655389000955665,0.013092567481547588,0.002283378896893472
0.8395748352725791,0.06918868168860634,0.05120541702553245,0.03459242581027173,0.005438640203010208
0.8064298356062752,0.0749753831518409,0.06931617678821515,0.04357467423655499,0.00570393021711364
0.8993227124338542,0.06379005801490245,0.01973981631818296,0.014193649242719117,0.002953763990341511
0.9039890876267126,0.04974683928558268,0.02618023100316192,0.01611324363754518,0.003970598446997837
0.9011068340403469,0.06089271411785383,0.019828269671962433,0.014891188115276741,0.0032809940545600377
0.9664290782439457,0.018380611369056138,0.008538343162479783,0.005529426954705351,0.0011225402698127561
0.8939393626460559,0.05420247906028413,0.026441347755190737,0.02100354590273793,0.004413264635731195
0.9110139323060189,0.05885822715128428,0.009697470415378374,0.016431452242519583,0.003998917884798734
0.893935059246964,0.04210963639555236,0.03524122630676272,0.02391115414662764,0.004802923904093168
0.870886755265635,0.07190962006328783,0.029683861685218433,0.022357110404520632,0.005162652581338396
0.8087771792203008,0.07050741484382815,0.06346504265592247,0.04906998730191632,0.008180375978032334
0.8357347300120833,0.08241392738261867,0.04242062881424738,0.033949737386657866,0.005480976404392897
0.874267196846953,0.06394709926278794,0.035962062616076804,0.021026527330129254,0.004797113944053006
0.7610233904115372,0.12556575390403915,0.053722953335267144,0.04549315216904264,0.014194750180113878
0.8479490724490746,0.08320596776597045,0.042782109351043034,0.021631722563377104,0.0044311278705349575
0.5608193511923871,0.23343684920977897,0.12527891939084673,0.06755964799245982,0.012905232214527428
0.9582329106765919,0.02484637821626995,0.0080863715298921,0.007478054860803042,0.0013562847164430827
0.8552535017397377,0.05120675207835449,0.0625874527030205,0.024182576099672132,0.006769717379215139
0.878630612569454,0.07465315109141996,0.026484340199550673,0.016878413676274514,0.0033534824633008934
0.7895356114111717,0.08298018230515616,0.0773915623545525,0.043127494354704136,0.006965149574415417
0.8741806354506313,0.04834033567110712,0.042337564751957074,0.030016950269505013,0.0051245138567996736
0.9241672114993349,0.03592797331178591,0.025008622742130032,0.012585981797179987,0.002310210649568999
0.9189797365014697,0.03892725047907338,0.026833888166139935,0.011895833352994708,0.0033632915003222776
0.8674031261608439,0.0667761499783398,0.04355208259062004,0.018730350892449624,0.0035382903777468958
0.9100189772991492,0.05774746457137039,0.01723060684144288,0.0124317091703393,0.002571242117698205
0.8662281152294431,0.062243837599945444,0.030111114482948582,0.03478803484413234,0.006628897843530686
0.884193234488914,0.05601144456131706,0.03487676397814408,0.02023928871164817,0.004679268259976795
0.837163378380229,0.08844856272080945,0.04394695937010272,0.024982243385145878,0.005458856143712944
0.8642304990724822,0.05845017923125536,0.04215478131417732,0.03138840372310044,0.003776136658984952
0.9222605714922227,0.03880680183099567,0.016408417423438394,0.018923837154938887,0.0036003720984043486
0.8821782821938039,0.05027951100915217,0.03652186856285818,0.02642126194235173,0.004599076291834154
0.8428399480402157,0.07957845629719261,0.04729209149038473,0.026186187803958816,0.004103316368248478
0.6985188959523971,0.16310424522140582,0.08351760845263938,0.04744253834392733,0.007416712029630311
0.8830536279595799,0.05784473422964515,0.03189547267911996,0.022278723876656536,0.004927441254998186
0.8907938819106965,0.05333074404944668,0.029051800506845853,0.022870742677608382,0.003952830855402486
0.9624454519956258,0.01966128810785739,0.007914159239696348,0.008408557575645915,0.0015705430811745035
0.8923256366692708,0.033401010752202566,0.04307754017683282,0.025437599537005372,0.005758212864688813
0.9010305113521063,0.04370174821294688,0.029109282476251337,0.021938632130487745,0.004219825828207821
0.8790179487302823,0.06320809496892282,0.030642495707761896,0.02266294315102879,0.004468517442004522
0.9474816154715376,0.020974689751780327,0.019361054479466854,0.01014334223204715,0.0020392980651680356
0.9089395919200034,0.03223537656331254,0.027138498500813766,0.026527249215699135,0.005159283800171397
0.9139542647829889,0.04045690653186047,0.0251241769585347,0.017382781330022655,0.0030818703965933684
0.9078387110830451,0.03620873881714427,0.03539313910818392,0.016462538491349554,0.0040968725002771544
0.9153964384002473,0.027264064090432628,0.04040253308775392,0.013074483316137307,0.003862481105428656
0.8457453449843946,0.08051293209564418,0.04091819847714666,0.02804055365072788,0.004782970792086955
0.7933038292860116,0.0948396257387744,0.06774174921486212,0.03847821711553553,0.005636578644816097
0.8521699216735433,0.07456924378204925,0.03201888817987341,0.03674166765972308,0.004500278704810939
0.8799498122205863,0.043113457829312085,0.039884371727497515,0.03137833262139807,0.005674025601206007
0.9014333012672363,0.049910954985097865,0.031714476380089306,0.013620264705775348,0.0033210026618010684
0.900684627364646,0.03734421140862462,0.028814151848388488,0.02852872020303091,0.004628289175309902
0.829872509021495,0.08193686060483744,0.04894524853918416,0.031347387329997804,0.007897994504485754
0.9061144235442524,0.048253820912546236,0.02772312234527394,0.014671707172322385,0.003236926025605204
0.8227518660236552,0.0879735614264586,0.03652052279780286,0.04520708642188522,0.007546963330198081
0.7078800067792923,0.16544487699407456,0.08069502585656993,0.037732644846706666,0.008247445523356305
0.8352714813435388,0.08021716241955018,0.05325842110395611,0.026674075631237398,0.004578859501717605
0.8716709840958029,0.06165815584692287,0.028448639552314987,0.03288348959884632,0.005338730906112926
0.8220594754518732,0.09156888743636746,0.04768350442058798,0.03193235755342197,0.006755775137749604
0.8850235188305564,0.03197910072534226,0.0518326957012725,0.026897783575020394,0.004266901167808248
0.8565431052196062,0.06347944265909106,0.05204431685535538,0.022811850984642792,0.005121284281304462
0.8605443691741494,0.07434222403760757,0.03524273825107882,0.02482101064867623,0.005049657888487933
0.9024860258848526,0.04275518519354147,0.03201409572013071,0.019075868726742603,0.0036688244747326913
0.8449166639223996,0.07566626533823992,0.045074347361398995,0.030004381958692466,0.00433834141926906
0.9381022872951809,0.02527595628166667,0.021798622446323093,0.012538592491231737,0.0022845414855974786
0.9151226347059979,0.035918161671042205,0.02457689677374457,0.02021058148161596,0.004171725367599284
0.9092097790783351,0.05004335368162751,0.026053021461791788,0.012799807933794764,0.001894037844450847
0.9044409887538079,0.052494747684240825,0.023657042798322227,0.01542047961244569,0.003986741151183341
0.8956389395648667,0.043283049384090576,0.03526082238491674,0.01958073141830429,0.006236457247821877
0.8485359558305156,0.06780970468269504,0.05544600715038316,0.023559968987790756,0.004648363348615474
0.8678239261250311,0.06541223225010004,0.03203928374953677,0.030120789130821512,0.004603768744510553
0.9329810405519064,0.01915070873629167,0.031394664549721646,0.01417455209142142,0.002299034070658799
0.8936951457545432,0.03999673681979208,0.036217012155458785,0.02605423354392562,0.004036871726280259
0.8684426921366348,0.05949444995246611,0.0472947689659855,0.021548260376321234,0.003219828568592389
0.7965158015969354,0.09833441238235349,0.05452741043271312,0.04491812590940848,0.005704249678589535
0.9037267334843158,0.0258268840866345,0.03954513698759717,0.02710126647313452,0.0037999789683180614
0.9227645160868221,0.032694005150025504,0.021211719768661562,0.020682451536184948,0.002647307458305999
0.8602875013846117,0.06738463905245644,0.04452832230563144,0.024279477300478237,0.0035200599568222094
0.7868891152915196,0.11433293523656973,0.048747445287483,0.04223021700367405,0.007800287180753446
0.8436712128464208,0.043391337165019334,0.07111424954156727,0.03714721904584927,0.004675981401143149
0.7807622904188263,0.08496225695290552,0.07108812938517223,0.057558116240422466,0.0056292070026735495
0.7491171768121069,0.11795074927844844,0.0753288158775805,0.049684393797106596,0.007918864234757357
0.830217798067939,0.09355769056447909,0.031001963563817306,0.030207069790072788,0.015015478013691515
0.888252030833259,0.04667453185235625,0.040464965288898,0.020139934774892426,0.004468537250594494
0.8988062816494734,0.06727064801197817,0.016551826002714026,0.0141546417837352,0.0032166025520993283
0.8430756487097925,0.06137637022052103,0.05304286631015306,0.03584628662671814,0.00665882813281533
0.8155935222653177,0.0864689482445769,0.05071563067331515,0.04094890170100958,0.0062729971157808005
0.7924399415409399,0.08914986580936915,0.07984586977655117,0.033298420023722276,0.005265902849417417
0.9058369189071405,0.03786394044988659,0.030330944497651446,0.023074670001557,0.0028935261437645784
0.944109503108281,0.022877905494902154,0.019688759296900324,0.011712709871319917,0.0016111222285964534
0.7790626547237696,0.12224309566014253,0.05751968197213085,0.034835727311873683,0.006338840332083346
0.8278491859206987,0.07750833421665451,0.05776631396869575,0.03296586462912848,0.003910301264822727
0.8353716106018501,0.06589541423262657,0.05453349749696748,0.0394299366501122,0.004769541018443619
0.7303491531822034,0.0880777847914763,0.11340706999615235,0.061583421517672474,0.006582570512495119
0.6235852530203221,0.1089048364524856,0.1688127602302602,0.08711411724101908,0.011583033055912878
0.8066694495062098,0.1023335878974261,0.0476246055800879,0.03792708180146013,0.005445275214816088
0.7760009171787257,0.09845179838308354,0.06941764422544557,0.04912551978403933,0.007004120428705921
0.9054344074032261,0.02974211230536651,0.0447204640567356,0.01769345545436555,0.00240956078030637
0.9501395430961639,0.013213499530792356,0.02440167177162873,0.010520226732033787,0.001725058869381525
0.9368242184713006,0.02645610962753442,0.024254506706392936,0.010627290547870732,0.0018378746469014493
0.7454040543194485,0.11669249027313375,0.06557573787685567,0.06189850762071223,0.010429209909849944
0.7708201126846376,0.06553346394761164,0.10330954402606912,0.05273765281527548,0.007599226526406255
0.7816591110519504,0.048478466793217864,0.09239290133440912,0.06998741091358565,0.00748210990683686
0.8155597911340445,0.07316251709251133,0.06559620577158914,0.041290543050538565,0.004390942951316423
0.9110890412363615,0.0428394872882353,0.027994808350737935,0.015663431467438083,0.0024132316572270645
0.8468828491546923,0.07675811720318716,0.04902271326810406,0.02336284940056637,0.003973470973450316
0.8353637827484515,0.06393394588142703,0.054165174166286995,0.042639475746709184,0.0038976214571250062
0.8458149188991194,0.05862452297140224,0.04839740654162544,0.04190301849140216,0.005260133096450876
0.8780799205005859,0.060364961381971005,0.030119155041202755,0.02708335816100451,0.004352604915235827
0.8326337906506158,0.06864144881324745,0.054165801793465314,0.040009589792631146,0.0045493689500402034
0.8402558203836181,0.06120601761840037,0.050548384095741326,0.040780225514489565,0.007209552387750657
0.9045572163794343,0.047814275842314506,0.02328483359353878,0.020412224173855763,0.003931450010856537
0.921507329454548,0.03672208104488316,0.02516802053714384,0.01423302474730559,0.002369544216119191
0.9031728880501952,0.052516074873732825,0.025069728573311318,0.016479535884911384,0.002761772617849242
0.9051761803331166,0.03429475809947805,0.03715375789627778,0.020227752084569513,0.003147551586557926
0.9309219845777063,0.03557614396728556,0.016208838784820278,0.015098785044204739,0.0021942476259834255
0.9093541955942679,0.03745428308771913,0.030636903387325172,0.0194389661827684,0.0031156517479191716
0.6841347652524148,0.10428473797855949,0.11745576891825704,0.07234346747515341,0.021781260375615126
0.7431935032298721,0.1492012646359839,0.05434126290640226,0.04901426965712015,0.004249699570621361
0.7028002935767078,0.16456565130423156,0.07904720017459906,0.046124301784338045,0.007462553160123281
0.9026343699705202,0.05602851290427405,0.019515905611984814,0.01819173831082221,0.003629473202399107
0.8939530436168498,0.039523736799725574,0.026710738269660188,0.032218937069942256,0.007593544243822228
0.9323342883134316,0.03771206766590448,0.015539577198724095,0.012243851241135523,0.00217021558080426
0.860387841825349,0.06869212605226076,0.04032645420177974,0.024667662151527173,0.005925915769083477
0.8733903748723691,0.08070890095458554,0.015958363909061524,0.026994911750868426,0.0029474485131152925
0.8641518193551103,0.06956044024833738,0.02646651596894242,0.03437184481698333,0.005449379610626636
0.8654926578780385,0.04485931940122985,0.04739194810115356,0.03526563920367072,0.0069904354159073135
0.8663227619038908,0.06526102891909043,0.025498092855583656,0.03886385880101861,0.0040542575204163605
0.8551895106913288,0.06814234510743798,0.04117426307890937,0.03031736865753615,0.005176512464787694
0.8003937157229591,0.06696110210126438,0.05992432131078237,0.06695734817975127,0.005763512685242793
0.8621652462128578,0.053710852761725214,0.044567195651694966,0.034842591307241204,0.004714114066480496
0.9195058687436086,0.04124528109110333,0.020269974695391654,0.015398514896711055,0.0035803605731852687
0.9036410918352079,0.06107216704723136,0.015260862769192314,0.015750270707261416,0.004275607641106755
0.8783626338437465,0.06231122541233316,0.02230805988082841,0.03316019637736559,0.0038578844857262446
0.8585616696119757,0.068362299149179,0.03622959306631525,0.032036484971155764,0.004809953201374503
0.9502689106778468,0.01846409300068043,0.014396835947514114,0.014794834400961642,0.0020753259729969003
0.8962613586425703,0.07487797693574005,0.01360851449983206,0.01264069050491364,0.0026114594169440726
0.8987335415123959,0.05215446589286076,0.025199140319743032,0.021003207427711244,0.002909644847288833
0.8361085000798348,0.08683017958153282,0.030865928515962687,0.042504911490072746,0.003690480332597248
0.8690660952273114,0.08020863186950956,0.023217069791209608,0.0239611180386668,0.0035470850733024303
0.7853774813210648,0.10774167888591324,0.059687077964764,0.041373029806309206,0.005820732021948695
0.9326773039216963,0.03273772275981058,0.016612761038723202,0.015919745859587414,0.0020524664201824953
0.6968027042949497,0.18484996080486252,0.06123852091608933,0.04808610578476149,0.009022708199337011
0.9042575253946133,0.03044854694034337,0.02537206673732259,0.03646703718876952,0.003454823738950972
0.9282957660120326,0.030726573496536718,0.02306243599475665,0.01622077840110671,0.0016944460955676452
0.9102159785456065,0.04170273200352428,0.02197004238818777,0.02286211545900224,0.003249131603679194
0.7870271163136348,0.12264731892840001,0.053149651368888974,0.03163591508932907,0.005539998299747247
0.8800010815411845,0.047037850756711554,0.03773784773950807,0.030946797959720832,0.004276422002874941
0.9424946353311272,0.029932905387771866,0.011681657786358409,0.013614392282259828,0.002276409212482865
0.8782292901860509,0.053763654118368746,0.0316606078165726,0.030941579715355678,0.005404868163652152
0.9081800390803583,0.043712430338646274,0.0222131686354373,0.02096457083625406,0.004929791109303977
0.8701540949324468,0.048294645334800816,0.04072888281583854,0.033815181365991105,0.00700719555092258
0.8054542166963138,0.09525058139545982,0.04563950628157231,0.04714504517051283,0.006510650456141208
0.892884873703557,0.05321397767738796,0.026169248318968222,0.02395124252257032,0.0037806577775164694
0.9192938235561614,0.03046481174777371,0.022091165092319405,0.01632902948155863,0.01182117012218699
0.8840898635575704,0.06877104181378327,0.02247343478478991,0.02185799234771061,0.002807667496145972
0.9338050707498989,0.035501438603891135,0.011921297734041842,0.016310723975552027,0.0024614689366159875
0.8608382937138487,0.045800124851262704,0.04304159557137542,0.04483730314543588,0.005482682718077376
0.7632168139398067,0.0749100609873664,0.10203167462810919,0.04967742421518595,0.010164026229531704
0.866907594575519,0.07432338757594625,0.03277632362034209,0.02156914067055612,0.0044235535576364875
0.8178880978796235,0.07468120516279872,0.04508918909617927,0.05552571563984216,0.006815792221556619
0.8295993417513892,0.07843127528828911,0.04381670268645577,0.043043179119806874,0.005109501154059038
0.8825432982188111,0.06261824691821828,0.022371814711860914,0.028903162158635143,0.003563477992474677
0.9097123761108665,0.03219413106889949,0.025288364888134334,0.02932814443388298,0.00347698349821669
0.8922663673105867,0.049167062575814616,0.03413562710798489,0.02194462609728182,0.0024863169083319046
0.9427274643782478,0.028067021842418244,0.012726306470209165,0.01489427829442985,0.001584929014694547
0.9503910362238327,0.025734934888789095,0.013722815676624624,0.008351146804946028,0.0018000664058076246
0.9319497296599639,0.02134286445357862,0.030440780688613348,0.014048565918020846,0.002218059279823427
0.7848020123526618,0.08435871843781882,0.0739059590257827,0.05286790092059528,0.004065409263141378
0.8138492659817579,0.07430196531447814,0.06771918677480306,0.0380870899404181,0.006042491988542903
0.8901261595267235,0.043695605857444225,0.04081386642852385,0.02156267296764631,0.0038016952196621417
0.9513471553649676,0.018057684123592533,0.0169650144124937,0.011732087272923164,0.0018980588260229681
0.934923004232898,0.026115946964006563,0.022356811452629365,0.014074593481700806,0.0025296438687655615
0.7786801489679075,0.12751929236061466,0.0628809460626832,0.025209418566654162,0.0057101940421405975
0.7814826935507736,0.15044734489661712,0.036918206878544024,0.026498267921451907,0.00465348675261365
0.9385648398134476,0.02541789840814123,0.018112106793365057,0.015362737060128936,0.002542417924916856
0.9432728603348949,0.02431312296495162,0.020751867276177175,0.009602337837658289,0.0020598115863180357
0.905555061377899,0.03886416924870596,0.03789711657842395,0.01523777615890345,0.0024458766360677116
0.9488647415570539,0.028576739736357794,0.011500813361202756,0.009823588979007522,0.0012341163663780075
0.9257232369043183,0.031128562119426488,0.017089614326881813,0.01862978504527207,0.007428801604101245
0.8413032314148849,0.06982137298546565,0.017235708284343725,0.033797517609116465,0.03784216970618922
0.9022119108264409,0.051661011915644796,0.024108433069128993,0.019251724876514244,0.002766919312271043
0.8635837232314877,0.06881568382137415,0.0317426208886958,0.030218719511636793,0.005639252546805498
0.7656159228026802,0.09284910369237066,0.08554851754633191,0.047729925332311074,0.008256530626306107
0.9197621731310595,0.04101825446516739,0.021210375252162936,0.01572187120902197,0.002287325942588233
0.8988119123667618,0.04724217709490817,0.022493638109550608,0.027321445384429332,0.004130827044350266
0.8193641166228196,0.0852936624872701,0.056131071710317476,0.03440931656488999,0.0048018326147028605
0.868217838809588,0.06617148412321879,0.03574846509338909,0.026773714266026136,0.003088497707777865
0.8558339000730496,0.0731257561226715,0.04082056583355182,0.026112575210135353,0.0041072027605911655
0.7386390711335987,0.16803816496111515,0.044283780797101435,0.0421049955759978,0.006933987532186753
0.8570766093995905,0.060976239365791524,0.038979893175622234,0.03793257587692573,0.00503468218207018
0.8104699286452777,0.11008240426021804,0.04082428135736911,0.033334168571030894,0.005289217166104327
0.8345114876226902,0.0697463534858255,0.060770965048440394,0.030683999304082457,0.004287194538961474
0.7146752652437864,0.1471084538649654,0.08718367873643335,0.044475422564237296,0.006557179590577337
0.9415203659580961,0.03340669819881583,0.011671214502821457,0.011377212289760581,0.0020245090505062076
0.9199506148044337,0.03254614609622541,0.02573282876425509,0.018974282211128127,0.0027961281239575267
0.9123929664482551,0.03939727567404445,0.028719451500671418,0.01736500225765615,0.002125304119373035
0.9072106493605425,0.02700294997791174,0.03407227185495831,0.027074012397287493,0.004640116409299825
0.8695035244551239,0.04854749841340046,0.055079693417831005,0.022085968831580646,0.004783314882063947
0.9612136443309365,0.022365723587730424,0.008356770017467399,0.006719148234629418,0.0013447138292364427
0.7507163998251235,0.1211429032539288,0.06970730996867265,0.04749144682963572,0.010941940122639363
0.8143549470203281,0.09417084889874,0.04765624750716241,0.03751217706216978,0.006305779511599746
0.8571769122657731,0.05631850629691692,0.05149844201545442,0.030341398329605865,0.004664741092249629
0.9102308874802129,0.04164406917781392,0.02356717544686421,0.021766951610757434,0.002790916284352084
0.9009664626351459,0.04359735648276649,0.03409824555957426,0.017796696216378378,0.003541239106134783
0.8665584033576509,0.03297381098776502,0.05977915520337738,0.035266593378950474,0.005422037072256079
0.8736280037376257,0.052792410860934585,0.04347320410463341,0.025357562444629726,0.004748818852176537
0.9283611907916204,0.035491543586223945,0.020934640201936815,0.012887636707953377,0.002324988712265737
0.936878933637607,0.035400355463611005,0.01386783838252829,0.011881702071280571,0.001971170444973016
0.8888538996037433,0.04642128639420036,0.04093409513919914,0.019712576838881404,0.004078142023975804
0.8762713513712269,0.03224005757439519,0.036879026131024624,0.028651335874278334,0.02595822904907516
0.9025355940803064,0.022615824716817716,0.017582091160542487,0.027767912741525486,0.029498577300808185
0.9187177458499941,0.04079300431202449,0.021640246006657392,0.015765918555082917,0.0030830852762411386
0.8874428875745974,0.04878532972537696,0.030425909506863295,0.030000280101414038,0.003345593091748339
0.8947085540016105,0.04869887211797867,0.026579750003195932,0.024998714351890654,0.005014109525324306
0.8080178852324751,0.08844200308797327,0.05851739379478619,0.038380573478894,0.006642144405871641
0.8309369354956417,0.07046469334110125,0.05330338308742585,0.039996945539352124,0.0052980425364790714
0.8900923885076025,0.0531645001806859,0.03270515052160991,0.020761088287349495,0.0032768725027519812
0.769414184259529,0.14641747896789434,0.044607398943076394,0.03322386031278491,0.00633707751671521
0.9107541757959372,0.042712558940783976,0.022130273647025057,0.01936303629896856,0.005039955317285186
0.8715905656667974,0.04952216258964597,0.04657082561933683,0.028630389998181353,0.0036860561260384957
0.8181740829235828,0.12381398252171008,0.03465948700610776,0.01957116928454968,0.0037812782640493283
0.7901249297839025,0.10658392464396703,0.05586079511870842,0.04042170102438519,0.007008649429036829
0.8394821501605979,0.07323644683734333,0.04490235359483952,0.035491809777358295,0.00688723962986088
0.8600277149579081,0.058114555973261865,0.04987512203131148,0.027005396583380106,0.0049772104541383
0.836942908502347,0.0705121188419737,0.04818645117417484,0.0393649706319169,0.0049935508495876964
0.8431613593304214,0.07139559130944179,0.04628111345035454,0.03272624142084484,0.006435694488937321
0.8691060473463782,0.05382023873616766,0.045719737999930295,0.027552831400866486,0.003801144516657417
0.8734653329885573,0.041807471135043475,0.052834609193689326,0.027478784244100097,0.00441380243860983
0.9000173254387284,0.02936975631847415,0.04533119120784381,0.021349808515897687,0.003931918519055939
0.8056009755597452,0.083352138146274,0.0697039334369731,0.034997558933339334,0.006345393923668459
0.9402153209318327,0.02979771661425628,0.017279550825207008,0.011025207496036993,0.0016822041326668537
0.9376450001747532,0.015579968360379988,0.02862449024292607,0.015546646309338668,0.0026038949126022852
0.9019146717045565,0.04307917771685976,0.032540474300117875,0.018276058653957625,0.004189617624508272
0.8463652367939075,0.0905951996858319,0.031355743206198564,0.02732649932927443,0.00435732098478761
0.8734666806697168,0.044372340448956916,0.044004271276110445,0.03334812789157703,0.004808579713638702
0.8762373109028204,0.0484572678735879,0.041469785746222884,0.028961437313454852,0.004874198163913973
0.9279801471021368,0.03083826121990333,0.02020650129218826,0.018836870442757937,0.002138219943013432
0.8833690399301772,0.03706422909418375,0.0476045166831853,0.028343192473064608,0.0036190218193889487
0.9102623801178696,0.03779406399951558,0.032410066308943004,0.016718592640266056,0.0028148969334055693
0.7988815761426556,0.07648183020014028,0.06986735380999834,0.04652375232391736,0.008245487523288573
0.8308201219548964,0.07247578063251338,0.053365055408217496,0.03723296785734406,0.006106074147028816
0.7792231472755651,0.07932118333082654,0.07550883916694548,0.05799725500871735,0.00794957521794559
0.8123096980628476,0.07237007520728102,0.05468217116035356,0.05032048617765542,0.010317569391862617
0.7658794885049501,0.09683624067366145,0.0918406065062152,0.039906351969917535,0.005537312345255513
0.8965940757088616,0.037413523103776006,0.04314629707450626,0.01909161409934249,0.0037544900135133663
0.830995742762607,0.07124757654114891,0.04510965317601655,0.04656644483018131,0.0060805826900463145
0.9095407539816991,0.03532646503046814,0.027652355038673984,0.02474188437259208,0.0027385415765665585
0.8486059057462092,0.0690150099993625,0.04688723170863113,0.02978205817228816,0.005709794373509308
0.8855154198822919,0.07617472307040953,0.01569552866976917,0.015642687024249927,0.006971641353279623
0.9061327327584717,0.03075779836299329,0.01443901050199001,0.022208052280605545,0.026462406095939375
0.9147622196665972,0.03076995066311265,0.024142814676708778,0.02335074298916329,0.0069742720044183
0.9017019638216048,0.05068164599233491,0.017370186013214783,0.026214409280430336,0.0040317948924152025
0.795187723833259,0.09275198310396494,0.05664470019725041,0.04780728792814168,0.007608304937384082
0.902344024627812,0.039991816839648635,0.028271015094045164,0.02497410170379236,0.0044190417347015395
0.9170856620029447,0.034780681316399026,0.01933710268647894,0.023292489580964082,0.005504064413213203
0.8755292717738096,0.06638822475130314,0.03608693063501676,0.01789687833469385,0.0040986945051766045
0.924192401398722,0.03351883968045889,0.01896732013145824,0.018956936521454155,0.004364502267906497
0.6937978255208814,0.08919861927440832,0.1348232005029673,0.07087083793554029,0.011309516766202572
0.9247131586418681,0.03434088965860668,0.023642479105024004,0.014921151881382362,0.00238232071311869
0.7592502215162082,0.12666410903281106,0.07072613855594188,0.03465077555368746,0.008708755341351355
0.9334489817603334,0.016719297199918562,0.03553755471867779,0.012038018192735018,0.0022561481283353483
0.9302553634665556,0.03583223971703361,0.02374057058514384,0.008309777303979438,0.0018620489272876163
0.7633741872534862,0.12488703722484851,0.0665971586528702,0.04008655210885282,0.005055064759942486
0.8523841831410001,0.06462238725759037,0.05118420330366622,0.026373571547265613,0.005435654750477616
0.683921310998556,0.1836668782517046,0.08019560593403259,0.04179992299888113,0.010416281816825723
0.9325422351909188,0.03518013354982654,0.017139079421965096,0.01242730776735581,0.0027112440699337994
0.8923140797283589,0.03237083628467876,0.04683616606919103,0.024499044127957528,0.003979873789813862
0.8800951495314036,0.04966917455735179,0.04352767696804534,0.023552551224948672,0.0031554477182505884
0.8875386366184513,0.04290460688877854,0.04774553341841806,0.017713985673913933,0.004097237400437927
0.806238469503707,0.10633191882183086,0.04665411769663837,0.03547928311932544,0.005296210858498338
0.9060303589520871,0.04449181204657151,0.027040199834674164,0.019316499050041496,0.003121130116625678
0.6976544997356007,0.1912636917827904,0.06418748165419787,0.04077374528566551,0.0061205815417453195
0.8373955854463223,0.05986115253726962,0.06634597929101893,0.03018593991766128,0.006211342807727956
0.8321253364782958,0.0577390712480017,0.06604811088172223,0.03512978854473272,0.008957692847247253
0.7766528902315714,0.12193490691671105,0.05398075285089343,0.04125464836042665,0.006176801640397518
0.9393409196863352,0.022200735996066142,0.01753488535195352,0.0185201372825636,0.0024033216830817326
0.9099482107650498,0.04395322291102931,0.0278640648104099,0.01586259316190998,0.0023719083516010016
0.8547624310822662,0.08804909968696054,0.022288522655045447,0.030312101388829955,0.004587845186897816
0.8681941937567004,0.06372591664092048,0.02871418269271829,0.03269620801545467,0.00666949889420631
0.862829953504361,0.049187267653162337,0.04887202402584195,0.027293147724088865,0.011817607092545658
0.8819358244964669,0.04883228929748421,0.04183828047413126,0.02321293887161017,0.004180666860307324
0.7701738017318506,0.11400291691471656,0.054887833425243004,0.05011137951814299,0.01082406841004698
0.8814342659665076,0.0483257138736586,0.03624323350445655,0.030126666747460236,0.0038701199079170367
0.945230701088406,0.016307026208211253,0.019116421063395613,0.01696757830984171,0.0023782733301456658
0.9292321477723483,0.03509662431301907,0.016720342666193443,0.016204449581026438,0.0027464356674128825
