Delta_Power,Theta_Power,Alpha_Power,Beta_Power,Gamma_Power
0.8435994691827552,0.09213388542157176,0.025823836169713926,0.01825845361066221,0.020184355615296735
0.924237566441667,0.043133964923435304,0.013036955761499583,0.010121308990407965,0.009470203882990406
0.9430389226531596,0.02986234107135035,0.008361520151649175,0.00928168288232101,0.009455533241519926
0.8542402923478742,0.1086525208204011,0.01537229718588325,0.014652166424258648,0.007082723221582747
0.9058724685189005,0.055838832822379676,0.017543416622909265,0.013772731517454687,0.006972550518355854
0.9543349457799943,0.018636306082206778,0.011088849901192696,0.010372490572512964,0.0055674076640933575
0.9085548881391672,0.041153643795268695,0.021745125307093622,0.015184730752792405,0.01336161200567814
0.9156049522743015,0.04826366608382777,0.014885558377725937,0.013523447853418562,0.007722375410726031
0.9450253882414329,0.03929675117942689,0.006511779775035017,0.0052954128924057,0.003870667911699545
0.8907373160738693,0.06069038295131226,0.023131795602822063,0.016063854649935226,0.00937665072206109
0.8910809114506282,0.055320191945669235,0.02544557590241241,0.014911917994604035,0.013241402706686164
0.9218263049937694,0.04839881963500046,0.013751226789898109,0.01019123419559175,0.005832414385740383
0.9003340155241197,0.06211593002202395,0.018607692336284516,0.013554392695759533,0.005387969421812399
0.9227602782777279,0.04522059453544184,0.015039077205355833,0.008347557396237692,0.008632492585236665
0.9440411779316092,0.025496453791252052,0.015189409486492608,0.009162307980437458,0.006110650810208544
0.9423058705642606,0.026187943711805065,0.014462533757321597,0.011019061740379569,0.00602459022623314
0.9344387370273908,0.0433041500593465,0.009867692148695137,0.008146478662235696,0.004242942102331946
0.8359500370859869,0.0811397700282666,0.04286302305832967,0.027794627040340268,0.012252542787076513
0.7801734062426006,0.1254623060163863,0.04227668195299844,0.028878408204967544,0.023209197583047108
0.8287987410526461,0.11726697990173805,0.02502324626337804,0.01802462283964879,0.010886409942588977
0.8719240061987763,0.0592344273864631,0.031770234860487065,0.026062402115910176,0.011008929438363277
0.8977639897031133,0.048667541142499056,0.023976929470128656,0.02065079200541042,0.00894074767884863
0.9608116641553893,0.017721767247013118,0.010800538910896445,0.0065426795066511325,0.00412335018004984
0.9274926595648275,0.04388751067305948,0.014742393010071114,0.008863443997090596,0.005013992754951061
0.8634602501034898,0.06957490791281072,0.03409668064530911,0.022117542679532233,0.010750618658858018
0.8907370944245553,0.05233917884647824,0.029720472271705854,0.01825320109062958,0.008950053366630763
0.9581257499779422,0.014841837500369335,0.01415086028750551,0.007929311138142815,0.004952241096040294
0.8640786564879535,0.0464122204374132,0.04277775802926768,0.02159938487845322,0.025131980166912652
0.7031369749182002,0.20019269070299478,0.052888548614027316,0.028669824455097637,0.015111961309679837
0.7074435363328729,0.15080470461929926,0.07420331768438895,0.045069300539930766,0.022479140823507875
0.9446261659175604,0.02391866772526477,0.01713055148945301,0.010072927191107608,0.004251687676614385
0.9203721652639688,0.04375679448430046,0.022573788132723788,0.00784501743192054,0.005452234687086706
0.9544880865855541,0.028722094014375334,0.0072357367705528615,0.006026398021597458,0.0035276846079201167
0.9300165391055825,0.03785626465283496,0.01125077034404185,0.015466550897326813,0.005409875000213885
0.8638061239202343,0.07898052834928888,0.02348545260536515,0.02047453704722814,0.013253358077883562
0.861682325323069,0.07129628999400378,0.028612246627784027,0.024763269056460556,0.013645868998682935
0.7428216586465598,0.16339195473393267,0.046054028206963214,0.03290523243354825,0.014827125978996134
0.9247554306203191,0.044229060599969325,0.012920064199554935,0.01176349869036277,0.006331945889793778
0.8994010408052276,0.06130945575096974,0.013362574513888554,0.015839930776523393,0.010086998153390644
0.9497474835080754,0.029608949368967807,0.00481298792409235,0.011287989359496778,0.00454258983936771
0.8129178278443768,0.12220235778091353,0.02047418056497906,0.020966236437554138,0.023439397372176467
0.8852619837753821,0.06031590994265185,0.025012751257934847,0.01906478853545954,0.010344566488571766
0.9151701237548286,0.041481181905118014,0.020732311738565348,0.014353051164644958,0.008263331436842849
0.9227439770111885,0.048963964641003735,0.013460671792319013,0.009934151393097763,0.004897235162390729
0.925634635620251,0.03223882548642122,0.01952872106745472,0.015682490304823795,0.006915327521049528
0.9640729548049577,0.0132783956280864,0.013784291591121541,0.005573321570482186,0.0032910364053521488
0.8597759007587632,0.07924704339593781,0.03293899481833084,0.017503701788877998,0.01053435923808991
0.9096849039602695,0.05448975895545349,0.016782244545666007,0.012428835785899924,0.006614256752711158
0.9552321887424698,0.018457033158404714,0.014849827929417825,0.007770971822867809,0.003689978346839959
0.8633624314186384,0.08480485160011307,0.023211102013652167,0.01949944971879104,0.009122165248805363
0.8130086889691651,0.10026119206970648,0.0434186579471689,0.031147456984896682,0.012164004029062554
0.887784220039396,0.06419056959880574,0.021946050017787613,0.017264404795144475,0.008814755548866154
0.9093465995362012,0.05424953241540807,0.01945464632705979,0.011010014113197167,0.005939207608133754
0.934094691971312,0.034232481305821426,0.01727718435943937,0.010030828952068525,0.004364813411358618
0.9051069551022564,0.028339800149192778,0.02447985914786324,0.016936684442100336,0.025136701158587356
0.8602326705638207,0.09122057596839893,0.026036664407556403,0.015227204695520122,0.007282884364703846
0.8485057038822248,0.08638680357846562,0.03835532909898806,0.01755898575349333,0.009193177686828178
0.8940333706876933,0.05979999967687362,0.024776909817262893,0.013851192557468502,0.007538527260701785
0.911624877126726,0.05559674609766554,0.0151500260191842,0.011438275809664254,0.00619007494675996
0.9161493508111664,0.04785165658733764,0.010866862134566186,0.013386396732143799,0.011745733734786252
0.8749789256191459,0.059579892327786016,0.027240596891609178,0.020851108298464073,0.0173494768629945
0.8405395453744029,0.06054163356024143,0.04178537677924075,0.03399163283895528,0.02314181144715942
0.9433580974825213,0.034200827545838176,0.008253514595740056,0.008743901268149425,0.005443659107750867
0.9085669066085752,0.0511689999332037,0.018731214341390377,0.013292143846596856,0.008240735270233755
0.9397532485054185,0.025670787686590146,0.013233759013372638,0.008567669230730058,0.012774535563888797
0.9012199439545219,0.05537373109260394,0.017466797730587517,0.01620498554099995,0.009734541681286693
0.9546910614317907,0.02343760534533022,0.012845199020354907,0.0058240765436374095,0.003202057658886739
0.9034682002651141,0.06283775188487946,0.018812808085003605,0.009746664174877191,0.005134575590125687
0.7863250681917133,0.12533971469909574,0.04522948026157221,0.028440504306057133,0.014665232541561794
0.9074461758597112,0.0471403490194182,0.02166723713481845,0.01663523801617557,0.0071109999698765495
0.7001881109264224,0.15705958667139258,0.04510073289055032,0.0445707171140043,0.05308085239763032
0.9132534816467742,0.034072512423514174,0.023188190612948852,0.016309116563494774,0.013176698753267893
0.9285695328601782,0.029038123310370013,0.012513624730307208,0.012197517892758795,0.017681201206385805
0.8552102755617584,0.0631897054138548,0.0278443689383868,0.026631167832314263,0.027124482253685772
0.9106953092862597,0.03157411693895795,0.02384853108728482,0.015263995830101802,0.01861804685739554
0.8745361593169492,0.04511529446443815,0.03907743351407673,0.022158671170253795,0.019112441534282047
0.9261094646439922,0.034382416219579506,0.01703192993414399,0.012730308246282932,0.009745880956001297
0.8518616151484384,0.0540284837597444,0.019762377326005717,0.028169788968002055,0.046177734797809324
0.9177701074281456,0.026509369652986156,0.024576909683323357,0.018313613587927702,0.012829999647617388
0.9543300863566352,0.023393985861128803,0.009523933133974724,0.00817551935020573,0.004576475298055643
0.7355528795633457,0.08419248283718476,0.03603504353050217,0.045246137061233066,0.09897345700773427
0.9276421628467979,0.02167768049146314,0.029311368346568487,0.012809948792469095,0.008558839522701272
0.9434066647494185,0.025110863030830054,0.013267936730083002,0.011591018560324315,0.0066235169293440525
0.9102239903859732,0.040797686419951934,0.0199555028542032,0.01736783902595185,0.011654981313919899
0.9367005855099308,0.03147965698404455,0.010562823904403685,0.009493809967902543,0.0117631236337185
0.8698527507562356,0.06248078156869938,0.029898873737775063,0.020775452034390497,0.016992141902899296
0.931478862773155,0.025731696566320083,0.018200346928747183,0.016910227045182576,0.00767886668659526
0.9216937730114603,0.0378050509003511,0.015725124671014036,0.015588031186918008,0.009188020230256696
0.9125960063552202,0.05633287877060977,0.012505569077494273,0.01336110268793723,0.005204443108738527
0.8889510557626086,0.06578353045348793,0.023545345270070215,0.013410104082824033,0.008309964431009377
0.9513821939180271,0.026432704803168106,0.011014267583226671,0.007114793885133363,0.0040560398104446255
0.8826475132243595,0.0671598742579077,0.018452079621026365,0.021709777165027744,0.01003075573167885
0.9096273529955099,0.048850004911878034,0.022754906930686263,0.012512056507700391,0.006255678654225557
0.9239088153072765,0.051092212884436286,0.01400504790531576,0.006785445342195933,0.00420847856077536
0.9029518701891628,0.062415932143094495,0.01758604216514525,0.010962053194672923,0.006084102307924401
0.8561398197286447,0.08106295580711533,0.0326386721791927,0.020267773906709446,0.009890778378337536
0.8600642424438749,0.06673080694901708,0.03724366189085994,0.022121604659329788,0.013839684056918052
0.8926177791262346,0.06440600865697872,0.01454068037070752,0.017352342854274148,0.011083188991805085
0.8548350484186705,0.10287041658070874,0.015987620272872746,0.017817970968765244,0.008488943758983116
0.9080954702694078,0.03322050574223356,0.027774479170478934,0.02209232773527579,0.008817217082603808
0.755556704999875,0.1618351495148025,0.03335182282679304,0.035265473159391936,0.013990849499137464
0.860442971548236,0.07215210238172261,0.03127037690962765,0.02751771643837508,0.008616832722038573
0.8987102347322309,0.05653615384328616,0.017554300252009637,0.013618255294291916,0.01358105587818158
0.8996503841370445,0.050691365822315246,0.02398957549540276,0.015299830216550478,0.010368844328687104
0.8817781391244541,0.0385634295963233,0.05203756330523135,0.01974998692076504,0.007870881053226112
0.8682904681096295,0.05937960633314731,0.03686712035626287,0.02378750563450139,0.011675299566458837
0.8059255559720511,0.12180115775114628,0.03154387790317831,0.028146418865697333,0.012582989507926978
0.8852649403520192,0.05830866365927934,0.02560419793654281,0.020861609470827647,0.009960588581330896
0.8966331134061319,0.05579899681907894,0.02094089205013032,0.018698477065948967,0.007928520658709972
0.887020547783397,0.03632072190797217,0.04200892237560543,0.023184095524992565,0.011465712408032932
0.9456155935441689,0.028781146603060876,0.011727824101429269,0.009123469558203878,0.0047519661931371485
0.947050946531998,0.019776232603157702,0.019754930151126827,0.007987379274751074,0.005430511438966627
0.902413244084944,0.05783853146532599,0.019004740832845382,0.010862198521350714,0.009881285095533831
0.9465640730465027,0.03164288834702896,0.010151450223331705,0.007291415580702228,0.004350172802434504
0.7929770906938988,0.09435957322088286,0.03753376117517439,0.028490224964063338,0.04663934994598068
0.8902135262274326,0.06177639969353853,0.021828021111120234,0.01718173435589653,0.009000318612012191
0.8889036712600373,0.054532211309542826,0.027026740349804027,0.018572301780639375,0.01096507529997652
0.9357575323995068,0.02512125265395675,0.018179709293111548,0.013273311921059908,0.007668193732365098
0.9014200985893085,0.04238742947215267,0.031420678234351344,0.017015813133577973,0.007755980570609378
0.8137030647696184,0.10521015610631779,0.046988386681634034,0.021895274244804898,0.01220311819762478
0.952401930187058,0.020939703777051233,0.013362658063615576,0.009408604024671191,0.003887103947603937
0.8649863311430536,0.06520713022023092,0.03442639574489126,0.022589684716098464,0.012790458175725706
0.8887951125489834,0.06553518170185155,0.01910770043174354,0.0168762628072813,0.009685742510140287
0.872696067793748,0.08645463743118906,0.018853591427390265,0.015295609658114792,0.006700093689557722
0.8807069081269809,0.04945427791821847,0.0304421694112083,0.020280023894078444,0.019116620649513836
0.9533900453192027,0.026190703085544463,0.009550156831502291,0.005602088047571801,0.005267006716178841
0.8871005725590128,0.052164389783477705,0.03508901436987032,0.016446583989413843,0.009199439298225521
0.9018997802179902,0.031810407414735266,0.039508697379811906,0.014002189810795809,0.012778925176666863
0.9546702429479142,0.015475989970498216,0.013536049676910559,0.009940496670653767,0.006377220734023218
0.8963762973996953,0.053336478409066794,0.02770470695027271,0.014193077039177023,0.008389440201788374
0.9334531244875395,0.03544051655226043,0.015147560844806703,0.010800570871826762,0.005158227243566464
0.8281448326268752,0.08615059339883246,0.047041999771365285,0.025588445533166845,0.013074128669760227
0.9171199170806782,0.04728873233018548,0.017115016533799945,0.012392945025366774,0.0060833890299696255
0.9127699407157006,0.04812582134641908,0.021151032220174837,0.012244952224098712,0.005708253493606787
0.9497259211229894,0.023291587208764515,0.014408644751200352,0.00928465601659193,0.0032891909004540355
0.9580922935027029,0.024799700629410417,0.006978177431679528,0.007358243101435116,0.002771585334772253
0.9093117003501293,0.04389352261795201,0.020839149920760365,0.017001130689820947,0.008954496421337362
0.8691345871077695,0.0662047414980439,0.0329174669851409,0.019117811603007427,0.01262539280603825
0.9078204964346258,0.040001655240170395,0.021741536926943965,0.020712700349956918,0.009723611048302763
0.8986757073513708,0.05052181336643648,0.027078079549933524,0.014948743031199335,0.008775656701059767
0.7581333980651133,0.11237821979460548,0.07322442371387988,0.0406277902404302,0.01563616818597135
0.894104982897846,0.035237999162631865,0.028894049899399667,0.022729106885493035,0.019033861154629628
0.9107582640217426,0.025975317126898,0.022837913798637362,0.017923545236176383,0.022504959816545392
0.8109223765997602,0.04781224536530098,0.08451170260253554,0.039415691593759836,0.01733798383864341
0.8799004263203408,0.05424265100224351,0.023143081495509452,0.03189898342344455,0.010814857758461435
0.9159651680029626,0.037870062154035954,0.02297930650159237,0.016194852158711782,0.00699061118269719
0.9196287024038126,0.04270695563883803,0.019779839671578894,0.012319140154546661,0.005565362131223979
0.8892266725951358,0.06453647515858477,0.026133165844248712,0.012573830112261826,0.007529856289768813
0.8903572151087961,0.06826985469315212,0.021627095725532255,0.012648324993171594,0.007097509479347783
0.9537524375408953,0.021847608789638776,0.012461351361583835,0.007686486298508016,0.004252116009373772
0.9388710453128091,0.021401358951490076,0.021660950091748635,0.01188527779379197,0.006181367850160201
0.923411881138297,0.04593351735213128,0.015364040244032345,0.009254245859029503,0.006036315406509961
0.953209736029279,0.017275020801458964,0.014392431652169661,0.009240893275520228,0.005881918241571938
0.7911310085497163,0.12015207234739538,0.0386649423621435,0.022904047774316667,0.027147928966428116
0.7388454276139158,0.1309079667522814,0.04985961228898912,0.026016420612157025,0.05437057273265655
0.9212393955868176,0.03676634693777342,0.02098293306184794,0.015977266685732714,0.005034057727828298
0.9006077055763032,0.05459246956368168,0.021253033320158328,0.015299613234389133,0.008247178305467806
0.8963918398733952,0.04379954025119641,0.037758199936558545,0.015268263982014738,0.00678215595683518
0.9470438574472378,0.023963897269816143,0.01639021938410881,0.00905307500657162,0.003548950892265719
0.8896384127204006,0.03545629150834802,0.03556113276495728,0.028530578877764973,0.010813584128529211
0.9426112206160997,0.027515901970239287,0.012633488151732226,0.011416489949144383,0.005822899312784289
0.9431565950971376,0.021424790031457603,0.02095705729528052,0.00918572424180227,0.005275833334322278
0.919630347673151,0.03138635570292681,0.021583946143676588,0.019749185207521384,0.007650165272724324
0.9156634887450156,0.044761088925685776,0.020491434585424715,0.012471556047267173,0.006612431696606764
0.9004876852984387,0.03984834020619211,0.03697908298430174,0.014144991463577002,0.008539900047490298
0.9482850285503078,0.022682516184165814,0.016306150453860354,0.008426601224983838,0.004299703586681991
0.9308128246921048,0.023579784640412084,0.0074295804867462855,0.012969367944299811,0.025208442236436864
0.9230027159178772,0.02425614611226129,0.02496781463086936,0.015857080356585604,0.011916242982406507
0.8988837583799147,0.04181737868164428,0.03050875375720287,0.01604803964904531,0.012742069532192826
0.8663781261388832,0.045336784742206565,0.049381147238147356,0.024557438630583274,0.014346503250179698
0.8543277091193207,0.07231367051765737,0.03366015761673821,0.026715593713497077,0.012982869032786644
0.9370036925868003,0.03756029807223466,0.01176144641013591,0.008869847247317068,0.004804715683512017
0.8816992472225169,0.056023922404065514,0.03139533956503057,0.021430365135905603,0.009451125672481618
0.8760816883650542,0.06330565269524445,0.03310360952008133,0.021098931710207897,0.006410117709411949
0.8418280376561813,0.07085908843501375,0.05006527385903537,0.02617180119085812,0.01107579885891157
0.8606622018108988,0.0783647840262944,0.027603800949987035,0.021552777220592984,0.011816435992226731
0.8955652661124136,0.0547629224290926,0.022298393296841475,0.01911101185097302,0.008262406310679276
0.9405414825665875,0.023134997025533132,0.022237055512265225,0.009515962762359564,0.004570502133254415
0.8596774308079195,0.07230132415950062,0.039680388427773626,0.019840663641101798,0.008500192963704288
0.9308575126973484,0.022339578695535742,0.026866429876547845,0.013208058610420088,0.006728420120148149
0.9080578934719357,0.047054567003954446,0.02564995311464172,0.013065968521475124,0.006171617887993073
0.8613074582172257,0.08087025017864308,0.03323567966447257,0.015460390458168232,0.009126221481490546
0.8358906466970144,0.11629057781945348,0.02032810623865568,0.020322367053642553,0.00716830219123381
0.9097388208227685,0.019283212180309213,0.020256711202259227,0.019854091227979435,0.030867164566683564
0.9471333872143667,0.018877725864610468,0.012331816845175288,0.011154677529921258,0.010502392545926276
0.8846491878602821,0.042771864145996076,0.03956748476662526,0.0228201718546049,0.010191291372491739
0.8785738694216897,0.05307970509656766,0.03328473580391667,0.02493546284734529,0.010126226830480534
0.8765795975605122,0.06464298047553908,0.031443607600309516,0.019176555050534602,0.008157259313104664
0.7718882633570873,0.13035224818648802,0.04359702237521573,0.04015916671959453,0.01400329936161449
0.8223372705863019,0.08909009640824021,0.04734828107522833,0.03014117283899384,0.011083179091235783
0.8671489153945963,0.075552972110413,0.028541105932981762,0.01958345752902878,0.00917354903298051
0.9076734260228662,0.05026231641759404,0.025231308056529043,0.01258623250777093,0.004246716995240001
0.841805254176548,0.061635270621602636,0.05811043259601483,0.02705851812125767,0.011390524484576954
0.842613899768625,0.0530634599737654,0.06382752330645627,0.028053714770302038,0.012441402180851203
0.9122698227505102,0.03449307333742109,0.03289153361299631,0.014647910560446285,0.005697659738626315
0.8897738691178847,0.06800244382371641,0.022529068698737092,0.014630295014302776,0.005064323345358954
0.6509225091912632,0.09266672245528318,0.0392711641582745,0.09584618262991813,0.12129342156526089
0.8575560084249907,0.07700306764200472,0.03503960958546302,0.019931287841367763,0.010470026506173978
0.903559395161122,0.0432647135281407,0.02931605389444761,0.01605903984685986,0.007800797569429748
0.9300313280132053,0.028508915621393446,0.024179071406555223,0.012023232161279051,0.005257452797566985
0.9127518460785476,0.044491927480001,0.026477348852960488,0.011961094658464124,0.004317782930026615
0.9537697883054551,0.019557049788294978,0.017539364868245786,0.006766932589802602,0.00236686444820154
0.942314849489749,0.02660945865244856,0.017040185374199632,0.009428719129300937,0.004606787354301718
0.9431651066645886,0.017833566295225516,0.023456410013866683,0.010832297043233125,0.0047126199830860235
0.8884924823923167,0.05186331874283389,0.03150100565134596,0.01930786669165954,0.008835326521844034
0.8181753541573484,0.05930111320168797,0.07278047249581689,0.03513676919212534,0.014606290953021142
0.8039832181173234,0.0718940658875631,0.04645818837981158,0.03270264154722342,0.04496188606807864
0.8330020856286562,0.10580495689613277,0.028359997498841685,0.021114458447290648,0.01171850152907865
0.9378433858706313,0.02908954193586994,0.018571791079154385,0.01032639933883543,0.004168881775509255
0.8686415879827463,0.08580472721430327,0.023999839373049964,0.015418270272932879,0.006135575156967515
0.9015763614483826,0.04807010622753548,0.02486613118400045,0.01874611870757712,0.0067412824325044215
0.8271127206812546,0.09259235746356018,0.03513695130956384,0.02827949376000002,0.01687847678562147
0.8483226182247715,0.04186032185593777,0.061861468730407564,0.03602577114446975,0.01192982004441334
0.9004058116414316,0.057280965011460926,0.016903649046639806,0.017945310447572176,0.007464263852895574
0.967932926612621,0.01614598122537116,0.0067343278476914405,0.006476300925576679,0.0027104633887397953
0.9441076765482614,0.028801425882762518,0.01315699899253187,0.008734494131592574,0.005199404444851781
0.8956793168069419,0.038351175480307545,0.028218544550518407,0.026533033287243955,0.011217929874988238
0.9164132225375827,0.043812988406337953,0.023297667960235552,0.011336552346493518,0.00513956874935037
0.8453905187003898,0.07310893601490397,0.05028750597972316,0.02116833130106083,0.010044708003922133
0.9066069724331419,0.04828766887586001,0.02543937628728955,0.014651528118914818,0.005014454284793466
0.873741259354603,0.07589557419470773,0.02761993478715213,0.015582656954523846,0.007160574709013328
0.791835522830325,0.11466609185767003,0.0591523768367651,0.023567839575552293,0.010778168899687558
0.7267975411409698,0.15024510391307755,0.07178984820121867,0.03578316516229236,0.01538434158244181
0.8828318169634007,0.051994987517603806,0.03716312962783627,0.019291172246368914,0.008718893644790122
0.9210712001279484,0.04010903090588746,0.020121186588463267,0.012851336976199838,0.00584724540150082
0.9450480402799051,0.033361179283841226,0.008084135898713415,0.008447270841929106,0.005059373695611227
0.9268966918561992,0.034086282438670935,0.017485665199161234,0.013994965030988316,0.007536395474980389
0.9089468208645902,0.03337084338242494,0.02555139486508461,0.02088710614951589,0.011243834738384403
0.8983702778326375,0.04224767055336445,0.018806636529622972,0.015090930279767822,0.02548448480460745
0.8518569105380017,0.07824937624027463,0.035376639359012904,0.016923727878180108,0.017593345984530905
0.8508011225854065,0.07155342805439502,0.04052770309159603,0.024165792316868023,0.012951953951734246
0.761529712825375,0.14245942437003786,0.04325305449295465,0.039339523924888355,0.013418284386744342
0.7024239411806679,0.18314393541562066,0.05637438911916469,0.04102364205587115,0.017034092228675746
0.868658567203846,0.06926672313916897,0.034496486671342225,0.020083686014090094,0.007494536971552415
0.8896837649979598,0.05376154286875415,0.03128691271409042,0.017933013390718976,0.0073347660284765635
0.8908933655959307,0.05784644440070602,0.022341919243305614,0.020641583618015758,0.008276687142041687
0.9272099435936942,0.03212119867512134,0.01733489996069724,0.017023913690676414,0.0063100440798104646
0.8907796838199862,0.058133480012892015,0.024257138093416845,0.02038486552703729,0.006444832546667597
0.8446317503108012,0.07328864611319882,0.04211354006797946,0.029505464645039024,0.010460598862981415
0.8434827997301462,0.09312068328222911,0.034535689873542254,0.020342381959164477,0.00851844515491786
0.9031096265164659,0.039625477114179596,0.03277611264958363,0.01530909332932024,0.009179690390450608
0.9508333148743084,0.01924156088264424,0.01374914277853376,0.010483915803311296,0.005692065661202178
0.8771675632247571,0.07737835066266577,0.018524664034621365,0.013168020576199828,0.013761401501755938
0.9416301033370242,0.03475355835155516,0.00937881727945324,0.008189861985470653,0.006047659046496779
0.8290615858396286,0.10604933510249094,0.02909976603836586,0.027058143241017164,0.008731169778497545
0.7823250760879548,0.11531712067218766,0.05992245341905414,0.0301362133781652,0.012299136442638381
0.8984693351953073,0.04445041207268192,0.026465364726633633,0.021196893997983756,0.00941799400739351
0.9217144626147795,0.04496361045612964,0.019742989075419076,0.009081682620842718,0.00449725523282907
0.884444257484867,0.04852715953227418,0.03369585442528804,0.0197664173511754,0.013566311206395365
0.8858152220870107,0.05562186078356661,0.025886086249614696,0.01842234557935492,0.01425448530045301
0.9403916009681431,0.02259429133316887,0.015631192623128155,0.010586150326640033,0.010796764748919819
0.8483841283448861,0.06349917489711047,0.02626895981071826,0.03148491527836869,0.03036282166891681
0.9342675404236116,0.035797642647599215,0.01900881864532399,0.00689198378564699,0.004034014497818418
0.8872527551412694,0.04800201104174349,0.03593294521981401,0.020449856795521717,0.008362431801651518
0.9225196954578732,0.047392426222920433,0.01622566035989936,0.009221460971437181,0.004640756987869985
0.9005268284157778,0.05208195788442857,0.025448050807259804,0.015339156063381106,0.00660400682915273
0.9156599760096789,0.031851860805254185,0.029117297100371715,0.01684777336059338,0.006523092724101914
0.8584927243897427,0.07317297510595315,0.035434629113616195,0.020944064328262863,0.011955607062425214
0.8478296132460434,0.096867685677921,0.028705453198698976,0.018780249503037406,0.007816998374299224
0.8287169149744074,0.10846138687242976,0.04070405864417644,0.014861842602034832,0.007255796906951644
0.9532272394571485,0.02170038321220636,0.010231205391104758,0.010299764767832042,0.004541407171708145
0.8663464439941925,0.07177313858192924,0.03310563562504399,0.018914105971706,0.009860675827128398
0.8471162606244522,0.08137867882675116,0.04139882998979797,0.01976946113714437,0.010336769421854327
0.9158728944275463,0.04092623126374927,0.025611323056426404,0.01156027760368335,0.006029273648594703
0.8823068982881611,0.057112109339069905,0.02962243480469388,0.021089930305603265,0.009868627262471893
0.950135574953528,0.022854988434427338,0.013113359388772885,0.009676528850714957,0.004219548372556859
0.8860294675721514,0.06069069998379773,0.03042520835249392,0.014803068500973179,0.008051555590583728
0.8568095502228286,0.08170392422222093,0.028468551527711727,0.023407247955685915,0.00961072607155298
0.9185950099392632,0.048826336696336736,0.016322142569848024,0.01100531184993572,0.005251198944616475
0.9520997120676044,0.02242118597738854,0.01028695460954395,0.011303760886878032,0.0038883864585852056
0.7277474921782219,0.15677124351421465,0.056022763442543436,0.04393436947592163,0.01552413138909843
0.7585282890487081,0.07006674662702679,0.050364539740401754,0.05073534543944905,0.0703050791444144
0.9421045907641159,0.019209184003497214,0.01940442744008207,0.01135113602579763,0.007930661766507212
0.9211042622160218,0.03131461664206891,0.02165035242403168,0.01852940324662684,0.00740136547125055
0.8591715101533491,0.07518383745867682,0.03727100347213196,0.01928203332492132,0.009091615590920872
0.8753744645793757,0.05997188552270216,0.03096579182620932,0.021474743444220092,0.01221311462749271
0.864473750250042,0.04903073312852934,0.04906090094497887,0.026018917913885088,0.011415697762564675
0.8010447770334693,0.09930724569753242,0.046507060426512564,0.03615985310748569,0.016981063734999993
0.8878826097829705,0.05623437236695103,0.021812527847171678,0.023658497904781202,0.01041199209812566
0.8926383569040566,0.058205667399074165,0.022115730738344462,0.018516931548153003,0.008523313410371873
0.9414752408413207,0.024380749977399,0.01913100792114514,0.009812347447230089,0.005200653812905002
0.8248716725330777,0.07908153143648065,0.037797680235820634,0.04005644521051399,0.018192670584107073
0.9054082321334627,0.0399334268345249,0.0307611834330416,0.016889017492590815,0.007008140106379942
0.8705583654751987,0.056469420215853466,0.040241568568701355,0.020826444728226024,0.011904201012020475
0.8370267809169345,0.06321022287695992,0.03955747854559591,0.02425808160587105,0.03594743605463856
0.8787208838140247,0.019038195660626554,0.024854982840107082,0.02604749656809173,0.05133844111714967
0.9342808670664625,0.0207468016251489,0.022834777261445286,0.015874742133031472,0.006262811913911721
0.9311931609465228,0.03325863212371822,0.01587469591385627,0.01370829976897114,0.005965211246931394
0.8315559137723944,0.07950105383476186,0.04222746102154825,0.031513206068827036,0.0152023653024684
0.7722936797775787,0.12325909273204691,0.049886988487302164,0.03649871767394541,0.018061521329126563
0.7670286564761973,0.1624242922185422,0.03243043664559895,0.027735356812491653,0.010381257847169787
0.7943665207601537,0.130360126817084,0.030287242486057422,0.031176494021770862,0.013809615914933931
0.8973826963772329,0.058335895481211215,0.024390227925124276,0.013532860872525594,0.0063583193439059734
0.8872562432785625,0.061742502685462705,0.025592806408707473,0.01852287233972166,0.006885575287545735
0.9139121952612336,0.04672239594359792,0.018392622132248036,0.015903534978155054,0.005069251684765426
0.9101212958988083,0.04565516063074288,0.019158637773471498,0.018041676788739178,0.007023228908238125
0.9101850639638593,0.04810654097289725,0.022538872721916018,0.013294268075140715,0.005875254266186536
0.7510423296783096,0.14705660306180632,0.056903549609590785,0.027278424166783104,0.01771909348351021
0.8413565011269296,0.1020623458045007,0.028457820791665193,0.019013074539908737,0.009110257736995767
0.833837740441003,0.08830530268995712,0.04291122585899393,0.025172533243955162,0.009773197766090794
0.9359495552852486,0.032702964642827126,0.016801205819358067,0.010448680281057224,0.004097593971508672
0.8924953495243165,0.05143580204759816,0.03146821652567067,0.01641020725242764,0.008190424649987357
0.7992246263631757,0.09692341628916872,0.044383846801087735,0.04142058080275697,0.018047529743810756
0.9171378333109443,0.02810128943428539,0.02789274360580713,0.015475852654202555,0.011392280994760712
0.8139963199039927,0.10567154308178754,0.031009113091217493,0.021191601294940722,0.0281314226280617
0.8774534183180679,0.03342619217818667,0.041734175469144666,0.023003113444869668,0.0243831005897312
0.8969465090351438,0.030870872209206215,0.044312451495756765,0.017454073352861654,0.010416093907031401
0.9233374957843767,0.03212717972005346,0.01989927484172718,0.017047962662567105,0.00758808699127562
0.9320617589754996,0.02232468662902396,0.024216369630134675,0.014509941599357265,0.006887243165984442
0.9498151478265304,0.018579566105427325,0.015204840732131675,0.011554866402327139,0.00484557893358344
0.7672298878950794,0.13715025580196702,0.04551150621279214,0.034879259107254416,0.015229090982906899
0.8768767272766723,0.06451346627801748,0.028090827702071598,0.022006549095515342,0.008512429647723434
0.8576940697461916,0.07767545516966837,0.034072448329144016,0.020078398135582706,0.010479628619413373
0.8760926455699963,0.07278896853025349,0.027588498016726408,0.016592958887450434,0.0069369289955732915
0.8692353720127616,0.0759768232058989,0.03020054225188723,0.01505460016344148,0.009532662366010984
0.9200152352477925,0.022735943161057943,0.03255219988491694,0.014979973258862776,0.009716648447369702
0.9210538850542772,0.0338990309166985,0.024936966488969144,0.013181186197481652,0.006928931342573623
0.9254763924218297,0.032573460146693156,0.021639126003351074,0.013016362875810343,0.007294658552315907
0.9445941219490573,0.01808239009547527,0.019165930956057443,0.011761058066246164,0.00639649893316376
0.8235423242819334,0.0697124426761907,0.058006859918965654,0.0281989564739031,0.020539416649006995
0.9403435216508864,0.03710414239226491,0.009904158261472491,0.007718089629264597,0.004930088066111622
0.8411473268570782,0.06600629700556235,0.04500693322077497,0.03448859074253317,0.013350852174051327
0.889763118712293,0.062208668856201604,0.023631362431272614,0.017095658764804046,0.007301191235428807
0.9302532662904647,0.03698715667583778,0.019643889213467648,0.008674709508643859,0.004440978311586114
0.882244971103433,0.06008548672045131,0.029828489489482385,0.018397380732257173,0.009443671954375947
0.9267228400433252,0.03729248931316191,0.017303214451754784,0.013731500702196428,0.004949955489561923
0.7966555597862097,0.13134693846630077,0.028206520021592497,0.02765031763509842,0.016140664090798555
0.8627434074365952,0.0835305364298546,0.02599825321624037,0.01816717190817957,0.009560631009130328
0.9259401951841815,0.028537830486929382,0.02600430315396084,0.013502180158663772,0.006015491016264643
0.9097376507176782,0.04231115231031525,0.024057088879403575,0.017319206923317662,0.006574901169285201
0.8886172707844247,0.06179866374297035,0.02375629786795566,0.017484106838547606,0.00834366076610154
0.8433453565653968,0.07611581008937313,0.047715751882071965,0.02404732542745862,0.008775756035699443
0.9223339573949101,0.0356307100006513,0.021859385802165544,0.01512794860155378,0.005047998200719294
0.9471532144913495,0.02660480287464508,0.013932005228251026,0.00843396178025455,0.003876015625499629
0.9342850820081954,0.028743653953715483,0.015766793717126328,0.015021811669365588,0.006182658651597252
0.9051133503882467,0.03931847559828806,0.022475683804651602,0.02284574174817399,0.010246748460639768
0.8501713181663414,0.04675053270187419,0.05521703573713448,0.035653018282083,0.012208095112567017
0.8363555695565461,0.07977370835954525,0.04874154846970093,0.02678463774185521,0.008344535872352284
0.8058950511174648,0.09125607099999289,0.05380254514372643,0.03307827846974955,0.015968054269066268
0.8666301429009103,0.05533382172633084,0.04054580034567136,0.02132350380832562,0.016166731218761804
0.9162265288056108,0.03295000916631827,0.016580711489741135,0.016604735694561168,0.017638014843768594
0.9113713210219886,0.03700543355682984,0.01948049811433622,0.015728227701400702,0.01641451960544431
0.8436457534308234,0.0703028601507851,0.045041000722285354,0.02505654945380587,0.015953836242300262
0.8583373756453369,0.055390209201023465,0.04510969855062494,0.02782267685252807,0.013340039750486636
0.73426786772003,0.17707809725674478,0.044763952160828985,0.029994444324317318,0.013895638538078889
0.8730174483503802,0.04864578591343382,0.037055666972286565,0.028209164870574868,0.01307193389332461
0.9167595912782387,0.03892826761160142,0.021924582277955105,0.01390201827552815,0.008485540556676805
0.9227361574624389,0.04368838992864476,0.019363753153590867,0.009058957116328962,0.005152742338996265
0.9265288196909807,0.03227148849149055,0.01804061846370861,0.01590115721281887,0.007257916141001125
0.9261903338962943,0.03426524065565972,0.021228432307557787,0.012382158763906697,0.005933834376581524
0.9252926937134774,0.021073921359777186,0.03155961094746823,0.015343780647754811,0.0067299933315223175
0.9036093961559543,0.04477117454190753,0.025280720861642104,0.018864800192993594,0.00747390824750243
0.8849306189183248,0.06599394829541348,0.02413554275120418,0.017242038037625675,0.007697851997431543
0.9268948459487484,0.03796613899060471,0.017749237877600278,0.01234274823886958,0.005047028944176925
0.81476497775828,0.10208018990243577,0.042116746781098106,0.028356659059506382,0.012681426498679706
0.8740952771388181,0.04214342663570542,0.04422480557699901,0.026964550672314475,0.012571939976163057
0.8816307053211112,0.05605091400335719,0.01767246076377342,0.016372206664477203,0.02827371324728105
0.8492236521935977,0.07959482896054312,0.034961546698344705,0.024285297250690525,0.011934674896823901
0.8988366395551349,0.051645735952852725,0.03003290963990925,0.012900507946912474,0.006584206905190824
0.9244166453148326,0.034883579145566015,0.02446182741771022,0.011046685634994799,0.00519126248689643
0.8303516730966573,0.08256996591745508,0.04737191757598875,0.028908049248877406,0.01079839416102181
0.7815226362916157,0.13969170546096674,0.0367028243819508,0.03060305096938409,0.01147978289608268
0.9368016683103843,0.02541737742225009,0.017189767134371838,0.014627388697806883,0.00596379843518688
0.9102777370745296,0.0451532223181141,0.019473133375842732,0.0185936611528958,0.0065022460786177605
0.7696338503699603,0.14093516087932223,0.036248623982527095,0.03839352463574708,0.014788840132443377
0.9314749419634162,0.032020584735390746,0.017253945531736346,0.014764246884239544,0.004486280885216856
0.8500735807062593,0.06996677939067801,0.03923309640126548,0.02639170178099008,0.014334841720807194
0.8009356141920821,0.09279429482910906,0.0563040104614436,0.03581010434852992,0.014155976168835334
0.8735382410303661,0.06626258185994369,0.02980163708853214,0.020990347397369203,0.00940719262378878
0.9206228950574856,0.025178083058532228,0.02667079681540109,0.018243084682465986,0.009285140386114868
0.8321167713690966,0.07442896567230858,0.051728977780466506,0.028315433487260983,0.013409851690867234
0.9070870505578804,0.0404561114645623,0.02291362796568212,0.01831587726188464,0.011227332749990583
0.9542006178882653,0.02595405003283689,0.00854323320631168,0.007289714495001475,0.004012384377584715
0.8795224652327667,0.04951772937139842,0.035096684078219906,0.02659086871961044,0.009272252598004438
0.8692511775741063,0.06984833434109998,0.037974469927371635,0.015485450993154055,0.00744056716426788
0.9159022019912069,0.02923592623872357,0.02947985867028083,0.016584677491054037,0.008797335608734615
0.6496154378754333,0.16819923998416272,0.10868957127912292,0.04740416077012362,0.026091590091157732
0.919673981339225,0.04253756865030679,0.02125784956808611,0.01054570604158398,0.00598489440079808
0.920821233729046,0.04325515879839499,0.01652600629027076,0.012181159951375227,0.0072164412309130895
0.894440227183228,0.043254478508965806,0.03506452967614207,0.019395813463762436,0.007844951167901598
0.8824709401958017,0.05680550577863862,0.03134017879399651,0.019347605197307674,0.010035770034255488
0.9437602259265262,0.03446180643605187,0.012642246336573699,0.005865100768364219,0.0032706205324839525
0.916931622034028,0.044629710532718025,0.019211324147766978,0.012843345876691371,0.006383997408795589
0.9167202409044254,0.03929185894057889,0.016698350993526675,0.0147940998359107,0.012495449325558019
0.927358564711986,0.01842042558901386,0.01540347447819474,0.01644058156798623,0.022376953652819342
0.8744715272216388,0.05414328900978922,0.0369752191640907,0.01654420844787816,0.017865756156603387
0.9258886948413005,0.03996238914627252,0.018470929818672724,0.009725861442827543,0.005952124750926658
0.8305665258418133,0.09956561654005613,0.03841486858733285,0.020351113512827642,0.01110187551797025
0.8914042417022429,0.06699041287411568,0.015776572612195568,0.019309204353303654,0.00651956845814233
0.9021345876505423,0.054352342459195714,0.024025340083812168,0.011924906228507432,0.0075628235779424445
0.9299383501816715,0.028968618454656536,0.02311588984280095,0.010985154581073426,0.00699198693979757
0.9246103367964287,0.04280575628676435,0.017495722503117116,0.010294539524945964,0.004793644888744085
0.8165742005935689,0.08589979368488616,0.043590646979402445,0.04196110852243075,0.011974250219711996
0.8344874511481017,0.07963704199984827,0.04072217494431514,0.03407121879061424,0.011082113117120564
0.8451535451855641,0.0554730832818536,0.04900727072781331,0.03714764420794332,0.013218456596825676
