Delta_Power,Theta_Power,Alpha_Power,Beta_Power,Gamma_Power
0.8737652692172093,0.036014930422879864,0.05322671310633687,0.028842915997234254,0.00815017125633967
0.9005322906017518,0.03194873990487968,0.03344267291335771,0.02509231554411384,0.008983981035897192
0.8621977030127738,0.04925426117736999,0.038042578625586174,0.03694123202152127,0.013564225162748841
0.7625746963526229,0.09070723031325721,0.08548261785913022,0.049352174089011554,0.011883281385978108
0.7601255566595044,0.08072906646521394,0.09227194005583425,0.052635925758723064,0.014237511060724276
0.8701100081997599,0.039082810920402535,0.054543418455661824,0.02830449453271629,0.007959267891459497
0.9055516804754282,0.028831285100811625,0.03611397076687862,0.02337427403662077,0.006128789620260496
0.9047582474152551,0.030710789903953234,0.04103851578566992,0.018406131144542388,0.005086315750579396
0.846261093786678,0.05964179833579704,0.04960922895523415,0.03442149736407251,0.01006638155821816
0.8060607550948007,0.07045682951914428,0.05542438431410838,0.05376684663920273,0.014291184432743862
0.6721318913106347,0.10546194006575145,0.12862698961892888,0.06783257354634031,0.02594660545834464
0.7447661716340173,0.08257819562388072,0.09389890204257081,0.06001111502143414,0.018745615678097273
0.7336980990072401,0.09015995799852632,0.10029463522839237,0.05811879078452114,0.017728516981320015
0.8207393993783091,0.08475448256170516,0.056762313646707224,0.029561350045245988,0.00818245436803257
0.8128559852416003,0.08718950510531327,0.06294342881995599,0.029713571635155832,0.007297509197974484
0.7335876263000948,0.08178470307059671,0.1288212521756658,0.04355368057328294,0.012252737880359743
0.9061189572269754,0.0424186732870924,0.027625350228327405,0.018556296842966707,0.005280722414638208
0.9442309013056397,0.026131993475366412,0.011752199204062098,0.014486651590371085,0.003398254424560627
0.9047710361882806,0.043342196508478904,0.03826325276668728,0.011244678260841733,0.002378836275711378
0.8183027481367702,0.06222660605722523,0.08067414313403425,0.031475446091575064,0.007321056580395292
0.8725546592213508,0.0495951386546316,0.04711559413790865,0.024543359102364416,0.006191248883744769
0.8345991173898546,0.0563727004453792,0.0685109950002352,0.032808483515304576,0.007708703649226409
0.5669596504048846,0.1590607059101268,0.19104587906747936,0.07278126936712563,0.010152495250383383
0.8998893884103636,0.033495594730296,0.04846279707465347,0.01526237035834902,0.002889849426337812
0.8253471324321083,0.045664132868451834,0.07635788257759285,0.045129424654668515,0.007501427467178806
0.8193833750662711,0.05335594515640179,0.07261379655728287,0.045024151330207346,0.009622731889837024
0.895347552695735,0.03779146134897704,0.03309730147529606,0.024806395156453265,0.008957289323538875
0.9253585704697014,0.0351384309065023,0.017967121280618305,0.017782459707451855,0.003753417635726173
0.7826549082947012,0.11025916783209715,0.05857658374769157,0.039244536471322415,0.009264803654187772
0.8557528060148182,0.0618683013714011,0.05054894029536272,0.026828128434964585,0.005001823883453341
0.7785743979327314,0.0611660967812484,0.10736731521535772,0.044529224880454917,0.008362965190207423
0.739473453717539,0.11782202494876085,0.08884129206149943,0.042111569457422296,0.011751659814778471
0.7939741734295279,0.07731107623384384,0.06761591838570506,0.04815416920628343,0.012944662744639826
0.8342270476155698,0.08340722183572795,0.025062031245978618,0.046433774520824214,0.010869924781899515
0.7686550939624653,0.06938522659291886,0.10365180620142411,0.050037703397052054,0.008270169846139555
0.9729159179065948,0.012733999108744438,0.007957184640758124,0.005166065388780685,0.0012268329551217963
0.8720367739420216,0.0484663572716491,0.04768949657700464,0.026975327793562823,0.004832044415761646
0.8533333029107849,0.034800501665915584,0.05623600421446835,0.04785718561909484,0.0077730055897364085
0.8782553960765171,0.04651221210156859,0.04693156754878689,0.022423470997505305,0.005877353275622164
0.8368701286664528,0.05768248585794863,0.07149776719648916,0.026926554845381877,0.007023063433727767
0.7910735753332577,0.08704857785952867,0.07512083678249531,0.040482699383999295,0.00627431064071908
0.9423679074343246,0.016116213840625403,0.028528599837437742,0.010565600509410208,0.002421678378202099
0.6883947245040638,0.09244621421699886,0.16540169740034696,0.044306003090780505,0.009451360787809894
0.8528867715026063,0.049122263926378765,0.06340969477176028,0.02790061642472609,0.006680653374528474
0.778750903994163,0.09743500508332337,0.07333062058717406,0.04186959863172418,0.008613871703615114
0.8092404317961283,0.05342285324066086,0.08411148660203811,0.045973377836616675,0.007251850524556241
0.9060663639649575,0.02654836516553683,0.04606847339194626,0.018297589697685343,0.0030192077798739825
0.7951423413245736,0.12050475229997797,0.05365030447591646,0.02548399964650293,0.005218602253029239
0.8226062000493215,0.07538320854534551,0.06498139267439888,0.03014148315617874,0.006887715574755439
0.634555090125661,0.13817015154327822,0.1628719563109837,0.05329727605505486,0.011105525965022154
0.7922794442692551,0.06581896006053402,0.0899899045760425,0.04410591500140334,0.007805776092764926
0.8602141934998221,0.056961659166737226,0.052108687520879785,0.02672202400874653,0.003993435803814267
0.8734486501404907,0.05864469070656568,0.03805828551413756,0.024558248823069798,0.005290124815736276
0.875034563001012,0.051378641031113496,0.04522335308098483,0.02316922475398071,0.005194218132908835
0.822480697656038,0.08262118423088087,0.053504328091918116,0.0334510958415898,0.007942694179573164
0.8289023381916222,0.049721241834049704,0.08218950235840373,0.033212045795242395,0.0059748718206818876
0.8401853367155839,0.03410445946513536,0.06870347811443468,0.04467475881517524,0.01233196688967074
0.9519626305053206,0.019168778736795483,0.018417117732051527,0.008592003533309404,0.0018594694925228596
0.8005019161397654,0.07822784307355946,0.07877827113777688,0.035853916034140246,0.006638053614757924
0.7959441631850992,0.05113033811063159,0.10672128101442303,0.04036797948161261,0.00583623820823351
0.7870285193736417,0.055749134022530504,0.10928636403918143,0.03907174240987516,0.008864240154771375
0.8452477616704057,0.05709219710773346,0.05835602305284493,0.032696290842971654,0.006607727326044404
0.7463282700807429,0.07695285940062724,0.11937594544719426,0.048387039064813495,0.008955886006622279
0.8111514139970628,0.0666252294258864,0.08321912039466406,0.03206313517403458,0.006941101008352381
0.8089856834788297,0.06746879402444318,0.08449003846962966,0.0327334027719905,0.006322081255106901
0.8654014475258364,0.06045258303088348,0.043222513551348984,0.024686859447531843,0.006236596444399306
0.788902901420627,0.10759263496426681,0.06418625452184093,0.032395768278427134,0.006922440814837933
0.8343983232369802,0.062477585233021916,0.07461162284169719,0.02402936289542399,0.004483105792876666
0.8681612170872626,0.04784965796058776,0.05338980477086985,0.02563278458944355,0.004966535591836065
0.93260410622101,0.019844626779371932,0.026931853942780304,0.016815718024558394,0.0038036950322793664
0.8698611018140281,0.045386286857054176,0.05252122980226457,0.026594835064410547,0.00563654646224264
0.8867790793344201,0.050606577815081016,0.027479067351264524,0.030458663088843797,0.004676612410390622
0.7951300801671563,0.06272362674745321,0.07643601225577148,0.05624304319553416,0.009467237634084785
0.90368619557409,0.04243819133778496,0.026872378949982935,0.021633430063215976,0.005369804074926196
0.8966420574015485,0.03863376603662278,0.03689791537661122,0.022432317129705715,0.005393944055511924
0.8311404956305917,0.057561252317465776,0.0620471007261701,0.039589167251069333,0.009661984074703039
0.8394717336907013,0.0647324019765969,0.04828295064504247,0.038545580472213056,0.008967333215446424
0.8526152332435611,0.06054867586351501,0.04230345674849167,0.03472945584428077,0.009803178300151236
0.8470561187763457,0.030934984116108483,0.08165677873436344,0.03210715903597744,0.008244959337204764
0.8074866814669873,0.05850195972813344,0.08942268109316386,0.033622496819979635,0.010966180891735901
0.9049233688761662,0.03405373640751207,0.030415357939157662,0.022656397570322236,0.00795113920684175
0.895599877331243,0.033541048161947674,0.03776763802125871,0.02237233086005175,0.010719105625498767
0.8348812366374222,0.0574917120483744,0.060186502117598496,0.035622591983063515,0.011817957213541556
0.7909469239909306,0.098156986774784,0.05465032987102987,0.042154152458824506,0.014091606904431246
0.8589369305388226,0.045476229816272445,0.049389258696392976,0.033251754837912366,0.012945826110599683
0.8698291271840088,0.056076662074417555,0.040157902812597665,0.024618596618994175,0.009317711309981734
0.9248613203536369,0.03964509403205155,0.02147644440476027,0.010353270969479503,0.0036638702400717035
0.8584488117258187,0.0532883260336121,0.0471270127773342,0.03125774802615965,0.009878101437075364
0.6768697468633129,0.07584666728565412,0.14724087132239516,0.07799817198705669,0.022044542541581155
0.86971118376631,0.03506183679477801,0.05614161057007323,0.02859724202391395,0.01048812684492442
0.858496007958353,0.04943427270465018,0.04931010217507912,0.02984392771366067,0.012915689448257058
0.8885606133146972,0.03788858874237952,0.041137671476961644,0.024683383946968306,0.007729742518993461
0.6999623241132069,0.10582326740479285,0.12237013268094529,0.05430451460245551,0.017539761198599495
0.9421897812802927,0.014996023243210414,0.023558269573418812,0.014505219338731695,0.004750706564346211
0.8413445307354711,0.05241850351016504,0.05338019996193793,0.03781544962651648,0.015041316165909533
0.880980469323538,0.04076313977187082,0.042732733498671516,0.028021523062782043,0.007502134343137726
0.7659182307111368,0.06263500928010234,0.11379867835133874,0.0425751781136484,0.015072903543773603
0.9067204533275975,0.032438387692567267,0.03083838300627153,0.02240767497822939,0.007595100995334251
0.7668131998373562,0.09156258363786987,0.07998887136484964,0.0473691453106182,0.014266199849306098
0.9251141349498102,0.021636664605747098,0.03025220322608267,0.0180802400041858,0.004916757214174156
0.7154523369031744,0.0694895159466634,0.14245043589922482,0.05418522711772685,0.01842248413321052
0.7717433440691743,0.0753297295699102,0.07688305460492761,0.055520748443270214,0.020523123312717863
0.7639676673628584,0.08915618898362469,0.08341190567268565,0.04855237959146363,0.014911858389367427
0.6750329507697596,0.09453253048215068,0.17010747044783434,0.04702174182383528,0.013305306476420179
0.7511764929275181,0.09876636204642007,0.09830023005448547,0.03975975031060077,0.011997164660975387
0.8764092025673792,0.048564380316444986,0.0423181952339842,0.023607056387224705,0.009101165494966798
0.9018461523921747,0.02103325358788987,0.035528737115689,0.031954953548953065,0.009636903355293176
0.8684483428022853,0.0480693855134878,0.048782781026263614,0.025625153633554536,0.009074337024408845
0.8514210937591725,0.03598960116634232,0.06225971241878656,0.03798521801613452,0.012344374639564002
0.7395621570825414,0.10596198239065563,0.08232416572316438,0.055018622430259866,0.017133072373378907
0.82408597357141,0.06606480559799068,0.0659915131701784,0.031008271577533036,0.012849436082887754
0.7718450046186165,0.07811966950228623,0.09496791670921043,0.042541593452412,0.012525815717474758
0.9127542820979189,0.033804644990338105,0.03163984788480164,0.016120957770911982,0.0056802672560292925
0.8890344537086559,0.03280930079647667,0.032147772837705015,0.03601442339762746,0.009994049259534897
0.8387061743368602,0.057797805632794436,0.042788107453440326,0.04723691252512789,0.013471000051777144
0.858706722329094,0.046002699699175004,0.05766739800115375,0.027965469867685066,0.009657710102892248
0.8721521599148397,0.054592685967423414,0.04216865704710127,0.02341519420500086,0.007671302865634679
0.7069953817116695,0.10958246579114295,0.11071714392643377,0.05598279491041574,0.016722213660338128
0.8743044673299106,0.045270260431591436,0.046794113525726364,0.02279889057346014,0.01083226813931166
0.8729762289831977,0.030220079044833793,0.05806129214116798,0.029071559863590054,0.009670839967210649
0.8856786025193766,0.03510978118540003,0.04535776405132975,0.026768676788413874,0.007085175455479586
0.8634600030285319,0.04171316843327653,0.05906472472852274,0.027526227179569988,0.008235876630098874
0.795988861098969,0.053726147202018126,0.0894271788256296,0.04570750353776668,0.015150309335616511
0.8860914232567162,0.027728176686288044,0.051132137059545654,0.02706484689249077,0.007983416104959113
0.8878337186842359,0.03227808805247972,0.04650746121943452,0.025075030785943333,0.008305701257906688
0.7918594796331035,0.08560981762476681,0.06493025281498134,0.04221418543613735,0.015386264491011043
0.9050349590683658,0.030915443373456458,0.03041613218038888,0.02617317653854749,0.007460288839241482
0.8738635932210216,0.026052850529985315,0.04778556384151249,0.03906488401697183,0.013233108390508857
0.8295184916957772,0.08191290174904171,0.046005805941361125,0.031099544185042703,0.011463256428777172
0.8177946761495289,0.053840877329840664,0.06760146770902734,0.04784565769207031,0.012917321119532752
0.9141226160613438,0.038511551499938707,0.02805734366102565,0.013290958908899884,0.006017529868792032
0.7841895542515691,0.06350526391155412,0.1078863995607375,0.03174662009722205,0.01267216217891706
0.8735754148962646,0.02983494157510993,0.0595156473531898,0.028174298257457323,0.008899697917978525
0.8375731966354335,0.059328800835265365,0.06044915222721222,0.032222726741122115,0.010426123560966831
0.7848471334636918,0.05038122910701503,0.10233833523726271,0.05000936772275992,0.012423934469270651
0.8814996409926692,0.02916386416477094,0.05284075939641447,0.028213443594406792,0.008282291851738595
0.8875722115160621,0.02915753862049622,0.046145905468164786,0.029365438394620292,0.007758906000656219
0.7386530913881544,0.09195501898165435,0.09614035801218165,0.05785655602346044,0.015394975594549005
0.6785895877993405,0.09727054420314153,0.13189907288710917,0.07200556070961693,0.020235234400791762
0.7054590574602182,0.07034016429152114,0.12499191027390026,0.07907130133299063,0.02013756664136976
0.8662258113236685,0.04790672527779602,0.05571284790675417,0.021986461438804884,0.008168154052976235
0.929087039202446,0.016170475636230405,0.027827631769821292,0.019520946825059456,0.007393906566442722
0.8143874380404567,0.05198249313589836,0.05904309520261176,0.05699890911176837,0.017588064509264888
0.913260397641832,0.032029429330714745,0.030049724400549576,0.01830043814454046,0.006360010482363041
0.8784594993758538,0.04351498479466111,0.043890326063663374,0.024557502166174156,0.009577687599647734
0.6621059966489774,0.1259262524832976,0.1267292272567924,0.05952841215378857,0.025710111457144063
0.8058911644918628,0.0778265329775002,0.06444159332917743,0.03335661024834662,0.018484098953112964
0.882303151316206,0.04596069579848335,0.030147356661747646,0.028487804415665643,0.01310099180789736
0.772868596152614,0.07490566367405745,0.08788574102629412,0.04596693507143446,0.018373064075599806
0.7723743851266791,0.07307510132052182,0.08961623695837738,0.04761029919058409,0.01732397740383749
0.7729813885081077,0.06543707847971793,0.10411589574266962,0.04162315262395258,0.015842484645551984
0.8275342964448408,0.057614063175933886,0.06949244957908386,0.03386953552315271,0.011489655276988699
0.8628904574148786,0.02968015149449583,0.06822097384031092,0.026490341954158763,0.012718075296155953
0.7946120934915563,0.053110819707818224,0.07756339487966497,0.053034056626408296,0.021679635294552427
0.8002937752029406,0.07153299904980195,0.071425550149249,0.04349919379563101,0.013248481802377308
0.8880927580101035,0.032304056753795385,0.04404819553085926,0.02688819636860793,0.00866679333663419
0.8348780246216383,0.05800584154056418,0.05142460241250007,0.04169334209393348,0.013998189331363844
0.9078568889580949,0.024081435358907593,0.03553855603970873,0.023693890048759755,0.008829229594528958
0.9349565396926782,0.012623764126466343,0.03179206874315472,0.01596568137755254,0.0046619460601481436
0.815949632298089,0.05450667772253344,0.06128106506350545,0.05579198714147456,0.012470637774397648
0.763956275822239,0.09419044505446776,0.08595314613852105,0.03939564410661542,0.016504488878156507
0.8074719382735547,0.05739239405887122,0.07972026988208594,0.04302069931223116,0.012394698473256962
0.9169459929036308,0.031040141899997292,0.0286183862653955,0.01788233730403991,0.00551314162693664
0.72173093671294,0.07471521817102979,0.12083172302118309,0.06509551805681509,0.017626604038032023
0.877107390596679,0.04380803361267122,0.03590747320718498,0.03488327755485429,0.008293825028610586
0.7032687500834,0.08513809895145659,0.1377062227370943,0.05997811654680159,0.013908811681247548
0.8026683665751392,0.06521615495127717,0.07213198916129818,0.04626346976013099,0.013720019552154405
0.8895648842048276,0.03690741796130017,0.04267550022443943,0.023579309872319387,0.007272887737113276
0.7620482146344851,0.10583911414074862,0.07585904169768458,0.04175891274582481,0.014494716781256928
0.8738744599448568,0.03681029268211922,0.06459744293898055,0.019890600321424746,0.0048272041126185645
0.9365222881541404,0.02950317408405001,0.021395231439794528,0.009026404868894458,0.0035529014531208384
0.8910959482214715,0.03077785184080975,0.048853849581830915,0.02254949213300494,0.006722858222883095
0.827370645172281,0.06966551140403104,0.06500754785456919,0.02727814050482642,0.01067815506429241
0.8190973708824898,0.06255105639509943,0.06405035716561555,0.041002224823437336,0.013298990733357911
0.7157450168234433,0.07381111278513411,0.10135612292314593,0.06988639034380573,0.03920135712447093
0.854096426723043,0.04346790064187478,0.05585623509908006,0.037065050392920365,0.009514387143081815
0.7904626620713678,0.08755466836052093,0.08274242952274428,0.031073988813457343,0.008166251231909684
0.8058746930848373,0.05899765193843751,0.09198511478935974,0.03531637220636898,0.007826167980996461
0.8738375980241343,0.027973020546081386,0.06588999319941917,0.026064016107089825,0.006235372123275596
0.9217722875741841,0.030094906017338257,0.02431059377070027,0.019310309691393076,0.004511902946384501
0.9166244216796291,0.022877659614584496,0.03377220751638096,0.021937182740237354,0.0047885284491680745
0.875948411951226,0.03249573123491702,0.049339763916784296,0.03282046926872584,0.009395623628346892
0.9064438872763564,0.04235775674138839,0.0241230039464283,0.021920894856040422,0.005154457179786494
0.8160606296732675,0.043158191831351195,0.09148349968564584,0.04069217716371275,0.00860550164602251
0.7819739431001087,0.06937137927934096,0.08856920282728842,0.052086911477895015,0.007998563315366745
0.8123983925801125,0.06771219993254274,0.07903988281139826,0.032802189735929084,0.008047334940017192
0.8867510794352158,0.040964442293617814,0.052001421274619035,0.015616976590674438,0.004666080405873107
0.7253410691244425,0.06949964313120201,0.12295453837424333,0.06246724971273106,0.01973749965738116
0.7927124038436235,0.07985343311251547,0.08293548274360536,0.03429000465820635,0.010208675642049416
0.8199615115861865,0.10197281728304416,0.047924874781273094,0.02401834612298378,0.006122450226512762
0.8876329831847561,0.045551213079237554,0.04504852001528206,0.01713053448941102,0.004636749231313183
0.8437803252602676,0.05179808497275096,0.0641730157366357,0.02990326859914483,0.01034530543120105
0.9487135809918271,0.0184281913156923,0.019213352530526362,0.010771608250978332,0.002873266910975739
0.6935354308569293,0.11063031361766346,0.12556073565920528,0.05405032112123019,0.016223198744971915
0.8571495469208703,0.059653281334570506,0.045829797691361876,0.028218276784919175,0.009149097268278044
0.693965778743136,0.11713590262281778,0.08564930462342725,0.07900789690389083,0.02424111710672799
0.7121976854797152,0.10707268627154759,0.10096701803058063,0.0631691722603506,0.01659343795780597
0.8505656422012169,0.06736056504398995,0.04247186379160138,0.0327131081921534,0.006888820771038168
0.8957099890673643,0.03527353427004164,0.03273158707645136,0.028214176114059932,0.008070713472082727
0.63340830675969,0.12291105707608993,0.15167234306572347,0.06869634748806966,0.0233119456104267
0.7435991866548999,0.06834857094311592,0.10467166780543213,0.06317086823456267,0.020209706361989644
0.7382896791044278,0.10148647172616901,0.0879444459146358,0.05650207357233887,0.01577732968242867
0.9223976916032648,0.023694510176020457,0.03070203688807869,0.018277841537579317,0.004927919795056768
0.8528234741555206,0.05855211828270665,0.044897305038029856,0.03274662264889987,0.010980479874842929
0.906849757967033,0.03821215773333125,0.030486620909890932,0.01854237628005166,0.005909087109693039
0.8526405105200502,0.055191303014268174,0.05697291395686662,0.026505477208108277,0.00868979530070683
0.8917620725146764,0.033526901542864015,0.04009942635201201,0.02614272278859998,0.008468876801847578
0.7550133142975445,0.08453791942087766,0.09812113107744472,0.04911205645912494,0.013215578745008155
0.7107451541621415,0.12702639281702297,0.1162847612238975,0.03507842553763625,0.01086526625930179
0.9005009489599116,0.034441167678538484,0.04266969458207641,0.016555941584783403,0.005832247194690234
0.9180725244362242,0.03320944473764221,0.02799622534376979,0.014012503326131088,0.006709302156232644
0.8346877961179527,0.07027358024214746,0.05429252605774662,0.032049019549901095,0.00869707803225194
0.8658626365451847,0.05389174562051201,0.04427008645503924,0.025546995991847614,0.010428535387416423
0.8248974948909061,0.10031213318786358,0.03443528161556929,0.031935615323930265,0.008419474981730613
0.8564015396002745,0.04429579023386815,0.05767774307910156,0.03153264232381845,0.010092284762937201
0.8749896439257807,0.03155886048116249,0.056407662983288094,0.029622252988205776,0.007421579621562782
0.7349998756479711,0.1084811226950979,0.0770870117380052,0.06311621940602448,0.016315770512901277
0.7778439375090066,0.09292806857684419,0.07411041460582866,0.042901505457870484,0.012216073850450109
0.9156941378809266,0.023318689350085714,0.032827100221546675,0.02281403335350598,0.005346039193935392
0.8254318977233344,0.08689556299043902,0.04971806869209556,0.029480695883105475,0.008473774711025466
0.7657649074026224,0.12143067540995527,0.05747697122155192,0.04283150735955239,0.012495938606317874
0.8537381643494835,0.05181751158827532,0.05130505168059415,0.03300269619563779,0.010136576186009405
0.7770127332778133,0.08693116626938263,0.07850648265472612,0.04402997194343596,0.013519645854642116
0.8946029586695162,0.03262688045600797,0.041705166752152134,0.026478406520775166,0.004586587601548356
0.9018120726352968,0.03468611503547984,0.031624042041586815,0.02492642941176512,0.006951340875871491
0.8770645017199917,0.04639827541018483,0.047768565186408936,0.022137060035131575,0.006631597648282916
0.9087640080629132,0.029892307339106618,0.02940254296709265,0.026021864013126037,0.00591927761776125
0.8737812087287485,0.04549688931883242,0.03568298252500594,0.03589313690577327,0.009145782521639603
0.8382180589108896,0.05661082332992681,0.06107481240298823,0.03400117857812834,0.010095126778066708
0.9449717360045471,0.02681662820684715,0.016629776210633298,0.008740438225055675,0.0028414213529169684
0.9526658050217871,0.025073922850296086,0.011270628994545976,0.008020927233141597,0.0029687159002291397
0.9297560852485554,0.026573931877737503,0.02638655961832339,0.012966024959317151,0.004317398296066745
0.8875535158475343,0.02911498998982281,0.04593693011979296,0.028784080716224947,0.00861048332662508
0.9249213861759441,0.01823196412975888,0.02777219796005111,0.02336684041294302,0.005707611321302873
0.8494455516409757,0.04993145532371496,0.05740367514224679,0.03532459481594098,0.007894723077121652
0.8443030197781867,0.07247202012810641,0.05060129955730794,0.02514480959432968,0.007478850942069286
0.8491157096982292,0.05713761194422006,0.054813311879669716,0.02933996761750592,0.009593398860375026
0.9681459912124696,0.00665086257322754,0.010886131351856815,0.010945690235365638,0.0033713246270802837
0.9528327982288711,0.026880487656255454,0.006805822964191265,0.011020108984517392,0.0024607821661647086
0.9387586555622672,0.02551980195666701,0.014619738868483752,0.014831930317289443,0.006269873295292481
0.7059629499536453,0.10759871198019264,0.09189654913687191,0.06958044271977686,0.024961346209513204
0.898064968932185,0.04825550343820125,0.027898979045510402,0.019645026125979608,0.0061355224581235695
0.9116178088519661,0.033039100918397284,0.024619047960389516,0.023492697430453343,0.0072313448387935535
0.783821525208549,0.11188783060650001,0.053527776204217135,0.03753648367860683,0.01322638430212687
0.7924745386175384,0.08755944848618452,0.0677242577991466,0.0401495336302223,0.012092221466907886
0.7627684405235986,0.0670808670828962,0.10718835584861705,0.04865793746685306,0.014304399078034904
0.8716770356004974,0.07119963621705369,0.0371671297542229,0.014919406467165311,0.00503679196106072
0.9133962296878901,0.02853238735310942,0.03771250139232308,0.015189673394423689,0.005169208172253383
0.8327797386801334,0.053325017968034766,0.06856714415335628,0.034567918562017214,0.010760180636458321
0.7926615335206831,0.0832911915836711,0.07340259105784488,0.03937392297113192,0.011270760866669031
0.9180532716491254,0.03148297562110479,0.028622485315697454,0.015833828473844253,0.0060074389402278265
0.8635685181726235,0.0491325480176296,0.04596184322723515,0.03127421736758824,0.010062873214923782
0.7624613812564986,0.08033724304221866,0.09737423231010241,0.04815658850898764,0.011670554882192624
0.8513951406453804,0.07172609872356932,0.03672076366534935,0.0302636264073115,0.009894370558389603
0.9135242137451147,0.0318092872957955,0.02786881040509991,0.02029075850687403,0.006506930047115897
0.8992140116974296,0.0550801170701821,0.021569358191902914,0.018108636842589426,0.006027876197895716
0.8254034784233109,0.062199827918922694,0.04826589920284064,0.051442231420678296,0.012688563034247511
0.8837172210615248,0.05911948731452169,0.024096041583444642,0.026996798979590494,0.00607045106091824
0.8455853023220766,0.08092673614265425,0.03295321629426467,0.030755907601121388,0.00977883763988301
0.9367026161536759,0.020536267982209505,0.02554258342459387,0.01426818846842766,0.0029503439710930317
0.8975160881026484,0.03496245788635071,0.036703781161929586,0.0259074199471504,0.004910252901921059
0.910732783993162,0.039512942188921076,0.02440738750320448,0.020552106034833033,0.004794780279879345
0.7776439517250876,0.08136948582101054,0.07668969968043751,0.05132209220020884,0.012974770573255455
0.7781284286912478,0.08382737685901066,0.08016628446412605,0.043451000278547786,0.014426909707067675
0.901501605291106,0.03828741701288963,0.03246516725472392,0.022682175494806833,0.005063634946473665
0.8837709665887095,0.044862400670469836,0.040167628539314416,0.02507494684459674,0.006124057356909516
0.8866715073261088,0.047996171910547246,0.04315319875751544,0.015006655232810546,0.007172466773017883
0.8913290808024107,0.04253696177532039,0.03921405824802927,0.02098619828001984,0.005933700894219877
0.8191186164914342,0.0681562874884383,0.06910088962382653,0.03505896646092069,0.00856523993537999
0.8070050356698253,0.06492250403475897,0.07303355639490623,0.043197682134213114,0.011841221766296308
0.8744567057129383,0.046782470619604284,0.04124537567308341,0.02888648216687312,0.008628965827500928
0.5807218273136657,0.1885699727130423,0.11511502115789804,0.09173187863223323,0.023861300183160628
0.664313343518266,0.18551414414656534,0.052498003865076644,0.07609597066178972,0.02157853780830227
0.8829859868509516,0.04193841054132918,0.03923635623396754,0.028309341021436542,0.007529905352315341
0.7920420483585066,0.08903921738739488,0.059685489819899004,0.048352666472181824,0.01088057796201763
0.8517562218749875,0.05181021230726868,0.05235611895805451,0.033896078400860175,0.010181368458829313
0.9128500567888272,0.03997863373906203,0.02784229631270751,0.015032510769075826,0.004296502390327253
0.8557926467411039,0.03483964205022899,0.052649912022243006,0.04454766451872529,0.01217013466769886
0.7803532845300998,0.13708714629961716,0.04711160285953606,0.026162335640101456,0.009285630670645731
0.8876805886626382,0.0645506830913474,0.025085840015979164,0.01584318742133048,0.006839700808704604
0.915674892398264,0.0441068085907171,0.01994849415450431,0.015080468188766353,0.005189336667748268
0.8050047709609213,0.11530146263496326,0.02889663001412652,0.04173017903516094,0.009066957354827742
0.8661461224742802,0.05800397141179381,0.0430237759067849,0.02757188581946562,0.0052542443876755175
0.7178782101300711,0.11650763428974144,0.11327103117297263,0.04598700237172117,0.006356122035493877
0.8621758253068021,0.0435988940849882,0.0515922348074229,0.03572088356931087,0.006912162231475921
0.9042121865945105,0.025558950406968636,0.03875322750430163,0.02634638383832379,0.005129251655895379
0.9331721031564241,0.03045381943489482,0.01961443449510955,0.013066568860969071,0.003693074052602335
0.8993119889657686,0.04143007243444685,0.03378922138562093,0.020427347429920206,0.0050413697842435
0.9424491892865752,0.020114811812660036,0.0163342736825815,0.01693021153656963,0.0041715136816135945
0.8812636556356856,0.0392614441757545,0.037163764411842624,0.03193578076575319,0.010375355010964064
0.8623217240607325,0.03881856073055775,0.04897367012334236,0.04101927743178056,0.008866767653586637
0.8550033447177072,0.07052414764454695,0.033986900476132335,0.032696061142434195,0.007789546019179127
0.8361105336122538,0.06267790926617388,0.06492040049088535,0.028827932584580385,0.00746322404610644
0.7718175604434574,0.05666899946568356,0.13057304661731364,0.03364207503762995,0.0072983184359153635
0.8340484310719686,0.05390866541409114,0.05850276706768308,0.04052764212504942,0.013012494321207746
0.8845285688361032,0.05996356709486386,0.03202117611367106,0.018335675376791486,0.005151012578570439
0.8935049281775002,0.034209542271222464,0.040287130992638434,0.02401837806093822,0.007980020497700918
0.9564302442571021,0.018107602211502757,0.010980453150172747,0.011331954327789929,0.003149746053432781
0.8107763217921192,0.07700509287823941,0.05717373003201158,0.04359196443624981,0.011452890861379923
0.8402129819915563,0.055321676305785016,0.06606343693104777,0.029628909670142593,0.008772995101468381
0.66090159123576,0.15748037941889861,0.0909030886779277,0.07201560131931353,0.0186993393481001
0.8623907795950551,0.06252193563208948,0.040248879525459164,0.027568572922044052,0.007269832325352274
0.9029256013820187,0.05411651087856271,0.01905937367578071,0.01893830944070379,0.0049602046229340994
0.8560897240572721,0.059571862496718385,0.03148936714196773,0.04217904811904862,0.010669998184993281
0.8618445556246715,0.06895929560468772,0.034178158090072144,0.02733734042180812,0.007680650258760184
0.9352691382322073,0.029579929625913364,0.01886990354705181,0.013312280937662777,0.0029687476571649183
0.8992831945960009,0.044004704797597306,0.034614501724734785,0.01648717706061026,0.005610421821056733
0.9029643020742831,0.02368332577077232,0.03654801562753163,0.030151746785772347,0.006652609741640772
0.7533722316370144,0.1661154744569247,0.032127226780089925,0.035758763821964135,0.012626303304006756
0.7882832765885927,0.14008413530231578,0.03318080323667564,0.03015242378549383,0.008299361086922082
0.6933874276878251,0.16070872623561314,0.07477925347186574,0.056466825783216074,0.014657766821479758
0.8643647853596355,0.08415685694790932,0.02221241578124581,0.023821783784945646,0.005444158126263955
0.891416902695566,0.06306448986574564,0.021384864902782134,0.018622992178009196,0.0055107503578969855
0.895273118914034,0.03345319571744722,0.04008208324985367,0.02596585809056024,0.005225744028104776
0.8940668959512632,0.031041164963933405,0.04558984664542952,0.025212567604818537,0.004089524834555575
0.7559375510472216,0.09543175844712289,0.08510856832234981,0.05538780009489579,0.008134322088409994
0.8826844778556531,0.029623535750000457,0.05244458517150252,0.02914006216131274,0.006107339061531057
0.9386474453065077,0.02098826040090079,0.021723891164819844,0.014874464285982957,0.0037659388417885004
0.8845965206615578,0.0566332684886384,0.03202335000467889,0.021961036417418246,0.004785824427706906
0.9362644144687665,0.019945441418259505,0.025130627444163132,0.015366551650602736,0.0032929650182080914
0.8577778514641475,0.04952465754291689,0.04796665503192494,0.03787080075359049,0.0068600352074199384
0.7790243915950442,0.1086279248640437,0.0632082812155198,0.038830356352763176,0.01030904597262912
0.8929168226523648,0.044847032601282436,0.0418155352891026,0.015908656571546827,0.004511952885703487
0.9425952156478659,0.014054663187286686,0.025982801848036897,0.012836453830133425,0.0045308654866768805
0.807198235181027,0.0931609501672526,0.05953151713024222,0.0325363230010833,0.007572974520394859
0.626174168665292,0.19323403356447885,0.10496756832286636,0.05883172393824392,0.016792505509118774
0.7761948582320606,0.07221249533315591,0.0889945977094154,0.04787877541992032,0.01471927330544767
0.8634351942473569,0.052000060636178715,0.04783068754459386,0.029695244227760143,0.00703881334411038
0.9240625893128332,0.03710109314811871,0.020169762411246135,0.015750439306857683,0.002916115820944291
0.8877662179788289,0.04622141438952382,0.034977342676231114,0.024707849937020174,0.006327175018395931
0.8960442361092372,0.04997409843519957,0.021503243966008508,0.025065942203027665,0.007412479286527039
0.880971068409051,0.05252767981744747,0.027790044091365883,0.03189684083203098,0.006814366850104779
0.8506328177751064,0.09126141585782555,0.020558815767594163,0.03022244741731959,0.0073245031821544335
0.8900139513939279,0.04709633447859619,0.02807541265084883,0.02439115397163432,0.010423147504992644
0.8754834548588679,0.07177366463133983,0.025440127751755047,0.021504380259744722,0.005798372498292447
0.8161690685649069,0.1143120236097401,0.026901808899840625,0.03150424321069677,0.011112855714815633
0.8128642905087481,0.07634106719046893,0.06385319827028665,0.037331306309091525,0.009610137721404857
0.8891065699083583,0.049503472662896564,0.04012945289597339,0.016048960333799787,0.0052115441989720405
0.9079954365632826,0.04022690635636526,0.02804352470134653,0.017014387903385032,0.006719744475620437
0.8867134459692874,0.05876406744702267,0.03130572278092771,0.01749012799253405,0.005726635810228497
0.9156320821409181,0.032020312590427605,0.029008535218775684,0.01677771534916461,0.006561354700714119
0.742500615402172,0.14506755962020393,0.054758198205450415,0.0468447557948472,0.010828870977326386
0.831474848536675,0.0874514305895907,0.04739372630163734,0.02451756305151391,0.00916243152058331
0.7793513873709287,0.10452546965781746,0.0595649427236098,0.04256527478305846,0.013992925464585955
0.8298409902749472,0.1062024120863986,0.02737429573063068,0.027153529707783005,0.009428772200240562
0.9020288400161403,0.050177604827732133,0.023684305911881635,0.016082795032260386,0.008026454211985695
0.9552903193824274,0.020029641327643462,0.011530660487591438,0.009035155302169114,0.004114223500168387
0.9037406401416721,0.043357588574713626,0.02418924697379466,0.021174087213243768,0.007538437096575782
0.9360384188430055,0.04013519739840562,0.009344228191603951,0.009719636158980938,0.004762519408003934
0.8819016296516413,0.05979990698952315,0.022395269550758126,0.02664549412725841,0.009257699680819244
0.6752125601387662,0.12825155647040715,0.11497180299013963,0.0674122730048476,0.014151807395839565
0.8462967442582582,0.05640667666290037,0.0467503316908807,0.04294138198343253,0.007604865404528108
0.8293976671320882,0.052924323161902584,0.07499603939842528,0.0367183148904237,0.005963655417160124
0.7956399650310187,0.054920326783343076,0.07940175948951508,0.058556843012418924,0.011481105683704083
0.8951698164010962,0.048667822905924904,0.018379081392563106,0.031018767347738778,0.006764511952677218
0.8602328470849225,0.07563265779780225,0.026310256255568543,0.029589164254178534,0.008235074607528137
0.8800380539535569,0.04438651867223102,0.044893478278571264,0.023403502887676113,0.007278446207964776
0.7397510590482611,0.13002279998755986,0.08222032281942095,0.03145724985657297,0.016548568288185156
0.8506950625777608,0.08335976495416017,0.02988996525961429,0.02515599191111285,0.010899215297351559
0.7841665974687468,0.10871003558215642,0.055251942746488314,0.034263883207549216,0.017607540995059363
0.708140797561693,0.1517480687332027,0.0718726080165855,0.05660289222799661,0.011635633460522064
0.8941039221737321,0.04662260056970531,0.02934754488083041,0.02423941298891182,0.0056865193868203745
0.9286216841656326,0.02888795582613531,0.02299889961160603,0.01439284543372006,0.005098614962905775
0.8990699995132869,0.05905668436984651,0.021833669281761905,0.014470186756365671,0.005569460078739113
0.9471392956184488,0.02499002072979305,0.013176097739095378,0.011818861487444328,0.002875724425218339
0.7646709295462194,0.13403432824435974,0.04815651795898005,0.042803131832657604,0.010335092417783286
0.9123264959457179,0.04621802735879218,0.019513611611591535,0.015717408183829825,0.006224456900068464
0.9485107763163433,0.02583564198434696,0.00884524039919881,0.013344699594844703,0.0034636417052664537
0.9185262783340663,0.05260863749977573,0.008690665807680365,0.01640594905029602,0.003768469308181391
0.8730495419017741,0.09672639398073359,0.011731646314087003,0.014985764008405011,0.0035066537950004632
0.8426705199526554,0.09830679530187846,0.024088509485570862,0.02661106243575219,0.0083231128241431
0.8382497194784357,0.08455621825745879,0.03407266199435792,0.03368451508841285,0.00943688518133444
0.9211212528621443,0.043952273577919844,0.01761398682539427,0.013368042977805434,0.003944443756736192
0.903635945156037,0.05578123699968508,0.01579713310629779,0.01992453162330238,0.0048611531146776
0.9181770969204464,0.036196549399756,0.023959344637759537,0.017119513372757245,0.004547495669281023
0.8027320497683255,0.13491520840438206,0.02376518259600717,0.028820058978244325,0.009767500253040908
0.8808540164691971,0.06029098180716308,0.02234811214048628,0.025773185362365256,0.010733704220788289
