Delta_Power,Theta_Power,Alpha_Power,Beta_Power,Gamma_Power
0.884290800835666,0.053278040685547055,0.039654835982964855,0.018225825757598756,0.004550496738223151
0.8035121325432344,0.04659850975120347,0.11013433569182537,0.029052421908511147,0.010702600105225512
0.9355809553111857,0.01868794663992783,0.030748608117593383,0.010737044249977516,0.004245445681315868
0.9413566453248312,0.019226373672809605,0.026013707472398527,0.009569084116661892,0.0038341894132988496
0.931159522224729,0.022144372766890984,0.034862947307792935,0.008423107273109553,0.003410050427477601
0.8553962284786665,0.05514857197616224,0.05251043188662779,0.026276866782525228,0.010667900876018028
0.8357215810473525,0.0853914189759854,0.05004172017644743,0.021553270755131932,0.007292009045082759
0.8010770489119422,0.1394496913433429,0.04172731096031942,0.013137911895316044,0.00460803688907936
0.75377544091956,0.03733291934365239,0.12347165391918065,0.048464742157365785,0.03695524366024126
0.9298971169029302,0.010321150981488801,0.04366700639500648,0.010764843030037451,0.00534988269053706
0.4526750135099758,0.055738606721086284,0.34249391852609157,0.11356586684266272,0.03552659440018362
0.2310495400921077,0.10105242870438841,0.4412235368462149,0.177884282886388,0.04879021147090093
0.19497518895960791,0.06398499231614785,0.5991113801265532,0.1018703396012929,0.04005809899639845
0.27877470564486595,0.06025504748758201,0.5376884110905501,0.09256893600551663,0.03071289977148535
0.8434721255460781,0.046220144343970114,0.0789119328198292,0.02461610737517369,0.006779689914948745
0.9036861870871996,0.037555357951986695,0.03782455582191063,0.014044642554826061,0.006889256584077018
0.9006689263644667,0.06287320045756825,0.016671425420161444,0.012785885665882108,0.007000562091921637
0.8986365112037964,0.05802840666256718,0.02519745429647447,0.014239244870331787,0.003898382966830057
0.8300541626828469,0.0761949573447368,0.0648779339089637,0.020007080421057987,0.008865865642394697
0.9251924465880489,0.03229347273302199,0.023472164063436274,0.013813886153688499,0.005228030461804251
0.9323757759017867,0.020020803111375274,0.031185681363397177,0.012722860084520055,0.003694879538920822
0.8538345450180798,0.05256739403934757,0.06746831363385247,0.018507307788970216,0.00762243951975004
0.8638838352623491,0.04465220464029203,0.058270535102201385,0.023920930643781726,0.00927249435137557
0.77520985956983,0.0716834307003798,0.09322948259582835,0.04678061631499395,0.013096610818968098
0.8860400775112545,0.049809250873657715,0.04163368974022965,0.017931443327121245,0.004585538547736828
0.6444699977016716,0.15333895101827133,0.1325938495394996,0.052548232183649665,0.01704896955690779
0.8397662833261934,0.03402547708705592,0.08888204912840601,0.027702324287312168,0.009623866171032726
0.8307944230579887,0.06653398399146972,0.07597564873625075,0.019876164377452484,0.006819779836838403
0.7865228861360555,0.06000221710523323,0.11229028105042677,0.030283686021338123,0.010900929686946288
0.8357985245843814,0.0593814039331929,0.06134932690376455,0.03301755308833221,0.010453191490329099
0.9014416639843559,0.04937399498061218,0.023272910540993823,0.018109582605358266,0.00780184788868002
0.8954840624326478,0.06047141246166925,0.024673634986917225,0.01429539033417789,0.005075499784587785
0.8647572445561507,0.06793067685824113,0.04089608903750809,0.018441657475523097,0.00797433207257692
0.921884405613053,0.02875294965893916,0.03277919741756258,0.012597971990559193,0.003985475319886075
0.9092396493076902,0.036488742796303354,0.03302985983764619,0.015334993589837132,0.0059067544685232325
0.8733704514249394,0.041508055131464064,0.06136332955308383,0.017666561094689368,0.0060916027958234685
0.8485107579320146,0.05524523255443406,0.058962437530214074,0.028787647535048512,0.008493924448288876
0.8090969536238478,0.10437784323340964,0.055474689452180564,0.022595242456413638,0.00845527123414843
0.8373993289948083,0.061835220283654235,0.06417515083899489,0.027919377253026532,0.008670922629516202
0.75636189141484,0.11571529069750135,0.08714451905590498,0.030208463123004826,0.01056983570874885
0.9177577443729371,0.028399598869346423,0.03592000993804743,0.013591170194763413,0.004331476624906024
0.8706610302544102,0.04708964183590581,0.06142315463586265,0.015009975458686408,0.005816197815135069
0.9126582794156567,0.01794779361552682,0.05050456381272172,0.013699116907971766,0.005190246248123013
0.8832180856782125,0.04218564861805154,0.05750599880263025,0.011949527744612297,0.005140739156493554
0.9038298523068673,0.03243656052267895,0.04552587227840692,0.013856601335891894,0.004351113556154857
0.8641538391099827,0.04713608720640123,0.05970200616972421,0.02186694623972257,0.0071411212741692345
0.8775685621309314,0.04188746852045216,0.059293045705981,0.01556569160004225,0.005685232042593284
0.848007702005158,0.06526336103723264,0.05162268649405603,0.02716347978175573,0.007942770681797582
0.9429457911527221,0.017337622857894718,0.024362421144916366,0.012456510077334127,0.0028976547671326408
0.843462949933795,0.05822495178731842,0.06251212155495557,0.026967338238820335,0.008832638485110565
0.8736146791874404,0.08183700608522618,0.026543152129389406,0.012765733810803611,0.0052394287871406426
0.8197742720780734,0.11959846029471405,0.026044303766244736,0.024008079552343346,0.010574884308624294
0.8786675933056112,0.06943412699135644,0.03235101933000281,0.012186776748113108,0.0073604836249165665
0.8893692490913059,0.03588068938588179,0.05040963809511074,0.017961678079078173,0.006378745348623547
0.9462183696299904,0.026385567797546125,0.015864943268606664,0.008893167629664878,0.0026379516741919977
0.9170880560643832,0.035568367043309665,0.03297133446592574,0.010710343074365804,0.003661899352015675
0.8379298729975521,0.09275131724311968,0.039216837454667426,0.021585231521610394,0.008516740783050408
0.9334818212702412,0.022670333465729345,0.030842389020359854,0.00884748694683872,0.00415796929683078
0.8857100315171841,0.06360531857837515,0.03243499001616391,0.012833864010624613,0.005415795877652094
0.8857693908211152,0.043421234158787035,0.049668118934220504,0.014685736365248633,0.006455519720628541
0.8647973563883243,0.05289085126648859,0.06106793745755865,0.01526347710457458,0.005980377783053786
0.8287844588765673,0.07672681635501019,0.06982961335592307,0.01813851731732569,0.0065205940951736565
0.8758495001906668,0.05414355421679707,0.04339065360936186,0.02025264164221834,0.006363650340955985
0.8448057566933131,0.07134250531774625,0.05047925932564741,0.02378708171047593,0.009585396952817068
0.7547478275015107,0.13252497712543723,0.08376164373072581,0.020686101041077935,0.008279450601248333
0.9081255531728811,0.03544892298528095,0.03510982830900077,0.014999612919833191,0.00631608261300424
0.9063606126736292,0.049445928510056865,0.013588254778415408,0.01947282987675124,0.011132374161147384
0.8400785410387992,0.05966198906536477,0.06320112752044481,0.026746025110842023,0.01031231726454921
0.8615927706088392,0.04562768895570968,0.061683186784557115,0.02211108733263593,0.008985266318258042
0.8757963190781445,0.07374839937219659,0.029695838186474467,0.01439683133149964,0.006362612031685022
0.8835367619037645,0.049072459299502644,0.0445572171883754,0.01513567642054003,0.007697885187817436
0.9317795338556326,0.028920925756181267,0.02821299671553436,0.007342856624796051,0.0037436870478557618
0.8077029833966074,0.06766785624637753,0.07838827790174512,0.03531508829609093,0.010925794159178787
0.8083455608147482,0.08422148931987249,0.06362595374466759,0.033109629657557205,0.010697366463154612
0.8283438680726452,0.058552545635245166,0.06250494140929723,0.04151584302635099,0.009082801856461572
0.8984567728722352,0.02819687165129222,0.05102520811860349,0.016389207157580687,0.0059319402002884205
0.7842311444396048,0.10057926825403442,0.07459542532526912,0.029333481343707286,0.011260680637384474
0.7765455004883787,0.08902261477875574,0.09432426680699915,0.02942991650148895,0.010677701424377595
0.8501617890796015,0.07273823158281296,0.04766059803028705,0.02081749672815557,0.008621884579142758
0.7879879213912889,0.09861914663534571,0.07409620687580425,0.029139988691677336,0.010156736405883958
0.9129634473378023,0.03216987094645084,0.037519540146238504,0.012226644241102622,0.005120497328405873
0.9089092237305894,0.03573157439849048,0.036733929784607613,0.012227840496917181,0.006397431589395429
0.715998857548704,0.12727057305419512,0.06443056756136467,0.0666637445049724,0.025636257330763933
0.9061678807506698,0.04300615623098952,0.023829026534801588,0.016696582535395143,0.010300353948143775
0.8261949410072352,0.07284176632433285,0.048161339068846724,0.03255745775465555,0.020244495844929516
0.8531233093103935,0.0693520176608604,0.03942702804299363,0.025523401259812867,0.012574243725939542
0.9219358351325008,0.04447357394692991,0.012690332410085782,0.014846241646328733,0.006054016864154804
0.8889664664301374,0.041898300084029505,0.031333555817092976,0.024135681680257412,0.013665995988482674
0.9071727797161623,0.050754433821614583,0.02320078297438135,0.012018508372494147,0.006853495115347758
0.8764427985579398,0.059026909278968004,0.03160725844480702,0.019479416701272633,0.013443617017012683
0.8829814838088872,0.035668231977393855,0.05376618688156856,0.016903181470284728,0.01068091586186576
0.8496906190363038,0.0316682861382674,0.015696044923760095,0.02857927445437347,0.07436577544729517
0.8210063225964603,0.08423613141435814,0.03386304867991648,0.021886283955418313,0.03900821335384661
0.8977723044056395,0.038654226359928184,0.028741074969492703,0.021127967726018264,0.01370442653892114
0.811909742941058,0.08178777867054718,0.06074342220561315,0.027186242512043466,0.01837281367073827
0.5814236265498653,0.05815852279280272,0.027710571392652022,0.09807092084796949,0.23463635841671032
0.7542214771023621,0.04445007837306482,0.020381034287435727,0.05381537251355964,0.12713203772357773
0.950968780521093,0.02086681193725865,0.00895509171145266,0.007095355073171571,0.0121139607570239
0.8324428842604823,0.08073125475196434,0.04844303080600219,0.02651531377596012,0.011867516405590979
0.8917084224011048,0.04434031792883809,0.03052000116774661,0.016592546500461377,0.016838712001849113
0.8898713339193717,0.02653850749344561,0.04189853393784573,0.027139820870329026,0.014551803779007834
0.9226100974147561,0.024985796406549743,0.029104095574401818,0.014551862146300215,0.008748148457992459
0.9021904981036939,0.019982479451106847,0.048748070537968945,0.01800190676403051,0.01107704514320003
0.8839654316500023,0.03428528913293415,0.037156587419303125,0.02738176311456684,0.01721092868319327
0.7684592152439134,0.113448000368165,0.04488313193801646,0.04425940022889859,0.02895025222100665
0.9199214837202718,0.023243706530123764,0.026068721723756284,0.018977516346767115,0.011788571679081063
0.9004851171854347,0.04030951071576629,0.02911003665101477,0.020110860998489043,0.009984474449294995
0.8459127695498524,0.07947336090563066,0.042015416062207725,0.022962367764557783,0.009636085717751564
0.82113839710477,0.08668431687964971,0.048723376851491924,0.023593553796677217,0.019860355367411105
0.7259073850952381,0.12539248917244836,0.0873218646446592,0.039229278391886745,0.022148982695767226
0.8572700288753485,0.05152012285736936,0.05800148830180826,0.02159860645920091,0.011609753506272915
0.8950750250297146,0.0522325339624912,0.02596302187518974,0.015355611141215123,0.011373807991388938
0.9322981962767461,0.026374205305504512,0.021642408311529658,0.011082990924342912,0.008602199181876713
0.7226334931839187,0.1232604905473251,0.07713572676832511,0.05275195839952289,0.024218331100908166
0.8291919680257456,0.06461641995680752,0.06083978068438289,0.026224538811819912,0.019127292521244135
0.9364884168431418,0.024151601677932472,0.022832014188743675,0.010107564915348147,0.00642040237483398
0.8725788985264649,0.03740932754364792,0.04131663909053815,0.022174003433339754,0.026521131406009268
0.9018648325408994,0.052202695683143716,0.02759425475946677,0.011304405470524354,0.007033811545965723
0.8190766535821886,0.086589449497883,0.051017967225575014,0.030369763041150504,0.012946166653202652
0.905129271803384,0.02191843196481575,0.03941043204015741,0.022625289507451306,0.010916574684191747
0.770886390221866,0.07503492244705152,0.08722773970631241,0.04392694728055542,0.022924000344214837
0.9016361261488592,0.03246689616356665,0.03044797151416164,0.021287972067571773,0.014161034105841
0.8303521767183835,0.05948510876773042,0.059793814087853496,0.03239678387303903,0.017972116552993647
0.8453482017555174,0.07601238380066346,0.05039942936779393,0.01846514835605473,0.009774836719970712
0.9052162710742637,0.03920779949270462,0.0343217306033826,0.014072675947264765,0.007181522882384193
0.8266114787795418,0.08844093509722994,0.05188308628764363,0.022221655485709372,0.010842844349875508
0.8543820384036459,0.05821376710940442,0.056545697685494674,0.021354461509109017,0.009504035292345708
0.8895716864425851,0.0465104250685677,0.03806382569268085,0.017246376626564062,0.008607686169602256
0.8309161527105265,0.03086759432879933,0.025643736265243692,0.03732178513888603,0.0752507315565445
0.8397615380441962,0.09148393931710877,0.03474016644557236,0.020663441880060293,0.013350914313062331
0.8082031707850634,0.10101494914599211,0.04421188131618248,0.028632688787104735,0.017937309965657268
0.8947210306188422,0.0282899861399622,0.041007674460029425,0.02294755886895803,0.013033749912208242
0.8469530287698733,0.05588992134172176,0.054459103754843224,0.02736048014093477,0.015337465992627135
0.8419747183895255,0.0505836382564989,0.0620395941107837,0.032463520813625545,0.012938528429566578
0.7819098164770616,0.0745814265926244,0.07358869428918324,0.0467150537065035,0.023205008934627416
0.9155252450114256,0.027570010337162082,0.028911216591354826,0.015827256274586792,0.012166271785470582
0.8965961425511533,0.03701591311543998,0.033296944734604005,0.020834934078094017,0.012256065520708789
0.8103755532719364,0.054253407240152776,0.06404464944293918,0.04692613198010316,0.024400258064868213
0.8128624765284788,0.08462219496907196,0.05400175288820351,0.02982339088551023,0.018690184728735414
0.8503222756696158,0.04558428537760285,0.06111297628178365,0.027527674314830535,0.015452788356167459
0.841918778568378,0.05994393205299795,0.05300427058724305,0.02539320697164453,0.01973981181973621
0.7001053444106944,0.14651110090823768,0.0683971247764182,0.056854560449190975,0.028131869455458564
0.899339481075407,0.03566984453636681,0.03640196322494508,0.017586249296746688,0.011002461866534401
0.8724866453177285,0.0374010923792231,0.043736595308102415,0.016885124352720184,0.029490542642225885
0.8332404286066939,0.0446221154698013,0.033257234631983074,0.03039587145074585,0.058484349840775954
0.7242644967654936,0.02550121094796467,0.016329613277467386,0.05435601944512185,0.17954865956395236
0.9216366439887562,0.02279635320112913,0.0293563572480235,0.01718841929064575,0.009022226271445785
0.7563551994964895,0.11477401190885539,0.0637917189756804,0.04413346488529996,0.02094560473367462
0.919972133498284,0.03317285677737409,0.017149947725432244,0.018522624737754557,0.011182437261155321
0.9182209669612021,0.030069602041457644,0.03240315736293047,0.0124074266356799,0.006898846998729731
0.644044252139974,0.13646816841514262,0.13924487271419136,0.05322947953151275,0.027013227199179295
0.8698025763844968,0.048108415715274876,0.05447382379073707,0.016873769612748935,0.01074141449674224
0.8464220132864666,0.07149438228396802,0.04174009817789624,0.024540290434160856,0.015803215817508123
0.8602949739334961,0.06804695117886739,0.03532292490315603,0.02328024268298672,0.013054907301493768
0.7555896371112731,0.09310520469172721,0.0987833510500454,0.035776594185345116,0.01674521296160905
0.8010105410211203,0.07745006609051738,0.06530845657590156,0.03152972737302393,0.024701208939436843
0.8290918608134356,0.06988689604921193,0.05550207550065352,0.02858379536956463,0.016935372267134197
0.8941491191015399,0.036494472855239095,0.034499031724690196,0.018480734018160284,0.016376642300370472
0.8679375936812279,0.03406181591439664,0.05343998619232791,0.02355377900515433,0.021006825206893277
0.9267250543551055,0.025046443780818762,0.02953468300301442,0.009985388398402415,0.008708430462659084
0.7320906001799985,0.052792808921242315,0.03492570493671893,0.057022095788045686,0.12316879017399464
0.7694937051125526,0.03202898015204499,0.0268427207841723,0.033173255841638674,0.13846133810959158
0.8918737597844896,0.04886822442410914,0.038149016852807645,0.013077792430346562,0.00803120650824742
0.9076000607476161,0.03547457652330023,0.03380114622390936,0.015204606257976979,0.007919610247197492
0.8656547388763597,0.05393917352236953,0.037501233220924676,0.027017479317389872,0.01588737506295631
0.7200061648923496,0.1111897194225288,0.08377789927271703,0.05011642930966021,0.034909787102744685
0.7190435640583263,0.12316215261051834,0.09476243913718235,0.03617503583762463,0.026856808356348356
0.8767089617304754,0.045814571216504375,0.04341070999554343,0.023137087164929744,0.010928669892547135
0.7925266056975491,0.08355120417277442,0.0628793342856459,0.036097548238205004,0.024945307605825646
0.8930851599973487,0.04596784990864225,0.03376890407164839,0.014376025943635486,0.012802060078724874
0.7737671604539723,0.09954926699070817,0.0734640930680403,0.03401302121289355,0.01920645827438571
0.8498640697814348,0.06431046850721436,0.047546169795148606,0.0247415254270424,0.013537766489159709
0.9132035371767228,0.01502183448492873,0.014459096129660677,0.021787730335499033,0.035527801873188915
0.7920944486836405,0.030921255508074185,0.030203234504095275,0.028867265197773627,0.11791379610641642
0.7194138810194882,0.052193574199189234,0.047251295528164976,0.041164454934929075,0.13997679431822835
0.9008969661537874,0.04685644076152519,0.0234684924972096,0.018842010061922463,0.009936090525555089
0.8814000553408936,0.03199865063895946,0.04512786411500029,0.027231287991671013,0.014242141913475824
0.8214338680037828,0.09786723005157129,0.04110210533167586,0.023036844805519947,0.01655995180744995
0.7263301655812014,0.10239944814632466,0.09056422263841146,0.04481877270164841,0.035887390932414005
0.8738709977258511,0.04760182767388001,0.03949799864061747,0.021913107119175504,0.01711606884047575
0.8382392671486071,0.04926272098446774,0.056961008381229555,0.030961998125170063,0.024575005360525416
0.8897443063887258,0.045371541960495455,0.03192772913630698,0.023180081685949334,0.009776340828522172
0.39748705402619244,0.05003850185195729,0.08711785718993606,0.10743423514522187,0.3579223517866923
0.9160086857685874,0.020204982050553558,0.03523509031093287,0.015407667354320064,0.01314357451560635
0.6823046776078591,0.11501660394613945,0.1256275278268828,0.04644221196803597,0.0306089786510828
0.9052107728271971,0.033514868158895386,0.03014902698960165,0.021688685760622047,0.009436646263683943
0.9268134872119588,0.03556855658164448,0.016602529140496654,0.013184932325711819,0.007830494740188253
0.7661238997934079,0.04262683330940051,0.04604600541218863,0.043899916269434444,0.10130334521556864
0.8189749081201735,0.029354844584220344,0.046415225934955014,0.035752652680304586,0.06950236868034652
0.8767603134817146,0.05810359086495091,0.03134248079856098,0.020027289649200888,0.013766325205572503
0.8577276518949954,0.05383320242386144,0.05308445402817477,0.026775516967799402,0.008579174685168778
0.8325723032550773,0.05180569091328278,0.07784396067609509,0.02934215161521558,0.008435893540329392
0.892436369207875,0.04415983568197163,0.03961601925802102,0.017741948418393442,0.006045827433738868
0.7968669834099898,0.08338332466288913,0.07832854532702052,0.02696242604304424,0.0144587205570562
0.777132735577665,0.07908711674200396,0.10656705478087398,0.025357016172821302,0.011856076726635493
0.8301917240065112,0.07221989457889277,0.0622047013131909,0.0246750042688053,0.010708675832599723
0.8018590268811748,0.09946001671169008,0.06533372145128201,0.022541664675760697,0.010805570280092503
0.8100914957253276,0.08311085711736092,0.05663881007096612,0.028093638937230516,0.022065198149114618
0.814022652500111,0.029203743709003145,0.017409132447420306,0.03592234112556132,0.1034421302179042
0.87559001918637,0.031128741076462022,0.020625130328404146,0.025480257534488036,0.04717585187427576
0.8182429618509133,0.09566705733186122,0.059200453325266966,0.020161160588276012,0.006728366903682291
0.8068286449361908,0.07806062914692163,0.07938475014730109,0.0260934875657391,0.00963248820384758
0.8469806366354382,0.0610813152092218,0.06434579990798504,0.019161848359934668,0.00843039988742038
0.9187441741943716,0.0318796972454178,0.031017937494260173,0.014959128528037855,0.003399062537912238
0.9432160859039962,0.015653442601080578,0.0330270727539853,0.006045795293722355,0.002057603447215442
0.8356102446192687,0.07689289118983947,0.061808781719370064,0.017730055930697684,0.007958026540824115
0.892588375178092,0.0501614030063511,0.0385332769192766,0.014697085629318069,0.004019859266962118
0.8200591462289709,0.08335579085340097,0.060641033625786225,0.029793223551931192,0.0061508057399105
0.7565531097198632,0.10656039975091268,0.08420501197402232,0.03992084363609571,0.012760634919106012
0.8841694831475323,0.05008813915156617,0.040368936403439075,0.018317744054049578,0.007055697243412812
0.7312357720436096,0.0700975442494071,0.05287238521965609,0.05236136643987354,0.09343293204745386
0.8645616337359091,0.04798599200974892,0.056099520386276226,0.02262447956697253,0.008728374301093394
0.9261002975846777,0.03043085720011956,0.027122690082893117,0.011857767323739991,0.004488387808569664
0.798776863943492,0.08833476591357906,0.0813056790515579,0.023086951379602514,0.008495739711768528
0.8450899918908076,0.06052940633109485,0.056238689639184734,0.028932216986884866,0.009209695152028092
0.8661655183754698,0.047444593858610974,0.06907470551913254,0.012173094659772133,0.005142087587014049
0.9312517395572234,0.02875759827542992,0.021502744249229787,0.013440846199767084,0.0050470717183499145
0.8629959797573452,0.064942567361777,0.04302725966802517,0.0217162295948237,0.00731796361802904
0.7591767293442444,0.10078408559123962,0.08965827299199548,0.037134988726217816,0.013245923346302717
0.891377635603292,0.03514734560782814,0.049762447331046844,0.017363687693262377,0.006348883764570553
0.8562275288909308,0.051661530409019066,0.059769538024633,0.022471060043725885,0.00987034263169131
0.9343635796696863,0.03464253017331822,0.021468808178735213,0.007197245493693454,0.002327836484566692
0.8738548553759877,0.05112912953108885,0.042099229144634626,0.026563740369465787,0.006353045578822995
0.8749803314457538,0.04610078171242671,0.053591810170475374,0.01943716097697576,0.005889915694368468
0.6978920221961159,0.07852245691671075,0.07751600163739751,0.04574813062095903,0.10032138862881672
0.7357409872563736,0.0774885095059756,0.06242370868871491,0.045710178747054346,0.07863661580188169
0.8405692281274455,0.0592155492335587,0.0700335349265791,0.02310951208934806,0.007072175623068674
0.9015877402933359,0.03793864560104454,0.04051885905827564,0.01581955520330714,0.004135199844036551
0.765656936674168,0.09571261290144348,0.09825408492616208,0.028858551697583022,0.01151781380064347
0.9073413051877218,0.026391628939024556,0.0480889625819714,0.01292977434221577,0.005248328949066405
0.9124501330378826,0.039825484588625816,0.030199801424200964,0.01309772833483792,0.004426852614452666
0.7513448868528643,0.10601396597549748,0.0882618820640295,0.04151950212597256,0.012859762981635995
0.8503055376607173,0.053453226943997005,0.06566280454120024,0.02211745480310042,0.008460976050985005
0.8954891100656088,0.05106975310030822,0.03636837908431656,0.011942183400599703,0.005130574349166737
0.90125915099631,0.039804595374499714,0.03300195688927887,0.01831161923437674,0.007622677505534578
0.9490140179870477,0.020398733606060038,0.01672759320330635,0.008968147882290669,0.004891507321295423
0.8537117697151934,0.07359339149627238,0.04040098504772179,0.01881820471822781,0.01347564902258476
0.7593029106966476,0.05810865840117274,0.04930223158485465,0.050158154644251524,0.08312804467307336
0.5685439667902524,0.07509630743492902,0.048410525561041626,0.07443126540494038,0.2335179348088366
0.7379261619756486,0.14130344312798584,0.07390450002920985,0.03437162440651419,0.012494270460641306
0.8743033410567845,0.04842756033739115,0.05512533144880894,0.016806241469948968,0.005337525687066616
0.8139251731373957,0.09686323929607972,0.06112231930592238,0.02043449873367982,0.007654769526922445
0.836023123758409,0.041690432887981625,0.0963337262086507,0.0200398505919642,0.005912866552994342
0.9323791407092855,0.030593313438059606,0.023749885609089347,0.010440997058946038,0.002836663184619501
0.8491517877289874,0.06099610482502127,0.06267817559978615,0.02081822963013963,0.006355702216065474
0.7889489196637992,0.1301428493186479,0.04763367545459551,0.025294423487452464,0.007980132075505162
0.7353638403003819,0.12276416016046283,0.10683723054486877,0.02645811851410457,0.008576650480181757
0.7100543719829208,0.13466423714176126,0.10356134227204122,0.04010920127842826,0.011610847324848574
0.7215252090230757,0.09792550821398799,0.1327806466493336,0.03652484511568368,0.01124379099791919
0.7134701220219074,0.05963174144659629,0.05363851751741021,0.05233701909397637,0.12092259992010983
0.8500843220784412,0.04939085935831898,0.06908250353707023,0.014370948853592105,0.017071366172577616
0.8881756621664622,0.05870694542153172,0.031199346301762795,0.016277367962188576,0.005640678148054782
0.8190809820303234,0.07003276381842377,0.0728788872756831,0.0282542851244827,0.009753081751087066
0.9150911409841962,0.040012345967652775,0.024694006925431215,0.015368144898885236,0.004834361223834456
0.8535151668779245,0.07071822937091019,0.054680340884795814,0.016411508239601896,0.004674754626767525
0.855857270391092,0.07461818643114887,0.049072252816573375,0.014397143697034409,0.006055146664151421
0.8272548865459683,0.07718405083277033,0.06975583824799295,0.017665557049834624,0.008139667323433493
0.9118446475565737,0.051115220173639724,0.020482899494045543,0.008553812916045022,0.008003419859696142
0.9026779534665226,0.025551003927837018,0.026729869367994433,0.014807972151754173,0.03023320108589197
0.8736285263204593,0.028015223037256242,0.01863162213530308,0.029463321866362132,0.050261306640619285
0.8444953025164382,0.052112475978104714,0.03578070026900133,0.02172981615053849,0.04588170508591738
0.88771995759571,0.043053084525037776,0.04593543738614977,0.01627466795390555,0.0070168525391969844
0.6388360570470861,0.1323932805723413,0.1640690865970241,0.048282482885375344,0.01641909289817314
0.891806595712548,0.04300023348941848,0.04118373028278673,0.017889440404557658,0.006120000110689249
0.8958301936409921,0.037184370856524804,0.04812120304688495,0.014288954983138645,0.004575277472459512
0.9647163866502501,0.019572932450952856,0.009903378887139526,0.003885347443606051,0.0019219545680515967
0.9076027670684986,0.03680892868394604,0.0365575698446961,0.01323104835199875,0.0057996860508604964
0.9065267831505337,0.04711230251966104,0.03162896253082971,0.010456962580335172,0.004274989218640235
0.9080860098746674,0.04272906343901169,0.035296302847407195,0.010613028238705215,0.0032755956002085526
0.8709403760106453,0.03977699860392949,0.06748733173687281,0.015528418302585788,0.00626687534596662
0.908858751045575,0.04111749363496786,0.03346155131815569,0.011663742112602347,0.0048984618886990525
0.905104285840311,0.03366094990682308,0.04530860898713475,0.012477268127744788,0.003448887137986378
0.8633549710445462,0.06776454142693461,0.04724580761694104,0.015726776757524843,0.005907903154053383
0.6948943188105368,0.17261784244999356,0.08497468521224646,0.03418074643799695,0.01333240708922616
0.9043876119791363,0.05676854388436013,0.02628556862744707,0.008738425464993694,0.0038198500440627513
0.8585957446636534,0.06543087806729984,0.04266976540414467,0.024075106320327812,0.00922850554457428
0.9121078163642672,0.027021657795726434,0.04042805718407821,0.015336383879274312,0.005106084776654001
0.9228336831271774,0.024437453961252686,0.03595934859382841,0.011902257712207986,0.004867256605533571
0.8385491026046082,0.07522139677544858,0.05702395701759919,0.02120537886801192,0.008000164734332136
0.8077618346272207,0.03287114456715987,0.04234869226184839,0.03744840093558561,0.07956992760818538
0.8388664185229308,0.05040597189304267,0.06330369217224296,0.026640945014238453,0.020782972397545292
0.8502086608407619,0.05450830003803064,0.06823976234632174,0.01956809457754683,0.007475182197338949
0.8477192999868638,0.07616920648483816,0.05453018138864725,0.015584161689427844,0.005997150450222894
0.8980432728416253,0.03763723284686466,0.0396426140921858,0.01887076510438028,0.005806115114943908
0.7448210988664532,0.11840389218154591,0.09761771468837276,0.029102583657025855,0.010054710606601952
0.9317679225508462,0.027075716137196545,0.02474919239356004,0.011845487955264822,0.004561680963132512
0.9402361559665694,0.022986715424006664,0.026921686052109314,0.006685171380509298,0.0031702711768054723
0.8632451357961467,0.05609278884491682,0.05964630928583651,0.014088090555135973,0.006927675517964169
0.9126017380969995,0.040700717581668,0.027871058630642907,0.008766233989948854,0.010060251700740711
0.7945953846100376,0.03637532062250217,0.05902604112762719,0.03650177489742478,0.0735014787424084
0.7009524315673747,0.06226862582114992,0.04211029211010386,0.04123525238595359,0.15343339811541798
0.9143908930445911,0.01917996476492364,0.016879673306272668,0.020231191000048818,0.02931827788416381
0.9163374526517075,0.048157886737217145,0.023312141647813544,0.008939102151139253,0.0032534168121224048
0.9219012376338213,0.03213255749441085,0.03201147425546153,0.011174686353544122,0.002780044262762154
0.8390989738386218,0.0850333035061268,0.05166504178579059,0.018767580792677416,0.005435100076783616
0.8977789221806962,0.04834099617833816,0.034524390008007125,0.014377562905497064,0.004978128727461562
0.9358451111409407,0.028131218164125744,0.024239605181679013,0.00822608970604833,0.0035579758072061345
0.7761820383417443,0.04990895344297676,0.06499365519424859,0.03691880990556631,0.07199654311546397
0.5457831145029346,0.0792676768451942,0.06374472811670504,0.10118850563392204,0.21001597490124418
0.7060479318727143,0.09289235919798078,0.13015501907274651,0.05005246175895521,0.02085222809760347
0.8401205453187427,0.06857402625837872,0.06725119190792304,0.01700539810863659,0.007048838406318999
0.8339234131462344,0.0637917417161681,0.06600901662516097,0.02451482470310061,0.011761003809335842
0.8579012499635148,0.04770352051604212,0.06887882624363334,0.018263607912870114,0.007252795363939702
0.8186037471444809,0.09596537651559675,0.055168420426606496,0.021637349795850646,0.008625106117465121
0.7942606698818077,0.08646222229009637,0.08193766348295532,0.025743465230590953,0.01159597911454998
0.8396448286662367,0.04203842761591573,0.030639471053287043,0.02956284363984592,0.05811442902471453
0.848470732682648,0.034643893870264834,0.039270767059733584,0.02846158164568744,0.04915302474166623
0.7232195123151118,0.03405403530053206,0.052325494362451264,0.046438102551945,0.14396285546995974
0.6897005196428769,0.03973474355973374,0.028284419073851316,0.061820126120401664,0.18046019160313626
0.7834488394792247,0.08845888329737801,0.051484157263665814,0.034605221822924574,0.04200289813680685
0.7954257586623377,0.07721909818370847,0.08902269154029441,0.023227789056132805,0.015104662557526632
0.9196431322995399,0.034079972915607284,0.0288027145511909,0.0137183681172365,0.0037558121164257097
0.8984252013759596,0.04816429454518578,0.03642063986648921,0.012704758038468687,0.004285106173896581
0.7419482298806543,0.06258632838594821,0.135783714106745,0.045123043108561155,0.014558684518091275
0.9176432418953497,0.020262643150272472,0.045647930131265745,0.011507595633657575,0.004938589189454535
0.8607169561905623,0.0578640877614504,0.0603434228067792,0.01519889668284135,0.005876636558366652
0.9222305278858305,0.024813960733010794,0.03778678465877077,0.011381107706866766,0.0037876190155211984
0.8076102480824001,0.0649372724905368,0.09315376180214713,0.026255059709215982,0.008043657915699791
0.9059053747526841,0.03160476912033863,0.04397291457683796,0.013720136788887014,0.004796804761252154
0.8857593924429856,0.06557666795522345,0.0347573869081487,0.01000413260833847,0.003902420085303893
0.8142047581787762,0.08597566778449281,0.062384426796458184,0.029147504026292084,0.00828764321398074
0.8123191428556964,0.08778883891697464,0.07008135670394543,0.02099238221424974,0.00881827930913362
0.9050228933354797,0.04400386822693954,0.033040246529750954,0.013494247507474778,0.004438744400355176
0.8869483500079951,0.05580686678143641,0.03516276825871302,0.016532740633908645,0.005549274317947131
0.9482416984556817,0.02642343457942819,0.017341631951639375,0.005574853148650113,0.002418381864600697
0.8509225664243181,0.07425837784531956,0.05385723473639864,0.014575754506775217,0.0063860664871884755
0.8975021141723919,0.035183034278335704,0.04528066752686022,0.016720927986264882,0.005313256036147422
0.7842082110727302,0.11878209908735748,0.06549464010474244,0.02127037715087319,0.010244672584296803
0.8990992674089305,0.02695154828518044,0.048041410420691974,0.019502192075139094,0.006405581810057782
0.897564208097648,0.040437459558106736,0.04029088963034707,0.016825658608338817,0.004881784105559375
0.8778140837022294,0.06226561375448915,0.04460162355352363,0.01145247278349453,0.0038662062062636135
0.9432000731531073,0.01772982626998606,0.02976263261337413,0.006495297124854575,0.0028121708386779254
0.923744330288338,0.03621055868374815,0.024522665969194397,0.011315316746643655,0.004207128312075725
0.890561586636267,0.0427370466734948,0.04857864430571742,0.01259378761626318,0.0055289347682575575
0.8505701420643433,0.0718338849268422,0.057871858338391015,0.015098489749544183,0.004625624920879596
0.9058541977458554,0.045141166508767545,0.032052206601788154,0.012452994812999873,0.004499434330588968
0.8201389302905825,0.09508470862421646,0.056773214092390584,0.022249514755128142,0.005753632237682398
0.8241800169472597,0.0875178346222349,0.06158801073095356,0.020256332882234628,0.006457804817317062
0.6923884662927049,0.04518890816305236,0.03252259858316303,0.0773624155493113,0.15253761141176847
0.8924122599211018,0.060971577099665226,0.023574345556706518,0.01291979207795718,0.010122025344569083
0.8275863759435843,0.08504585787345739,0.06163476163571313,0.020514845478032943,0.005218159069212278
0.9194606960011434,0.03613527122415839,0.03029659209486758,0.009888424244859967,0.0042190164349706445
0.8932730937221118,0.06342852393002907,0.025869134892948707,0.010589777491415297,0.0068394699634949435
0.8997916990529425,0.05891001051485751,0.02555510957387247,0.01199057494514529,0.0037526059131822802
0.9207711220249913,0.0395030944330716,0.020158788825429885,0.0135849711812924,0.005982023535214634
0.8273306363275412,0.08784869644461457,0.041385459611042924,0.034654501906758624,0.00878070571004266
0.8942400698355194,0.044538389322526344,0.04307830077289094,0.013828040921380312,0.004315199147683138
0.8543378326394557,0.05756326044668956,0.06354821900300996,0.017971603065524026,0.006579084845320367
0.9161168022663031,0.04816568583619986,0.023902645649055324,0.009083496592753702,0.002731369655687969
0.705877536751564,0.18190042991727234,0.07263244633843052,0.029523907400748,0.010065679591984998
0.8784582188949005,0.06485898418045549,0.037530781964348725,0.012707012887794016,0.006445002072501151
0.8679496607734996,0.05360187605689832,0.047949059955006944,0.020974818687621053,0.009524584526974165
0.9369426304058867,0.0400927558100078,0.012120622687270531,0.00812740640594875,0.002716584690886177
0.8340116506687966,0.05832321096353462,0.07238332923867058,0.02653582996348194,0.008745979165516485
0.940798843169774,0.026262179116113126,0.02067506430183484,0.00903064388817242,0.0032332695241057436
0.9046717461319467,0.031914991336023484,0.03963921457330638,0.018545000079373868,0.00522904787934937
0.8435204707773865,0.058971205050893295,0.059735291126019004,0.028253175029784555,0.009519858015916817
0.8627362598937547,0.0764168104970612,0.033116281096840776,0.021330735414117268,0.006399913098226149
0.8384122730180366,0.09599850453235473,0.03271120214721658,0.026117259998619472,0.00676076030377298
0.7524147414236294,0.13389253083910307,0.0671810899621718,0.03512699781897366,0.011384639956122102
0.9483938574255629,0.019613973245500873,0.0209349951068004,0.007775950699498238,0.003281223522637333
0.8922442516044417,0.04862809980357608,0.03433583893643409,0.017579002508935713,0.007212807146612459
0.8992331156273028,0.04238560441638942,0.033868341403445634,0.017888822060872375,0.0066241164919899585
0.8143179010463854,0.05846614089500293,0.07559073473373908,0.028710494700751737,0.02291472862412099
0.7739395397499285,0.02350773622320473,0.023019184660593037,0.04982921869827242,0.12970432066800155
0.8357735678372885,0.10168069737952913,0.021870296226337946,0.021848301208648176,0.01882713734819595
0.8527134569893329,0.07010025911887084,0.04330779193254015,0.026205995065655706,0.007672496893600177
0.8542940072641839,0.05615090733965878,0.05847477726355528,0.022982844764179448,0.008097463368422595
0.8743878146047913,0.04875039229407972,0.045570823575005116,0.022935878293480986,0.008355091232643094
0.835675106526626,0.0657401886669359,0.07024285393158787,0.02265597487209132,0.005685876002758937
0.7958025818683788,0.08349762291643249,0.08350502452760167,0.026573094175048384,0.010621676512538664
0.9340943086571651,0.02719890619133101,0.027203927464841623,0.008135837351731597,0.003367020334930694
0.8437306512500602,0.05564342140965143,0.07262379105839004,0.02076366055013373,0.007238475731764589
0.8395636713540419,0.06095964140977539,0.06391415154392308,0.027135801099026302,0.008426734593233377
0.9002228784859806,0.031001407805360558,0.05351452778157249,0.010947617063737296,0.004313568863349032
0.7759809818767973,0.129911552766839,0.06309081059346089,0.021891782574559676,0.009124872188343208
0.9366516540801493,0.027679218693571404,0.020990415991238107,0.009928366154971583,0.004750345080069615
0.8710919200618352,0.06526590640379211,0.043828025702671906,0.014297657864849019,0.005516489966851484
0.8664395962339871,0.04907199323069016,0.05247583053040432,0.02083078882600868,0.011181791178909734
0.8544866965436605,0.05884825490835549,0.06496888935009787,0.015094734443761889,0.0066014247541244225
0.8076443532048109,0.0809946776923667,0.07925805701147187,0.021832293420732216,0.010270618670618322
0.8057835449625279,0.08948777562427905,0.06345591738629995,0.0292811389033982,0.011991623123495002
0.819156235926051,0.09218464268109353,0.05133929149908983,0.025986165344304563,0.011333664549461199
0.912646611514378,0.04984571515058011,0.024006421666079702,0.008867929309711042,0.004633322359250976
0.89249452523168,0.05917640736082646,0.030660989518640724,0.012262400153203694,0.005405677735649156
0.9388659943896307,0.03623429490747399,0.01549090679853928,0.006647396332675618,0.002761407571680352
0.926825908951421,0.03958385222647835,0.017502323338582308,0.011782409331224087,0.004305506152294153
0.9232423463829782,0.025894966734675152,0.03833832003112354,0.009601907073319663,0.0029224597779032436
0.8545903747642171,0.04386023989522252,0.0736328350687359,0.019076625406694636,0.008839924865129621
0.9339712348101259,0.025790977208659083,0.027435859575874938,0.008735302945386327,0.004066625459953591
0.8304560510292626,0.06378360497985386,0.07993532886201224,0.018226233646646477,0.007598781482224868
0.7607385884328595,0.09075956577151395,0.10557716833248518,0.03242585385425212,0.010498823608889313
0.7468196444813925,0.17257475981674392,0.04430489605857024,0.0242737166356721,0.012026983007621273
0.8612251164078527,0.06895926178559002,0.04290852477504855,0.01677727572733854,0.010129821304170063
0.8888154296066312,0.06940116559599158,0.024719403106441322,0.01146596449407984,0.005598037196855946
0.8544577896522816,0.07859538092309916,0.044828713435858605,0.011991520656674956,0.010126595332085573
