Delta_Power,Theta_Power,Alpha_Power,Beta_Power,Gamma_Power
0.6885482508028709,0.06318500477081901,0.20543658593977918,0.03674118796832514,0.006088970518206023
0.7992920810903468,0.03095119163569878,0.1432030248548231,0.022139998606341978,0.004413703812789369
0.8637394491438192,0.01861267207442267,0.09224114665345827,0.01884653104614852,0.006560201082151544
0.6155667308276148,0.12060445855124541,0.21702969983693218,0.03601380477507685,0.010785306009130781
0.846893437461276,0.041041717240360716,0.07102127553097332,0.034011595528995825,0.007031974238394169
0.878921005502915,0.038377526190181754,0.05664691638434712,0.021079937341410074,0.004974614581146219
0.7557904930750523,0.08008024325759151,0.12485253491485912,0.030866527981757208,0.008410200770739722
0.7669774444938031,0.03951321593607832,0.15159076679762654,0.03386441387167214,0.008054158900819917
0.5312087870335283,0.09523040167166053,0.32459056308515355,0.040981317690782164,0.007988930518875533
0.8177633506962446,0.04326972281230224,0.11299509983321945,0.02028565855137906,0.005686168106854757
0.8317334873723731,0.06551832981597278,0.0534650177511514,0.038725853064800024,0.01055731199570257
0.8999575896633607,0.0513990020840222,0.027501924778571114,0.0159620695804435,0.005179413893602672
0.8638998177452956,0.050644400577620326,0.04574143322324788,0.0315283553790986,0.00818599307473768
0.7395596732114259,0.06601909958413787,0.1544820206008298,0.032576421542580336,0.007362785061026066
0.7728989429018664,0.03338354873375479,0.15878315493670267,0.029839221963694006,0.005095131463981962
0.7789342551357841,0.03663367011140521,0.1611070780902493,0.01929025669022641,0.004034739972334945
0.6159835099997862,0.04223095934949536,0.3081576336779724,0.026813618391913364,0.006814278580832807
0.6953122582571991,0.032799476344672104,0.21202886997617265,0.04981109966327744,0.010048295758678747
0.8216830604468697,0.03144358402004714,0.12018024643448509,0.022326007648624267,0.0043671014499736946
0.5291989207559774,0.06673156655304754,0.33213206209247537,0.06112685808948883,0.010810592509011131
0.6269501958870771,0.07938599167860134,0.22117004223630418,0.06315431222486888,0.009339457973148484
0.6822842895714952,0.06030740361524172,0.2136700473868342,0.03494083746600131,0.008797421960427406
0.7441874422039435,0.04023119218062032,0.1889929356340171,0.02206725102111314,0.004521178960306254
0.8398902783860219,0.059082745452045296,0.05926399539848689,0.03454651039658374,0.007216470366862405
0.8657890146542744,0.023485725284296,0.09283207116104966,0.014486523853027133,0.0034066650473526267
0.8802056261127638,0.02852066262596074,0.07299105165305386,0.015413630364185932,0.002869029244035833
0.7831103932599803,0.05351068689668105,0.13430608850482922,0.023882790194515807,0.005190041143993432
0.6279256907800056,0.08430262322715171,0.23941986501512522,0.04183538384486108,0.0065164371328564185
0.6814682268351051,0.07370023242589215,0.19725795813655006,0.03939505783481686,0.00817852476763586
0.7862725216196453,0.04846557974622298,0.12862713500047004,0.029384944993054316,0.007249818640607192
0.7710827057703148,0.08244996210264481,0.07365194480773947,0.058580343108883284,0.014235044210417545
0.8614634116421119,0.06155319770334942,0.04252234559270727,0.02811129632233588,0.006349748739495487
0.8916307460634685,0.034663693742266334,0.0520865412465803,0.016977035781103444,0.004641983166581393
0.5246189710467407,0.10453935091543701,0.30627255489371247,0.053748636052275055,0.010820487091834611
0.3484911590697272,0.16983527150661715,0.39098111408236447,0.07957877738242042,0.01111367795887093
0.6780663550603948,0.06970413976112685,0.21827091187792466,0.028612801403701177,0.005345791896852249
0.719970732040995,0.08116282762601519,0.16614551314225565,0.02625727890008502,0.006463648290649269
0.72833728021594,0.061609595630771924,0.1691355567364596,0.03351562676525383,0.007401940651574715
0.7604432789038948,0.09112125861157695,0.1122777881223795,0.02821911687253799,0.007938557489610778
0.6099816789894047,0.07349584578486729,0.2700209872668071,0.037182631159502585,0.009318856799418242
0.6960128017699253,0.0704555165087357,0.19235761093763418,0.03416800299244931,0.007006067791255517
0.7641428462925692,0.0438226540490647,0.15460787022625935,0.0321087038675821,0.005317925564524661
0.7437280437044047,0.07584858782462729,0.13154628688871772,0.0408586435779211,0.008018438004328981
0.8674839517501696,0.02169617359430307,0.0854431451199517,0.02215977392223964,0.0032169556133362026
0.6259030181729976,0.12430092227120226,0.19733251260331636,0.04353422818785394,0.008929318764629886
0.7827937325981148,0.053193963634557404,0.14228152155033666,0.017040731935247102,0.0046900502817441864
0.8845916541764052,0.039996709621641056,0.0385045474798498,0.029685861923371942,0.007221226798731849
0.8789164522187978,0.04696052011254004,0.043566954627564575,0.02439802592583468,0.006158047115262892
0.7333959069347182,0.0854234639292483,0.14482434455397505,0.030078176941961007,0.006278107640097511
0.5621357337998438,0.1121453622689022,0.286349689129075,0.03217056681993472,0.007198647982244245
0.4479049042674783,0.15398474307196391,0.3338873964945035,0.055644435800733826,0.00857852036532021
0.8441744706320953,0.029989112682722932,0.10202198278053136,0.020129555652295433,0.0036848782523550925
0.7560210224942502,0.04276789089430876,0.16421600959175303,0.031698305377063266,0.00529677164262492
0.7508040227362754,0.061562146814535326,0.15266260687969432,0.030332094679058303,0.004639128890436532
0.8487336075750908,0.021508610310990252,0.11398871404205625,0.011941900020885736,0.003827168050977087
0.878320738896598,0.02675523677797259,0.07080081780967792,0.02090773637894172,0.0032154701368097473
0.9314071908986381,0.013735287723107474,0.042491995441149046,0.00848310431739808,0.0038824216197069885
0.8089146090087976,0.04056132530634287,0.059253955566484134,0.04000540260580656,0.05126470751256875
0.802442313896617,0.04720720623712189,0.09128435681385166,0.038938575809605566,0.02012754724280371
0.7377135807882336,0.08902681699098174,0.13074076410506885,0.0327079681377237,0.00981086997799236
0.7093572776040388,0.07208034532578021,0.18066070044629456,0.0303070222748371,0.007594654349049321
0.6831975005651015,0.10333154204592138,0.1715648053045219,0.03435170676485448,0.0075544453196006835
0.7449358200724167,0.08523021045312192,0.12362843949046878,0.038132670855320835,0.008072859128671811
0.8481390299507077,0.0470191615126465,0.08373518073269347,0.01743264909996722,0.0036739787039851294
0.6455750115402298,0.03858872592464144,0.27921850334869563,0.02998611440557809,0.00663164478085518
0.41338023706984506,0.04622714989604669,0.4547402004252982,0.07184543472845115,0.013806977880358756
0.8243300118083756,0.028332838015891846,0.12098146901469325,0.02169944225268121,0.004656238908358315
0.8221799954638582,0.04810912346623291,0.10988965269754698,0.015973627101387677,0.0038476012709742443
0.8941869362462823,0.017698545292395045,0.07169381376139443,0.013055955742911024,0.003364748957017328
0.7065772613515721,0.05444731597572659,0.19948283183996987,0.03354105297858706,0.005951537854144571
0.7026315546817226,0.05633945604371362,0.2076956376296724,0.026398573867839295,0.006934777777051981
0.8190477359904312,0.05566891258272827,0.09530995063765062,0.02258411375606286,0.007389287033126957
0.8585643943248307,0.028878670483886638,0.08731784977462569,0.021015433340212556,0.004223652076444579
0.6926727498977945,0.08658522588270391,0.19039791347196863,0.023586009971889612,0.006758100775643332
0.6941818723289469,0.07260492083234212,0.18954225552242085,0.03684327720099064,0.006827674115299255
0.828770219405797,0.045217420018915676,0.10546246756323555,0.017333159399302574,0.003216733612749293
0.7786438605939743,0.050005024330709275,0.14624478849580116,0.02020954579163846,0.004896780787877088
0.8406845626434939,0.03753226804584656,0.09507410166742962,0.021321473243291634,0.005387594399938308
0.7985302230461903,0.04240196111365795,0.12330713730404777,0.029989421772783076,0.005771256763321027
0.7096365524636915,0.07814603754295334,0.16934110827510312,0.03453877448469109,0.008337527233561036
0.8652364424791853,0.03276412459645738,0.07437036637737915,0.021329577048420124,0.006299489498558264
0.6227474547497949,0.10929954148940059,0.21819303801379922,0.03960252553328276,0.010157440213722743
0.7028386708760627,0.08317158313323605,0.18537283069692187,0.022580642741638828,0.006036272552140558
0.6701363044106373,0.0672048116980921,0.21038431693174856,0.04446673306800024,0.007807833891521738
0.7847048461829906,0.07721218608726589,0.09276960445250738,0.03226198688303836,0.013051376394197668
0.9286908499696878,0.0412093925913735,0.014965979852257257,0.011999205973577922,0.0031345716131037714
0.8845394756922202,0.06761774774044954,0.019678426127222252,0.022219563829316086,0.005944786610791781
0.6368466492466651,0.11707168969925355,0.19123833666430512,0.04411107034451308,0.01073225404526315
0.8890818308356058,0.04200399532320176,0.03308406178040324,0.02015743560350184,0.015672676457287323
0.8784507756406208,0.04081155787345687,0.04649644161526646,0.019684284784460996,0.014556940086194625
0.8438743822191845,0.039768067818360044,0.060406190077996344,0.0258664678704474,0.030084892014011683
0.8169320061032576,0.042242534760537485,0.10798169882971052,0.0264941213162912,0.006349638990203097
0.8967139107074266,0.026378965513463686,0.058046701898664656,0.015251530968066418,0.0036088909123786965
0.8853428922148897,0.061171784837447375,0.02926059643234637,0.01798041522648193,0.006244311288834681
0.8785526363955978,0.020250368214847117,0.08119382809545193,0.015983629833039848,0.0040195374610633985
0.8506253278982406,0.04113312397770489,0.08368571944391807,0.019298472017385614,0.00525735666275088
0.6206910425337854,0.07892258132149245,0.25632482501323056,0.03593897135739147,0.008122579774100226
0.6698683671334273,0.07427391954800706,0.20195776218938066,0.045777655505607855,0.008122295623576938
0.8289059022574655,0.04178483788244709,0.09819412922921668,0.025690978246250443,0.005424152384620259
0.7840757818023713,0.06376759596907051,0.11651248925021437,0.027015919786318104,0.008628213192025764
0.6847345918595142,0.0507705549311255,0.22733827600508932,0.030983571929156378,0.0061730052751146035
0.8390175207228334,0.05165059732411011,0.05883196387275637,0.040177115093834904,0.010322802986465238
0.8385371588643331,0.040850081993298225,0.040935808326278,0.028398838629458485,0.05127811218663226
0.736839077887029,0.02024493618038712,0.07543055844731753,0.038458113741881475,0.12902731374338486
0.8207476043008215,0.04346045248121124,0.10357079017361961,0.02547147405184243,0.006749678992505093
0.6694378525029764,0.052556408364373024,0.23136990728026366,0.039072338006830305,0.007563493845556764
0.6939473847168753,0.06367174598005605,0.21149363063177884,0.026530397284919134,0.004356841386370595
0.6577143586305342,0.06925105255568433,0.22970735749742352,0.03465129895312428,0.008675932363233598
0.5246261466566602,0.13376629609596924,0.24220814503573823,0.08537383255526024,0.014025579656372142
0.7181579842538409,0.04439126915264719,0.20360228470853295,0.028516173259059748,0.00533228862591894
0.8250467328005054,0.034316358208572734,0.1115847673501483,0.024094247631615176,0.004957894009158345
0.8173833017271247,0.08723300423003065,0.07312740955478601,0.01729658782439046,0.004959696663668155
0.6722051635161557,0.036970191504673545,0.24225269371493247,0.03991510629235442,0.008656844971884058
0.5929270560431844,0.06419222734038246,0.2962169160390804,0.04012911186680107,0.006534688710551632
0.6695951742202626,0.06682429033154032,0.21879787493953615,0.03534953344778835,0.009433127060872513
0.86562739395221,0.032394075415024155,0.08013485707805888,0.018139731401197314,0.003703942153509841
0.7292008354496976,0.0715525727820073,0.16376766249727992,0.030187196347298387,0.0052917329237168916
0.7737663626295064,0.039776690806111514,0.15226608924374035,0.02810209921873416,0.0060887581019077016
0.6619388284940093,0.09916447117839262,0.18706047769907713,0.04214676599807146,0.009689456630449398
0.5299965916797429,0.08764721567865337,0.3316686004554056,0.04173651238458084,0.008951079801617155
0.6242152043006842,0.032398101425780486,0.289514927606055,0.044251443124830855,0.009620323542649816
0.7809830815014874,0.04136802808541563,0.14049921047382755,0.03183411666410393,0.0053155632751653034
0.7732241118156246,0.042847920020900404,0.1549919294077039,0.022898467702848077,0.006037571052923289
0.7976462612242975,0.035523650344631175,0.1336520395951587,0.027510497752015764,0.005667551083896856
0.8841620188545156,0.018844844923962805,0.07968134824067348,0.015093160705414655,0.00221862727543365
0.631401774060279,0.1091540901582523,0.2165853374035922,0.034643943485839435,0.008214854892037106
0.7395575189326751,0.06490079172565906,0.1625036600915357,0.028152297596779466,0.004885731653350693
0.7082000400850467,0.05705924299905139,0.2014353484594167,0.025713907520498847,0.007591460935986364
0.8134659555543255,0.04638731373777312,0.11312040523368452,0.020999868877235154,0.006026456596981876
0.893782349674869,0.049362456876449835,0.019999879870124984,0.025736252838911757,0.011119060739644282
0.8133603110124207,0.037367570244108854,0.10274452747738429,0.037694475498679145,0.00883311576740716
0.5381651534648307,0.057351397180525975,0.34662739627021455,0.0472705897505919,0.010585463333836689
0.7455906625233929,0.04688773086738298,0.17303375697961426,0.02707583588115459,0.0074120137484553
0.8028365333701964,0.03996124363442206,0.12939328445107542,0.023017751159910855,0.004791187384395263
0.7623616132642523,0.04148094310100003,0.14805175018395156,0.04020113291904889,0.007904560531747165
0.6909020430409937,0.046241741277855256,0.22064821481825675,0.03399529040366661,0.00821271045922776
0.8695386803452476,0.02137628843166516,0.09439686950831591,0.01152891522526348,0.00315924648950806
0.6958362642766276,0.08907283602018316,0.167031664885739,0.03732999066286015,0.010729244154590097
0.8507061578558363,0.027867089929452842,0.09697105088807968,0.020466475943180375,0.003989225383451013
0.49307491118972324,0.10488479120092528,0.330866095194412,0.05761013183514653,0.013564070579793041
0.8632599612917369,0.025034708780757673,0.09535472616529908,0.013192176595381288,0.0031584271668251545
0.8536882819942713,0.019128440811899308,0.10104369044747458,0.021684619344871762,0.004454967401483135
0.8151462926109513,0.0375231759822463,0.1134134418599432,0.028259312913264754,0.0056577766335945785
0.8413919095787588,0.026349375620615297,0.11278722276255082,0.015989978648474835,0.003481513389600308
0.824306313227783,0.034919708645150004,0.11636141085882253,0.019850607181306643,0.004561960086937853
0.7237345303715289,0.09445221818492101,0.14431563581133067,0.03085039098654284,0.006647224645676741
0.9141550553478534,0.02372006926974823,0.03830775710504794,0.019353566098519865,0.0044635521788305346
0.7307621813019691,0.03291970290685981,0.19892094626530105,0.031261654281082775,0.006135515244787294
0.649049549408717,0.07400097916445976,0.23795926416634985,0.032437471810824244,0.00655273544964925
0.8472538605039244,0.0273230017841688,0.09384361088002068,0.02687338524197963,0.004706141589906518
0.6800465029012809,0.04940832530785106,0.22632145717519164,0.03494954971660256,0.00927416489907385
0.7081075411708595,0.05033690161714299,0.2052090937122546,0.03043726090751869,0.005909202592224319
0.6908939342792727,0.07478845041919595,0.19467263235925303,0.03347975114831224,0.006165231793966077
0.5516036779116471,0.08431882881072776,0.30304342332129103,0.048754350455310264,0.012279719501023573
0.8392258551110579,0.04154402073958886,0.08117406028997147,0.025458440248146467,0.01259762361123517
0.8711067550714734,0.029555864118271144,0.06807396653027352,0.023221598405091453,0.008041815874890595
0.6442780534413345,0.05485632160210198,0.26180293868712157,0.030671062045193435,0.00839162422424861
0.5709592271950424,0.0921505980200185,0.2703571140037821,0.053935698801916614,0.012597361979240489
0.8061922829823865,0.05031283704898028,0.1166875097706355,0.020856333263175767,0.005951036934821972
0.6629255664861496,0.11389580066675524,0.18018579065473841,0.03389639993210243,0.00909644226025396
0.7474517911020356,0.034879453061966555,0.18139163618794849,0.02820077101729808,0.008076348630751021
0.6935236274252966,0.08368248216075337,0.17216818922023155,0.04149533454877767,0.009130366644940721
0.8272218035691423,0.03382279982364419,0.11411838627569695,0.019052202474894437,0.005784807856622375
0.49350131010613124,0.13769925341287675,0.3078804022859604,0.04896403674096544,0.011954997454066087
0.6527480349944118,0.09129523529614218,0.2082453976043752,0.03856618626390974,0.009145145841161058
0.8451793815477526,0.03149468415642663,0.09995695603988446,0.0188387452970936,0.004530232958842488
0.8975591441019755,0.015068072744076628,0.06977893504827126,0.014065440486353336,0.0035284076193233304
0.8607750923435429,0.03326598079570365,0.08443221434450125,0.017035994157264905,0.004490718358987194
0.8714558869734551,0.03853264992768593,0.06685670031844669,0.016205539831500356,0.006949222948912323
0.681708630524151,0.027405563268891337,0.14514696075353006,0.04672404232280634,0.09901480313062123
0.71749604576504,0.04097238981306954,0.17488471423039448,0.031882610654902444,0.03476423953659351
0.6911221438367824,0.042239900970264456,0.21980309048532753,0.03421625871945589,0.012618605988170082
0.7831582383293086,0.04173415375662547,0.14498200696472166,0.023190901096030926,0.006934699853313505
0.7907617782387599,0.06343520818755251,0.10647839015431143,0.030714968772006995,0.008609654647369132
0.7999486288135844,0.03342379390903098,0.13592676656349897,0.02467358450382432,0.006027226210061482
0.6969718826287137,0.04348910665639349,0.21443224687821982,0.03720318920660499,0.007903574630067673
0.8460632562971836,0.03306217372590753,0.10349381662752853,0.013951430153083104,0.003429323196297388
0.5949992366278531,0.06420247861578618,0.28753001638082654,0.038600011746246284,0.014668256629288097
0.6542077503032486,0.05416789522440054,0.24344456055377794,0.038931284722613674,0.009248509195959282
0.780253415270613,0.034879547420860815,0.1444894656314573,0.03313728274431445,0.007240288932754467
0.7033130753862286,0.06949748151103524,0.18470137468983142,0.034414951341059326,0.008073117071845394
0.44901842454416435,0.08136854628389667,0.3695591482648892,0.08425929963301022,0.015794581274039675
0.8825169539816907,0.027404848152136042,0.07093138308138817,0.015735477138190998,0.00341133764659403
0.7417071487635444,0.06759847481781024,0.15163419930120495,0.030539423256833752,0.008520753860606814
0.8171456494103962,0.044206009790159546,0.1050436406712947,0.02691546132827517,0.006689238799874353
0.7787183872036252,0.04650010843012983,0.13838735414834633,0.02910293390709006,0.0072912163108085435
0.8575788346597899,0.029200760402076198,0.08845568252840019,0.01975495088943018,0.005009771520303663
0.5228532458569978,0.13326348053119155,0.2685804294108073,0.06143424126231886,0.013868602938684443
0.5973241549400459,0.08478504695865663,0.2490828854399238,0.05657497923407839,0.012232933427295756
0.9130155899163097,0.020983497799540136,0.05268567720278697,0.010710837260033874,0.0026043978213292924
0.7852005329654951,0.07147230151525838,0.11321428442038509,0.0244914078577693,0.0056214732410922565
0.8237162570487626,0.0635349663524092,0.08796905158957957,0.020642899062366746,0.004136825946881838
0.7180698484433193,0.051372889355952356,0.19412966006217705,0.029458313701425345,0.00696928843712584
0.7608716707994574,0.049709662489007135,0.14816706657073683,0.03368768997637741,0.00756391016442129
0.8347397071804018,0.050482471062136575,0.08969925776408944,0.019015577119174426,0.006062986874198185
0.8493426374072653,0.07108361140248508,0.034122206683214314,0.034333274187014234,0.011118270320021084
0.9489585621927257,0.019403951002371574,0.017641941139071627,0.01066080717665446,0.0033347384891766357
0.836133636707171,0.05236561342961407,0.051216589886865095,0.05155198166667708,0.008732178309672788
0.7829251711825793,0.02899371789897167,0.14946186801160025,0.032795843822289304,0.005823399084559535
0.8143773299075033,0.0349448548833705,0.12333233087351454,0.021704571504150675,0.0056409128314609805
0.7173208321356943,0.06540998271684363,0.17328616696103805,0.03479992359336972,0.009183094593054287
0.6651902515614837,0.10148116695866899,0.1850877604591931,0.03793942336626047,0.010301397654393732
0.8014896550026659,0.061414433209714986,0.09778637559810649,0.03310829679744623,0.006201239392066275
0.6758766051455513,0.07049624894653439,0.21098204614863764,0.0359652837226558,0.006679816036621034
0.8128402908667846,0.03628069153938224,0.1245785445942952,0.02162361605028329,0.004676856949254491
0.8210550015869347,0.03793683932159358,0.10766996930285376,0.027512472054226134,0.0058257177343917915
0.7824672848321087,0.05816470345902609,0.10748148660827737,0.039993564088778105,0.011892961011809765
0.8156064384171493,0.06721304656504302,0.069005925175326,0.03364406807872211,0.014530521763759595
0.6542857141655335,0.1082686464728607,0.17882301791829844,0.04668381319534674,0.011938808247960599
0.8806525885315991,0.017369296475916503,0.07795454190334465,0.01871570484600802,0.0053078682431317685
0.8772643082430355,0.03826478070497249,0.06752083594049407,0.013185351382139223,0.003764723729358652
0.6674666217022507,0.06717605956770797,0.19031078117999953,0.057805450580716365,0.01724108696932536
0.8028462158705877,0.04645847047393856,0.11226276253239609,0.029254055579620096,0.009178495543457538
0.6931042100157158,0.06776411499050396,0.18237773011533526,0.046631864163922836,0.0101220807145222
0.8480549550430708,0.03231083389372687,0.09281591458536191,0.020528741403356712,0.006289555074483718
0.8112081155271368,0.04950330444638868,0.10758186219671932,0.024225898891021513,0.0074808189387337385
0.8503477450522605,0.03684000391200715,0.08996909479855066,0.01838770030086666,0.004455455936315075
0.8027836837096611,0.03137999487201403,0.13273900366653507,0.027329751566304235,0.005767566185485783
0.9111512663630992,0.028659575080692428,0.04112550506601039,0.015259909543516987,0.0038037439466808544
0.7957508026839147,0.06218980924668996,0.10878454730735514,0.026353568440574186,0.006921272321465934
0.7201227293931439,0.07915197300281646,0.15479765613067023,0.03626805688088517,0.009659584592483979
0.6610193442213133,0.09080977852511654,0.18585108231275968,0.051563959961869424,0.010755834978941071
0.7605725916701229,0.05695608374540942,0.14785041646364763,0.027327379501542445,0.007293528619277466
0.6515084445170407,0.07206468235142036,0.22990866307376254,0.036801379842704006,0.009716830215072376
0.8419991944242295,0.038973597184142034,0.09259257586929191,0.020904967141176848,0.005529665381159695
0.7294154464045641,0.059989256185783844,0.17533015418198228,0.02730170993887207,0.00796343328879746
0.8133147480525429,0.025561259606338736,0.13246736661606345,0.023926720695813846,0.004729905029241072
0.7458030431915708,0.05975397973923381,0.1566783259381795,0.031220679580430014,0.006543971550585963
0.5333675764183331,0.06772700621656304,0.3220118686363707,0.06316501601793342,0.013728532710799511
0.7439024126729521,0.04519433738752778,0.17330227297460848,0.030507608935880982,0.007093368029030677
0.6725982444637941,0.06480449666127609,0.20654481614152437,0.04757365731595822,0.008478785417447293
0.6128742136863118,0.07257236855270686,0.267870707732864,0.03623201445544885,0.010450695572668672
0.8635548648482324,0.047890757757647465,0.0686373869232401,0.015882690739077835,0.004034299731802102
0.6865232343295966,0.039366418338055,0.2370368637688335,0.030459585797535414,0.00661389776597929
0.8102495480447421,0.046041774243189934,0.11868434672483384,0.019893659136243677,0.005130671850990279
0.8884377732703546,0.030622320252731077,0.06591082827656117,0.012072314845796052,0.002956763354556969
0.8494101163073853,0.038673651791010365,0.09360227291326854,0.015290274122852627,0.0030236848654830624
0.7146276841333449,0.0441639556940085,0.18957007398848635,0.04066901711407433,0.010969269070085963
0.5918363046206317,0.13662256770068534,0.2332097888965519,0.030690231705672772,0.007641107076458044
0.7070382235321295,0.06053691588225309,0.18772789223418465,0.034573128527847184,0.010123839823585645
0.8830724177214224,0.036036957976368904,0.060423677662979104,0.016552740590468216,0.003914206048761625
0.7984340047016707,0.048007640732044846,0.1233094427276333,0.02242916809155467,0.007819743747096404
0.908523615864486,0.022258536246372976,0.053487185410499294,0.012894795590859088,0.0028358668877826888
0.732062768850357,0.06852920445705962,0.17486291660206196,0.01957651054266547,0.004968599547855812
0.7283519874477847,0.04832022230918272,0.19570841429441382,0.02257842058808921,0.005040955360529357
0.8556516980088235,0.02531989439751541,0.10285769733665917,0.012733152835271109,0.0034375574217309474
0.846764291841099,0.03989883814347744,0.09122321420538561,0.016597424401847236,0.005516231408190603
0.7159875274382282,0.06346962082023277,0.18619356783541618,0.02809944588398237,0.006249838022140338
0.7061396178527533,0.05016960765582155,0.2000893711454291,0.03614084728730815,0.0074605560586879635
0.8711390755920401,0.03790613288475549,0.07020772240326988,0.016053035882981223,0.0046940332369535525
0.7801699818799973,0.034045932028596085,0.14968678263869778,0.02985755388564309,0.006239749567065633
0.6985812734304201,0.05795535707097097,0.18819198741513754,0.045341558523985234,0.009929823559485962
0.836571025997299,0.0483356035225832,0.09742859624806709,0.014283146606160365,0.0033816276258901187
0.748335226956804,0.057911365984192546,0.15526724172857645,0.031308624167486386,0.007177541162940639
0.7239487241658784,0.04620463219414721,0.19227809184453407,0.031144907207247715,0.006423644588192647
0.8105918627729248,0.04320898189968818,0.1165632712557338,0.023462752935954356,0.006173131135698588
0.9072508497533455,0.02411880154469369,0.04750676299892711,0.017070182614102817,0.004053403088930857
0.866428397989959,0.04071677571409625,0.07607506344489127,0.013266203933168368,0.0035135589178849425
0.8585982656025604,0.06961406694264499,0.04573041769823631,0.02132216010157382,0.004735089654984487
0.7634072217915271,0.061595174448980904,0.12618497114811397,0.03853997213266426,0.010272660478713771
0.8103158265378368,0.06122488262660046,0.09477691965025793,0.024510722695942257,0.009171648489362466
0.7561301234184028,0.05436530296056527,0.04188782545756322,0.04312608797938076,0.10449066018408787
0.6877223973907186,0.04508181923575566,0.12768190389901393,0.036630284580993606,0.1028835948935183
0.6940928940398168,0.08823181584644071,0.1813774199575843,0.028545330334896278,0.0077525398212619145
0.7002537015468833,0.08610174682142885,0.16193448412675907,0.04172093270191394,0.009989134803015004
0.7053773404171301,0.06518152234923452,0.18379710944132913,0.03639122120490203,0.009252806587404407
0.8852617356144511,0.052105882235206596,0.034231740616733834,0.021847887352255038,0.006552754181353534
0.7920885549238694,0.09267542645363626,0.07178835592680262,0.029433394093428947,0.014014268602262675
0.7768887149326953,0.07658478103781759,0.09898737812128498,0.03761747332968214,0.009921652578520158
0.8105149227114802,0.04810755880096947,0.11110894653220509,0.024544876263377664,0.005723695691967337
0.6645508636065671,0.05467825599975196,0.1805147028306953,0.033525905126830804,0.06673027243615504
0.8150248772793481,0.029044787892672994,0.08816692206221925,0.028014453952566545,0.039748958813192806
0.5864750283278645,0.07490055600319503,0.2927125191407585,0.037010826970252535,0.008901069557929504
0.7425694651125384,0.05502927022762479,0.1674764148734978,0.027382828664149733,0.0075420211221890856
0.7274665398942425,0.0426207079383302,0.18117699702191165,0.0416146274706857,0.007121127674830049
0.7182029175229467,0.08472951716169481,0.1363957135653319,0.04291959318772958,0.017752258562296966
0.6642125389530338,0.18047997679057307,0.053358121224124824,0.07174708409396828,0.030202278938300034
0.7767396135232372,0.07081882819620902,0.11387742536323325,0.029180933834410148,0.009383199082910357
0.7537623039236044,0.05751372746955703,0.15478681289154086,0.02407835076570955,0.009858804949588091
0.6995356014644376,0.05464184414358717,0.2010853917390197,0.03468829317397084,0.0100488694789847
0.6601346200289572,0.05401033618161926,0.24140643179265459,0.03430487203114198,0.010143739965626957
0.8190432823490024,0.04205847345770237,0.11568243061472845,0.01768850684201759,0.005527306736549152
0.6244929247060516,0.07689764347896975,0.24250694316162652,0.046902278162245195,0.009200210491106938
0.6929863100403975,0.06309666202773558,0.1946939754917387,0.038053648487017186,0.011169403953110977
0.5403350902609003,0.11286630079368311,0.2820924345037225,0.04880126493994514,0.015904909501748977
0.8391458980692093,0.036669017221668085,0.09659882767481008,0.02278970683379766,0.004796550200514776
0.8406176281823455,0.0421095856115996,0.08340992450132226,0.024462827802552666,0.009400033902180029
0.6923452306705199,0.05019485167658079,0.20553234865286518,0.0402051954813566,0.0117223735186776
0.8398623387978759,0.04413091766359929,0.08100272084089007,0.02589672841151159,0.009107294286123068
0.8146893830336511,0.041717590560716084,0.10467449387645228,0.03222184801329608,0.006696684515884511
0.7979237720040511,0.06860777256351479,0.10636656217887619,0.02135307721231828,0.00574881604123976
0.7965882024823668,0.050965950748373096,0.11983359032462076,0.02632440716765108,0.006287849276988368
0.8198890084635082,0.03258123499550936,0.11852208169748916,0.022810674904714476,0.006196999938778848
0.8103701416214264,0.04023254394437853,0.12045185081776028,0.021900249079680256,0.007045214536754678
0.6784660357188923,0.10843144313281301,0.1526548707460655,0.047191829258306256,0.013255821143922894
0.7842469973928352,0.07999502834703752,0.10878858459752117,0.021341585754343917,0.005627803908262349
0.8732140037330486,0.044270446041674336,0.05862108028293105,0.019100655483573287,0.004793814458772781
0.9077073642276374,0.023521336836202132,0.052957251077332616,0.01275097094632923,0.0030630769124987407
0.7324095314394116,0.060856432235932054,0.16662437409964298,0.03095176485123213,0.009157897373781296
0.8910973002928596,0.05975241513595566,0.03401529028818798,0.012103699042233023,0.0030312952407635504
0.7005526842372424,0.07125981303479637,0.17548277302223336,0.041626372595802597,0.011078357109925458
0.8371137453395633,0.033489455641301,0.10367908607881166,0.02028222421180513,0.005435488728518949
0.7360405787530455,0.07018121946694754,0.14967249862153303,0.031637869857379125,0.012467833301094704
0.6936821752876872,0.07092917210545187,0.1818297672801036,0.04240438307001712,0.011154502256740126
0.9308024077410879,0.018058722958666822,0.040954059831810184,0.007946007823837135,0.0022388016445979357
0.8455831105134258,0.06024257825810463,0.06854361642896291,0.01951386518411212,0.006116829615394401
0.8145955624800792,0.0756219249457904,0.0781058565230013,0.024984402155634963,0.00669225389549404
0.7646737232982309,0.04399390137243614,0.15150735665902734,0.03303121318937838,0.006793805480927348
0.7737748192216534,0.03740035817188545,0.15522885685067717,0.027167849435311548,0.006428116320472421
0.8089595787598662,0.07199483444977119,0.09611045325892709,0.017045077321689757,0.005890056209745486
0.5606041860561413,0.20023198885587457,0.17524115494497272,0.04834204210033262,0.015580628042678808
0.5423595809650676,0.15836416256925231,0.21028445027590686,0.06779226707778663,0.021199539111986562
0.7865053077600633,0.06568316000482287,0.10744957130536262,0.032646889191651915,0.007715071738099171
0.6540701814953905,0.1453036595846992,0.13221336510377263,0.052809911432495076,0.015602882383642548
0.7485908063444656,0.058299144380187615,0.14238583598252494,0.03892432968448961,0.01179988360833238
0.9091184850456395,0.035130558066704794,0.0377106232877342,0.013608087888077476,0.004432245711844009
0.6245335763505235,0.051462476739404246,0.21824565986259778,0.08916599678985977,0.016592290257614713
0.6580282468564079,0.0928053103506428,0.2024823669016948,0.03491666506855004,0.011767410822704692
0.7982175024118984,0.06573184366946419,0.10939415519658424,0.020394817866211324,0.006261680855841708
0.8080922369292526,0.05666327070487589,0.1086978976009386,0.02080115506137329,0.005745439703559533
0.8206645043130109,0.034958864632002415,0.10697550788671563,0.02090177079053222,0.016499352377738825
0.8244029735708425,0.02196643906189813,0.12499894731514577,0.019480470673625547,0.009151169378487837
0.8918563835753854,0.02429925674447381,0.06558666346800025,0.014396542271583365,0.0038611539405572957
0.5583042768096808,0.08686007050516398,0.30777095965085266,0.03690586503599452,0.010158827998308145
0.6279894165749023,0.12618756152155447,0.15886811259912106,0.06617659699549759,0.020778312308924567
0.7257444308845422,0.12801729761851227,0.10430201932033788,0.030895377668365986,0.01104087450824172
0.6501907902121726,0.09144373821472569,0.2169357585817339,0.033103995490851225,0.008325717500516482
0.8129902939440614,0.0452364059356208,0.122076765028295,0.014607423444712681,0.005089111647310051
0.560384216888954,0.05400011535943308,0.3262746708068908,0.048928785187310725,0.010412211757411194
0.8472869337864923,0.041349132689418956,0.08402884190788987,0.021064969856023925,0.006270121760174945
0.665501837097856,0.07289429818849687,0.22225017206752315,0.030957569447641317,0.008396123198482505
0.5708141471741749,0.07791251687399818,0.29344349463211966,0.04516437501019075,0.012665466309516456
0.6966275480729811,0.07055384428757323,0.1869779514320538,0.03580958457198797,0.010031071635403828
0.9037661248930298,0.029808244278333923,0.04544106244760253,0.016347153893496374,0.00463741448753718
0.8040580777257392,0.05806124475818266,0.10227174909053158,0.025287922215374962,0.010321006210171495
0.8905205183379068,0.020291230149474735,0.06591781125411394,0.018467225385835853,0.0048032148726684515
0.7489328148547861,0.06036200361800698,0.13451154474623017,0.046513595281427525,0.00968004149954951
0.7052602804398278,0.0702395652772503,0.152788465642835,0.060301376145420534,0.011410312494666381
0.8948818155799013,0.040314442320488364,0.04106090889678505,0.019108820692045295,0.004634012510780149
0.9049450940795123,0.023681899331033797,0.04912382311378898,0.017633330776044467,0.004615852699620623
0.8621568288324337,0.04806286605813956,0.06372196867811347,0.02039515371649951,0.005663182714813672
0.807118062055936,0.057046710734603955,0.10122890694280694,0.028571878217514404,0.006034442049138715
0.708640589205914,0.06811017721214403,0.16931381850638336,0.04355074452594612,0.010384670549612677
0.7246781920528874,0.06824277052030209,0.1595356604686467,0.037146601704890515,0.010396775253273281
0.5839313720415652,0.06090115547184006,0.2985721734162972,0.044136236517646386,0.012459062552651109
0.8560649665316755,0.03916643860706872,0.08767428508335183,0.013527875504946916,0.003566434272956942
0.6196856104941713,0.06304808003398904,0.2557515850248211,0.048920881772979735,0.012593842674038761
0.8634919021193231,0.032115369751458664,0.0850945701711907,0.015603550075150859,0.003694607882876574
0.812159767107551,0.07176619787800739,0.07853706522437784,0.028358252905819573,0.00917871688424413
0.6586084567765443,0.05777504011418749,0.20686796127596133,0.05847555447584182,0.01827298735746495
0.6155901708264869,0.05773842760869733,0.26548259380916905,0.04929106950008453,0.011897738255562108
0.7221954130552515,0.037570145078661674,0.1997433838778843,0.03335803593512813,0.007133022053074413
0.6749275683562876,0.06701890339768168,0.1976424649391058,0.04941762084454029,0.010993442462384637
0.7126495335318916,0.0661828651933326,0.17548123395250945,0.035212228204509505,0.01047413911775685
0.6739325867499828,0.08933648437929374,0.1867650673455538,0.03828963594806339,0.011676225577106373
0.6526507763271479,0.07401049479541222,0.23640794468978743,0.028825642012149422,0.008105142175503274
0.8117861754198666,0.04515807660051264,0.11820809496754774,0.019031645106336405,0.005816007905736721
0.590106212902471,0.09330020026615528,0.2450863648348889,0.05798739729510962,0.01351982470137518
0.7744040213055641,0.036903464730787684,0.14348623158201143,0.03596226575843645,0.00924401662320063
0.7716101034627274,0.055062279662966306,0.1472178208933827,0.020085043530953913,0.00602475244996945
0.8599089200615468,0.040434428526331764,0.08047254397213542,0.014909467384891437,0.004274640055094573
0.6877809604312816,0.07550169865114925,0.1924755416476028,0.033678653913978354,0.010563145355987902
0.709502600311215,0.10939817158821788,0.13256924213355795,0.03756200768202566,0.010967978284983327
0.9010690230808103,0.0254727013229599,0.04983798231124159,0.0176282898962145,0.005992003388773647
0.7255345676523459,0.06432155065468863,0.16404894752420507,0.033677837366673735,0.012417096802086634
0.8623132535034098,0.03544151112466588,0.07619201458117206,0.020920689747870008,0.005132531042882079
0.7979126984029433,0.06873406281926771,0.09580972809265755,0.029849112878740806,0.007694397806390668
0.9173103780609185,0.023145804314611964,0.0475893741148582,0.009003202144948196,0.0029512413646632344
0.8940962661992377,0.033889833603197986,0.04934091355558163,0.01673988732119916,0.005933099320783343
0.8490740075108323,0.03927892455409239,0.07378015078415671,0.030728580884553675,0.007138336266365027
0.783212767545338,0.059144603401702564,0.11608874594285538,0.032217024954814814,0.00933685815528911
0.8308276643305964,0.05526265154728533,0.08256407456738296,0.02596287719293781,0.005382732361797637
0.5501944079929942,0.12524264738187227,0.2629258047124983,0.04908621700544376,0.012550922907191429
0.7185708619394148,0.07107692100216,0.1454754610665811,0.054491532093684195,0.010385223898159877
0.4966171870499078,0.11757138850420089,0.30967016624490046,0.06074968059064183,0.015391577610349181
0.8827090125734403,0.022116905183768333,0.07391498663073673,0.014132698946807562,0.0071263966652474805
0.8204176284778105,0.03915407549620119,0.11233517190043202,0.02227015552257027,0.005822968602985896
0.8076691221432961,0.06363175409809471,0.10250041469467665,0.019502685711759768,0.00669602335217272
0.783792202657604,0.05989150065144363,0.11784937214861489,0.027535047148988818,0.01093187739334868
0.784766647667985,0.06802496144890495,0.10936188141629817,0.026862660048442656,0.01098384941836932
0.6713354631005958,0.06993923368414624,0.20246319052023282,0.046896073646619414,0.00936603904840584
0.6527371181415285,0.04989315723524389,0.23926216685704038,0.04858909007724956,0.009518467688937469
0.6594745376243473,0.06409075429639685,0.22674907123331406,0.038101879614778865,0.01158375723116275
0.6801981396868485,0.07118028967911287,0.19806999262102254,0.03981752171717345,0.010734056295842674
0.8953849347114815,0.022589372551742405,0.06909159187536652,0.010500210729635367,0.0024338901317745975
0.8235190879992278,0.0277491591732905,0.12448867363239198,0.019562003392845088,0.004681075802244502
0.6454549351639102,0.0873769312337943,0.19112131538742727,0.06301087622134942,0.013035941993518884
0.7163526062588129,0.07607654485708358,0.14903389625062374,0.04713942079663898,0.011397531836840809
0.7290855262498666,0.0952143185108756,0.13514709936234,0.031023319076888888,0.009529736800028882
0.6613048858411013,0.11431117030715204,0.17036806357444553,0.042242391179541684,0.011773489097759472
0.8343246701619298,0.02762433581664748,0.11098958804825547,0.021057376822512634,0.00600402915065441
0.8836612122364325,0.020546057746605634,0.06860443803906113,0.021557032281647275,0.005631259696253566
0.6073707863623042,0.11353623237353243,0.22318837759453763,0.0424780570102238,0.013426546659401852
0.7772920584045685,0.07936753995291787,0.11202431347760117,0.024683427394877513,0.006632660770035233
0.8706741568330193,0.028204193055766387,0.07743967800561044,0.018027259601322343,0.005654712504281427
0.8385228853101632,0.04330399198400382,0.0867507326602685,0.026446219058074066,0.004976170987490459
0.8191901552656535,0.023596302142312963,0.12977823372943315,0.02210707805981298,0.005328230802787563
