Delta_Power,Theta_Power,Alpha_Power,Beta_Power,Gamma_Power
0.89041336402984,0.053704972773512875,0.027826668882189348,0.019119460847820926,0.008935533466636685
0.9026638444311651,0.060219835869808974,0.022460779445484885,0.00923953160016686,0.005416008653374316
0.9208578669637645,0.03113758467181422,0.03250599010574455,0.011316382256040605,0.004182176002636236
0.8788811446061916,0.06251821993163047,0.017757390278218974,0.026511112615233264,0.014332132568725633
0.8679926402626905,0.04582811006029932,0.032728732431341966,0.03268611570129344,0.02076440154437468
0.8907117853308407,0.057600735877109406,0.014315682642933035,0.02450307588238462,0.012868720266732173
0.9376668892915255,0.023915476302675008,0.019147107571260737,0.013956749200531698,0.005313777634007238
0.8289347559541548,0.07508178079240228,0.047711632041189916,0.03705422635448406,0.011217604857768765
0.8143413164939619,0.09149436782994787,0.049088184463079956,0.030962088741426485,0.01411404247158389
0.8243690471902884,0.07886314364179885,0.05361034905207369,0.0290609036889203,0.014096556426918858
0.8057461536793473,0.11132982533188855,0.04738746862858018,0.026352572794653716,0.009183979565530116
0.7963057917283309,0.14074249261245547,0.03725846140174796,0.018557361669094736,0.007135892588370831
0.9425192858363916,0.035219819386544775,0.009911320072093355,0.008182928304290776,0.004166646400679541
0.7212211461809174,0.1556523492696369,0.07204911004658762,0.03639521692256952,0.014682177580288462
0.8620166889452434,0.08068211141941155,0.032635038422434696,0.01779533848508919,0.006870822727821053
0.8952959360358355,0.04637587194033334,0.03017474603426021,0.019124244629093373,0.009029201360477874
0.8958988048093,0.07039895807939128,0.014754755627103879,0.014198740325460922,0.004748741158743777
0.8283126472270125,0.09013499337232708,0.03672687190545233,0.03378763917237452,0.011037848322833584
0.8508725727484102,0.07913150697276658,0.025021730676169113,0.025253972097730466,0.01972021750492358
0.9082564864448681,0.04237996778862541,0.014250642476535704,0.02100792291337301,0.014104980376597789
0.9616784057550579,0.01998637664495269,0.005369333962087855,0.007958381819540708,0.005007501818360674
0.9366600637200663,0.022918044237794637,0.017482293604969765,0.014455421684746308,0.008484176752423411
0.8624197887781438,0.07254149502501758,0.033915208750226605,0.021783296811720445,0.009340210634891504
0.926995097943736,0.03503440088818277,0.023365860931103027,0.009960169470644965,0.004644470766333306
0.9190010182645572,0.04175937689299639,0.020397789137635357,0.012191228428765166,0.006650587276045915
0.8692854434378192,0.07473633978784543,0.02103942873941981,0.022734372516863145,0.012204415518052352
0.7869215290627583,0.06527919655683054,0.03678051006663349,0.05460037468495621,0.05641838962882136
0.8572731137678703,0.06394109727550276,0.03216478999245247,0.0331150375505045,0.013505961413670027
0.7054854403275217,0.17064343745695915,0.05469092439473964,0.049146658852717136,0.020033538968062526
0.8242723956054534,0.07619792800487703,0.05570536501401571,0.027901362457191645,0.015922948918462472
0.9431372194740385,0.027457585685785667,0.013862586496219976,0.010243369511981707,0.005299238831974188
0.7420850386619301,0.10463002933174381,0.07657853905481682,0.057143033410720544,0.019563359540788663
0.8732005958520894,0.04021272631743664,0.03187810846698836,0.03745355080922761,0.017255018554258088
0.8790281976083164,0.046537477606397704,0.028437705528360877,0.028491878815339614,0.017504740441585263
0.8500855941191635,0.049316717056857445,0.03903130033871764,0.03823119922887533,0.023335189256386113
0.7884692294850799,0.11246434829227732,0.04489149678649348,0.03175467149693328,0.022420253939216088
0.9075111279820163,0.04980844656405051,0.0219446691805311,0.013827323094872035,0.006908433178530113
0.7759439165756918,0.08197298822115612,0.06885456887573588,0.05335472423906733,0.019873802088348904
0.8341159596742922,0.08726445812718688,0.03388964477045944,0.02949685028710141,0.015233087140960035
0.7240232888712723,0.13186883151591536,0.07653882097900372,0.04787785135940099,0.019691207274407613
0.8481207066787564,0.08339524796820023,0.028399425942149507,0.030323172337417895,0.009761447073475945
0.7703930184510389,0.13762636807065212,0.04969405003445058,0.03166191616834881,0.01062464727550965
0.803271083405836,0.10958500485853402,0.04329142160404361,0.030686549086794333,0.013165941044791832
0.9304815111154797,0.029109680476632743,0.022645282516869817,0.012114775557864459,0.005648750333153332
0.925338342286809,0.030937512167750047,0.023436284706302123,0.014672764177413183,0.005615096661725736
0.8961850281660404,0.04711865268576598,0.02091599907559391,0.023483588504937442,0.012296731567662308
0.8784922406650756,0.04991114261538883,0.03094755206846886,0.02534524423656359,0.015303820414503348
0.9229452709138336,0.04136014051775572,0.012347312019111012,0.014291089169627512,0.009056187379671952
0.8339173068517295,0.08110262300467992,0.03081661375210523,0.03207816320115348,0.02208529319033181
0.8440474229467438,0.0697750161646925,0.03293412480144715,0.031269533911711576,0.021973902175404833
0.8748135787495932,0.06642948918191816,0.01657441990077535,0.024862586447202694,0.01731992572051048
0.8732536780469644,0.044800966898148206,0.03920139717190511,0.029740574784663572,0.013003383098318836
0.7614759181017764,0.15251415934066162,0.03955791902461927,0.026504490959851516,0.01994751257309129
0.7009340353568867,0.15650302355900628,0.05880206641478723,0.047684720887170184,0.0360761537821496
0.84379276598306,0.0845907889214143,0.026348008655062732,0.0240794959510422,0.021188940489420844
0.8776629267319489,0.056992567893745474,0.022968781352092387,0.021302821956727128,0.021072902065485843
0.9113686562468872,0.037442439548543184,0.017044421591439773,0.01654652173349696,0.0175979608796328
0.8576802635870939,0.05410593455160986,0.02498298230666627,0.03374450406290293,0.02948631549172706
0.9107505872179469,0.037066357213844554,0.018557046749136795,0.018384440782508695,0.015241568036563251
0.8157717552521726,0.06326998972723451,0.030392186134977045,0.04846566770026637,0.04210040118534965
0.8728634640667056,0.03626227604642768,0.027655389223831397,0.033462521558869356,0.029756349104166108
0.7761148879314236,0.08927857163244617,0.04867902835903076,0.04601607083324963,0.03991144124384966
0.8872211715582929,0.06311374330793112,0.01693161728095777,0.017751899677448023,0.01498156817537026
0.8227306808249666,0.07251278839151465,0.03262808978026017,0.04073242249282311,0.031396018510435594
0.859872564727809,0.04596375712901995,0.029670704639595223,0.03353000374752303,0.03096296975605257
0.8542311997593203,0.04979731926963311,0.026405972381622483,0.03215655068727946,0.0374089579021446
0.9329808353831638,0.015505888958479942,0.011854176356129188,0.020354878622432387,0.019304220679794495
0.8669445123256981,0.05952228772113277,0.031420256147005644,0.025110376053425955,0.017002567752737625
0.7579211924722525,0.12849103145565735,0.054513883313804204,0.03823959038601246,0.020834302372273565
0.7301101587647318,0.12139123451463611,0.07969074662508722,0.03974505284073769,0.029062807254806797
0.8857393765460438,0.05714899160100618,0.02397816056993207,0.020999683787848222,0.012133787495169752
0.8547152285275141,0.06359199818621415,0.041281391870141765,0.025994290713984586,0.014417090702145247
0.6797337150164146,0.14217311928291215,0.08222807006438825,0.05695947669719234,0.03890561893909281
0.9149538111949583,0.03735030049396511,0.025430771845360044,0.014435216475784834,0.007829899989931803
0.8843301092396321,0.061902522711009336,0.02065530061516669,0.0230710371320981,0.01004103030209388
0.8027058628507938,0.11849713977680162,0.038790592019242245,0.0255555837599412,0.014450821593221122
0.8028402815234364,0.07148567724676769,0.06731632716931174,0.04135728638186601,0.01700042767861814
0.6988347752315208,0.12879932696716326,0.0941701782551063,0.05511840096835092,0.02307731857785864
0.8589489926203744,0.06345506292593928,0.03186255156812374,0.028802879317422588,0.016930513568140185
0.8425926376012038,0.06938867013943825,0.033487344791901845,0.03635574839607611,0.0181755990713801
0.8362620137913609,0.0815482015380437,0.035586736480515614,0.03140840662571994,0.01519464156435984
0.894558497256491,0.05776892452809556,0.02638888886425913,0.01330920143943814,0.007974487911716132
0.8782799622250593,0.05168323116077952,0.035961428122048514,0.020566192872929358,0.013509185619183383
0.813248137206065,0.08102302878273292,0.04878878010099431,0.03603007491379555,0.02090997899641227
0.9572644346826409,0.024986027581207545,0.007476933926735781,0.007114799818206895,0.0031578039912091987
0.8669433909638814,0.07386364611983079,0.030866770314377828,0.0168290359956909,0.011497156606219102
0.9084909968669379,0.04268102722323779,0.01926066412815347,0.019630219321518576,0.009937092460152173
0.8963342593569439,0.04111748242438041,0.028680061985891108,0.023025852200578963,0.010842344032205452
0.8106578252310076,0.07670186682999613,0.053831443081852295,0.0367583755098095,0.02205048934733418
0.8422502624080997,0.07232456192227293,0.036692988421859044,0.03261277497559779,0.016119412272170425
0.8658583502915517,0.057274934607546256,0.027462068778750123,0.033502272852280544,0.015902373469871677
0.926725328757336,0.03963571303493171,0.015215378835148143,0.0113953483050164,0.007028231067567493
0.8329085577481103,0.11702383719826775,0.018708668426708007,0.01944867482131302,0.01191026180560087
0.8762887726353765,0.06975059188206124,0.020752475122111518,0.02216732268800352,0.011040837672446938
0.8480093038934499,0.05011511553514017,0.04706344501613805,0.034615726539258374,0.02019640901601341
0.931983609601714,0.03593450520864635,0.013544099704188574,0.012969096061620822,0.005568689423830146
0.9314559247071615,0.027915682994709822,0.017926252830269395,0.014002975089327192,0.008699164378532005
0.8226369714024514,0.10396516357000372,0.042335055696913974,0.021971919694910327,0.009090889635720335
0.9125089854610348,0.04229055350372333,0.01326768854779156,0.018954848014527893,0.01297792447292262
0.916639198750669,0.04619661754330955,0.01531256205136056,0.016517198371477942,0.005334423283182912
0.8995494573058822,0.06901601183884486,0.015859395358234347,0.010452986299576068,0.0051221491974625406
0.9171592838376802,0.033123142686475364,0.024722828730937157,0.01838698839984165,0.006607756345065509
0.9089010995262373,0.045613049627473715,0.01953515060253379,0.018815225253366652,0.0071354749903885205
0.8885494699564574,0.0540890185818935,0.02823715914856165,0.019864272113498522,0.009260080199588957
0.9078845327300301,0.03671485817862929,0.035787058041643116,0.01255965939114362,0.00705389165855397
0.8676331748617448,0.07473092953033134,0.025091453442050576,0.024917611625441094,0.007626830540432147
0.7974288871388241,0.12991922809239526,0.03341119896049313,0.03198207804369145,0.007258607764596119
0.8917500080066123,0.05430223000055871,0.026583311580246082,0.020140342434636055,0.0072241079779464595
0.7704106655925571,0.11267365685942524,0.08197477291433025,0.02455527851501363,0.010385626118673998
0.8332340985712049,0.09089028919247577,0.04269712683772591,0.024864565439030727,0.008313919959562687
0.8683419331791377,0.050162567645926706,0.04927602075085806,0.02389127471882782,0.008328203705249726
0.8378535720612902,0.08606782148825512,0.046804585494781066,0.022843700325943735,0.006430320629729879
0.9196919280292103,0.04727823182324454,0.017850576587061646,0.011726705111218655,0.003452558449264888
0.9161149110245064,0.0561745122417009,0.015987837527155102,0.008503551922932553,0.003219187283704979
0.9237441891071023,0.029865627403148756,0.017723883387376543,0.01984304788373524,0.008823252218637095
0.8896729075895347,0.06131094493902395,0.026064210617981563,0.01693187595868987,0.006020060894769862
0.8631743707768404,0.07082750368503647,0.037860744699169294,0.02062655491925468,0.007510825919699119
0.9239085700541498,0.032001716061457235,0.02722333268941855,0.012724721930428309,0.004141659264546203
0.8551314926797775,0.06264127294058665,0.04051597336028422,0.030812376624519935,0.010898884394831493
0.9115419241606179,0.04176619851694472,0.02975016485490626,0.01072722034046111,0.006214492127070071
0.908416967114483,0.026417282824168723,0.037590039370118525,0.019760099752998448,0.007815610938231235
0.9136182282008479,0.03672185910900677,0.02820766325442181,0.014954601127759539,0.006497648307963937
0.8315790680434157,0.08192967805672859,0.05378453844261884,0.023099768948358614,0.009606946508878215
0.8352840038279479,0.10748656313923453,0.028580447426526122,0.020887796971074093,0.007761188635217328
0.9158559504192773,0.04145887783995481,0.025055369452162954,0.01263143802392221,0.004998364264682502
0.9329709585802918,0.036099367276151026,0.01613788727168604,0.01070698930508423,0.00408479756678695
0.8832341964557708,0.06844105907660385,0.025470772870793384,0.01686068452259845,0.005993287074233486
0.888620000814131,0.05993517623504559,0.026183661223697117,0.019541944613354744,0.005719217113771522
0.8882181089563681,0.0687923196339476,0.021795336519514392,0.015478277298762236,0.005715957591407709
0.8188536251942123,0.10449081266797278,0.043524758464982855,0.024218925367521953,0.008911878305310098
0.850335426329059,0.07172483167171209,0.04678092900631717,0.02349648018773739,0.007662332805174414
0.8692165749168743,0.06799621205973382,0.031895957084607345,0.024100770135575218,0.006790485803209198
0.8928563183193168,0.04126089875362463,0.03919995724759559,0.020273903303470415,0.006408922375992569
0.9378310701911876,0.03701828090153547,0.014670591267664342,0.008251826006730904,0.0022282316328814155
0.8725699082405367,0.06867745684723778,0.03349729935432572,0.02009768022765727,0.005157655330242515
0.8605237754648255,0.07369577506371447,0.037975636472585665,0.02084735220372025,0.006957460795154185
0.8999591429099937,0.05138605257863595,0.030603541306554998,0.013564991408507508,0.004486271796307733
0.7626606781315463,0.12590648120733341,0.06658826191411799,0.03567330730465966,0.009171271442342461
0.9298053223814955,0.04142698005932454,0.014734860803444489,0.010478732842464726,0.0035541039132707805
0.8991324426669692,0.05148640566545773,0.02226262430282608,0.021157725639556955,0.005960801725190059
0.9265017929283699,0.035641466011923646,0.019831425383995467,0.013882011523067894,0.004143304152643217
0.8305551375349081,0.0961558617611413,0.04613550581013429,0.020555808022660986,0.006597686871155418
0.9191264073236034,0.03247669394652458,0.027390419409539978,0.014986343645075426,0.006020135675256691
0.9121976690543276,0.04955330114440068,0.02239813930805575,0.011857688941530501,0.003993201551685233
0.8723296939602863,0.07371784562457037,0.03195502836914086,0.016983906785776725,0.005013525260225914
0.9135613309194595,0.05445395583401294,0.014601636748435416,0.012881557078688629,0.004501519419403447
0.9257888498884894,0.04192748587377256,0.020782627390689274,0.008736830383666377,0.0027642064633820636
0.8332571354730336,0.08468815745051664,0.047740877595523694,0.028055944844978475,0.00625788463594758
0.9540815694636895,0.020968365278410575,0.014751674685365361,0.008096818207470758,0.002101572365063988
0.8315683621056328,0.10108977058984403,0.04714430617915946,0.016017854284404793,0.004179706840959047
0.9224771941197207,0.036158346993304,0.028358054168526027,0.009687984637615053,0.003318420080834174
0.8732405537573156,0.05635461502639329,0.040406259537516725,0.022767765819091044,0.007230805859683108
0.850527682467037,0.07992725807556439,0.04852137327025813,0.016197846515406893,0.004825839671733262
0.8553437323203805,0.08205182534013737,0.03886830655449916,0.018294573426183798,0.005441562358799287
0.9177682272219126,0.045614007428841724,0.02421193776183703,0.009334208765927146,0.0030716188214813945
0.7093282827432641,0.14722631016741383,0.09088841945914523,0.039006369706737105,0.01355061792343955
0.8466187741238589,0.07184670368979282,0.05527847816131616,0.021090231449228575,0.005165812575803477
0.9268083405010777,0.03277517409238152,0.028386302616167022,0.008812038068892013,0.003218144721481761
0.8482656151823609,0.05546870514013819,0.0514434702942222,0.026328478355467293,0.01849373102781119
0.8971207190749327,0.05996801036453172,0.02591569152896614,0.012702402755182278,0.004293176276387248
0.8947798731412631,0.05776327363305861,0.028594413519288667,0.014073209999933991,0.004789229706455793
0.8531848007438189,0.0872230886448366,0.03795985723474564,0.016389223664916172,0.005243029711682812
0.8597002218236286,0.07064087568427917,0.04415954793852129,0.01871716933828727,0.006782185215283421
0.9242798647204138,0.04257199318784604,0.02225612452168632,0.008252135324305864,0.0026398822457479494
0.9131398458594232,0.039156292096602936,0.027418780662109756,0.016406573278375157,0.003878508103488643
0.8880333028115575,0.0398668139277444,0.04866469671584284,0.0170645248215014,0.006370661723353963
0.8902407517325855,0.05968689452239187,0.033867236448460535,0.01175950479965978,0.004445612496902312
0.8078538724665847,0.11713798086343509,0.046367408201394025,0.021714206597770843,0.006926531870815288
0.9248410887163808,0.03543812524608846,0.028754383924087832,0.008184318110657585,0.0027820840027848845
0.866789096944047,0.0679325938218079,0.04256159056427058,0.01756061779776281,0.005156100872111737
0.8881323237084146,0.04619654867972916,0.043186736493510125,0.015734254692687077,0.006750136425659281
0.9228208412395797,0.03682660749052138,0.025120487091066974,0.011814037066149563,0.0034180271126825357
0.9412599255769774,0.023736720164734895,0.021581646800153585,0.010616194290212535,0.0028055131679213734
0.8763178106449495,0.07353982698247997,0.03190696157780479,0.014128422564489013,0.004106978230277017
0.9089342482728314,0.04615136715539882,0.02580570476558866,0.01445078264838183,0.004657897157799414
0.9064800516120161,0.0439707820581533,0.036726019290719975,0.009667494509964458,0.003155652529146335
0.9440954458319339,0.02797475120847842,0.016984654524534824,0.008718533119474877,0.00222661531557787
0.7729293734730689,0.13256845451125568,0.05965475491702434,0.027190556794817296,0.007656860303833541
0.8785194075400744,0.05889507169983498,0.045165987709520204,0.013520352957516933,0.0038991800930532213
0.7862338698170841,0.10753967329785986,0.0716150399021652,0.028661031218445168,0.00595038576444571
0.8862238230391415,0.043654168073642315,0.04890257769705571,0.01597459246942747,0.005244838720733097
0.8853828468704454,0.0498918845115074,0.034794046227500805,0.024633145633071004,0.005298076757475169
0.8399923757730062,0.05978992317995874,0.06823473005791035,0.024805080693488697,0.007177890295635789
0.9164304914041571,0.040762267030478125,0.027831969458367366,0.011482842530978154,0.00349242957601925
0.9448360667381033,0.024839142805136157,0.021056847536180298,0.007074518349234657,0.002193424571345852
0.8930339789313456,0.04446766833663317,0.04228766965082943,0.015325951667493887,0.004884731413697669
0.954920676324535,0.024060544602035765,0.011404659783855043,0.0067774734966465815,0.0028366457929274746
0.8896626621110442,0.05576817470343714,0.024555415030590624,0.016393791755791975,0.013619956399135996
0.9174235183221515,0.04425010374360008,0.020338095458548044,0.013440284471306472,0.004547998004393724
0.8645692816631232,0.054690429541278965,0.03720025407480092,0.030144726437353594,0.013395308283443227
0.8851286708055869,0.046122269077591795,0.040004093884485545,0.021403202484598243,0.007341763747737552
0.9166894554462953,0.052836426731352464,0.01747482648867658,0.009664727246427078,0.003334564087248685
0.861495817121201,0.07315462563816064,0.03931338361858871,0.02029060544438204,0.005745568177667776
0.7986277180449085,0.08134327991206836,0.08273588351957242,0.029601275991999736,0.0076918425314510255
0.7738008603384202,0.11729819005012636,0.06343199434143945,0.03321656321392397,0.012252392056090088
0.9019808731097986,0.054263974374546414,0.030426204453933996,0.010716487335887594,0.002612460725833594
0.8994441674412859,0.04749508404985258,0.02929146018720578,0.019087608085304745,0.00468168023635129
0.9168880841290772,0.050173929994751974,0.017617195428830914,0.012322411284914566,0.0029983791624253547
0.7924523407011241,0.13434847942445943,0.04445755059828634,0.022467372445638765,0.006274256830491268
0.7619548914474467,0.12049514156017713,0.07859518725011858,0.03184106812936293,0.0071137116128945025
0.8474701639026726,0.06505514049798507,0.04396201070210095,0.03419759349673706,0.009315091400504306
0.826491921905331,0.10655336214383493,0.04726051088176919,0.014573770548501567,0.00512043452056316
0.9134289839550116,0.04618121474546062,0.026078590370517678,0.010806816109245923,0.003504394819764225
0.9294782480943227,0.03662047415290875,0.02290079314707156,0.008561210585903332,0.0024392740197934845
0.8127739794124322,0.09049472147590992,0.056896032950594214,0.03270295749788267,0.007132308663181147
0.9386869909452497,0.032845686141953365,0.017106270234217257,0.0088964585808009,0.002464594097778983
0.8496301078309714,0.07055229868303765,0.05346474173553814,0.021617943371305317,0.004734908379147389
0.8894869850396501,0.05610266574187658,0.03716928991574095,0.013900480569899464,0.003340578732832755
0.8856474844612474,0.03906432503321076,0.05102582574409652,0.018177717155954374,0.0060846476054907716
0.8577600914160874,0.0673084104949422,0.05389270314692395,0.01629592919876861,0.004742865743277857
0.7941500927945068,0.10248262091064503,0.05652070252506986,0.03670637802603105,0.010140205743747105
0.8171111540851328,0.1065181959436685,0.048053669958503575,0.022091703335012338,0.006225276677682564
0.8857582281858141,0.04452694645777711,0.03359543385289693,0.019740969492024855,0.016378422011486853
0.9011385082706943,0.03763338244807024,0.02611351972362328,0.01934089228129776,0.015773697276314433
0.8606592470969796,0.06303131500655464,0.050250037683411755,0.019680519928295604,0.006378880284758193
0.7772840547929316,0.1425915365683173,0.044981148937529754,0.026733461799584506,0.008409797901636672
0.8418244052150123,0.0588198877245646,0.0577238317243876,0.03344684057784875,0.00818503475818658
0.8202642214789834,0.06903517869605887,0.06608676969162894,0.03594797053645987,0.008665859596869009
0.8720131199595947,0.07101914186720852,0.03514347664388978,0.017018283673111898,0.004805977856195082
0.8176423683248304,0.10309474416156039,0.04918658975117716,0.02336486271011059,0.006711435052321569
0.9177936385015186,0.035309934733811256,0.02861688080255254,0.014208689200267384,0.0040708567618501345
0.8336431495312234,0.1007485149047047,0.039525636538008606,0.019171709963980058,0.006910989062083383
0.8141430368587039,0.10338719498676749,0.047863272329550975,0.025970509012612976,0.008635986812364759
0.9437807529586497,0.026543758074517202,0.018373341545456997,0.009136086468984214,0.002166060952391912
0.8275512113336265,0.08534905030184792,0.05407469676164304,0.026418488642417453,0.006606552960465072
0.8810462118503106,0.05364075945231927,0.04105263621875404,0.020363249899515372,0.003897142579100849
0.9054655246376283,0.060692620841051086,0.01870704208693422,0.012017072856697028,0.0031177395776894644
0.7779804051984931,0.12017802637766717,0.06881552563746277,0.025302297166764263,0.007723745619612699
0.8902701148710206,0.05616246756921318,0.03331610465013003,0.01573346594549043,0.004517846964145681
0.8693257930273987,0.07317468180764675,0.040738294995126316,0.012929278646298998,0.003831951523529132
0.917834200983951,0.04218215959494853,0.027749443841591327,0.009638363692519983,0.002595831886989137
0.9411480799776658,0.025673686389696183,0.018961998605250708,0.010613759038883647,0.0036024759885037736
0.8786145422247609,0.06117658757243061,0.040215240103343354,0.015447691373025277,0.0045459387264398235
0.8802323943070038,0.05506216208985336,0.04181376390037531,0.01835272640835037,0.004538953294417031
0.8850308939856993,0.04818093195398285,0.04493458301427562,0.017359107773167685,0.004494483272874462
0.8814744072018026,0.07118112690856832,0.03189752711817503,0.012087218101825253,0.00335972066962881
0.864871942460096,0.048765099401774016,0.06531966000817371,0.016903478355130154,0.00413981977482647
0.7849894412584998,0.09656736904560834,0.07845571414820446,0.03164370132294784,0.008343774224739494
0.913286532451119,0.052746429606379625,0.02127019081743324,0.009864298841955551,0.0028325482831128915
0.8432921130521986,0.07953940243004823,0.054431652926206386,0.01686690339867831,0.005869928192868654
0.9421314706668512,0.024283206337531397,0.01963150815772546,0.010203901981104966,0.0037499128567869246
0.8852347794962985,0.06086831117709647,0.03771794362799619,0.012340582284002428,0.003838383414606542
0.8694953972588009,0.06576870432086465,0.045561758229447545,0.015185248915183315,0.003988891275703371
0.9515306936143658,0.020093649763648518,0.019019074713242188,0.006926588798991761,0.002429993109751666
0.9245546655392884,0.03881446874450899,0.024854548090522212,0.00880989343255424,0.0029664241931259936
0.9203084939892092,0.0400443488439767,0.023496832618901224,0.012142422194176043,0.004007902353737113
0.8202480086632213,0.10264116413317659,0.04734054286615953,0.02276330026603507,0.0070069840714072785
0.7736970877680953,0.11440174092402118,0.07907565639082047,0.025270238835554716,0.007555276081508212
0.8815835797303659,0.06347271256352685,0.0399844462679417,0.011095144280819393,0.0038641171573460895
0.8511764092776356,0.08876101295614311,0.03595172123550006,0.019635832286908492,0.004475024243812617
0.6542224471548943,0.20715537524334615,0.07943432537279445,0.04602471802303294,0.013163134205932136
0.9028303175827141,0.05242412901546485,0.030712268469608475,0.011037692216186768,0.002995592716025577
0.80853002697378,0.10540028645983922,0.05537341161309977,0.024427148843443627,0.006269126109837552
0.8905043814477441,0.05989183367803184,0.027248895624207126,0.018021873542781133,0.004333015707235579
0.7471286149519547,0.15336841255349945,0.06856939728772854,0.02082620305342743,0.010107372153389674
0.8754265388160778,0.06698117300446926,0.036458261562780044,0.016547341586687168,0.004586685029985988
0.9278008348572725,0.03699056224881072,0.0198721948208648,0.012110704512878587,0.003225703560173337
0.7830101882615844,0.11033749607850961,0.06059165963226022,0.03469662018198921,0.011364035845656451
0.8139726732575183,0.12125295262069317,0.0364635494552867,0.019420095013949246,0.008890729652552427
0.7049603145304313,0.053962046988160185,0.030437577864780314,0.0674472482273828,0.14319281238924533
0.7314446349678393,0.08656454804642126,0.040742698595857725,0.06401581629798314,0.07723230209189863
0.6507112013984232,0.13352108457641584,0.046670957559125835,0.08988154521556364,0.07921521125047132
0.6780192376050999,0.15772295725540922,0.06721810356722006,0.047902960382501435,0.04913674118976925
0.6783588716030123,0.14458612149241845,0.09460631656201032,0.05242348828481034,0.030025202057748567
0.7631790642465749,0.10023240686125169,0.0703861838534914,0.043925790717856836,0.022276554320825454
0.8177631468982662,0.09971732907390086,0.0383954779760392,0.02823138948369518,0.015892656568098806
0.908617044376968,0.0337302176202994,0.036471305104783344,0.013657338403558318,0.007524094494391046
0.8842762836981103,0.04903291080935072,0.0274910790245072,0.022834886009054194,0.016364840458977275
0.7296849160997192,0.13252365005227207,0.06874558805789335,0.04444326124349881,0.02460258454661645
0.8923936500102922,0.05285265011840816,0.028759284052790223,0.015805138576303234,0.010189277242206187
0.8999442421150258,0.043965035420377226,0.02878090669789855,0.01658273836414492,0.010727077402553587
0.9064351355305077,0.026132084148549728,0.025942565555952323,0.02456125493445431,0.016928959830535936
0.8900986850055508,0.03694960883119924,0.027995961531823516,0.028013308339131748,0.016942436292294902
0.9310766196841378,0.034659310884296315,0.015898353105167143,0.011565714147188271,0.006800002179210341
0.7538431604772398,0.10096217314392425,0.06011952592404008,0.04601289181840445,0.0390622486363917
0.8676806124637416,0.05613821739632912,0.0311210114852489,0.024402179789189224,0.020657978865490992
0.8239532402154628,0.092713525707389,0.02847779122104799,0.0323054948593884,0.022549947996711738
0.9602589724745423,0.015523757821563894,0.007694689991015778,0.011121114631448145,0.0054014650814300106
0.9199878255149994,0.0273125083343894,0.022559705943864264,0.017563933009145712,0.012576027197601137
0.8515535529585918,0.04575504280969411,0.04468285696148715,0.03067520445175707,0.02733334281846999
0.8373405087301291,0.0894353123370224,0.025085225188142532,0.026831890149347417,0.02130706359535879
0.8616300181439266,0.06331705159697806,0.02799517013024947,0.025694920325471753,0.02136283980337413
0.8075255005791596,0.08181434221643943,0.043997755327236446,0.03759449346490302,0.029067908412261406
0.9418472093534134,0.020079147503550318,0.010269493042052552,0.01602020533359564,0.011783944767388163
0.843135573092307,0.07999604741990901,0.028213503172807575,0.02988301660842657,0.018771859706549945
0.9233472051493578,0.036230074607364264,0.020731946395616457,0.011061478883093811,0.008629294964567425
0.8788073219898381,0.06468155623239182,0.02692886874513133,0.017629139040290988,0.011953113992347723
0.8778194709395124,0.04918409177416208,0.03734266486968377,0.02084341983304235,0.014810352583599421
0.8886070986371544,0.050637358357401796,0.029776890719258785,0.019069555560380223,0.011909096725804756
0.8632474066855828,0.06025559044773959,0.037326550837126105,0.022101297828576616,0.01706915420097509
0.9257145053013225,0.029311729020461242,0.019849415714123905,0.01674544809733868,0.008378901866753833
0.8779350328273225,0.057620311689510255,0.026219637962533644,0.020880277433092467,0.017344740087541045
0.8581413566961367,0.0751141169691681,0.02773736702562905,0.026019169241217728,0.012987990067848494
0.7587765210944606,0.09916249095231008,0.07331381690032655,0.0406258362668718,0.028121334786030877
0.9138249201868948,0.03350477021684718,0.021607558422217423,0.018352285289381702,0.012710465884658965
0.8849028559415607,0.04528844214978126,0.036890778051309955,0.019535832884591636,0.013382090972756566
0.9209512299531091,0.043848062298286486,0.018143891552751056,0.009871182777869738,0.007185633417983804
0.835636477430402,0.09698641029522499,0.020499314194658377,0.026578789023745632,0.020299009055969267
0.7673061763315107,0.12797744104084335,0.04119358413559587,0.03719963591516088,0.026323162576889218
0.7772588757167309,0.10083185751151041,0.06216640203007545,0.03182271670516351,0.027920148036519675
0.8372430724949569,0.09737988523399296,0.03449058702558294,0.016141889780283393,0.014744565465183854
0.8137859386998537,0.06662461389450951,0.06078905036403912,0.03593671463314777,0.022863682408449815
0.7605730965283996,0.09260527659881751,0.06661218999894018,0.051835594998898935,0.028373841874943656
0.8069379466921727,0.07519653183618656,0.06656097091584949,0.0323359309624963,0.018968619593294992
0.9328755469381047,0.021157191147105847,0.02016867908443724,0.013985795098973106,0.011812787731379181
0.90062514656025,0.043121692135669416,0.03143141059221311,0.014990485851034708,0.009831264860833045
0.8637110783678773,0.044544214786689774,0.04928293609724667,0.023671358869684966,0.01879041187850131
0.863660332938989,0.07981820285988615,0.02503693690618542,0.01810161376319906,0.013382913531740431
0.9072697123090547,0.037698386965765406,0.028883443454869397,0.01520598324295684,0.010942474027353554
0.8764322574956035,0.05995561921145026,0.029144633722140673,0.02175684773769752,0.012710641833107673
0.8615118962145429,0.04775153191550308,0.043698695277801264,0.027814293914126653,0.019223582678026103
0.7225845189876292,0.08036068199759554,0.04761781366865018,0.06969816345423967,0.07973882189188541
0.9025090362768308,0.025208222679741935,0.018685777299254986,0.02650858444349502,0.02708837930067724
0.9167795729875831,0.033276652477901715,0.017925259442422882,0.020584743020962516,0.011433772071129812
0.8959138723191029,0.038809773681880856,0.021576858469612135,0.0287373208843323,0.014962174645071862
0.8733092628614001,0.05961950622695521,0.02788120764302376,0.021139776103757175,0.018050247164863767
0.9016371495032843,0.027085720770901583,0.02992978552191724,0.021655464168835382,0.019691880035061567
0.9068645603210239,0.024238696211079568,0.02618944292998386,0.025604684802821232,0.017102615735091378
0.8520852244984317,0.04139332723997407,0.03412851075183889,0.044149792156150405,0.02824314535360498
0.8771191793476363,0.06372047164370843,0.02573014097267345,0.019204488985512053,0.01422571905046976
0.7973232446727744,0.09863799113622104,0.038088170240387756,0.039130964647851166,0.026819629302765855
0.8404972946229589,0.058783898413031214,0.04596473810763891,0.03147868538086979,0.023275383475501062
0.8862701924238205,0.05842074381723764,0.022906470440640214,0.019062615756570752,0.01333997756173084
0.8467404491725462,0.07956293766089156,0.02383487848482566,0.026374495132793566,0.023487239548942943
0.8802589133208001,0.03108772485702262,0.03762990729330813,0.029086572522601557,0.02193688200626755
0.8379791134868233,0.06516424395081913,0.037847040234445024,0.03636547846904106,0.022644123858871632
0.8168657540069266,0.08778546280479185,0.04161471410840794,0.030189174136440566,0.023544894943433026
0.9285162765263476,0.01871985245652498,0.029362427037455126,0.015624735557792379,0.0077767084218798846
0.8850839031140081,0.04721306918985848,0.03022137086094669,0.022649821774229476,0.014831835060957317
0.8989350906178901,0.0451733112607499,0.020471818334119526,0.021993454610520085,0.013426325176720266
0.8181154765892036,0.07145199007629208,0.05538136193694185,0.035634918536383633,0.019416252861178547
0.9209318372539603,0.031667480305683254,0.01912589179573864,0.01651954375738163,0.011755246887235902
0.7673771355259825,0.12736837191557182,0.04058830065488393,0.0390789830942494,0.025587208809312298
0.8310054134079773,0.07416818533340595,0.044615052757178024,0.029300302660541858,0.02091104584089684
0.8871552440241116,0.05081079851514913,0.030693125886515925,0.017376897898943408,0.013963933675280111
0.846858620087452,0.11053926426904365,0.015007165329347094,0.015705885545672815,0.011889064768484364
0.8300814447617,0.059339955910409824,0.05729166793256915,0.035839249722225006,0.017447681673095863
0.8950306723502164,0.04611118504847019,0.029130788091520806,0.018272922544659113,0.0114544319651336
0.7790704933222742,0.13926763182189894,0.0405993160256476,0.02827291765671835,0.01278964117346086
0.8112888219366823,0.07383802517252998,0.05378317311867645,0.03819812631718849,0.02289185345492282
0.8574927869399368,0.05104609557893425,0.04958914899013734,0.02790693353495961,0.013965034956032059
0.82595582680419,0.08489339907759921,0.04083784724100467,0.030295765462873454,0.01801716141433264
0.8907008666909831,0.05392623269751107,0.02565564908160112,0.01755966753302326,0.012157583996881586
0.8781115472273446,0.05570743240540644,0.03984681974203408,0.017087825514311206,0.009246375110903598
0.8657181191994324,0.06005595902108769,0.03587216421033571,0.026632553066412015,0.01172120450273214
0.9191567341191951,0.027124904514630958,0.031894150014340664,0.014386529531743516,0.007437681820089929
0.9178853010198227,0.04439399743410149,0.020960556183255215,0.011127657292185393,0.005632488070635243
0.6386117672638331,0.23332532250195132,0.06247366231561753,0.041100960129374184,0.02448828778922381
0.667603658951669,0.1716098145120676,0.07989943837964428,0.0535232508378939,0.027363837318725145
0.8845860431026807,0.07014035093521091,0.02354933662513942,0.01461532627147693,0.007108943065492133
0.9230888561760098,0.03596463902876569,0.021368396299993778,0.013788471763128444,0.005789636732102469
0.7883018599867113,0.1075081916083146,0.0579368391217616,0.03112920444264636,0.015123904840566122
0.8502637242878829,0.07742028794228178,0.04028947743654596,0.020071797087709432,0.011954713245580001
0.8483600196595049,0.10111057279554257,0.024439264506083254,0.017600715208947536,0.00848942782992178
0.895104083173365,0.04158905067042821,0.03581041662261919,0.020530117069241495,0.006966332464346105
0.9086046030916882,0.040495763346403826,0.02392792786035853,0.019556180222077186,0.007415525479472221
0.8839357670826506,0.059415133288847156,0.02953938610399677,0.019140684699750502,0.007969028824754924
0.7481824768892867,0.13038931569614315,0.048846127984289854,0.048876526751958894,0.02370555267832117
0.8935607483358149,0.062118512619977584,0.02160725680996315,0.015870260602003635,0.006843221632240534
0.8497703290405964,0.10234093431577904,0.01940489872399907,0.018996824826329993,0.009487013093295651
0.9068829497682744,0.047944595041610416,0.021580484738792698,0.016207786973930886,0.007384183477391668
0.9665834530451918,0.01477483795843454,0.01086016638923979,0.004975398073784358,0.0028061445333492784
0.8448562080242722,0.09181014671543318,0.024945694892099236,0.025655351619777646,0.012732598748417456
0.8209943620389508,0.11784992353900536,0.01823378564343688,0.02852464464920843,0.014397284129398436
0.897733846539933,0.03445562949147363,0.03199565865127122,0.02062885833169092,0.015186006985631276
0.909428044453416,0.042606532216461955,0.021726616546757924,0.017355370858668836,0.008883435924695333
0.8294518233027458,0.10869818555264966,0.030726550500513917,0.02050071308469472,0.010622727559395525
0.8424492541866512,0.07100878420035567,0.04086514819220862,0.03132442841819393,0.014352385002590453
0.9408053665842174,0.02251328259152704,0.01750066944611599,0.014543391569973994,0.004637289808165348
0.872927878040505,0.05236434564184503,0.041762539863878914,0.022012393462849056,0.010932842990921949
0.9018070776041293,0.045211552921093266,0.026432347557826256,0.018609097102104285,0.007939924814847085
0.8703464267594372,0.05630974879609068,0.03840430785624475,0.021908144906537582,0.013031371681689968
0.763104035590177,0.10554574955872033,0.07199314503858026,0.041502555623853105,0.017854514188669304
0.9344847849740262,0.029461624488773642,0.019929046452624586,0.011366609274661916,0.004757934809913725
0.8706510888035208,0.06278458430824436,0.033495197475438825,0.020363749668942416,0.012705379743853489
0.8822704834459515,0.0669140036329089,0.023801841706711603,0.017201134725774964,0.009812536488653217
0.9597723058210338,0.018973794887427647,0.012353065734330258,0.005672700752734968,0.0032281328044731343
0.9010810303758422,0.045132206840887056,0.029959801918695322,0.016906073968624917,0.006920886895950429
0.8325675491396214,0.09553826369907654,0.03464397284300545,0.0265722882576041,0.010677926060692476
0.7823933918375638,0.11445664766189016,0.04257675506951539,0.04060426792719414,0.01996893750383634
0.9233924975574662,0.04016616045699055,0.01630429090691175,0.012906222736709438,0.007230828341921833
0.8949788427978969,0.05515827589134895,0.022652618061439787,0.018235107690282134,0.00897515555903223
0.8640340480398411,0.08577488377942129,0.01666780066227024,0.023829627182796763,0.009693640335670545
0.838264983778974,0.09197512033429876,0.02869348318197322,0.028256130019954827,0.01281028268479934
0.8818333323831027,0.0505781529775805,0.03677515536288446,0.020232333788187153,0.010581025488245207
0.8866808420564075,0.040298191338252014,0.040882272493913685,0.020861984842348778,0.011276709269078195
0.8393217823300511,0.08254540213620519,0.039217763108544114,0.02857161189391704,0.010343440531282637
0.8634209000494721,0.060285397840835815,0.04345786176207357,0.022153377214669496,0.010682463132949054
0.8956335118821066,0.04372862395741342,0.03150411936675565,0.020156241273918327,0.008977503519805917
0.7741750204202936,0.08331894086948077,0.06667575334735848,0.055203626033210544,0.020626659329656745
0.8955542335333032,0.05117396268323102,0.022052513378727906,0.02074995472321614,0.010469335681521752
0.8969726033914049,0.06041452020257345,0.020962027689628043,0.01382571040745049,0.007825138308943224
0.8763117516440903,0.04996244158527845,0.039804032311364236,0.021526910536628897,0.012394863922637899
0.9325809489343456,0.033843902136263246,0.017963560356307078,0.009380794614231412,0.006230793958852567
0.8792675062520722,0.048328024098944794,0.039984129864191004,0.019982448261796532,0.012437891522995388
