Delta_Power,Theta_Power,Alpha_Power,Beta_Power,Gamma_Power
0.7601615850079271,0.11557735369322795,0.07878861095222897,0.03905046746580724,0.006421982880808559
0.9088600783148778,0.034517550701514334,0.03296340390387528,0.019861135108663556,0.0037978319710689824
0.8969264746323048,0.03364327033495975,0.04447530273747509,0.021917943761314534,0.0030370085339458688
0.8319028413364575,0.08655162328087879,0.052298747372932795,0.025794041884315933,0.003452746125415033
0.8667275467792088,0.0409702855968823,0.0668496446750775,0.021097434264831683,0.004355088683999583
0.8515365941700656,0.07366197282946421,0.05118830575839587,0.020179511225234002,0.0034336160168403082
0.9375821024862636,0.023617849867297477,0.022697862029927827,0.01396175327733511,0.0021404323391758235
0.8448021550886554,0.09983751928411795,0.037532430581127416,0.0145921521867545,0.003235742859344777
0.9297634925617402,0.030380095252712378,0.019599277092535564,0.014669823285738091,0.0055873118072737
0.8496778761158754,0.09243538833295631,0.021016433181476536,0.02842039545467332,0.008449906915018523
0.8924172723435223,0.04566138485057252,0.04118009096821731,0.018016531632805588,0.002724720204882319
0.8481436310542085,0.05742371009638711,0.06271931861773468,0.02682076140866402,0.004892578823005507
0.9006398310277876,0.04994677009824398,0.028950988151991,0.017692490789747387,0.00276991993223008
0.8158435983116268,0.10843864883400751,0.04409074138770707,0.026981573305973398,0.004645438160685017
0.9057369539503707,0.050319997955548104,0.02691314740404607,0.014141164376487068,0.0028887363135479773
0.8714970372412486,0.06245590329124176,0.04070425777503483,0.0208927421709651,0.004450059521509836
0.8144146114942409,0.06202789693622467,0.08138805176130541,0.03639438382449485,0.005775055983734156
0.8495245525794115,0.06599615653450053,0.05485490138334813,0.026197504101495007,0.0034268854012446588
0.8796824603621914,0.06654737961876628,0.033192539696395,0.016931384086832875,0.003646236235814266
0.7746035382634693,0.11149158696425539,0.07334308504688766,0.035590362076425366,0.004971427648962471
0.8825864105385804,0.03393784225780807,0.06103620461392215,0.01874411586457814,0.0036954267251113225
0.8989868450634023,0.025473248221730468,0.04999295652665086,0.021982158789916377,0.0035647913983000603
0.8678815347161132,0.06763713507316339,0.041238180911455015,0.02039721375724637,0.002845935542022123
0.8740981423905162,0.046407752470389564,0.04987656604524164,0.0239433397691598,0.005674199324692799
0.8659051866339877,0.05065236945468245,0.05001333898720215,0.027286692060207632,0.006142412863920048
0.7860936033881775,0.09590762369777411,0.07233514120104198,0.0377080657163085,0.007955565996697963
0.8621301264522747,0.061153410474868004,0.05228272187790781,0.02152794392670876,0.0029057972682407533
0.92315811853971,0.043424588077744804,0.017500588445111803,0.012894151503650426,0.0030225534337829886
0.9360189402695881,0.017054080727925556,0.025075880042437923,0.01846786599147596,0.003383232968572511
0.9221924173990811,0.03856708253048325,0.024907779745301565,0.012585268405683537,0.0017474519194508
0.8238377669067317,0.07801486905386831,0.06295701194210628,0.029784268600504323,0.005406083496789594
0.8674573901448089,0.06133547662124752,0.045541618222447115,0.021347054503582572,0.004318460507913786
0.9139477212620277,0.042249723131391914,0.029449096863889548,0.012593861617790962,0.0017595971249000184
0.8743729200753966,0.05344940464346176,0.04706091854319811,0.02118967527243196,0.003927081465511617
0.9166409031531597,0.045539523032313796,0.02206427281891129,0.013421048738639429,0.0023342522569757204
0.9075992694449683,0.0482067420464866,0.029275619107513553,0.012631756438603908,0.0022866129624277633
0.9221519401137095,0.026633707396638288,0.029558060747061635,0.017575879290012596,0.004080412452577919
0.7679409761813146,0.11457670652482975,0.07082257044082275,0.03953704269840899,0.0071227041546240814
0.8150237485754291,0.07855170625209067,0.05002324950255742,0.0474248648880793,0.008976430781843438
0.9277083518000754,0.040510389930154087,0.018842941855243496,0.010730698730219129,0.002207617684308044
0.8651792150449652,0.04346411650754995,0.06904161248964343,0.019268775475878457,0.0030462804819629463
0.8155593730116489,0.09312790661822262,0.06337463289339434,0.02421850745573056,0.0037195800210033598
0.9042247190900371,0.03153939573538574,0.047569751119977056,0.01429859063398543,0.0023675434206144406
0.9257241836569697,0.02955142777521978,0.02904170142269528,0.013287884090751562,0.0023948030543636907
0.823057160203879,0.05029749719649958,0.06955544391588114,0.04859869549341053,0.008491203190329678
0.8965135623070639,0.05799188690697648,0.027813509742476084,0.015613635571067588,0.0020674054724161197
0.9080895636207649,0.040954215266334006,0.03271838477670718,0.01585182105915559,0.0023860152770384985
0.8668512115123995,0.07098487913745094,0.04231574710286573,0.01697308101001093,0.0028750812372728275
0.8310803343644804,0.09242448645708314,0.05039368313624461,0.02127898540913658,0.004822510633055269
0.8930585726728733,0.047882480536435214,0.03830047076981221,0.017481103655124834,0.003277372365754207
0.9610651383955231,0.021520984112230163,0.009057939647545083,0.006962348471449946,0.0013935893732518576
0.73634763753888,0.14236090121018402,0.08023984782625554,0.0327517200118961,0.008299893412784387
0.8544868193874962,0.050868581599225075,0.0614272594915218,0.027753048537269353,0.005464290984487573
0.9636020410811929,0.016598471123176223,0.011764073437020513,0.006510854389081693,0.001524559969528715
0.9020938203762248,0.04771141032717996,0.021431078582173333,0.019040913083150802,0.009722777631271006
0.7969202520570181,0.07318474200653931,0.09060896813248454,0.032656683782595404,0.0066293540213626595
0.9158038776949952,0.03673772280709909,0.028291586217064707,0.017115637802149735,0.002051175478691679
0.8822381750542764,0.04167157457449291,0.05535452082659092,0.017013079792904093,0.0037226497517356197
0.9367142791200348,0.025164577298396468,0.022170304039546455,0.014227291529122565,0.0017235480128994759
0.9390202023754767,0.013238786184254302,0.03113309108930259,0.01454894035568352,0.0020589799952830073
0.8961037098527559,0.044305324882916115,0.036924141646041624,0.019667701292206755,0.0029991223260793587
0.8600085373518833,0.07028456444388598,0.04167506672784986,0.023757076328182778,0.004274755148198029
0.8832838132392211,0.04545659682389397,0.045309745697234054,0.0221926196189353,0.0037572246207155553
0.9322034621546578,0.03233468465347742,0.022921754298069596,0.011116861065164334,0.0014232378286308154
0.9486553465772753,0.02452757628483651,0.015472395078180134,0.009453152010174416,0.0018915300495335149
0.7779652121394472,0.135292091484504,0.056932617049093276,0.024593090854047452,0.005216988472908256
0.731497858328605,0.09558048939630305,0.12113211328009447,0.04568590604821223,0.0061036329467851445
0.935381027773876,0.025346732061707063,0.024317604759010455,0.012543251057214374,0.002411384348191961
0.8463976148180362,0.098539716144202,0.030505986635772357,0.020367301353987323,0.004189381048002407
0.8057966151097756,0.07625321051711247,0.07454972052047361,0.03667728648747342,0.006723167365164723
0.7921769132535,0.10671146370661505,0.07116062411952968,0.026173932218284887,0.0037770667020702335
0.7835783017315278,0.07770546723852176,0.09850505303175329,0.03128244950579591,0.008928728492401337
0.8184030284065353,0.09856433079784165,0.05448281579799223,0.023399762998045807,0.005150061999585046
0.8645528010829631,0.053176413926433276,0.05891797861815383,0.019099883499088217,0.004252922873361573
0.9274961861569231,0.03975916189289585,0.024493849041635585,0.006795463311710374,0.0014553395968352218
0.8114571628530867,0.06301935820784141,0.08809202641164775,0.03243198853828735,0.004999463989136858
0.8620484680920695,0.06471173614629573,0.044548446463001136,0.02498290859951083,0.0037084406991229864
0.8653521413895207,0.0519986563863909,0.05042102108699854,0.027235203477408928,0.004992977659680936
0.8662617977239766,0.051581550650032774,0.054158733656141905,0.023907509705746965,0.004090408264101812
0.8154134660429547,0.09494958115866614,0.062129307775244336,0.02280582591352206,0.004701819109612887
0.7084068697643123,0.12564059036798694,0.11783259925773582,0.041833311234830854,0.0062866293751339
0.8213319488634772,0.09417411556821798,0.05246899555280857,0.027570383593703424,0.004454556421792581
0.8254856329202518,0.090742020422453,0.06153413458510145,0.018370330381460048,0.003867881690733653
0.6964966956356676,0.12537396613983037,0.11725251335398709,0.05014810128710421,0.010728723583410739
0.8527941333816157,0.06264501431356977,0.05688112115844622,0.02383906573323774,0.003840665413130354
0.8588683226575999,0.07112586264793701,0.035280873100798665,0.02909017307543412,0.005634768518230548
0.8437344766461115,0.07741805647819637,0.05056069221397635,0.021456927828202514,0.006829846833513709
0.8860290270544321,0.039366939311880775,0.0461590208869442,0.024122911042360834,0.004322101704382306
0.9327807548360848,0.022172386083542363,0.030660033343141494,0.011505084539941498,0.0028817411972898903
0.8997338998431705,0.036841894777826054,0.04668299220501868,0.014048377814236516,0.0026928353597482687
0.7778488654002597,0.10172033020274221,0.0873235998627153,0.028046612215337656,0.005060592318945322
0.9139528947516953,0.03973537489268056,0.028997008718912122,0.013598066905166595,0.0037166547315453987
0.8964389856400032,0.03912923166766713,0.04345675552609183,0.016680541749027052,0.0042944854172106825
0.9291035296711249,0.023740512789674456,0.032552808138165766,0.011201832666480319,0.0034013167345546013
0.8307924849759073,0.04557347019328811,0.07857496058716978,0.03682351919282265,0.008235565050812008
0.9118829754953686,0.03769256798372503,0.029127070061117297,0.017531080332357955,0.0037663061274312596
0.8850238846037105,0.051727162094012964,0.03829494732499345,0.01988620997317293,0.005067796004109981
0.9570235330934128,0.02056066916203233,0.012455103069408018,0.007864830660948313,0.0020958640141985345
0.8398902192361556,0.07426698569278993,0.05146065450500049,0.026533374327554017,0.007848766238499921
0.9577889494267167,0.014659361750027645,0.016846129281142694,0.008232264055325686,0.0024732954867872923
0.815213638904436,0.0689966085305678,0.07905546873670437,0.030661474530417884,0.006072809297874084
0.8859762062820941,0.049073056969286315,0.04331317616072533,0.017348821372878232,0.004288739215016159
0.9020759490863589,0.037747924945693165,0.036985799982626404,0.01848255430219121,0.0047077716831301205
0.894275245860547,0.054160837520524856,0.029782998092007237,0.018075020190345806,0.0037058983365751033
0.6761446164011009,0.1373631848533545,0.11651684226752375,0.056295524547521354,0.01367983193049971
0.8556093585967547,0.04844157545055045,0.053712193276186114,0.03458832415559608,0.007648548520912709
0.9456188816313408,0.024182586341496455,0.017490325193568416,0.010219770581049949,0.0024884362525444013
0.8961324729515601,0.03834864840077177,0.04038196450305084,0.02021688250608584,0.004920031638531549
0.8315267861369112,0.09958949877653843,0.038676640752202965,0.023650834716975537,0.0065562396173716175
0.9135160647852465,0.03459312084821325,0.03532262659274285,0.01348710044599941,0.0030810873277979686
0.8859034499406657,0.05996133322401642,0.033124033413540054,0.016606838848082683,0.004404344573694967
0.8242753478804539,0.08299617225950502,0.05085903778338996,0.032978796798108986,0.00889064527854198
0.8718229391521748,0.05704568175743827,0.04424509124105836,0.021491729573310248,0.005394558276018178
0.9619853712666383,0.016567819213836044,0.010859653437900262,0.008678756494848736,0.0019083995867767403
0.9087762226928228,0.03833091361568977,0.03480283444672546,0.014116522021777768,0.003973507222984282
0.8062556089052225,0.12913537213021245,0.042630864447015374,0.016397202077512663,0.0055809524400369055
0.8051854713784634,0.07548617690581098,0.08186419304889977,0.02772077181656492,0.009743386850260837
0.85197244384447,0.08537305357926671,0.03521742344964847,0.02177072884059489,0.0056663502860203685
0.7232015752787823,0.15456835866651078,0.07941941380418296,0.03308085225185627,0.009729799998667733
0.8554945582958289,0.05259314199411681,0.058327096718945697,0.02477959923438944,0.008805603756718919
0.892644172175839,0.05537521244978112,0.02732443582826908,0.020202752642066783,0.004453426904044144
0.8868812800434611,0.04001593369934003,0.04517320320758894,0.021956748869537596,0.005972834180072482
0.8340994006268444,0.07574084172563621,0.0581456040579664,0.026958983992956796,0.005055169596596207
0.7966892321629521,0.06995934022324643,0.08810618834423264,0.03691038154552192,0.008334857724046853
0.8441633305297301,0.07438710869721735,0.0483392160672747,0.025757887524877204,0.007352457180900611
0.8823302130491242,0.05416806113605295,0.03783350152799423,0.02099088938175018,0.0046773349050785035
0.8510707559822399,0.05216138502770623,0.06408187395146021,0.02652331444415213,0.006162670594441536
0.8991860269072242,0.038447096587611654,0.035128947747835024,0.022456044110059734,0.004781884647269574
0.8727324936285713,0.03868953213373959,0.05315579147484336,0.028175751520213798,0.007246431242632064
0.8787265873858038,0.030846724645105628,0.054265477340174756,0.027812330442519982,0.008348880186396042
0.8913032896249421,0.03347111177603439,0.04301249395611152,0.025953633163520316,0.006259471479392001
0.9443137306805988,0.02247553123781364,0.02187204618758274,0.008977688934708124,0.00236100295929668
0.820306422813224,0.08551503142758193,0.060488865879035056,0.026587234151432874,0.007102445728725982
0.8280955777850395,0.07689201839803739,0.05559625282167049,0.030729985978906634,0.00868616501634603
0.8346485059161132,0.07616726973729604,0.04861121648581716,0.0308819518512362,0.009691056009537482
0.9044699687578746,0.04817284939549683,0.027776894476218242,0.015234656664087923,0.00434563070632247
0.888712893399993,0.03863758664526399,0.03704574581932178,0.0286911832216167,0.006912590913804457
0.9444054958263198,0.02005503759634972,0.02162946533574233,0.011007811247872973,0.002902189993715189
0.8388485763890525,0.11040954526865153,0.030867842881180104,0.014894529305135516,0.004979506155980327
0.7081071424274696,0.17585051096174809,0.07433172703266963,0.03214233696375521,0.009568282614357536
0.8753787483703259,0.06641830622044492,0.03406236899178638,0.01829717715342775,0.005843399264015052
0.8887366777652355,0.04925625959436227,0.037527688040510446,0.01765511849770966,0.006824256102181889
0.9469927008189413,0.018516899537482288,0.019960156118417397,0.011896269803167913,0.0026339737219911166
0.842079443244951,0.06932231362695523,0.054184014603701716,0.02811265128131121,0.006301577243080674
0.827407489739226,0.10371118803330337,0.04307049128727595,0.020052059283188105,0.005758771657006741
0.8639852165402314,0.07696147066279144,0.03669441905789856,0.018460379044703618,0.003898514694375006
0.7724304409880471,0.12495063995718618,0.06225492807152809,0.03266772423200496,0.007696266751233535
0.9492955415441808,0.027505345002007398,0.014869194177203181,0.006271253301022787,0.0020586659755856586
0.8574705378674577,0.04918517629001949,0.06869789577683776,0.018851886744966264,0.005794503320718648
0.8787678109785281,0.05716703746881432,0.04434423893887128,0.014918478580289133,0.004802434033497198
0.9507007227104027,0.01886326581178154,0.021709663562304946,0.006825734049223771,0.0019006138662868493
0.9466476071589062,0.019041042358926723,0.02226444155031343,0.00994842736470779,0.002098481567145806
0.7801476387628126,0.09848679473659869,0.07405237620301316,0.03699434245672373,0.010318847840851684
0.7720509512242156,0.11949351432510433,0.07251430854057082,0.028468351563756017,0.007472874346353254
0.7374248068590131,0.11943674855536143,0.09360442904077874,0.03760394625522409,0.011930069289622555
0.7838359569654245,0.09772629552980393,0.0801811523822724,0.02979345812965146,0.00846313699284765
0.7574335326283564,0.10128365552871499,0.08331699554056396,0.046296199458370144,0.011669616843994403
0.7941838565707557,0.08984166639033343,0.06416563969799124,0.0431624652712687,0.008646372069650785
0.8921238631060027,0.04148666794965584,0.043377348013196745,0.01873608384764968,0.004276037083495398
0.8601507833942367,0.07254134212983618,0.04079201326870633,0.022204221215750605,0.004311639991470265
0.9280852652707093,0.0310488798087421,0.02430685234586423,0.01289434647066066,0.003664656104023476
0.9022559587253552,0.03829748867079941,0.031218562798717868,0.022832198983688053,0.005395790821439432
0.913755286776403,0.042238109794875314,0.02320093132544968,0.01702621736420918,0.0037794547390628966
0.9202282616337331,0.030406877104396855,0.02647135300689957,0.018237812400631905,0.004655695854338861
0.7387970070090072,0.1352398802707665,0.059154039014262465,0.05067406958376027,0.016135004122203665
0.9533460564712158,0.019681510173976936,0.014012802461732747,0.010152190174886689,0.0028074407181873933
0.8790056365403464,0.04095012397275218,0.04345824130115856,0.030125853604840838,0.006460144580902146
0.8983990218960708,0.03453252507328194,0.03491837750008537,0.02646276776921221,0.005687307761349658
0.7873897430034749,0.09940633965802091,0.06027800506805059,0.042573801500280714,0.010352110770172809
0.8313333240033902,0.07531989838930114,0.05833641669685451,0.028464136861629716,0.006546224048824511
0.8561397254394139,0.042665188156956205,0.06770791738164832,0.026339401466524675,0.007147767555457046
0.8528965123802443,0.05181977848463054,0.062092984069052344,0.025882297162264117,0.007308427903808882
0.8964774828776615,0.04341258846722325,0.03236812421097377,0.02268172604038873,0.005060078403752833
0.8575921139281919,0.06176452693913167,0.047849455756424554,0.02664900024311816,0.006144903133133642
0.8879382395924222,0.04951834672570364,0.034464947454996876,0.022944316319024403,0.005134149907852781
0.8994287649417,0.03742230542891151,0.03280761336968186,0.02333563020007664,0.007005686059629968
0.86804404715536,0.052629601076556606,0.049006331555009254,0.023000148308820367,0.007319871904253682
0.8391496609707723,0.08162443837004255,0.04242259777551865,0.02992278693369616,0.006880515949970475
0.7266854068555239,0.1470715514999385,0.07706059172339574,0.03866039148828353,0.010522058432858458
0.7909869238321694,0.09096037204171456,0.0658790856256966,0.04031546346708972,0.011858155033330002
0.8412520891332749,0.08893452515409847,0.04057145737584141,0.023134708155035204,0.006107220181749958
0.8178834568168847,0.08307571905422026,0.06873258258262936,0.025425569814073436,0.004882671732192354
0.8491210615415832,0.0762219006213398,0.04730726946821246,0.02176567644127483,0.0055840919275897
0.8744516453863774,0.05518437120120925,0.04418134963780268,0.021601647616408825,0.004580986158201866
0.9189562240190807,0.03278961499306456,0.02685047327602732,0.017291992172101117,0.004111695539726137
0.7988337605583917,0.08902864612854663,0.07079825962944833,0.032110128598464086,0.009229205085149421
0.8803721321018028,0.0589756950227065,0.036014754475746764,0.02136974324143725,0.003267675158306625
0.9174984663805151,0.03490831920913638,0.03266539026697243,0.011525957599837655,0.0034018665435384347
0.8498985059440273,0.0587555932464311,0.053544327225055005,0.02917842789538361,0.008623145689102997
0.942724696940654,0.024994461930540363,0.01748298862377405,0.012117068567599842,0.002680783937431776
0.9523543280082292,0.015763948001444816,0.017959007104110622,0.010787007079964366,0.003135709806250958
0.8001919988782012,0.092848759611716,0.06161589149691355,0.033546826072272606,0.011796523940896518
0.8916444939702856,0.04271264749258156,0.029671284484056766,0.029308078528406396,0.006663495524669526
0.8553049801995516,0.05628389021519659,0.04661667200674136,0.03357749361313393,0.008216963965376552
0.7580788366870688,0.11475601189288127,0.07940661632613885,0.03733521393494504,0.010423321158966178
0.9057045785579266,0.048105183299791646,0.02486969306339962,0.016713880712127146,0.004606664366754782
0.9278493629307208,0.025295743612758086,0.029610010010364802,0.013145814092489801,0.0040990693536664645
0.9330877523438046,0.025208793452782794,0.024017547378685142,0.014962703278111614,0.002723203546615782
0.6004182338464532,0.2549304031460196,0.08247233049864412,0.050094002892257405,0.012085029616625604
0.8460309956388647,0.07464498995014672,0.04550714380413319,0.025983441306843005,0.007833429300012525
0.8713214771034309,0.06804335792589937,0.036036918296107126,0.01971234564589562,0.004885901028666713
0.8993344627628227,0.04366377021861367,0.0332193310768747,0.019465682985113145,0.004316752956575731
0.9382177012132616,0.019415554389963452,0.024768736789784657,0.013740065595961155,0.0038579420110291937
0.8586718658434364,0.05369365213146415,0.05090802771151146,0.029980175928732443,0.006746278384855404
0.8819129728477274,0.040067986520566874,0.047049690865659785,0.024382171896785335,0.006587177869260546
0.8351736132468326,0.06128106833253492,0.06140282353158193,0.0357948446480782,0.0063476502409724215
0.7089201716463683,0.1322470866065541,0.09428205622289906,0.05337173682602731,0.011178948698151026
0.818485138272521,0.07522368755866918,0.06708389239909253,0.028409025203387516,0.010798256566329904
0.8918839538969571,0.04162649121178864,0.04718993943996429,0.0150357722041955,0.004263843247094598
0.8480505223592691,0.06303995474260535,0.053635462033066884,0.026677658294770226,0.008596402570288191
0.89952937970333,0.04351370538269635,0.035023257343013266,0.01756385548146472,0.00436980208949546
0.9151094105858241,0.02842424269004178,0.03600313566782535,0.01602370789411344,0.004439503162195548
0.9014474577150956,0.03629973651005667,0.03790666359212405,0.0189657780123575,0.00538036417036621
0.8051438643934162,0.08041600093284752,0.07309540078701404,0.035356532212812125,0.005988201673910015
0.8726637937853928,0.05367808427590577,0.041945584106087,0.025428597576563867,0.006283940256050539
0.7484583699355313,0.09445320640373887,0.08915501337919104,0.055543061704630366,0.012390348576908343
0.9573667613952617,0.01427076900505461,0.01633715924694463,0.009866130831920185,0.002159179520818783
0.8967003299796942,0.0430552978184671,0.03596619246707183,0.02015802718443815,0.004120152550328701
0.8636444651794744,0.05861471049603772,0.04203803219388858,0.03038329530831142,0.005319496822288045
0.6846659448580519,0.12478513148225631,0.1266491987211661,0.054328291350590155,0.009571433587935583
0.7672729741300116,0.1152100613183669,0.07294856918693751,0.035126951883679335,0.009441443481004862
0.9242929387095312,0.03067515803963705,0.027878976375096332,0.013557195842733636,0.0035957310330015394
0.884013177811651,0.04967466881073075,0.044365789457542916,0.01673109825209639,0.005215265667979265
0.9113289855618868,0.035868182510185684,0.03131910573146392,0.016449672295805563,0.00503405390065817
0.9132739332529175,0.02381534069871903,0.039454804724299276,0.01790343378275556,0.005552487541308644
0.8376613188993779,0.07774767955154982,0.057172984427483135,0.020826033838407875,0.0065919832831811236
0.737443384215903,0.09057988927982924,0.10467854970497383,0.055723426536410214,0.011574750262883614
0.8029360133701114,0.07970365503553689,0.07544702484961015,0.033618963402369494,0.008294343342372206
0.9553459661817586,0.021580907948102187,0.01409785529013429,0.006948225083247186,0.002027045496757537
0.9077313243125249,0.02604139010030819,0.041164611190186766,0.02018416902491852,0.004878505372061605
0.9204385261180643,0.04589166415747263,0.02275075990680036,0.008517990517818274,0.002401059299844388
0.8066445559882498,0.09215151815918335,0.055836942771764056,0.036730650422010284,0.008636332658792753
0.8220005542152796,0.09463094247451104,0.044568169438663,0.02962093621150227,0.009179397660044336
0.8547954211992888,0.053885340920979456,0.058583036684804184,0.026659642850915904,0.00607655834401159
0.9072462176825213,0.04507324227208805,0.02749252069733124,0.01614739970812704,0.00404061963993231
0.8225398677889484,0.06352901503058707,0.07281159265235522,0.033242864605227504,0.00787665992288181
0.8776040700876871,0.07209880662258605,0.0323308446638661,0.014723970667986794,0.0032423079578739167
0.9535948576822098,0.02517196215987205,0.013204615803371865,0.00645121299198556,0.0015773513625610873
0.8754438698475827,0.033936538763156915,0.06204281090064499,0.021831309845593675,0.006745470643021691
0.7843807590264228,0.07416701162168923,0.0847350610311893,0.04193895457273271,0.014778213747966023
0.9340461348054748,0.014508051809201975,0.029659984087790324,0.01752880044349156,0.004257028854041214
0.7585458970195202,0.11204278035269583,0.08249686351085973,0.038323329459577095,0.008591129657347015
0.7604647186599915,0.11242979377095977,0.0704337040970389,0.04464331233951636,0.012028471132493128
0.8594554062573746,0.05887076438116547,0.048616937386443945,0.026845053388327954,0.006211838586687952
0.8738580152411684,0.04362781463827831,0.04330271819136304,0.03197435146658355,0.0072371004626067895
0.930397576659961,0.02905999336984657,0.025384044854977833,0.012912478186034089,0.002245906929180363
0.9601739314453782,0.01388431203028547,0.016947908486316395,0.006641676759105556,0.002352171278914514
0.9458680267943571,0.017363130608075983,0.022366056816002462,0.011745531975118734,0.002657253806445632
0.883319870776528,0.06733526439607884,0.026116712201622316,0.019132230019834353,0.004095922605936512
0.8769949940245507,0.053212997544651953,0.037626142185531036,0.024516507614815306,0.007649358630450984
0.8433739497094271,0.05909931417033657,0.05200560313162078,0.03743352381107679,0.008087609177538863
0.943231565048114,0.018920169287022472,0.022126994458827848,0.012930806133548016,0.0027904650724875453
0.8760079031175911,0.03347194966480227,0.049016027239351556,0.03446629196317092,0.007037828015084001
0.7566075111722693,0.0967063685797067,0.09334921644089497,0.04378067649202666,0.009556227315102205
0.9215852174852256,0.025388577836527388,0.03315487672699197,0.016106964720940257,0.0037643632303150263
0.9111997828346403,0.03433694039737054,0.03445488070619175,0.016396985654752082,0.0036114104070451847
0.806745716319847,0.11804734975085739,0.04130454828751905,0.025599646998231484,0.008302738643545277
0.9369671563740493,0.017075488157349057,0.02873260500374691,0.013345178666640098,0.0038795717982146095
0.912883380390055,0.046572416813086506,0.02400053404519081,0.013021718463700913,0.0035219502879667137
0.9379353581081571,0.014556412885533901,0.03148404553776244,0.012492090495083964,0.003532092973462596
0.7683442253052801,0.09184480305957678,0.09019188675439939,0.03869661529266798,0.010922469588075969
0.8448926762316841,0.05001125495253713,0.06631761166939994,0.032751580349184226,0.0060268767971947464
0.8615922625443164,0.05629170809524932,0.05120855427518658,0.02297758512797449,0.007929889957273163
0.9110261131659744,0.032443238523934013,0.029334271054973764,0.021978107921257924,0.005218269333859822
0.9018001520755818,0.027647343797577842,0.03947282355128911,0.02458477699493437,0.0064949035806170586
0.9085993236354025,0.026095541273874798,0.03974781946912824,0.020596069363670266,0.004961246257923954
0.9118726360684971,0.03613040145857415,0.029760023091269662,0.017312128336127292,0.004924811045531847
0.9375593911424036,0.02786237108054526,0.019550652889182726,0.011413989227432164,0.0036135956604363
0.8636844203712861,0.07833915236599939,0.03674404378942295,0.015451671833564789,0.005780711639726731
0.7863930029215611,0.08566236375026565,0.08204537279081739,0.03668489894381104,0.00921436159354477
0.9257313138562595,0.03135858070888378,0.023661303564920154,0.015939270808210535,0.0033095310617258966
0.862593327091098,0.07760031851025258,0.03687354455211581,0.016990418047200678,0.0059423917993329045
0.8852953489841652,0.03711732717188654,0.051613097444061076,0.01884336600833843,0.007130860391548661
0.8551876715470421,0.059778757438549324,0.05294320104783377,0.022973902457860865,0.009116467508714247
0.8292267445837629,0.057175482377610914,0.07112593986631469,0.0331913551670142,0.00928047800529759
0.8334106700179831,0.06389872434287966,0.07193027070146184,0.024416702970030797,0.00634363196764451
0.8442667205527199,0.07292110440374518,0.05114063659836532,0.0253210816759465,0.006350456769222881
0.88420064713196,0.04797064733016771,0.043167710764082955,0.020125973726480367,0.0045350210473089556
0.7335875029001387,0.12115524448188611,0.09916572232294427,0.03852735469356321,0.0075641756014675696
0.8946646941706462,0.0284376782864076,0.05164767779709413,0.019493487842169817,0.005756461903682148
0.83186115857321,0.06325559048405731,0.056672064476281855,0.03690867182105081,0.011302514645399869
0.843456436038273,0.0691543844654192,0.051935040466327284,0.029038785752876946,0.006415353277103727
0.7739862588275376,0.13132244525977507,0.05784405277236744,0.02960134396451764,0.007245899175802448
0.9032138917920348,0.039566854227870686,0.03623375267237031,0.016827794688200764,0.004157706619523427
0.8419707019558097,0.07246969983646413,0.048721863418843415,0.030216407814929548,0.0066213269739532525
0.696032122337431,0.14558631202355274,0.09603345405738861,0.051435778321137306,0.010912333260490431
0.8987763439029759,0.04023977676423962,0.03416162372116125,0.020646977186432557,0.006175278425190717
0.7596461625670721,0.12120793762383901,0.07014940918947674,0.040966712998375496,0.008029777621236652
0.7612297485921065,0.07962866682473281,0.0864670595085554,0.05794348434360294,0.014731040731002457
0.6968947573373411,0.1336631789558942,0.08900959303776053,0.06314443756605152,0.017288033102952547
0.8215694020810616,0.091628984302727,0.05284871509125959,0.02431398922572722,0.009638909299224525
0.8733188898520896,0.05579193310334296,0.04820950747769948,0.017232408700868236,0.005447260865999748
0.884914827255219,0.03518456112162879,0.04664875959916847,0.02674013695495164,0.006511715069032366
0.9077082212560776,0.033946021238443744,0.03344379096437841,0.019879294448816805,0.005022672092283291
0.9241152324744989,0.030267705733630784,0.0276238440265908,0.013318579331631874,0.004674638433647525
0.9318573981974532,0.03682886146697931,0.01754125340448526,0.009748178713557928,0.004024308217524263
0.9316534574724915,0.030269559863546666,0.019768214717961998,0.014253147066733661,0.0040556208792661514
0.7529168257822958,0.07330481079703739,0.11617728423498122,0.04184446386511355,0.01575661532057191
0.8357812358255126,0.06289577236290646,0.057938237272989704,0.03514837642456835,0.008236378114022955
0.8981757189039459,0.04144191758750518,0.038152029588949005,0.01693456671878593,0.005295767200813852
0.805496052514963,0.07915143722964049,0.0728832200152716,0.031250213497689354,0.011219076742435516
0.8992835004602915,0.035050200982966316,0.04350973451890704,0.016631535624339763,0.00552502841349542
0.9110568517541708,0.03636777194496983,0.03023484208398346,0.018089828065934496,0.004250706150941056
0.9053358415392904,0.040847221588819434,0.028577232018047957,0.019923238707414793,0.005316466146427319
0.8851456546794315,0.03525633699093652,0.04180792728958342,0.02901216899376328,0.008777912046285563
0.9416454779003139,0.02713653245570497,0.01910779376371519,0.009200944019223965,0.0029092518610418132
0.9092132765321961,0.03498902760695812,0.030267176114823106,0.01970844708926788,0.005822072656754867
0.8842026551880358,0.040832910062365106,0.047356983173302385,0.019585832377863786,0.008021619198433111
0.8939285098500697,0.035611374847858875,0.04377884627833222,0.02154425607826667,0.005137012945472571
0.9157103387626377,0.033190915665845436,0.030782594463910663,0.015617992972190608,0.004698158135415685
0.8997047222488209,0.032043253733689187,0.0429313843972234,0.019988832617110496,0.005331807003156158
0.8724258318072361,0.046068681527390826,0.049315678806737345,0.026377858023544976,0.005811949835090576
0.8969780312477961,0.06313101974464976,0.022665769804414194,0.01398689989269682,0.0032382793104431037
0.8406017860412057,0.06513136143043437,0.05383565077993649,0.03133191659042288,0.00909928515800076
0.7588420782135848,0.09578755228787095,0.07659868700921314,0.05285969165861848,0.015911990830712815
0.9083613205781722,0.047018423532670876,0.027847427223783847,0.013110447684977754,0.00366238098039544
0.8911498852172401,0.04619606572780406,0.03431416969462547,0.02353837986537824,0.004801499494952299
0.8994050104838662,0.04840383891622846,0.033078545241337215,0.013286078940458343,0.005826526418109608
0.7326154959013155,0.15011363962029137,0.06425147331965615,0.03823121507769174,0.014788176081045358
0.6911068275764418,0.1642722323789839,0.08796787451133643,0.04360698493750987,0.013046080595727875
0.9018072577012296,0.06242402292639196,0.019206503200544286,0.01225273593422059,0.004309480237613509
0.7809702127277873,0.11591791410283091,0.07081980247804057,0.02599410533870828,0.006297965352632951
0.7486210444059256,0.11449688509294148,0.07766028038804812,0.045939575105113366,0.01328221500797141
0.9081863363080466,0.03345904362945377,0.027755206189451993,0.02064326633385738,0.009956147539190188
0.8977321271037221,0.04573085227580123,0.03134446703528724,0.01790089227615197,0.007291661309037413
0.8387401431802263,0.08463761029018785,0.040232190329072576,0.02847915875934116,0.007910897441172068
0.7628260154718426,0.10776612610500044,0.0872159622859415,0.032808119324730316,0.009383776812485093
0.8882157668439223,0.04478855431120196,0.03500920784825373,0.026092659710170624,0.005893811286451635
0.8637630111104634,0.06063183157237342,0.049498252293541614,0.019568504119232305,0.006538400904389277
0.7759189520507893,0.09294299925491643,0.0766843367272132,0.04363572591277167,0.010817986054309243
0.8982962883007856,0.04492287492365661,0.030932623850811313,0.019369747288985155,0.006478465635761353
0.9341804167749107,0.026492377935240032,0.023276521525011012,0.013245365319033774,0.0028053184458044366
0.886727158341782,0.0535405508784913,0.029514564770178654,0.024073361598046364,0.0061443644115015605
0.9131515208509978,0.0434215894435857,0.02617982106939363,0.012857803322455908,0.004389265313566853
0.8506502892991507,0.07584893180742838,0.050314722785942054,0.017624470239499278,0.005561585867979566
0.8822227332345215,0.04693742515456716,0.0438581896759566,0.021392580706384157,0.005589071228570559
0.875189382595531,0.048819530463120674,0.047424751902187486,0.023703843008733468,0.004862492030427194
0.9173897274809474,0.026021562572298644,0.03285339992405356,0.018241876471689823,0.005493433551010718
0.7802046263462286,0.08810248644232921,0.07560915452544141,0.045767018629298196,0.010316714056702583
0.883162748320862,0.043657603500463646,0.045807587043979955,0.022925461041318897,0.004446600093375484
0.9185512481336393,0.03805855313283092,0.023628245248135313,0.01521075581927008,0.004551197666124433
0.8978826738173827,0.04324130283120576,0.039177882131216604,0.016309430202956866,0.003388711017238284
0.9238920039045171,0.02813030639736207,0.029830592307480697,0.01419074852004428,0.003956348870596087
0.805830586240159,0.06390296401455224,0.0800832460623861,0.03898094628775375,0.011202257395148926
0.7911475963914878,0.08426701776456148,0.07643023210938198,0.03742517214103347,0.010729981593535273
0.5590979614577388,0.17188941885691442,0.20255301900528463,0.04967125550561416,0.016788345174447876
0.8450411227228513,0.050748316477956544,0.06969350830481831,0.02752648534116543,0.006990567153208427
0.8931256330986985,0.03970245259064617,0.0365084129902421,0.024362271874866035,0.006301229445547108
0.936932666044803,0.032707061708788475,0.017035126483351617,0.009414680908963297,0.00391046485409377
0.9317686601971026,0.03409191026407677,0.02104997706825114,0.009922242716356906,0.0031672097542126006
0.8674188395012499,0.051685608288772535,0.054361352240703535,0.021231921554295794,0.005302278414978304
0.9313303668145065,0.028776851612747376,0.02054764747537651,0.014950532201015236,0.00439460189635442
0.921174685450977,0.02119246447948989,0.03519549222299311,0.01719507984496563,0.005242278001574444
0.889516119926419,0.04471044485004177,0.03859978077822734,0.020582423680717044,0.006591230764594868
0.8028735110820566,0.100159458620316,0.05825228032235502,0.028955386192755533,0.009759363782516786
0.8338653366095737,0.0781490479336953,0.052538335193466026,0.026887249048509875,0.00856003121475525
0.8580798125614024,0.062122952874683626,0.05571246506749856,0.01668977850938673,0.007394990987028294
0.9211062815381516,0.035021539769790104,0.028751464484466537,0.010613526951632911,0.004507187255958907
0.733499455533092,0.10894664033671717,0.10435943209705628,0.04261920003047151,0.010575272002663087
0.8628900533969449,0.0737886067381999,0.0362335553912991,0.02095410057399891,0.006133683899557263
0.909495048161584,0.040217317912683244,0.033915235832652525,0.012148915263249307,0.004223482829831171
0.898930735199077,0.050510449577909025,0.027773824108270145,0.018449575305183704,0.004335415809560257
0.8653457021713191,0.08136057922338538,0.028255028082496397,0.018154026340648537,0.006884664182150633
0.7986986973493668,0.08220035806273034,0.07185173951004521,0.03662100250910736,0.010628202568750321
0.7682617904972944,0.10591038342670303,0.06555628355437998,0.048372613490824085,0.01189892903079859
0.822378914337734,0.07127422577207371,0.058122851258960356,0.035418631106188064,0.012805377525043902
0.7690174545118068,0.10482387710409798,0.07066414870816558,0.04124340593535251,0.014251113740577234
0.8062992290434163,0.09875224794228787,0.06216004478255583,0.0254650323759977,0.007323445855742374
0.7853751136552777,0.05716561525685305,0.10014261577125977,0.044925937502559306,0.01239071781405029
0.8683773546746522,0.05064328346123356,0.05229466854024358,0.02108983556504668,0.007594857758823912
0.8664430025438562,0.05195806774180493,0.04242335094192511,0.029601144621051945,0.009574434151361824
0.8612784634856362,0.07283985564262466,0.0359569506626123,0.023755456885693325,0.006169273323433668
0.7782573856541415,0.1067330634133355,0.0713301595181061,0.03213493645746021,0.011544454956956593
0.8269005602662733,0.08446876285627027,0.05341302249416227,0.02845626592018653,0.006761388463107444
0.8865854743069693,0.04575843754300193,0.041515224140684044,0.020437672868054153,0.005703191141290588
0.871271428991068,0.06165553227976564,0.036217976240602474,0.02333636066319755,0.007518701825366143
0.7764021931320307,0.08079667706402548,0.07945044609743232,0.046893064184703626,0.016457619521807992
0.9215333470275937,0.027859855877249477,0.026728983716308472,0.01849686834053971,0.005380945038308619
0.8502013448496704,0.0549316002786046,0.05153693620855034,0.032747054730389316,0.010583063932785177
0.6053707374228448,0.20795926340758586,0.09321417964016808,0.07154561810380689,0.021910201425594616
0.889598393708626,0.058377695525463166,0.028872138180006272,0.015184147339522266,0.007967625246382162
0.9042720161590302,0.04104722432634002,0.029383169973063648,0.019654778366636438,0.005642811174929938
0.8271648126661526,0.06604988246441827,0.06233618050745212,0.034490299547688744,0.009958824814288282
0.8406929546242656,0.07128809140738267,0.0551083720678418,0.025958219668560146,0.0069523622319497165
0.8643093916185224,0.06537146983884874,0.03961269558213447,0.021354997039710846,0.009351445920783488
0.8860320551284337,0.04831905274843206,0.034984136230219814,0.02249310643455304,0.008171649458361116
0.9612716381820902,0.01893444662238568,0.011940784343846753,0.0058679326139458,0.0019851982377316196
0.8712944220177692,0.060765340277044104,0.04425376508609121,0.018857338202127087,0.004829134416968166
0.9213798939994072,0.03764793103144596,0.02508174642612213,0.012246661978255195,0.0036437665647694297
0.8498973834498627,0.0772903748423602,0.05094042625136006,0.016574043362877683,0.005297772093539504
0.9135716347668392,0.03291030139713746,0.02980706462653074,0.018444268828795983,0.005266730380696388
0.8659291790463002,0.05120055097854156,0.047261990750920926,0.027378320122898963,0.008229959101338209
0.9323347702896743,0.021858867936556642,0.02270808356572507,0.01801738945548481,0.005080888752559224
0.9070550385494232,0.04115984865088795,0.02860266302284416,0.01829066249261567,0.004891787284229082
0.8943320254110494,0.0518968595059835,0.03036019669493519,0.017376707582721543,0.006034210805310535
