Delta_Power,Theta_Power,Alpha_Power,Beta_Power,Gamma_Power
0.9209380366327221,0.04210538380661004,0.012495072183164018,0.016322848994820754,0.00813865838268303
0.9027248890193729,0.04793439552979924,0.015823239958662763,0.0237270735259443,0.009790401966220866
0.8875481383086826,0.03415324643587157,0.026778366012749476,0.03698288080115109,0.014537368441545117
0.8099065070047314,0.08900342068816366,0.04773250300989052,0.037769887873664205,0.015587681423550204
0.5815651199233092,0.24376564962853828,0.062246994404858806,0.0816540213815583,0.03076821466173564
0.68528586894067,0.1585328089044261,0.06202823962341497,0.06914005758124264,0.02501302495024644
0.7928682562429229,0.06852602400374724,0.067463570632172,0.04985797718526283,0.021284171935895466
0.962822743223422,0.015438090177886492,0.005812348950430048,0.011557236709969923,0.00436958093829188
0.7790937968404182,0.10386071723582509,0.028866198310638694,0.07053006369138172,0.01764922392173629
0.8572940712569053,0.06338039154986304,0.02140619680249654,0.03708018499714196,0.020839155393593333
0.8609839989577036,0.05856111194893786,0.022023607318289635,0.03676666158854749,0.021664620186521457
0.9277467068573846,0.027276934248283195,0.012201194960226591,0.022408463192187762,0.010366700741917919
0.8715304587767092,0.052867576969436184,0.029510237506166888,0.034223185659379304,0.011868541088308315
0.9483710510390139,0.017708886052492455,0.015114005769823644,0.014267911528582335,0.004538145610087838
0.8681588392202686,0.045614746803306544,0.04555293362171277,0.029882104728584012,0.01079137562612814
0.9130522364303412,0.04217475879831231,0.015332948557059436,0.021382857273544848,0.00805719894074225
0.9082179770050653,0.04537319425300152,0.011881810818911317,0.026941888209639206,0.0075851297133826484
0.8788275338338704,0.07310592348533299,0.019047784555225784,0.022572306438136236,0.006446451687434504
0.8612067589981948,0.09722702413882973,0.015065987414222442,0.019835015151192976,0.006665214297559804
0.9387239138068681,0.0291360589893974,0.011275099595753303,0.015550183627435444,0.005314743980545353
0.8460911496956512,0.08290964096487502,0.025452892891865586,0.03454068497133031,0.011005631476277918
0.7938000024690766,0.13938506794231706,0.024461903645955498,0.03262837156126617,0.009724654381384569
0.7993650823686567,0.11938563644002816,0.03680224399415862,0.0330803579476622,0.01136667924949421
0.7854968709739212,0.0953962591056169,0.05534979984442699,0.048239643401119636,0.015517426674915253
0.9199929845081882,0.041313696060210896,0.010181895694009145,0.021274015295750768,0.007237408441840893
0.9346783963020203,0.036434513407263856,0.010527727753507713,0.01165402809550763,0.006705334441700335
0.8272279109939517,0.07260896934196336,0.04929473540952544,0.0349597672000992,0.01590861705446021
0.8354022490223894,0.10391739874061559,0.029412764481368918,0.022851991011322466,0.008415596744303644
0.764557502219157,0.13856098080023382,0.03458732206854887,0.050941877102081874,0.01135231780997842
0.8605449687360485,0.08253028669562623,0.01672975872547787,0.031674294480875456,0.008520691361972147
0.8540753464395022,0.06463658649981621,0.02935794408740605,0.03968786577888678,0.012242257194389065
0.7918576211192908,0.09382148925137669,0.04637055955619061,0.050669283038524776,0.017281047034616824
0.9243739309677204,0.03841615333931803,0.014104872545861213,0.018204255601291623,0.004900787545808729
0.8788571018169992,0.05284913349516354,0.029923135005333494,0.02883672029079253,0.009533909391711155
0.9237051717563769,0.04778968805704011,0.012513346654431585,0.011962318670376735,0.004029474861774799
0.8837659117808004,0.07438277420448212,0.017569948795078623,0.018256470868604248,0.006024894351034526
0.8602249024647739,0.08056129861331532,0.02563388246695281,0.024599259238268438,0.008980657216689718
0.94425364929828,0.017459360876223667,0.01563834782021377,0.01714606809010876,0.0055025739151738995
0.9306746258051865,0.021159359602077637,0.021780424307869407,0.019282414932342205,0.007103175352524539
0.9614130946553624,0.017178016207938268,0.00896242688815139,0.00963143376992448,0.0028150284786234493
0.9080721317503389,0.06307341082882555,0.009854350124271286,0.014525929874942731,0.004474177421621529
0.852799828574262,0.08177806532563768,0.027220874181296557,0.028880860054645345,0.009320371864158454
0.8906196381480389,0.038874537676610726,0.03714465487192103,0.027223183665924817,0.006137985637504475
0.8001359161250351,0.08493108658357391,0.05255733375338759,0.04905968909825015,0.013315974439753164
0.8579950041436288,0.05309103018680753,0.03415831046712005,0.04162736882834032,0.01312828637410338
0.8952883034859326,0.056601178028616236,0.015887519642831145,0.022642012853920722,0.009580985988699562
0.8769099352586923,0.0479810888590573,0.029042573765603884,0.035202713971037414,0.01086368814560927
0.9630902592642931,0.0145742842725895,0.008893751087131566,0.010358889979769612,0.0030828153962161628
0.8447912429277193,0.09125990511680725,0.02035967581630057,0.033121376365357995,0.01046779977381522
0.9357210814126942,0.04276563271578514,0.00874120027590395,0.009113480680540575,0.003658604915076317
0.9016867647149412,0.053284889729534685,0.014519785985150153,0.022588972627872277,0.007919586942501727
0.9546643200313425,0.020244659247013356,0.010036011500825785,0.011735154192561914,0.0033198550282564554
0.8829301586530769,0.0791047144185004,0.015681512368879498,0.017713489987771655,0.0045701245717717645
0.9453608335899597,0.024506186499915608,0.014586452310474262,0.01111257366548943,0.004433953934161232
0.8389251796461963,0.08619972976129243,0.02648076667476889,0.03655372642065245,0.011840597497089878
0.8563891561581276,0.08549960687642254,0.02089811638819468,0.02925253364243667,0.007960586934818483
0.8395107537633624,0.09546302139697795,0.03764005003074194,0.019306903176209082,0.00807927163270873
0.8196310142014807,0.10974720211222767,0.03093669638591269,0.030188998628796326,0.009496088671582553
0.8988735378297368,0.06018388637767022,0.018584368225592042,0.01640927927958618,0.005948928287414851
0.9266547011834068,0.03888536513085726,0.011025324406492046,0.017402070454818775,0.006032538824425147
0.906883521828916,0.061859565404759356,0.014193516729187202,0.012516827690932437,0.004546568346204818
0.9090364522712387,0.04788224421024153,0.015839339431076828,0.018688615814486425,0.00855334827295647
0.9124429645994127,0.035879718658945965,0.02471478700306719,0.021646293836504047,0.005316235902070273
0.8990423182817988,0.06974093095494498,0.011923943893300051,0.013134179193188858,0.006158627676767384
0.8700369506431691,0.08374898985534025,0.02067540440615894,0.018396664555125456,0.007141990540206175
0.9052765650423861,0.04772932352928266,0.017100034513397446,0.02382083659819786,0.006073240316735888
0.7664458532520776,0.15369275018026557,0.028670146481696517,0.039364126494347056,0.011827123591613297
0.869432008260237,0.07798607406952802,0.019198250380010044,0.024672331157495418,0.008711336132729364
0.8193337946093285,0.1332535960224874,0.018278369670491526,0.02311139047525455,0.0060228492224380075
0.9195377161347851,0.054924463423143,0.010094303926496646,0.011915777682994708,0.003527738832580407
0.8011729268810702,0.12358296957295221,0.03631201557286589,0.02970117267713788,0.009230915295973858
0.9028397991159868,0.04785985036427096,0.0191533139241559,0.02320490038167169,0.006942136213914513
0.8865535470393571,0.06112877834247328,0.021120306451336404,0.0251735922007837,0.006023775966049726
0.8665530070339885,0.08081836940649913,0.018208937858414216,0.027633441960894317,0.0067862437402035816
0.6838431578412624,0.16134914010868923,0.06972570236581391,0.06498269616660123,0.02009930351763316
0.8550920334751709,0.05808919365053898,0.03282770521823064,0.04253099700008436,0.011460070655975157
0.9145598941387224,0.03775489965003809,0.023319656064047532,0.018383826274600706,0.005981723872591169
0.9288342323034521,0.0379263238964549,0.016333877096237487,0.012771137592377189,0.004134429111478437
0.8894991131591964,0.062359971119983,0.01978142700180572,0.021807938653715067,0.0065515500653000065
0.9574413095615268,0.017507664369374693,0.010137488639935802,0.011868949187530132,0.003044588241632705
0.812388974805134,0.10628991850641259,0.032415409743640454,0.03772481271874049,0.011180884226072618
0.9267158068487488,0.03322182055968246,0.019347154287429155,0.015670527785871524,0.005044690518268041
0.8966956517854092,0.05502946882510491,0.01950591876749752,0.02205881802255382,0.00671014259943447
0.8167100922893236,0.11610509083979656,0.03203549050930952,0.026994786408765833,0.008154539952804487
0.9282526882897068,0.029193869991109643,0.02006576767342495,0.01801016560814114,0.004477508437617445
0.9116918562586456,0.06058165383483601,0.010343255937312675,0.012469372560809424,0.004913861408396335
0.8625358495446986,0.083529542731484,0.025664317529716433,0.02028582909374221,0.00798446110035878
0.8570322791329327,0.0728029932197399,0.023898966796207618,0.03269387727824785,0.013571883572872244
0.924721785675715,0.045514674958164254,0.01387861122147457,0.012045810784253605,0.0038391173603928696
0.9239454521088817,0.03544758386822576,0.014216902286287327,0.01964585211255051,0.00674420962405463
0.9188284369856077,0.03506493501813137,0.01422320632758372,0.024208420251082406,0.00767500141759477
0.9280810285602427,0.03564714165472224,0.01864400139527954,0.01194471478542358,0.0056831136043318286
0.9317799898572717,0.03559732298198534,0.011120960375149678,0.015522679086110281,0.005979047699482865
0.8016691666070745,0.10800467262658268,0.032688477477201064,0.04003105833008476,0.01760662495905719
0.9118982183901596,0.06451808313376269,0.006767650335874164,0.011610677259273948,0.0052053708809296825
0.9146193126256942,0.06065917307070745,0.008996739572886136,0.010756759725332582,0.004968015005379953
0.882697985538785,0.06708827207255355,0.019628827440268167,0.02428423639644516,0.006300678551948176
0.8951225910005316,0.044185738911785705,0.023419671919813506,0.027147200134603883,0.010124798033265209
0.9040427651009867,0.05916629196654361,0.01726153408592576,0.014077831017547802,0.005451577828996286
0.940478415173852,0.036292761772084396,0.008830272415626337,0.009974408162309103,0.004424142476128093
0.8797653015628722,0.0687410077641151,0.02537373015175694,0.018908606950205558,0.007211353571050175
0.8938559400456897,0.06957389225995088,0.011713581629207789,0.019227240692720592,0.005629345372431397
0.8731203318666387,0.051881350022052033,0.03569880767399346,0.02965500152964139,0.009644508907674324
0.9569043315409332,0.02347257262057279,0.006522586123302704,0.010066464898292042,0.003034044816899104
0.8078364781699429,0.10256223244192834,0.03460791400621037,0.03947705908505135,0.015516316296867136
0.841360598872971,0.1163393657747747,0.01728848629270508,0.01650076089599486,0.008510788163554488
0.9430111624231857,0.029989126446532646,0.011109632796748065,0.01239847312161948,0.0034916052119139387
0.9536320749323474,0.025576982432303257,0.010490145370066468,0.007736301543895906,0.002564495721386975
0.9559335306333763,0.02588688904903154,0.00713082392032899,0.008667356316386697,0.002381400080876476
0.8762778896383362,0.06180793304356966,0.029402563699386194,0.025268842957017264,0.007242770661690862
0.9211093253218978,0.0415542115504046,0.014767960443962603,0.01670258715844874,0.005865915525286202
0.9046255918015558,0.05077125258747189,0.020830701089902707,0.01778950280686143,0.005982951714208106
0.876572111095159,0.07394416219276154,0.01831016047929163,0.02517652206554915,0.005997044167238556
0.9143711200915007,0.05585267737098551,0.010634291363337182,0.01572393052284798,0.0034179806513290113
0.8640308052094118,0.07233577090903066,0.03120335890043422,0.025317363746666665,0.007112701234456517
0.9196416643892589,0.05188802175418658,0.009533841392689908,0.015208689505744777,0.0037277829581198046
0.943735236697262,0.023125506941514044,0.014566479182381199,0.014719340184307463,0.0038534369945352072
0.9035708788240394,0.03600134016566162,0.03145757610507067,0.02243214688870442,0.006538058016523786
0.8891392200330364,0.05377454591724393,0.02181369605863072,0.02722636472814723,0.00804617326294203
0.9006447368440484,0.04986752414853568,0.031146178991642553,0.01339012266372087,0.004951437352052634
0.9360774539204104,0.04082584915787296,0.010442446192120617,0.009884797764393775,0.002769452965202258
0.9066075958299475,0.04130428191557737,0.019488445829186,0.026643988546166973,0.005955687879122189
0.834343381905831,0.09338482249297425,0.035379569369003175,0.02749056454522658,0.00940166168696484
0.9019795640557118,0.03237698044254916,0.02944484261268813,0.02630281128968889,0.009895801599362257
0.9175488115375072,0.04753611130519047,0.012807690226515234,0.016266105636557227,0.0058412812942297615
0.8496168728938894,0.0714592570135408,0.038529379052548406,0.03115242748547818,0.009242063554543078
0.8619907148307402,0.07878434635545885,0.022341252713343668,0.029201374100466485,0.007682311999990845
0.8937359891449554,0.07038542549487409,0.015217894155199028,0.01568098960912739,0.0049797015958442424
0.9534990105875312,0.02055724178929326,0.012412851601170258,0.010938193852113141,0.002592702169892475
0.8814880328621907,0.06820018525631723,0.02691113032842445,0.017154485354477778,0.006246166198589753
0.8677055892826363,0.05935676436515447,0.03980483472192355,0.02710776865649687,0.006025042973788952
0.9403419019388793,0.031994755766833166,0.012729912461583812,0.011280445140327895,0.0036529846923758396
0.9362312310969627,0.03152534110084689,0.017950985147372332,0.011196282485294735,0.0030961601695233126
0.8880256045460562,0.054605808195184576,0.030414329682771152,0.021127436417878075,0.005826821158110153
0.8836798360380383,0.04263493640959205,0.0339970588645781,0.03194144451830931,0.0077467241694822615
0.9539107420395587,0.019053662062381658,0.0064349913000084375,0.013312407183515746,0.007288197414535346
0.8115132355681828,0.11665537562799518,0.03205279070170634,0.028514811591989157,0.011263786510126612
0.9214169227676237,0.04738886540075694,0.011622237321714407,0.016408688259702826,0.003163286250202183
0.870600891638136,0.08420894055569718,0.018361191717452142,0.021093679192822228,0.005735296895892288
0.8781084421535394,0.07790726278116239,0.018503290270133366,0.019511190923288808,0.005969813871875841
0.9118308257954345,0.04573977977734809,0.017722946446432623,0.017207441834708858,0.0074990061460758475
0.9260232776993041,0.04646993764426199,0.013498607560497363,0.01072498541283052,0.0032831916831058735
0.8959082478595228,0.03695722489198115,0.03927899080815925,0.021678133135111098,0.006177403305225656
0.916813250388175,0.03645874128350667,0.020195727958701542,0.020910497334994293,0.005621783034622611
0.9016043226036768,0.045705405520957636,0.026343367756875135,0.021263331237420614,0.00508357288106969
0.9525328084437785,0.024917449904549485,0.010972083809918154,0.009108096265989941,0.0024695615757639516
0.937115889733159,0.03475440393781555,0.011778877056451658,0.012932552699756582,0.0034182765728172095
0.9060898756886631,0.06042508269624862,0.01247963560987453,0.016427982541042007,0.004577423464171773
0.8655550695000951,0.08738128850100674,0.020131382421400792,0.0210668263200535,0.00586543325744384
0.8880083405493382,0.061955348983401,0.018437806798062655,0.02635913314796332,0.005239370521235005
0.9425056028509449,0.03037936724871321,0.013613509051688755,0.01036503375593376,0.0031364870927192627
0.912479254922667,0.03599826408025185,0.024071478231903535,0.021011300527341015,0.006439702237836622
0.8232459190717879,0.10487314865307738,0.037236990393686074,0.025806199955144698,0.008837741926303893
0.9158954586662178,0.04015199006439083,0.018588066532671612,0.021081633112809535,0.004282851623910222
0.9214695262194386,0.05688487497018418,0.006334131880738868,0.012576851426268706,0.002734615503369915
0.8237877633974989,0.08709342444382985,0.03666597589199457,0.041664235887094975,0.010788600379581612
0.9488558339517525,0.02974122656068525,0.010717719638821663,0.008704616769834743,0.001980603078905745
0.9406889606047611,0.03202596017290142,0.012531966879326414,0.011376976756872366,0.0033761355861387826
0.6996383770421876,0.201451384145244,0.04166553684465823,0.04745807887649164,0.009786623091418584
0.904370433425292,0.04303302508421712,0.02675596734546896,0.02068946056512782,0.00515111357989426
0.9475799164677514,0.024303676236191403,0.01198481351746344,0.012764606268045296,0.0033669875105484565
0.8442413705578029,0.08360858995168545,0.03438687801098263,0.0310387731773683,0.006724388302160767
0.9249156861045513,0.041561425708271586,0.013945012515546333,0.015438149366246512,0.0041397263053842255
0.909952086957005,0.05042733542466932,0.015768216255614344,0.018800975950817096,0.005051385411894297
0.913254793271298,0.05920368190607526,0.013774037021760659,0.011376173648450517,0.002391314152415393
0.8950652797689855,0.05645839681712373,0.02214524662618348,0.02095197500146716,0.005379101786239946
0.8793695654570673,0.08245348857704382,0.018108457804246705,0.016039541248947978,0.004028946912694106
0.9320743596521839,0.03251351709566402,0.018935848856295883,0.013092560262067567,0.0033837141337890357
0.8831536549740363,0.07238953059401458,0.020666048838044758,0.0193887734846581,0.004401992109246296
0.91844548909779,0.03516394288255837,0.023350293082096914,0.018510295691486527,0.004529979246068372
0.906932640615077,0.05067536325052038,0.02004172466714533,0.018499993009328124,0.0038502784579291173
0.9348870680327305,0.0359127167161082,0.009567773035765071,0.015974993663834636,0.0036574485515618073
0.856583193114068,0.08405825325570261,0.024151108851589168,0.026760324723261526,0.008447120055378472
0.905338281803238,0.05024550470155912,0.021412714616882236,0.018036291456431902,0.004967207421888747
0.8937575416616919,0.03731312642810583,0.03878195881695415,0.024401753997136705,0.005745619096111568
0.9001236896737493,0.05970134431394859,0.013717005450676353,0.01906330215707979,0.007394658404546129
0.9490243318411737,0.026812075786425953,0.009852951635210678,0.011212343264867957,0.0030982974723218135
0.8391344153560057,0.06857293333945394,0.037172159782289764,0.03924802185231703,0.015872469669933355
0.7762267354845157,0.1454429771890728,0.03493611472324021,0.035929212009924945,0.007464960593246336
0.8729291713649555,0.08259950487628277,0.019112632544567174,0.02099754149618266,0.0043611497180121315
0.7704650343674315,0.12913346013207996,0.03310725478325809,0.056119173843794355,0.011175076873436027
0.8440743604539791,0.082776295865107,0.02920620980652581,0.03576815047982333,0.008174983394564673
0.887823065206731,0.05631342306478441,0.026388969796678863,0.02439052024420557,0.0050840216876002825
0.9604009787127193,0.02389863045665422,0.008016235872423734,0.006309794443977101,0.0013743605142258484
0.8173710000331644,0.12834694156337473,0.021951553919377052,0.027484580172945444,0.004845924311138203
0.833891471413777,0.089165339460856,0.04178245378100623,0.02695585959402198,0.008204875750338967
0.9338146777704948,0.03904334960781896,0.016933265261297573,0.008049259595487815,0.002159447764900615
0.8946921111226945,0.05896066569339808,0.016707791368570753,0.024907539950028073,0.004731891865308741
0.9548180921822591,0.027726002179707325,0.0068694816941335226,0.008184489758744057,0.0024019341851559523
0.9020632693154466,0.0621724556293208,0.0172042271923839,0.01499204332231697,0.003568004540531839
0.9657542819912731,0.01946886453250362,0.00549014267023224,0.007680115991102924,0.0016065948148881162
0.9040537491549763,0.050874864347735374,0.01536833831955298,0.024934605907335507,0.004768442270399876
0.7396438279105831,0.160055813184312,0.049482713507573384,0.04124489630677008,0.009572749090761385
0.9185506655618535,0.0569393714283213,0.008026460337815724,0.013580471587702187,0.002903031084307435
0.8901638902495993,0.05888518395517332,0.02564585592963998,0.020802717823980164,0.004502352041607435
0.9517988950128037,0.020087591548127486,0.01571515979749497,0.01041369614780473,0.0019846574937695304
0.8381230878866194,0.10974599522398736,0.024004581491762544,0.02229133511792102,0.005835000279709738
0.8632322807338502,0.08338830610990006,0.033293797775520516,0.01517599587442529,0.004909619506303835
0.9221069052038642,0.03646558962626839,0.022418817524825302,0.015780834127521015,0.003227853517520999
0.8851471371239578,0.056780939428733704,0.025260185891607456,0.027073069429182656,0.005738668126518485
0.9126057345374206,0.03760379667014478,0.029622431238570956,0.015948156500469244,0.0042198810533945275
0.7908266598232258,0.10998329674374262,0.05221104938303566,0.03880647349787551,0.008172520552120106
0.9309938354204887,0.03444304542289186,0.019443227143150853,0.012487740556131902,0.0026321514573364314
0.869959193263878,0.05555572524804486,0.0460806885577758,0.02287981543086629,0.005524577499435051
0.7686119203171156,0.10760401347750365,0.07572025008772701,0.04107539612501149,0.006988419992642323
0.8379253007348525,0.09526610637180295,0.03167291703352722,0.028481855487999707,0.006653820371817535
0.8478113172922541,0.07379297095175079,0.04422103684573616,0.0278607538145646,0.0063139210956942304
0.8788442669103584,0.07507709561751094,0.027568176775838376,0.015783850189303256,0.002726610506988955
0.883705787875111,0.07640317403998007,0.02057130273464962,0.01555768970045913,0.0037620456498002456
0.9050800690967805,0.042931328690920846,0.021796743926460447,0.02500920434303702,0.005182653942800987
0.869672100530095,0.0697999151760179,0.02889941690598994,0.02673097047148062,0.004897596916416788
0.8705374275444236,0.07941930791375425,0.021769532174927317,0.022582306786499078,0.0056914255803956785
0.9262417083571759,0.02685583114955165,0.02310205899774335,0.019329963651409966,0.0044704378441192665
0.9671409787225292,0.022745090118787985,0.003939708652001557,0.005169406421705,0.0010048160849759984
0.8260610317960584,0.11238612761405674,0.028002310537656307,0.02551166292809189,0.00803886712413659
0.9112141283972883,0.054645590968097804,0.015106343235354631,0.015320537154472865,0.003713400244786227
0.8333271368031603,0.11551700855643411,0.025509506044940795,0.020537653323241544,0.005108695272223486
0.9429268485806398,0.03431526387176102,0.013773602507415038,0.0071071383742883736,0.0018771466658955857
0.9209055445054148,0.048822432201853734,0.012795890580547399,0.013580841822218807,0.0038952908899651177
0.924783819299522,0.046144525992315256,0.014520465101090486,0.012242551546571617,0.002308638060500841
0.8890835613471063,0.05860859653822438,0.036016597941004876,0.012361910712691788,0.0039293334609727835
0.8396152733848357,0.09460516044870056,0.032182763783859494,0.02748893094585173,0.006107871436752736
0.8279588917243338,0.10824551883391743,0.03364074053804452,0.024933742768072704,0.005221106135631691
0.8938868479893927,0.031892773897029096,0.047098086147263636,0.022992728847466542,0.004129563118848007
0.9004962945824757,0.03417116786015565,0.03566488997175102,0.023930755232368914,0.005736892353248724
0.8247615947162651,0.13173879635179037,0.023466989200983737,0.01697161911550926,0.0030610006154516414
0.883663924990124,0.06942495222957613,0.019470864051607733,0.02241816670386121,0.005022092024830998
0.8999625393809761,0.06870822119380093,0.012882392929412102,0.014784357551629494,0.003662488944181232
0.9250331275535107,0.03302709841232639,0.021583871310776968,0.017392151774606627,0.0029637509487792525
0.9706993595872834,0.01130359896357278,0.007948683492619492,0.00824571186937886,0.001802646087145415
0.9227909616619446,0.04599264355935198,0.011531510545431426,0.0167393832821925,0.0029455009510794923
0.9303761074145638,0.032837340258228175,0.013637893817013379,0.01963528157189296,0.0035133769383015726
0.8234930346574395,0.10705990585954617,0.023555208992901037,0.038359025750076506,0.0075328247400370234
0.9537603846167687,0.019664989659550023,0.013224738615404767,0.011759844853774737,0.0015900422545019974
0.8776284531045352,0.06469824074274558,0.021352793274188292,0.0291877777879321,0.007132735090598787
0.8892142158008308,0.06265344023598358,0.0200070346244884,0.023459006097874265,0.004666303240822751
0.9190645862450427,0.04392484020554081,0.014030592390207592,0.01892675527751679,0.004053225881692091
0.9573818961479125,0.021825311145885623,0.01002972622239912,0.008978330600569856,0.0017847358832327146
0.9078565205761723,0.05364749859894236,0.019737562168117718,0.015632781245788156,0.0031256374109794724
0.9578121939123785,0.012457182761275144,0.011705246031062903,0.01512338643833104,0.0029019908569524037
0.9506524700717826,0.023323409116388343,0.011085260453771234,0.01242861014972296,0.0025102502083349794
0.9302943170114544,0.03934209281174193,0.014661902167226733,0.012444139167940616,0.0032575488416363135
0.9091808176359891,0.0568372819970027,0.014589064900217226,0.016007652446558846,0.003385183020232097
0.9506563334198971,0.02510895517227896,0.011594033742798512,0.010120072375094566,0.002520605289930922
0.9373213248982791,0.03268575722200908,0.012233175645793203,0.015356130085658478,0.0024036121482598673
0.9280963559945419,0.030163045806230464,0.01951626783405625,0.01853821317472543,0.003686117190445745
0.9548201876822596,0.01770320475357725,0.009837462523195619,0.014383855223625855,0.00325528981734171
0.9382569943658357,0.03148529455947561,0.014161248179167116,0.013377508868256687,0.0027189540272649173
0.8704450782447177,0.06903478838226942,0.031365371203650634,0.023377661304818165,0.005777100864543932
0.9456745539672902,0.027360743807204872,0.015096518513797183,0.009532834637133768,0.002335349074574105
0.9199555946832141,0.04461627819225386,0.01784785828843479,0.014189033174070817,0.003391235662026341
0.9302683296336672,0.037681055653666536,0.01717089472526373,0.012166866298767981,0.0027128536886344
0.9239039785763782,0.03641319132940812,0.02310171120231354,0.013493909538416633,0.003087209353483695
0.9524905181846066,0.023016347986555472,0.013102108220469559,0.00908560383891429,0.0023054217694541052
0.9007909808147787,0.048420771926962446,0.03033632435883682,0.016879463378695055,0.0035724595207269126
0.9048209823926241,0.04327927044911691,0.0254296915381702,0.023022264117548413,0.0034477915025404667
0.9223673437677155,0.03200833791328815,0.025570689240179946,0.01612396634248912,0.003929662736327263
0.9648797063306263,0.01440926934272427,0.012480694402568496,0.006797441111256809,0.0014328888128241535
0.9219333173172849,0.0374832240275568,0.024237798121843367,0.01347959993468084,0.00286606059863396
0.9101527120480235,0.049255193094500355,0.02198281756884624,0.015243859283676667,0.0033654180049531657
0.9280147555448389,0.034972653093402466,0.018618349078019677,0.015054095019269161,0.0033401472644698843
0.9627647864997614,0.01465982724768153,0.009710512437258022,0.010540285030556533,0.002324588784742313
0.9332845276714654,0.03874761207780606,0.01044685161018381,0.014970807871425587,0.00255020076911917
0.8917237738065336,0.0668595604601358,0.01486689835852336,0.021078985643886897,0.005470781730920297
0.7742950745562569,0.1564793119769652,0.03123303625464312,0.03238033373463158,0.005612243477503218
0.9125062315256933,0.05148419780117332,0.019851036196657967,0.013299457213659249,0.002859077262816079
0.8209137934628943,0.09358020123001333,0.04159976372671546,0.036382101498345386,0.0075241400820318365
0.9735827525668123,0.015067337249137064,0.004366554456912035,0.005698668964537061,0.0012846867626017926
0.9207914454938728,0.032141253440757946,0.023307380435354626,0.019884802178606213,0.0038751184514084886
0.8945420847075215,0.060762207815075374,0.024402351646749657,0.016019679730995995,0.004273676099657375
0.9128954632000634,0.04483236541447821,0.018662960526423144,0.0190050027554829,0.004604208103552178
0.8090040486755533,0.11486406050086963,0.03475336857967826,0.03519436181424309,0.006184160429655877
0.9383964729022984,0.03587527763514744,0.013576210293887002,0.009400191337631612,0.002751847831035622
0.8986685249106411,0.04596380117314558,0.030489995868736283,0.020329858162901136,0.004547819884575752
0.9458518588173005,0.038881928794753426,0.006682626165754718,0.007137880181796788,0.0014457060403946457
0.9450146925696562,0.032835969431921616,0.0140906146793091,0.00625619964431035,0.0018025236748027856
0.9041640776320604,0.05149174481954693,0.020430863636478457,0.020327194824658012,0.0035861190872562812
0.9171697467967524,0.046954075419193005,0.015253081286186883,0.017470384822827954,0.003152711675039676
0.9425752521400562,0.029976850779452568,0.011485315552870785,0.013366066290784623,0.0025965152368357257
0.9447932844065556,0.026754013488774018,0.011494889089986618,0.014328300523649742,0.002629512491033946
0.9129473039918616,0.050334267755295245,0.016356464983904733,0.016538059425999903,0.003823903842938595
0.9271798114813662,0.03882720787816782,0.013688238932626513,0.01658553978124967,0.0037192019265895795
0.9447089183996283,0.03186230916796529,0.010464998027018158,0.010922994561347281,0.002040779844040817
0.8878259383045208,0.0658841481919606,0.02236564062256726,0.020104437658059103,0.003819835222892202
0.9466290269537709,0.018709132326388763,0.020001001469957785,0.011340367325883022,0.0033204719239995394
0.8965826464339148,0.056656931067841504,0.024991044765498634,0.01757433587258029,0.004195041860164778
0.8928639072903114,0.07750115079955154,0.014417494564166591,0.01225844256608373,0.002959004779886766
0.8813639915315937,0.07481099683373382,0.018309860139852963,0.019148099866614903,0.006367051628204851
0.9366411280338949,0.041071222459937086,0.011782939849633748,0.008175664328538338,0.0023290453279958294
0.9325018416441729,0.02716026934485202,0.023786328960318043,0.013869229828214508,0.002682330222442393
0.8034505100510622,0.10984365911755604,0.05194210029236459,0.029402613281811575,0.005361117257205718
0.8907584394578757,0.07136622215136126,0.018213958646631556,0.01561214730177814,0.0040492324423533335
0.8817830320311908,0.06315660519407175,0.023036396876838842,0.025810110926958653,0.006213854970940089
0.8500012579621155,0.07536317277592869,0.04087003459154664,0.025913295678559857,0.007852238991849326
0.9545139090277207,0.02137230939734448,0.012341421487521162,0.009846433252137176,0.0019259268352764187
0.9261325625086092,0.03852444871402276,0.02166167504711403,0.011160971132945079,0.002520342597309114
0.8630568668119758,0.09599416147896775,0.018381274599722466,0.018139808905152398,0.0044278882041816755
0.8752397327672558,0.07734462826742684,0.028875775145568792,0.015179196117115183,0.0033606677026331738
0.9337740194143979,0.03554038877715861,0.011889442865538773,0.015578759813815457,0.0032173891290892803
0.8920938921308231,0.05325750174129969,0.026032419811406974,0.024721059293068223,0.003895127023402082
0.8622946969886597,0.09830668726812178,0.01834739453012249,0.017466859262693115,0.0035843619504030404
0.9397144050946614,0.03574980864216122,0.009685648355030111,0.011924124858848735,0.002926013049298331
0.9217059859822233,0.04370605734767636,0.017745800696498348,0.013433816175924467,0.003408339797677614
0.957973370195273,0.014102143683043878,0.013591170022670915,0.011972691143428488,0.0023606249555836673
0.929874936039197,0.03764955028419457,0.012796400458023051,0.015687482047000458,0.003991631171585006
0.9260810028995956,0.041265584851423544,0.012302421087811339,0.01663361179388317,0.003717379367286059
0.9033186714825888,0.0585793157644871,0.019060553919977886,0.015750761080630636,0.003290697752315447
0.8878111020431614,0.0642036873968126,0.026391144136426466,0.017482180225517785,0.004111886198081994
0.9425575695053616,0.03027284758569837,0.011441450554956479,0.012717287351203142,0.0030108450027803934
0.962792210453342,0.01677319633290972,0.007770473764685478,0.010857432682488784,0.0018066867665742386
0.7315928702074554,0.15694990597918898,0.06326400061563073,0.038032400348779645,0.010160822848945206
0.9190665956476561,0.05592294465943233,0.010050499582182463,0.011555190964835765,0.0034047691458931055
0.9531428082123699,0.026809393222744306,0.007404390512682107,0.00990222395962286,0.002741184092580661
0.8907852579102583,0.0521749626275298,0.024690389147257113,0.026504328976786888,0.005845061338168185
0.849602495306548,0.07481105956738396,0.043677256526725564,0.026468533357974142,0.005440655241368423
0.8109513815049672,0.12037173448113611,0.019196956530655354,0.042324707657831,0.0071552198254103685
0.9241408407066777,0.034118576062998465,0.024801562596587626,0.014215893361802458,0.0027231272719334763
0.8834051027645192,0.069583791317682,0.02337946700775639,0.0197695506666624,0.0038620882433800987
0.8636330228238855,0.07037291696170239,0.02443391555923934,0.03305007573276579,0.00851006892240702
0.9478375238796806,0.028762174942103227,0.009832440372806285,0.01093641104872529,0.0026314497566845185
0.9388808825844431,0.04434427876094562,0.006382665419167455,0.008295008095053742,0.002097165140390009
0.92485497409724,0.03871039198224738,0.01666074832610757,0.01652685548883254,0.003247030105572477
0.7301131543426594,0.15186416771251343,0.05795825276135701,0.04971560422243192,0.010348820961038277
0.9220781500665806,0.04260506713087272,0.012245729149832608,0.019126425855654463,0.0039446277970596865
0.894958878109129,0.06860317564182562,0.014062597866148299,0.018327513245133376,0.004047835137763708
0.8252937720714899,0.12579117974593773,0.024834294251551935,0.0169248480267951,0.007155905904225362
0.8754144676931077,0.07698904914667862,0.024386792653320864,0.019424399361313193,0.0037852911455797254
0.9368033608767944,0.03790547534672274,0.012492523141318098,0.010307160597787086,0.002491480037377544
0.9515650554450961,0.0256868063734993,0.00972819497362135,0.010543306128225776,0.002476637079557343
0.9614094642734353,0.018694383774001476,0.007190301537671778,0.009606195369052533,0.0030996550458387844
0.8612202226421816,0.05104993164885939,0.037649751329487446,0.03729958946912755,0.012780504910343875
0.9450702003221232,0.030201627680844355,0.014611036879775378,0.007917654491217068,0.0021994806260397276
0.9176697840859976,0.03810728219674832,0.025533213568170125,0.01587972222420514,0.0028099979248785247
0.9260653193278658,0.026334545123629097,0.01828833690096146,0.025220241937931927,0.004091556709611688
0.9563086645610593,0.020620743797240743,0.00608297762046431,0.014256567114878318,0.0027310469063572132
0.9232088070924638,0.04647898067663694,0.015740135683429485,0.011670319702971003,0.002901756844498936
0.9141413032854055,0.04600849661101706,0.01696405900447186,0.01840119641301064,0.004484944686095133
0.9168612872666879,0.05069715381912845,0.014901723805163775,0.015412881551673517,0.0021269535573463735
0.9146031730519715,0.05085676328457971,0.01728366072900174,0.014676651363158414,0.0025797515712886222
0.8261633196186785,0.08881880778547124,0.04355258570246529,0.034231852763060094,0.007233434130324814
0.7710769234192852,0.117948304358712,0.060138692085647816,0.04274850991739,0.008087570218965036
0.9255867278687289,0.04222297172047424,0.015529982648682326,0.013749943079292415,0.0029103746828222283
0.9253793587617319,0.037912757808874056,0.019646465182530395,0.013740330367128111,0.0033210878797355586
0.7530079688873204,0.15863144640714563,0.04690166564000217,0.03349426698399525,0.007964652081536802
0.8782493583393453,0.08070011619778605,0.019129400270651777,0.01739348949898366,0.004527635693232965
0.9010116720990816,0.05718150930036387,0.022529897009985794,0.015890489608326702,0.0033864319822418964
0.9306729495088039,0.04196781404319703,0.01263648942465582,0.01189458685152655,0.002828160171816782
0.8580332921870895,0.0828484527466052,0.02809098745633331,0.025156200942365013,0.005871066667606932
0.9481484740242123,0.022794645226284358,0.018050211867332147,0.00896552115533144,0.002041147726839858
0.8730263480966792,0.06007783139881504,0.035370043015969965,0.025191068425721927,0.0063347090628140396
0.8973881529810644,0.06193382139244223,0.021767717388956952,0.015355542316910132,0.003554765920626122
0.9439974200459681,0.02613551108450714,0.01957873540286791,0.00782303581682803,0.002465297649828673
0.8828335026298398,0.063586883369023,0.025236303032149854,0.022564622196912267,0.005778688772074997
0.9303974304536772,0.03965469770129698,0.012386293857200581,0.014517213971430775,0.0030443640163945397
0.9336323507863974,0.031124019194457644,0.02128312212856614,0.010498794329507571,0.003461713561071132
0.9062482960003188,0.05467185369036347,0.01712430644757016,0.017571401482772173,0.004384142378975485
0.887802844752697,0.06502796854131768,0.019322858189683306,0.022419836946990557,0.0054264915693112824
0.8126457288001666,0.06393507627915788,0.05405677176911966,0.056376313583732754,0.012986109567823152
0.7703036415620423,0.13198957976420256,0.03985902795760714,0.049649869939505244,0.0081978807766429
0.6679925665102294,0.2043544874322646,0.05005223001452799,0.0667042188999636,0.010896497143014371
0.7648059168875916,0.13105289013561508,0.044767899542898774,0.04799665367053729,0.011376639763357309
0.9233867541550937,0.03523878002810471,0.017772915484533774,0.02008189953712824,0.0035196507951395124
0.9369339263534764,0.03205261461214179,0.013095568829709088,0.014459420010129322,0.003458470194543249
0.9291082362777946,0.04540366035193473,0.013938117609291138,0.008898036566075,0.0026519491949045172
0.9017209351273228,0.04154604488400001,0.026656643159023892,0.024857385465643613,0.005218991364009568
0.9424419281455446,0.03468084299913077,0.008299516337045116,0.011873973996289262,0.002703738521989934
0.9168855235006632,0.05226963115678713,0.010402021667883316,0.016552494785192037,0.003890328889474307
0.9084883483993332,0.04589170656579808,0.015234485796901707,0.025712524396397856,0.004672934841569032
0.9217806434092106,0.029611629284242075,0.024092534167839068,0.019847454308281436,0.0046677388304264536
0.9229388349658646,0.037871286729260496,0.020004343601651427,0.015362220207232179,0.0038233144959913122
0.9273117413776155,0.04052254254603929,0.012722509179239345,0.015650128002132183,0.003793078894973463
0.9058168648733591,0.04658223139542586,0.022035273820700852,0.020633841181769905,0.004931788728744406
0.9109402499547011,0.04196262305980185,0.030387571913649398,0.013242616608996496,0.003466938462851118
0.8834788682779601,0.07141907601752336,0.016417895440747374,0.02416527523069991,0.004518885033069432
0.8688794542466413,0.07390596777490618,0.025701366547776428,0.02516264495498394,0.006350566475692238
0.9726865583301898,0.014382286025280914,0.00612077633644308,0.005577271667791948,0.0012331076402940387
0.8231646035378142,0.1198417717351378,0.025454568388422284,0.02631444351058106,0.00522461282804473
0.8816646527585119,0.0684380228960909,0.02430681742071486,0.019996525653699516,0.005593981270983091
0.9643725154243548,0.018553656321563073,0.007079850781839701,0.008012102979780044,0.001981874492462572
0.9492605697119963,0.027785193251924155,0.009448192694461413,0.010618533530206083,0.0028875108114119748
0.9148357104537977,0.053106047496119024,0.013589244917906059,0.014368749473394778,0.00410024765878241
0.95206030131035,0.03131136725267324,0.008405895414499983,0.006236811847556874,0.0019856241749198855
0.9119394029277562,0.061033080587887936,0.011963209671834042,0.011173967936852746,0.0038903388756690097
0.888398432655009,0.04002952388817911,0.03024293415004904,0.034666407116317896,0.006662702190444846
0.9700496179904012,0.012993997447550538,0.006138852352737802,0.009231360007983568,0.0015861722013270048
0.9272341026137315,0.029633181363899464,0.026173015049393986,0.0140497089101197,0.0029099920628553135
0.9519450795633049,0.02427666830616803,0.012995910445927211,0.008853484582997489,0.0019288571016025124
0.8862992521469287,0.06908507846190153,0.02012617534083189,0.019257128066997448,0.005232365983340283
0.8953319685293888,0.06401029741575867,0.019474185391337894,0.01785877381195236,0.003324774851562087
0.8712368068639387,0.040761678520170035,0.028631375488271365,0.03966887642143105,0.019701262706188973
0.8815722982830574,0.03847550893214137,0.02010593260511573,0.024608391526601357,0.03523786865308413
0.853454081369274,0.09312586011783007,0.02224999480991916,0.025545472233394585,0.00562459146958198
