Delta_Power,Theta_Power,Alpha_Power,Beta_Power,Gamma_Power
0.884290800835666,0.053278040685547055,0.039654835982964855,0.019874618011355774,0.0029017044844661297
0.8035121325432344,0.04659850975120347,0.11013433569182537,0.03281173901492645,0.006943282998810202
0.9355809553111857,0.01868794663992783,0.030748608117593383,0.0123781948682259,0.002604295063067485
0.9413566453248312,0.019226373672809605,0.026013707472398527,0.011266701698153284,0.002136571831807459
0.931159522224729,0.022144372766890984,0.034862947307792935,0.009704862025727323,0.002128295674859832
0.8553962284786665,0.05514857197616224,0.05251043188662779,0.029252094933707277,0.007692672724835975
0.8357215810473525,0.0853914189759854,0.05004172017644743,0.02423183091339559,0.004613448886819094
0.8010770489119422,0.1394496913433429,0.04172731096031942,0.015032856589943213,0.00271309219445219
0.75377544091956,0.03733291934365239,0.12347165391918065,0.05998252410115604,0.025437461716451018
0.9298971169029302,0.010321150981488801,0.04366700639500648,0.012283493348119266,0.003831232372455245
0.4526750135099758,0.055738606721086284,0.34249391852609157,0.12462356138387053,0.0244688998589758
0.2310495400921077,0.10105242870438841,0.4412235368462149,0.1930546443615422,0.0336198499957467
0.19497518895960791,0.06398499231614785,0.5991113801265532,0.1127021245618837,0.029226314035807638
0.27877470564486595,0.06025504748758201,0.5376884110905501,0.10271803686598655,0.020563798911015427
0.8434721255460781,0.046220144343970114,0.0789119328198292,0.027223530241482975,0.004172267048639463
0.9036861870871996,0.037555357951986695,0.03782455582191063,0.016183408451174976,0.004750490687728106
0.9006689263644667,0.06287320045756825,0.016671425420161444,0.015229221715528953,0.004557226042274786
0.8986365112037964,0.05802840666256718,0.02519745429647447,0.015683258805237098,0.0024543690319247476
0.8300541626828469,0.0761949573447368,0.0648779339089637,0.0232695443932994,0.005603401670153282
0.9251924465880489,0.03229347273302199,0.023472164063436274,0.015634922647057847,0.0034069939684348996
0.9323757759017867,0.020020803111375274,0.031185681363397177,0.014196468309682712,0.0022212713137581665
0.8538345450180798,0.05256739403934757,0.06746831363385247,0.02150448229766264,0.0046252650110576166
0.8638838352623491,0.04465220464029203,0.058270535102201385,0.027720194992380872,0.0054732300027764275
0.77520985956983,0.0716834307003798,0.09322948259582835,0.0513791650490296,0.008498062084932445
0.8860400775112545,0.049809250873657715,0.04163368974022965,0.01933884600064707,0.003178135874211003
0.6444699977016716,0.15333895101827133,0.1325938495394996,0.06013348006203536,0.00946372167852211
0.8397662833261934,0.03402547708705592,0.08888204912840601,0.03222291054395509,0.005103279914389806
0.8307944230579887,0.06653398399146972,0.07597564873625075,0.022085058424418123,0.004610885789872761
0.7865228861360555,0.06000221710523323,0.11229028105042677,0.035122250145442756,0.006062365562841662
0.8357985245843814,0.0593814039331929,0.06134932690376455,0.03788632900495388,0.005584415573707425
0.9014416639843559,0.04937399498061218,0.023272910540993823,0.020538176521703474,0.0053732539723348105
0.8954840624326478,0.06047141246166925,0.024673634986917225,0.015872691290306187,0.003498198828459486
0.8647572445561507,0.06793067685824113,0.04089608903750809,0.02143582644216585,0.004980163105934161
0.921884405613053,0.02875294965893916,0.03277919741756258,0.014144999119546049,0.0024384481908992194
0.9092396493076902,0.036488742796303354,0.03302985983764619,0.017755059762940218,0.0034866882954201475
0.8733704514249394,0.041508055131464064,0.06136332955308383,0.019662051024810112,0.0040961128657027255
0.8485107579320146,0.05524523255443406,0.058962437530214074,0.032151086989812075,0.005130484993525325
0.8090969536238478,0.10437784323340964,0.055474689452180564,0.025576549696495685,0.005473963994066382
0.8373993289948083,0.061835220283654235,0.06417515083899489,0.03108456152226715,0.005505738360275588
0.75636189141484,0.11571529069750135,0.08714451905590498,0.033984873147624446,0.0067934256841292295
0.9177577443729371,0.028399598869346423,0.03592000993804743,0.015025498107013079,0.002897148712656358
0.8706610302544102,0.04708964183590581,0.06142315463586265,0.01766564498949909,0.003160528284322385
0.9126582794156567,0.01794779361552682,0.05050456381272172,0.01587916625035659,0.003010196905738191
0.8832180856782125,0.04218564861805154,0.05750599880263025,0.013849683575495562,0.0032405833256102918
0.9038298523068673,0.03243656052267895,0.04552587227840692,0.015516148788149069,0.0026915661038976807
0.8641538391099827,0.04713608720640123,0.05970200616972421,0.023890688770680422,0.005117378743211384
0.8775685621309314,0.04188746852045216,0.059293045705981,0.017451921606640962,0.0037990020359945694
0.848007702005158,0.06526336103723264,0.05162268649405603,0.031061324705501672,0.004044925758051642
0.9429457911527221,0.017337622857894718,0.024362421144916366,0.013312871354771008,0.0020412934896957605
0.843462949933795,0.05822495178731842,0.06251212155495557,0.030965724130808468,0.004834252593122432
0.8736146791874404,0.08183700608522618,0.026543152129389406,0.01451225184947113,0.0034929107484731265
0.8197742720780734,0.11959846029471405,0.026044303766244736,0.02740525149191792,0.007177712369049718
0.8786675933056112,0.06943412699135644,0.03235101933000281,0.014817637309201282,0.004729623063828388
0.8893692490913059,0.03588068938588179,0.05040963809511074,0.02071682309365665,0.003623600334045068
0.9462183696299904,0.026385567797546125,0.015864943268606664,0.00997091918331191,0.001560200120544967
0.9170880560643832,0.035568367043309665,0.03297133446592574,0.012067913438965327,0.0023043289874161493
0.8379298729975521,0.09275131724311968,0.039216837454667426,0.024252843405742977,0.005849128898917822
0.9334818212702412,0.022670333465729345,0.030842389020359854,0.010266827281809469,0.00273862896186003
0.8857100315171841,0.06360531857837515,0.03243499001616391,0.01470557269706364,0.0035440871912130697
0.8857693908211152,0.043421234158787035,0.049668118934220504,0.017087525490419406,0.004053730595457766
0.8647973563883243,0.05289085126648859,0.06106793745755865,0.017107056657597524,0.004136798230030842
0.8287844588765673,0.07672681635501019,0.06982961335592307,0.020039977315835622,0.004619134096663727
0.8758495001906668,0.05414355421679707,0.04339065360936186,0.022327709940950964,0.004288582042223358
0.8448057566933131,0.07134250531774625,0.05047925932564741,0.026767750384384132,0.006604728278908868
0.7547478275015107,0.13252497712543723,0.08376164373072581,0.02375192983500899,0.005213621807317273
0.9081255531728811,0.03544892298528095,0.03510982830900077,0.01721877218127969,0.004096923351557741
0.9063606126736292,0.049445928510056865,0.013588254778415408,0.02303257405540047,0.007572629982498161
0.8400785410387992,0.05966198906536477,0.06320112752044481,0.029859764521539694,0.007198577853851542
0.8615927706088392,0.04562768895570968,0.061683186784557115,0.02472322761299628,0.006373126037897692
0.8757963190781445,0.07374839937219659,0.029695838186474467,0.016366720212376673,0.004392723150807988
0.8835367619037645,0.049072459299502644,0.0445572171883754,0.017009917785640396,0.005823643822717071
0.9317795338556326,0.028920925756181267,0.02821299671553436,0.008793377353290785,0.00229316631936103
0.8077029833966074,0.06766785624637753,0.07838827790174512,0.038736938094057344,0.007503944361212386
0.8083455608147482,0.08422148931987249,0.06362595374466759,0.03659379515404228,0.007213200966669533
0.8283438680726452,0.058552545635245166,0.06250494140929723,0.0444335127326528,0.006165132150159773
0.8984567728722352,0.02819687165129222,0.05102520811860349,0.01849597376429173,0.003825173593577373
0.7842311444396048,0.10057926825403442,0.07459542532526912,0.03333780222299203,0.007256359758099733
0.7765455004883787,0.08902261477875574,0.09432426680699915,0.03335689687651696,0.0067507210493495794
0.8501617890796015,0.07273823158281296,0.04766059803028705,0.02531558068798719,0.004123800619311134
0.7879879213912889,0.09861914663534571,0.07409620687580425,0.03254734764040804,0.006749377457153249
0.9129634473378023,0.03216987094645084,0.037519540146238504,0.014312600522385427,0.0030345410471230654
0.9089092237305894,0.03573157439849048,0.036733929784607613,0.014476719784354719,0.004148552301957892
0.715998857548704,0.12727057305419512,0.06443056756136467,0.07466788243521633,0.017632119400520008
0.9061678807506698,0.04300615623098952,0.023829026534801588,0.019293426149700952,0.007703510333837963
0.8261949410072352,0.07284176632433285,0.048161339068846724,0.03836126132386724,0.014440692275717835
0.8531233093103935,0.0693520176608604,0.03942702804299363,0.02895786178609077,0.009139783199661638
0.9219358351325008,0.04447357394692991,0.012690332410085782,0.01686694678478561,0.004033311725697929
0.8889664664301374,0.041898300084029505,0.031333555817092976,0.027737352266701164,0.01006432540203892
0.9071727797161623,0.050754433821614583,0.02320078297438135,0.013664741660721257,0.005207261827120642
0.8764427985579398,0.059026909278968004,0.03160725844480702,0.02320872338558143,0.00971431033270388
0.8829814838088872,0.035668231977393855,0.05376618688156856,0.020348189638069697,0.007235907694080791
0.8496906190363038,0.0316682861382674,0.015696044923760095,0.04503694246111724,0.05790810744055138
0.8210063225964603,0.08423613141435814,0.03386304867991648,0.02889637373024967,0.03199812357901525
0.8977723044056395,0.038654226359928184,0.028741074969492703,0.024888181967079738,0.009944212297859661
0.811909742941058,0.08178777867054718,0.06074342220561315,0.03198210801216845,0.01357694817061328
0.5814236265498653,0.05815852279280272,0.027710571392652022,0.17207474596588515,0.16063253329879468
0.7542214771023621,0.04445007837306482,0.020381034287435727,0.08207523364017785,0.09887217659695957
0.950968780521093,0.02086681193725865,0.00895509171145266,0.010300525092720721,0.008908790737474746
0.8324428842604823,0.08073125475196434,0.04844303080600219,0.030237335883937653,0.008145494297613451
0.8917084224011048,0.04434031792883809,0.03052000116774661,0.02049541586840752,0.012935842633902971
0.8898713339193717,0.02653850749344561,0.04189853393784573,0.031262098088773345,0.01042952656056351
0.9226100974147561,0.024985796406549743,0.029104095574401818,0.017169795601254194,0.0061302150030384805
0.9021904981036939,0.019982479451106847,0.048748070537968945,0.02120551958953762,0.007873432317692919
0.8839654316500023,0.03428528913293415,0.037156587419303125,0.03297739088291865,0.01161530091484147
0.7684592152439134,0.113448000368165,0.04488313193801646,0.05248911608570657,0.02072053636419866
0.9199214837202718,0.023243706530123764,0.026068721723756284,0.0221167048555689,0.008649383170279277
0.9004851171854347,0.04030951071576629,0.02911003665101477,0.022921521119633713,0.007173814328150331
0.8459127695498524,0.07947336090563066,0.042015416062207725,0.02582125765733102,0.006777195824978326
0.82113839710477,0.08668431687964971,0.048723376851491924,0.030003669010864292,0.01345024015322402
0.7259073850952381,0.12539248917244836,0.0873218646446592,0.04579031456598828,0.015587946521665695
0.8572700288753485,0.05152012285736936,0.05800148830180826,0.024688134029463155,0.008520225936010673
0.8950750250297146,0.0522325339624912,0.02596302187518974,0.019319614306591428,0.00740980482601263
0.9322981962767461,0.026374205305504512,0.021642408311529658,0.01365386390083364,0.006031326205385986
0.7226334931839187,0.1232604905473251,0.07713572676832511,0.060019529795275126,0.01695075970515592
0.8291919680257456,0.06461641995680752,0.06083978068438289,0.030986896841904806,0.014364934491159241
0.9364884168431418,0.024151601677932472,0.022832014188743675,0.011827861415454183,0.0047001058747279416
0.8725788985264649,0.03740932754364792,0.04131663909053815,0.029947623007753336,0.01874751183159569
0.9018648325408994,0.052202695683143716,0.02759425475946677,0.013454045165666248,0.00488417185082383
0.8190766535821886,0.086589449497883,0.051017967225575014,0.03411835523705805,0.009197574457295105
0.905129271803384,0.02191843196481575,0.03941043204015741,0.02627315999062741,0.007268704201015632
0.770886390221866,0.07503492244705152,0.08722773970631241,0.05084109397354149,0.016009853651228766
0.9016361261488592,0.03246689616356665,0.03044797151416164,0.025210379050670754,0.010238627122742018
0.8303521767183835,0.05948510876773042,0.059793814087853496,0.036677550673776385,0.013691349752256287
0.8453482017555174,0.07601238380066346,0.05039942936779393,0.020923021335472865,0.007316963740552577
0.9052162710742637,0.03920779949270462,0.0343217306033826,0.015749385362672053,0.005504813466976902
0.8266114787795418,0.08844093509722994,0.05188308628764363,0.025488020287357985,0.007576479548226895
0.8543820384036459,0.05821376710940442,0.056545697685494674,0.02413106074826281,0.006727436053191915
0.8895716864425851,0.0465104250685677,0.03806382569268085,0.019968441080356968,0.005885621715809355
0.8309161527105265,0.03086759432879933,0.025643736265243692,0.048693932145137744,0.06387858455029277
0.8397615380441962,0.09148393931710877,0.03474016644557236,0.02441507305252014,0.009599283140602485
0.8082031707850634,0.10101494914599211,0.04421188131618248,0.035288600848963285,0.01128139790379872
0.8947210306188422,0.0282899861399622,0.041007674460029425,0.027278247423395168,0.008703061357771099
0.8469530287698733,0.05588992134172176,0.054459103754843224,0.03199697126078248,0.010700974872779425
0.8419747183895255,0.0505836382564989,0.0620395941107837,0.03604720528704143,0.009354843956150683
0.7819098164770616,0.0745814265926244,0.07358869428918324,0.0514657183302744,0.018454344310856522
0.9155252450114256,0.027570010337162082,0.028911216591354826,0.01879959386536825,0.009193934194689123
0.8965961425511533,0.03701591311543998,0.033296944734604005,0.023654534318607458,0.009436465280195346
0.8103755532719364,0.054253407240152776,0.06404464944293918,0.054625432728430186,0.0167009573165412
0.8128624765284788,0.08462219496907196,0.05400175288820351,0.03385100187386632,0.014662573740379329
0.8503222756696158,0.04558428537760285,0.06111297628178365,0.03113027925993594,0.011850183411062051
0.841918778568378,0.05994393205299795,0.05300427058724305,0.031163434719025964,0.013969584072354782
0.7001053444106944,0.14651110090823768,0.0683971247764182,0.06515109022541356,0.019835339679235977
0.899339481075407,0.03566984453636681,0.03640196322494508,0.02083571680624479,0.0077529943570363
0.8724866453177285,0.0374010923792231,0.043736595308102415,0.0221037169381097,0.024271950056836362
0.8332404286066939,0.0446221154698013,0.033257234631983074,0.04493750242741537,0.04394271886410643
0.7242644967654936,0.02550121094796467,0.016329613277467386,0.08770291613865835,0.14620176287041586
0.9216366439887562,0.02279635320112913,0.0293563572480235,0.0201502636266609,0.006060381935430642
0.7563551994964895,0.11477401190885539,0.0637917189756804,0.05049266754243243,0.014586402076542162
0.919972133498284,0.03317285677737409,0.017149947725432244,0.022120451839085953,0.007584610159823932
0.9182209669612021,0.030069602041457644,0.03240315736293047,0.014954412078257578,0.00435186155615205
0.644044252139974,0.13646816841514262,0.13924487271419136,0.0612546971404157,0.018988009590276342
0.8698025763844968,0.048108415715274876,0.05447382379073707,0.0198156289694785,0.0077995551400126765
0.8464220132864666,0.07149438228396802,0.04174009817789624,0.027974561237065754,0.012368945014603226
0.8602949739334961,0.06804695117886739,0.03532292490315603,0.027179943121999665,0.009155206862480818
0.7555896371112731,0.09310520469172721,0.0987833510500454,0.04095347524379822,0.011568331903155949
0.8010105410211203,0.07745006609051738,0.06530845657590156,0.03924619310193349,0.016984743210527304
0.8290918608134356,0.06988689604921193,0.05550207550065352,0.03358668868274741,0.011932478953951409
0.8941491191015399,0.036494472855239095,0.034499031724690196,0.024941020750452035,0.009916355568078725
0.8679375936812279,0.03406181591439664,0.05343998619232791,0.0297614595083129,0.014799144703734708
0.9267250543551055,0.025046443780818762,0.02953468300301442,0.012937238178663671,0.005756580682397825
0.7320906001799985,0.052792808921242315,0.03492570493671893,0.08053693227762132,0.09965395368441897
0.7694937051125526,0.03202898015204499,0.0268427207841723,0.059091012716040746,0.1125435812351895
0.8918737597844896,0.04886822442410914,0.038149016852807645,0.015226655599565153,0.0058823433390288275
0.9076000607476161,0.03547457652330023,0.03380114622390936,0.017291445764686074,0.005832770740488397
0.8656547388763597,0.05393917352236953,0.037501233220924676,0.03156779905461399,0.011337055325732193
0.7200061648923496,0.1111897194225288,0.08377789927271703,0.05923700607749893,0.025789210334905978
0.7190435640583263,0.12316215261051834,0.09476243913718235,0.04396542548271382,0.019066418711259178
0.8767089617304754,0.045814571216504375,0.04341070999554343,0.02726302761211029,0.006802729445366595
0.7925266056975491,0.08355120417277442,0.0628793342856459,0.045386273327929036,0.015656582516101622
0.8930851599973487,0.04596784990864225,0.03376890407164839,0.018068563262250856,0.009109522760109501
0.7737671604539723,0.09954926699070817,0.0734640930680403,0.03993231756322969,0.013287161924049587
0.8498640697814348,0.06431046850721436,0.047546169795148606,0.02845439918289502,0.009824892733307085
0.9132035371767228,0.01502183448492873,0.014459096129660677,0.031239337143197717,0.026076195065490228
0.7920944486836405,0.030921255508074185,0.030203234504095275,0.06479528774876366,0.08198577355542641
0.7194138810194882,0.052193574199189234,0.047251295528164976,0.08531413303004184,0.09582711622311559
0.9008969661537874,0.04685644076152519,0.0234684924972096,0.02163441018163842,0.007143690405839127
0.8814000553408936,0.03199865063895946,0.04512786411500029,0.03125187497762949,0.010221554927517359
0.8214338680037828,0.09786723005157129,0.04110210533167586,0.02910737621343732,0.01048942039953257
0.7263301655812014,0.10239944814632466,0.09056422263841146,0.056810384308126176,0.023895779325936225
0.8738709977258511,0.04760182767388001,0.03949799864061747,0.02653480275736183,0.012494373202289428
0.8382392671486071,0.04926272098446774,0.056961008381229555,0.03773503289236844,0.017801970593327037
0.8897443063887258,0.045371541960495455,0.03192772913630698,0.026430611297285217,0.006525811217186289
0.39748705402619244,0.05003850185195729,0.08711785718993606,0.1878257725200888,0.2775308144118254
0.9160086857685874,0.020204982050553558,0.03523509031093287,0.018898217367158725,0.009653024502767688
0.6823046776078591,0.11501660394613945,0.1256275278268828,0.05561713046947579,0.02143406014964298
0.9052107728271971,0.033514868158895386,0.03014902698960165,0.023893281166242276,0.007232050858063713
0.9268134872119588,0.03556855658164448,0.016602529140496654,0.015924596275098714,0.005090830790801361
0.7661238997934079,0.04262683330940051,0.04604600541218863,0.07426576439196393,0.07093749709303915
0.8189749081201735,0.029354844584220344,0.046415225934955014,0.052852819006765805,0.052402202353885326
0.8767603134817146,0.05810359086495091,0.03134248079856098,0.023634343007753515,0.010159271847019874
0.8577276518949954,0.05383320242386144,0.05308445402817477,0.029285352473485425,0.0060693391794827585
0.8325723032550773,0.05180569091328278,0.07784396067609509,0.03187557815028985,0.0059024670052551294
0.892436369207875,0.04415983568197163,0.03961601925802102,0.019920610427648856,0.0038671654244834593
0.7968669834099898,0.08338332466288913,0.07832854532702052,0.03183527440825143,0.00958587219184901
0.777132735577665,0.07908711674200396,0.10656705478087398,0.028681857070765173,0.008531235828691622
0.8301917240065112,0.07221989457889277,0.0622047013131909,0.028072288325380623,0.007311391776024404
0.8018590268811748,0.09946001671169008,0.06533372145128201,0.02678216945994094,0.0065650654959122584
0.8100914957253276,0.08311085711736092,0.05663881007096612,0.03492294605008643,0.01523589103625871
0.814022652500111,0.029203743709003145,0.017409132447420306,0.06517497401518949,0.07418949732827604
0.87559001918637,0.031128741076462022,0.020625130328404146,0.03522168009076368,0.037434429318000124
0.8182429618509133,0.09566705733186122,0.059200453325266966,0.023192750295922944,0.003696777196035357
0.8068286449361908,0.07806062914692163,0.07938475014730109,0.029660225220568468,0.006065750549018213
0.8469806366354382,0.0610813152092218,0.06434579990798504,0.022349541992679103,0.005242706254675946
0.9187441741943716,0.0318796972454178,0.031017937494260173,0.0161979924953796,0.0021601985705704953
0.9432160859039962,0.015653442601080578,0.0330270727539853,0.006508565023318016,0.001594833717619781
0.8356102446192687,0.07689289118983947,0.061808781719370064,0.020259652581202433,0.005428429890319366
0.892588375178092,0.0501614030063511,0.0385332769192766,0.016299222573096846,0.0024177223231833405
0.8200591462289709,0.08335579085340097,0.060641033625786225,0.0324293906096071,0.003514638682234578
0.7565531097198632,0.10656039975091268,0.08420501197402232,0.045582106673099886,0.0070993718821018344
0.8841694831475323,0.05008813915156617,0.040368936403439075,0.02095750581860559,0.004415935478856797
0.7312357720436096,0.0700975442494071,0.05287238521965609,0.07178381769519342,0.07401048079213392
0.8645616337359091,0.04798599200974892,0.056099520386276226,0.02560438420499338,0.005748469663072548
0.9261002975846777,0.03043085720011956,0.027122690082893117,0.013747641301587054,0.0025985138307226003
0.798776863943492,0.08833476591357906,0.0813056790515579,0.026434280865530808,0.005148410225840232
0.8450899918908076,0.06052940633109485,0.056238689639184734,0.031998211708984786,0.006143700429928181
0.8661655183754698,0.047444593858610974,0.06907470551913254,0.014444663921964678,0.0028705183248215046
0.9312517395572234,0.02875759827542992,0.021502744249229787,0.016006724187727087,0.002481193730389908
0.8629959797573452,0.064942567361777,0.04302725966802517,0.02424522964205543,0.0047889635707973124
0.7591767293442444,0.10078408559123962,0.08965827299199548,0.04199552736213201,0.008385384710388522
0.891377635603292,0.03514734560782814,0.049762447331046844,0.019683961744373635,0.0040286097134592915
0.8562275288909308,0.051661530409019066,0.059769538024633,0.02634363398970402,0.005997768685713182
0.9343635796696863,0.03464253017331822,0.021468808178735213,0.007900343207048622,0.0016247387712115225
0.8738548553759877,0.05112912953108885,0.042099229144634626,0.029801870874273332,0.0031149150740154494
0.8749803314457538,0.04610078171242671,0.053591810170475374,0.02163568666163878,0.00369139000970545
0.6978920221961159,0.07852245691671075,0.07751600163739751,0.0650431934854619,0.08102632576431384
0.7357409872563736,0.0774885095059756,0.06242370868871491,0.06332048330008301,0.06102631124885302
0.8405692281274455,0.0592155492335587,0.0700335349265791,0.02618597280840142,0.003995714904015316
0.9015877402933359,0.03793864560104454,0.04051885905827564,0.017039769048581895,0.002914985998761799
0.765656936674168,0.09571261290144348,0.09825408492616208,0.032670888219572744,0.007705477278653747
0.9073413051877218,0.026391628939024556,0.0480889625819714,0.014811318368707646,0.0033667849225745288
0.9124501330378826,0.039825484588625816,0.030199801424200964,0.014654306876612943,0.0028702740726776438
0.7513448868528643,0.10601396597549748,0.0882618820640295,0.045488120553487166,0.008891144554121388
0.8503055376607173,0.053453226943997005,0.06566280454120024,0.02539548771951931,0.005182943134566121
0.8954891100656088,0.05106975310030822,0.03636837908431656,0.013804355674483525,0.0032684020752829163
0.90125915099631,0.039804595374499714,0.03300195688927887,0.021247778363310522,0.004686518376600798
0.9490140179870477,0.020398733606060038,0.01672759320330635,0.01028525717999356,0.003574398023592528
0.8537117697151934,0.07359339149627238,0.04040098504772179,0.02302267346857933,0.009271180272233231
0.7593029106966476,0.05810865840117274,0.04930223158485465,0.07238702896789691,0.060899170349427975
0.5685439667902524,0.07509630743492902,0.048410525561041626,0.11508504681723165,0.1928641533965453
0.7379261619756486,0.14130344312798584,0.07390450002920985,0.038547871772255736,0.008318023094899768
0.8743033410567845,0.04842756033739115,0.05512533144880894,0.018990569156768822,0.0031531980002467625
0.8139251731373957,0.09686323929607972,0.06112231930592238,0.02325760615573411,0.00483166210486816
0.836023123758409,0.041690432887981625,0.0963337262086507,0.022192836556362006,0.003759880588596538
0.9323791407092855,0.030593313438059606,0.023749885609089347,0.011629891071384336,0.0016477691721812056
0.8491517877289874,0.06099610482502127,0.06267817559978615,0.02328570145655859,0.0038882303896465103
0.7889489196637992,0.1301428493186479,0.04763367545459551,0.028474271156501144,0.004800284406456473
0.7353638403003819,0.12276416016046283,0.10683723054486877,0.029897407116499953,0.00513736187778638
0.7100543719829208,0.13466423714176126,0.10356134227204122,0.04413854921189532,0.007581499391381519
0.7215252090230757,0.09792550821398799,0.1327806466493336,0.04086731030579065,0.006901325807812224
0.7134701220219074,0.05963174144659629,0.05363851751741021,0.08294063469074152,0.09031898432334466
0.8500843220784412,0.04939085935831898,0.06908250353707023,0.01846303062304528,0.012979284403124439
0.8881756621664622,0.05870694542153172,0.031199346301762795,0.01830154281276935,0.0036165032974740086
0.8190809820303234,0.07003276381842377,0.0728788872756831,0.03211344801818708,0.005893918857382694
0.9150911409841962,0.040012345967652775,0.024694006925431215,0.01695040698225381,0.0032520991404658803
0.8535151668779245,0.07071822937091019,0.054680340884795814,0.018257484144439878,0.0028287787219295436
0.855857270391092,0.07461818643114887,0.049072252816573375,0.0168170403279915,0.003635250033194331
0.8272548865459683,0.07718405083277033,0.06975583824799295,0.020585291206334143,0.005219933166933976
0.9118446475565737,0.051115220173639724,0.020482899494045543,0.011303833338432275,0.005253399437308887
0.9026779534665226,0.025551003927837018,0.026729869367994433,0.02046792211476194,0.0245732511228842
0.8736285263204593,0.028015223037256242,0.01863162213530308,0.04085256609951548,0.03887206240746593
0.8444953025164382,0.052112475978104714,0.03578070026900133,0.03283331511574279,0.03477820612071308
0.88771995759571,0.043053084525037776,0.04593543738614977,0.01872068232018538,0.004570838172917161
0.6388360570470861,0.1323932805723413,0.1640690865970241,0.054815216893042334,0.00988635889050616
0.891806595712548,0.04300023348941848,0.04118373028278673,0.02052474091361104,0.003484699601635864
0.8958301936409921,0.037184370856524804,0.04812120304688495,0.01575486876667265,0.0031093636889255056
0.9647163866502501,0.019572932450952856,0.009903378887139526,0.00460227000086747,0.001205032010790177
0.9076027670684986,0.03680892868394604,0.0365575698446961,0.015626852750977,0.0034038816518822458
0.9065267831505337,0.04711230251966104,0.03162896253082971,0.011549302370087439,0.003182649428887969
0.9080860098746674,0.04272906343901169,0.035296302847407195,0.011541995058347678,0.0023466287805660926
0.8709403760106453,0.03977699860392949,0.06748733173687281,0.017557145834642175,0.00423814781391023
0.908858751045575,0.04111749363496786,0.03346155131815569,0.013831672811651385,0.002730531189650015
0.905104285840311,0.03366094990682308,0.04530860898713475,0.013717189298748132,0.002208965966983036
0.8633549710445462,0.06776454142693461,0.04724580761694104,0.017634331566190514,0.004000348345387712
0.6948943188105368,0.17261784244999356,0.08497468521224646,0.03816093904925625,0.009352214477966853
0.9043876119791363,0.05676854388436013,0.02628556862744707,0.009983308609562628,0.0025749668994938155
0.8585957446636534,0.06543087806729984,0.04266976540414467,0.026907168987447053,0.006396442877455035
0.9121078163642672,0.027021657795726434,0.04042805718407821,0.017308905097652236,0.0031335635582760753
0.9228336831271774,0.024437453961252686,0.03595934859382841,0.013519884673854645,0.003249629643886911
0.8385491026046082,0.07522139677544858,0.05702395701759919,0.024474313345008006,0.004731230257336053
0.8077618346272207,0.03287114456715987,0.04234869226184839,0.05500931739222449,0.06200901115154651
0.8388664185229308,0.05040597189304267,0.06330369217224296,0.031770412546098484,0.015653504865685258
0.8502086608407619,0.05450830003803064,0.06823976234632174,0.02241294357996357,0.00463033319492221
0.8477192999868638,0.07616920648483816,0.05453018138864725,0.017857132022217087,0.0037241801174336454
0.8980432728416253,0.03763723284686466,0.0396426140921858,0.020978734212298955,0.0036981460070252326
0.7448210988664532,0.11840389218154591,0.09761771468837276,0.03204599365882117,0.0071113006048066285
0.9317679225508462,0.027075716137196545,0.02474919239356004,0.013502699080068957,0.0029044698383283757
0.9402361559665694,0.022986715424006664,0.026921686052109314,0.0076905764280571515,0.0021648661292576186
0.8632451357961467,0.05609278884491682,0.05964630928583651,0.016172075129043673,0.004843690944056471
0.9126017380969995,0.040700717581668,0.027871058630642907,0.011323926720615222,0.007502558970074344
0.7945953846100376,0.03637532062250217,0.05902604112762719,0.056444772978175184,0.05355848066165799
0.7009524315673747,0.06226862582114992,0.04211029211010386,0.07463896902935671,0.12002968147201488
0.9143908930445911,0.01917996476492364,0.016879673306272668,0.025175042022152396,0.024374426862060237
0.9163374526517075,0.048157886737217145,0.023312141647813544,0.010115158663495051,0.0020773602997666055
0.9219012376338213,0.03213255749441085,0.03201147425546153,0.012117442090612577,0.0018372885256936972
0.8390989738386218,0.0850333035061268,0.05166504178579059,0.020859858426977733,0.0033428224424833005
0.8977789221806962,0.04834099617833816,0.034524390008007125,0.016089765127885715,0.0032659265050729125
0.9358451111409407,0.028131218164125744,0.024239605181679013,0.009421820328773848,0.0023622451844806163
0.7761820383417443,0.04990895344297676,0.06499365519424859,0.04709003864979031,0.061825314371239976
0.5457831145029346,0.0792676768451942,0.06374472811670504,0.14216276327016625,0.169041717265
0.7060479318727143,0.09289235919798078,0.13015501907274651,0.056162877594972856,0.014741812261585817
0.8401205453187427,0.06857402625837872,0.06725119190792304,0.019791452445654365,0.004262784069301226
0.8339234131462344,0.0637917417161681,0.06600901662516097,0.029384496159168588,0.006891332353267869
0.8579012499635148,0.04770352051604212,0.06887882624363334,0.021386275300904742,0.004130127975905071
0.8186037471444809,0.09596537651559675,0.055168420426606496,0.024867435876052144,0.005395020037263626
0.7942606698818077,0.08646222229009637,0.08193766348295532,0.028718115958916504,0.008621328386224422
0.8396448286662367,0.04203842761591573,0.030639471053287043,0.043377011911771554,0.04430026075278892
0.848470732682648,0.034643893870264834,0.039270767059733584,0.037691745530129904,0.039922860857223755
0.7232195123151118,0.03405403530053206,0.052325494362451264,0.07495668101271608,0.11544427700918863
0.6897005196428769,0.03973474355973374,0.028284419073851316,0.09554380618615621,0.1467365115373817
0.7834488394792247,0.08845888329737801,0.051484157263665814,0.04045244700549736,0.036155672954234074
0.7954257586623377,0.07721909818370847,0.08902269154029441,0.027158688750974234,0.011173762862685201
0.9196431322995399,0.034079972915607284,0.0288027145511909,0.01516315354422695,0.0023110266894352635
0.8984252013759596,0.04816429454518578,0.03642063986648921,0.01483848307140965,0.0021513811409556187
0.7419482298806543,0.06258632838594821,0.135783714106745,0.05091235051023507,0.008769377116417358
0.9176432418953497,0.020262643150272472,0.045647930131265745,0.013146994629997872,0.0032991901931142364
0.8607169561905623,0.0578640877614504,0.0603434228067792,0.017387366080875363,0.0036881671603326404
0.9222305278858305,0.024813960733010794,0.03778678465877077,0.012850389152640576,0.0023183375697473888
0.8076102480824001,0.0649372724905368,0.09315376180214713,0.030220115557288325,0.004078602067627452
0.9059053747526841,0.03160476912033863,0.04397291457683796,0.015498062424327184,0.003018879125811988
0.8857593924429856,0.06557666795522345,0.0347573869081487,0.01159174547851398,0.002314807215128381
0.8142047581787762,0.08597566778449281,0.062384426796458184,0.03227385155604811,0.0051612956842247175
0.8123191428556964,0.08778883891697464,0.07008135670394543,0.024070764560177132,0.005739896963206227
0.9050228933354797,0.04400386822693954,0.033040246529750954,0.015394421786667787,0.0025385701211621692
0.8869483500079951,0.05580686678143641,0.03516276825871302,0.01891078360174628,0.0031712313501094922
0.9482416984556817,0.02642343457942819,0.017341631951639375,0.006542827613960969,0.0014504073992898422
0.8509225664243181,0.07425837784531956,0.05385723473639864,0.016706796604698315,0.004255024389265376
0.8975021141723919,0.035183034278335704,0.04528066752686022,0.01850650534085071,0.00352767868156159
0.7842082110727302,0.11878209908735748,0.06549464010474244,0.024972675685701048,0.006542374049468941
0.8990992674089305,0.02695154828518044,0.048041410420691974,0.022172081764124288,0.0037356921210725887
0.897564208097648,0.040437459558106736,0.04029088963034707,0.01839911062078494,0.0033083320931132517
0.8778140837022294,0.06226561375448915,0.04460162355352363,0.01291837181409144,0.0024003071756667055
0.9432000731531073,0.01772982626998606,0.02976263261337413,0.0075946229809026764,0.0017128449826298246
0.923744330288338,0.03621055868374815,0.024522665969194397,0.012549080394445255,0.0029733646642741206
0.890561586636267,0.0427370466734948,0.04857864430571742,0.014596505286546163,0.003526217097974574
0.8505701420643433,0.0718338849268422,0.057871858338391015,0.016454224624146366,0.003269890046277414
0.9058541977458554,0.045141166508767545,0.032052206601788154,0.01458899684540828,0.0023634322981805605
0.8201389302905825,0.09508470862421646,0.056773214092390584,0.02413673660148307,0.0038664103913274668
0.8241800169472597,0.0875178346222349,0.06158801073095356,0.022186737928440316,0.004527399771111375
0.6923884662927049,0.04518890816305236,0.03252259858316303,0.10492913550309901,0.12497089145798074
0.8924122599211018,0.060971577099665226,0.023574345556706518,0.015418125318860526,0.007623692103665738
0.8275863759435843,0.08504585787345739,0.06163476163571313,0.021999938756604377,0.0037330657906408517
0.9194606960011434,0.03613527122415839,0.03029659209486758,0.01128620623144976,0.0028212344483808504
0.8932730937221118,0.06342852393002907,0.025869134892948707,0.013519568002639844,0.003909679452270394
0.8997916990529425,0.05891001051485751,0.02555510957387247,0.013371204664709138,0.0023719761936184325
0.9207711220249913,0.0395030944330716,0.020158788825429885,0.01568213605184055,0.003884858664666484
0.8273306363275412,0.08784869644461457,0.041385459611042924,0.03871676016016426,0.004718447456637023
0.8942400698355194,0.044538389322526344,0.04307830077289094,0.015201034572103625,0.002942205496959822
0.8543378326394557,0.05756326044668956,0.06354821900300996,0.020620494575599807,0.0039301933352445875
0.9161168022663031,0.04816568583619986,0.023902645649055324,0.009922919574047095,0.001891946674394577
0.705877536751564,0.18190042991727234,0.07263244633843052,0.03258700740439249,0.007002579588340502
0.8784582188949005,0.06485898418045549,0.037530781964348725,0.014876642261119769,0.004275372699175398
0.8679496607734996,0.05360187605689832,0.047949059955006944,0.02463576363815563,0.005863639576439587
0.9369426304058867,0.0400927558100078,0.012120622687270531,0.008777683728443893,0.002066307368391036
0.8340116506687966,0.05832321096353462,0.07238332923867058,0.02918719728159917,0.00609461184739926
0.940798843169774,0.026262179116113126,0.02067506430183484,0.010261579864597211,0.0020023335476809525
0.9046717461319467,0.031914991336023484,0.03963921457330638,0.02085061289801079,0.0029234350607124475
0.8435204707773865,0.058971205050893295,0.059735291126019004,0.0318815050242781,0.0058915280214232695
0.8627362598937547,0.0764168104970612,0.033116281096840776,0.023642968527871618,0.004087679984471798
0.8384122730180366,0.09599850453235473,0.03271120214721658,0.028744140093511103,0.0041338802088813475
0.7524147414236294,0.13389253083910307,0.0671810899621718,0.039909147819429336,0.006602489955666418
0.9483938574255629,0.019613973245500873,0.0209349951068004,0.009112449682968001,0.0019447245391675677
0.8922442516044417,0.04862809980357608,0.03433583893643409,0.01985137498031142,0.0049404346752367516
0.8992331156273028,0.04238560441638942,0.033868341403445634,0.020125929733991483,0.004387008818870848
0.8143179010463854,0.05846614089500293,0.07559073473373908,0.036129611603559736,0.015495611721312991
0.7739395397499285,0.02350773622320473,0.023019184660593037,0.07983880350113433,0.09969473586513965
0.8357735678372885,0.10168069737952913,0.021870296226337946,0.02910496666244015,0.01157047189440398
0.8527134569893329,0.07010025911887084,0.04330779193254015,0.027766563466210644,0.006111928493045243
0.8542940072641839,0.05615090733965878,0.05847477726355528,0.025361150283793096,0.00571915784880895
0.8743878146047913,0.04875039229407972,0.045570823575005116,0.02550167938324979,0.005789290142874289
0.835675106526626,0.0657401886669359,0.07024285393158787,0.02419158957935959,0.004150261295490663
0.7958025818683788,0.08349762291643249,0.08350502452760167,0.02960779124338342,0.007586979444203629
0.9340943086571651,0.02719890619133101,0.027203927464841623,0.009217977241100184,0.0022848804455621067
0.8437306512500602,0.05564342140965143,0.07262379105839004,0.02292663049962562,0.005075505782272709
0.8395636713540419,0.06095964140977539,0.06391415154392308,0.029688030357195142,0.005874505335064547
0.9002228784859806,0.031001407805360558,0.05351452778157249,0.012078953660544406,0.003182232266541921
0.7759809818767973,0.129911552766839,0.06309081059346089,0.025482871104034733,0.00553378365886815
0.9366516540801493,0.027679218693571404,0.020990415991238107,0.011438350060816636,0.0032403611742245608
0.8710919200618352,0.06526590640379211,0.043828025702671906,0.016223417674928003,0.0035907301567724963
0.8664395962339871,0.04907199323069016,0.05247583053040432,0.025111570513136464,0.006901009491781944
0.8544866965436605,0.05884825490835549,0.06496888935009787,0.017661202548246865,0.00403495664963944
0.8076443532048109,0.0809946776923667,0.07925805701147187,0.025000538575006552,0.007102373516343984
0.8057835449625279,0.08948777562427905,0.06345591738629995,0.03329091182520543,0.007981850201687776
0.819156235926051,0.09218464268109353,0.05133929149908983,0.02927522333628336,0.008044606557482407
0.912646611514378,0.04984571515058011,0.024006421666079702,0.010702447584609063,0.002798804084352955
0.89249452523168,0.05917640736082646,0.030660989518640724,0.014702264499124304,0.002965813389728551
0.9388659943896307,0.03623429490747399,0.01549090679853928,0.007621518024545557,0.0017872858798104107
0.926825908951421,0.03958385222647835,0.017502323338582308,0.01332214533253667,0.0027657701509815652
0.9232423463829782,0.025894966734675152,0.03833832003112354,0.010727821992814371,0.0017965448584085328
0.8545903747642171,0.04386023989522252,0.0736328350687359,0.021921434038709116,0.005995116233115135
0.9339712348101259,0.025790977208659083,0.027435859575874938,0.010385264375156461,0.002416664030183454
0.8304560510292626,0.06378360497985386,0.07993532886201224,0.02158768541706035,0.004237329711810994
0.7607385884328595,0.09075956577151395,0.10557716833248518,0.03612420664279856,0.006800470820342871
0.7468196444813925,0.17257475981674392,0.04430489605857024,0.02842984334097714,0.007870856302316234
0.8612251164078527,0.06895926178559002,0.04290852477504855,0.020623484212093028,0.006283612819415573
0.8888154296066312,0.06940116559599158,0.024719403106441322,0.013590995182084531,0.0034730065088512552
0.8544577896522816,0.07859538092309916,0.044828713435858605,0.015138598463794442,0.006979517524966085
