Delta_Power,Theta_Power,Alpha_Power,Beta_Power,Gamma_Power
0.8435994691827552,0.09213388542157176,0.025823836169713926,0.023786579624930578,0.014656229601028366
0.924237566441667,0.043133964923435304,0.013036955761499583,0.01319630026355899,0.006395212609839381
0.9430389226531596,0.02986234107135035,0.008361520151649175,0.012475279433688076,0.006261936690152862
0.8542402923478742,0.1086525208204011,0.01537229718588325,0.016775346503789167,0.0049595431420522244
0.9058724685189005,0.055838832822379676,0.017543416622909265,0.01634028080627717,0.004405001229533371
0.9543349457799943,0.018636306082206778,0.011088849901192696,0.012069810754682886,0.0038700874819234342
0.9085548881391672,0.041153643795268695,0.021745125307093622,0.01904872734223237,0.009497615416238173
0.9156049522743015,0.04826366608382777,0.014885558377725937,0.015839621884792363,0.005406201379352237
0.9450253882414329,0.03929675117942689,0.006511779775035017,0.006785183804807467,0.0023808969992977777
0.8907373160738693,0.06069038295131226,0.023131795602822063,0.01820771784999006,0.007232787522006255
0.8910809114506282,0.055320191945669235,0.02544557590241241,0.020566490943067978,0.00758682975822222
0.9218263049937694,0.04839881963500046,0.013751226789898109,0.012178486393233788,0.003845162188098346
0.9003340155241197,0.06211593002202395,0.018607692336284516,0.015540616908545617,0.0034017452090263174
0.9227602782777279,0.04522059453544184,0.015039077205355833,0.010841547386899967,0.006138502594574393
0.9440411779316092,0.025496453791252052,0.015189409486492608,0.011004405645144169,0.004268553145501836
0.9423058705642606,0.026187943711805065,0.014462533757321597,0.013548544309734898,0.003495107656877813
0.9344387370273908,0.0433041500593465,0.009867692148695137,0.009999717455434596,0.0023897033091330446
0.8359500370859869,0.0811397700282666,0.04286302305832967,0.032692248369151106,0.0073549214582656775
0.7801734062426006,0.1254623060163863,0.04227668195299844,0.037234465962891844,0.014853139825122808
0.8287987410526461,0.11726697990173805,0.02502324626337804,0.021596960901652012,0.007314071880585751
0.8719240061987763,0.0592344273864631,0.031770234860487065,0.029805406603117993,0.0072659249511554565
0.8977639897031133,0.048667541142499056,0.023976929470128656,0.023891181865509557,0.005700357818749492
0.9608116641553893,0.017721767247013118,0.010800538910896445,0.008083983843745576,0.002582045842955397
0.9274926595648275,0.04388751067305948,0.014742393010071114,0.010823622647898708,0.0030538141041429505
0.8634602501034898,0.06957490791281072,0.03409668064530911,0.026398529823686262,0.006469631514703986
0.8907370944245553,0.05233917884647824,0.029720472271705854,0.021447842043251796,0.005755412414008543
0.9581257499779422,0.014841837500369335,0.01415086028750551,0.009842383863337646,0.003039168370845462
0.8640786564879535,0.0464122204374132,0.04277775802926768,0.02754797549034086,0.01918338955502501
0.7031369749182002,0.20019269070299478,0.052888548614027316,0.03466325875027387,0.009118527014503604
0.7074435363328729,0.15080470461929926,0.07420331768438895,0.05611919131472762,0.01142925004871104
0.9446261659175604,0.02391866772526477,0.01713055148945301,0.011495718992274218,0.002828895875447774
0.9203721652639688,0.04375679448430046,0.022573788132723788,0.009691373832942066,0.00360587828606518
0.9544880865855541,0.028722094014375334,0.0072357367705528615,0.007256159968476801,0.002297922661040773
0.9300165391055825,0.03785626465283496,0.01125077034404185,0.017559608423131565,0.0033168174744091323
0.8638061239202343,0.07898052834928888,0.02348545260536515,0.025478650986860998,0.008249244138250709
0.861682325323069,0.07129628999400378,0.028612246627784027,0.03147341345548008,0.006935724599663408
0.7428216586465598,0.16339195473393267,0.046054028206963214,0.03689153997654703,0.010840818435997351
0.9247554306203191,0.044229060599969325,0.012920064199554935,0.013722799092563404,0.004372645487593144
0.8994010408052276,0.06130945575096974,0.013362574513888554,0.018880297901264866,0.007046631028649172
0.9497474835080754,0.029608949368967807,0.00481298792409235,0.012864116389443363,0.0029664628094211234
0.8129178278443768,0.12220235778091353,0.02047418056497906,0.027128090326391248,0.01727754348333936
0.8852619837753821,0.06031590994265185,0.025012751257934847,0.02263566829470576,0.006773686729325542
0.9151701237548286,0.041481181905118014,0.020732311738565348,0.016780895107997705,0.0058354874934901
0.9227439770111885,0.048963964641003735,0.013460671792319013,0.011433334072574547,0.0033980524829139444
0.925634635620251,0.03223882548642122,0.01952872106745472,0.01856018121366049,0.004037636612212835
0.9640729548049577,0.0132783956280864,0.013784291591121541,0.006933292626106625,0.001931065349727711
0.8597759007587632,0.07924704339593781,0.03293899481833084,0.02149574114192426,0.006542319885043649
0.9096849039602695,0.05448975895545349,0.016782244545666007,0.01488374870154757,0.004159343837063511
0.9552321887424698,0.018457033158404714,0.014849827929417825,0.00916611263947807,0.002294837530229696
0.8633624314186384,0.08480485160011307,0.023211102013652167,0.0231207667643044,0.005500848203292006
0.8130086889691651,0.10026119206970648,0.0434186579471689,0.03577868349973453,0.0075327775142246985
0.887784220039396,0.06419056959880574,0.021946050017787613,0.020010960497789432,0.006068199846221195
0.9093465995362012,0.05424953241540807,0.01945464632705979,0.013798757768971376,0.003150463952359549
0.934094691971312,0.034232481305821426,0.01727718435943937,0.01148531697907275,0.0029103253843543913
0.9051069551022564,0.028339800149192778,0.02447985914786324,0.02236409082409636,0.019709294776591325
0.8602326705638207,0.09122057596839893,0.026036664407556403,0.01790589078904742,0.004604198271176552
0.8485057038822248,0.08638680357846562,0.03835532909898806,0.021026853848650297,0.005725309591671214
0.8940333706876933,0.05979999967687362,0.024776909817262893,0.016683791483188624,0.004705928334981663
0.911624877126726,0.05559674609766554,0.0151500260191842,0.013932961849873282,0.00369538890655093
0.9161493508111664,0.04785165658733764,0.010866862134566186,0.01577037659631502,0.009361753870615034
0.8749789256191459,0.059579892327786016,0.027240596891609178,0.025709825314342325,0.01249075984711625
0.8405395453744029,0.06054163356024143,0.04178537677924075,0.04175371845763535,0.015379725828479353
0.9433580974825213,0.034200827545838176,0.008253514595740056,0.010854092281857212,0.0033334680940430815
0.9085669066085752,0.0511689999332037,0.018731214341390377,0.01619993420660202,0.0053329449102285905
0.9397532485054185,0.025670787686590146,0.013233759013372638,0.011692860051065953,0.009649344743552902
0.9012199439545219,0.05537373109260394,0.017466797730587517,0.0187506901505909,0.007188837071695735
0.9546910614317907,0.02343760534533022,0.012845199020354907,0.007040783539142879,0.0019853506633812686
0.9034682002651141,0.06283775188487946,0.018812808085003605,0.01178563253198079,0.003095607233022088
0.7863250681917133,0.12533971469909574,0.04522948026157221,0.03418658187891024,0.008919154968708687
0.9074461758597112,0.0471403490194182,0.02166723713481845,0.019530867044005324,0.0042153709420467925
0.7001881109264224,0.15705958667139258,0.04510073289055032,0.06007914062345651,0.03757242888817812
0.9132534816467742,0.034072512423514174,0.023188190612948852,0.02098551297736377,0.008500302339398894
0.9285695328601782,0.029038123310370013,0.012513624730307208,0.017390231422846573,0.012488487676298028
0.8552102755617584,0.0631897054138548,0.0278443689383868,0.03371920275280332,0.020036447333196716
0.9106953092862597,0.03157411693895795,0.02384853108728482,0.020524365166334872,0.013357677521162467
0.8745361593169492,0.04511529446443815,0.03907743351407673,0.02974282774336418,0.011528284961171665
0.9261094646439922,0.034382416219579506,0.01703192993414399,0.01615406926012977,0.006322119942154458
0.8518616151484384,0.0540284837597444,0.019762377326005717,0.035711193503691084,0.0386363302621203
0.9177701074281456,0.026509369652986156,0.024576909683323357,0.02178907916763648,0.009354534067908616
0.9543300863566352,0.023393985861128803,0.009523933133974724,0.009926286801732829,0.002825707846528547
0.7355528795633457,0.08419248283718476,0.03603504353050217,0.07824411574870922,0.06597547832025812
0.9276421628467979,0.02167768049146314,0.029311368346568487,0.015375060517485727,0.005993727797684638
0.9434066647494185,0.025110863030830054,0.013267936730083002,0.013826415951264886,0.004388119538403475
0.9102239903859732,0.040797686419951934,0.0199555028542032,0.021325707040147593,0.0076971132997241554
0.9367005855099308,0.03147965698404455,0.010562823904403685,0.012362475080075893,0.008894458521545153
0.8698527507562356,0.06248078156869938,0.029898873737775063,0.026144927366256492,0.011622666571033302
0.931478862773155,0.025731696566320083,0.018200346928747183,0.02003196086589684,0.004557132865880998
0.9216937730114603,0.0378050509003511,0.015725124671014036,0.018680993489881635,0.006095057927293069
0.9125960063552202,0.05633287877060977,0.012505569077494273,0.015085420890656976,0.0034801249060187806
0.8889510557626086,0.06578353045348793,0.023545345270070215,0.016089581907473772,0.005630486606359637
0.9513821939180271,0.026432704803168106,0.011014267583226671,0.008557650330942742,0.0026131833646352454
0.8826475132243595,0.0671598742579077,0.018452079621026365,0.024927778031812974,0.006812754864893619
0.9096273529955099,0.048850004911878034,0.022754906930686263,0.014419010762136225,0.0043487243997897196
0.9239088153072765,0.051092212884436286,0.01400504790531576,0.00841163797776691,0.0025822859252043824
0.9029518701891628,0.062415932143094495,0.01758604216514525,0.013446678786368427,0.0035994767162288977
0.8561398197286447,0.08106295580711533,0.0326386721791927,0.023653863241718972,0.006504689043328014
0.8600642424438749,0.06673080694901708,0.03724366189085994,0.02889668779920692,0.007064600917040924
0.8926177791262346,0.06440600865697872,0.01454068037070752,0.021789046506138738,0.006646485339940492
0.8548350484186705,0.10287041658070874,0.015987620272872746,0.021095798274168596,0.005211116453579762
0.9080954702694078,0.03322050574223356,0.027774479170478934,0.02447988760362676,0.006429657214252847
0.755556704999875,0.1618351495148025,0.03335182282679304,0.04105415843849537,0.008202164220034024
0.860442971548236,0.07215210238172261,0.03127037690962765,0.030876765537235253,0.005257783623178399
0.8987102347322309,0.05653615384328616,0.017554300252009637,0.01732399863052432,0.00987531254194917
0.8996503841370445,0.050691365822315246,0.02398957549540276,0.018020481306734105,0.007648193238503477
0.8817781391244541,0.0385634295963233,0.05203756330523135,0.023004989415769013,0.004615878558222139
0.8682904681096295,0.05937960633314731,0.03686712035626287,0.02887837419962439,0.00658443100133584
0.8059255559720511,0.12180115775114628,0.03154387790317831,0.033054661230939836,0.007674747142684473
0.8852649403520192,0.05830866365927934,0.02560419793654281,0.023923403767118604,0.006898794285039939
0.8966331134061319,0.05579899681907894,0.02094089205013032,0.021494671192824277,0.005132326531834659
0.887020547783397,0.03632072190797217,0.04200892237560543,0.027538267114264776,0.007111540818760725
0.9456155935441689,0.028781146603060876,0.011727824101429269,0.011272718591281027,0.0026027171600599996
0.947050946531998,0.019776232603157702,0.019754930151126827,0.009914534622874518,0.003503356090843179
0.902413244084944,0.05783853146532599,0.019004740832845382,0.014704549194449953,0.006038934422434591
0.9465640730465027,0.03164288834702896,0.010151450223331705,0.009021749875293996,0.002619838507842736
0.7929770906938988,0.09435957322088286,0.03753376117517439,0.03913639231372927,0.035993182596314746
0.8902135262274326,0.06177639969353853,0.021828021111120234,0.021680300405773872,0.0045017525621348555
0.8889036712600373,0.054532211309542826,0.027026740349804027,0.022749975705764695,0.006787401374851203
0.9357575323995068,0.02512125265395675,0.018179709293111548,0.01643394794540577,0.004507557708019236
0.9014200985893085,0.04238742947215267,0.031420678234351344,0.02066375768449413,0.004108036019693223
0.8137030647696184,0.10521015610631779,0.046988386681634034,0.026284488905847538,0.007813903536582146
0.952401930187058,0.020939703777051233,0.013362658063615576,0.011093922251339936,0.0022017857209351926
0.8649863311430536,0.06520713022023092,0.03442639574489126,0.02835831412819893,0.007021828763625237
0.8887951125489834,0.06553518170185155,0.01910770043174354,0.02190859835709929,0.004653406960322299
0.872696067793748,0.08645463743118906,0.018853591427390265,0.017617676724562405,0.004378026623110113
0.8807069081269809,0.04945427791821847,0.0304421694112083,0.02510024199741804,0.014296402546174244
0.9533900453192027,0.026190703085544463,0.009550156831502291,0.007332047074872764,0.003537047688877878
0.8871005725590128,0.052164389783477705,0.03508901436987032,0.01925182833242861,0.006394194955210759
0.9018997802179902,0.031810407414735266,0.039508697379811906,0.01777552489908781,0.00900559008837486
0.9546702429479142,0.015475989970498216,0.013536049676910559,0.011938118505007143,0.004379598899669845
0.8963762973996953,0.053336478409066794,0.02770470695027271,0.017573274653112758,0.005009242587852637
0.9334531244875395,0.03544051655226043,0.015147560844806703,0.01273936853053102,0.0032194295848622075
0.8281448326268752,0.08615059339883246,0.047041999771365285,0.031040440003590738,0.007622134199336338
0.9171199170806782,0.04728873233018548,0.017115016533799945,0.014852041621721856,0.0036242924336145383
0.9127699407157006,0.04812582134641908,0.021151032220174837,0.014718137297260231,0.0032350684204452643
0.9497259211229894,0.023291587208764515,0.014408644751200352,0.010350310860173363,0.002223536056872601
0.9580922935027029,0.024799700629410417,0.006978177431679528,0.008725633598787572,0.001404194837419798
0.9093117003501293,0.04389352261795201,0.020839149920760365,0.021402692219848536,0.004552934891309768
0.8691345871077695,0.0662047414980439,0.0329174669851409,0.02465728901936068,0.007085915389684997
0.9078204964346258,0.040001655240170395,0.021741536926943965,0.024682813503312022,0.005753497894947652
0.8986757073513708,0.05052181336643648,0.027078079549933524,0.01807448481788401,0.005649914914375093
0.7581333980651133,0.11237821979460548,0.07322442371387988,0.045480702145494704,0.010783256280906848
0.894104982897846,0.035237999162631865,0.028894049899399667,0.02772111064854487,0.014041857391577787
0.9107582640217426,0.025975317126898,0.022837913798637362,0.022895441357701045,0.017533063695020733
0.8109223765997602,0.04781224536530098,0.08451170260253554,0.04707849548587323,0.009675179946530013
0.8799004263203408,0.05424265100224351,0.023143081495509452,0.036748057588196596,0.005965783593709391
0.9159651680029626,0.037870062154035954,0.02297930650159237,0.019302703240400135,0.003882760101008838
0.9196287024038126,0.04270695563883803,0.019779839671578894,0.014641074764010727,0.003243427521759917
0.8892266725951358,0.06453647515858477,0.026133165844248712,0.015485083731411813,0.004618602670618828
0.8903572151087961,0.06826985469315212,0.021627095725532255,0.015045100774629734,0.0047007336978896405
0.9537524375408953,0.021847608789638776,0.012461351361583835,0.0093325219128163,0.002606080395065491
0.9388710453128091,0.021401358951490076,0.021660950091748635,0.01428474655117354,0.003781899092778631
0.923411881138297,0.04593351735213128,0.015364040244032345,0.01153371591795681,0.0037568453475826553
0.953209736029279,0.017275020801458964,0.014392431652169661,0.011602115640370276,0.0035206958767218916
0.7911310085497163,0.12015207234739538,0.0386649423621435,0.03047655378103882,0.019575422959705966
0.7388454276139158,0.1309079667522814,0.04985961228898912,0.0399000362080261,0.04048695713678749
0.9212393955868176,0.03676634693777342,0.02098293306184794,0.01782550291927511,0.0031858214942859014
0.9006077055763032,0.05459246956368168,0.021253033320158328,0.019024255335875886,0.004522536203981052
0.8963918398733952,0.04379954025119641,0.037758199936558545,0.018481392604067642,0.003569027334782274
0.9470438574472378,0.023963897269816143,0.01639021938410881,0.010271033747034631,0.0023309921518027085
0.8896384127204006,0.03545629150834802,0.03556113276495728,0.03354073428608034,0.0058034287202138445
0.9426112206160997,0.027515901970239287,0.012633488151732226,0.013956238021128314,0.003283151240800358
0.9431565950971376,0.021424790031457603,0.02095705729528052,0.011819841758147535,0.0026417158179770153
0.919630347673151,0.03138635570292681,0.021583946143676588,0.02278437581081663,0.004614974669429074
0.9156634887450156,0.044761088925685776,0.020491434585424715,0.014938806530685668,0.004145181213188269
0.9004876852984387,0.03984834020619211,0.03697908298430174,0.01758738559661004,0.005097505914457262
0.9482850285503078,0.022682516184165814,0.016306150453860354,0.010135590811875646,0.0025907139997901835
0.9308128246921048,0.023579784640412084,0.0074295804867462855,0.017582679368747696,0.02059513081198898
0.9230027159178772,0.02425614611226129,0.02496781463086936,0.020053983590854026,0.007719339748138081
0.8988837583799147,0.04181737868164428,0.03050875375720287,0.019971154392887554,0.008818954788350581
0.8663781261388832,0.045336784742206565,0.049381147238147356,0.03128660902191157,0.007617332858851408
0.8543277091193207,0.07231367051765737,0.03366015761673821,0.030687261734161215,0.0090112010121225
0.9370036925868003,0.03756029807223466,0.01176144641013591,0.010419141958551538,0.0032554209722775473
0.8816992472225169,0.056023922404065514,0.03139533956503057,0.02558634234851967,0.005295148459867552
0.8760816883650542,0.06330565269524445,0.03310360952008133,0.02377750616244585,0.0037315432571739947
0.8418280376561813,0.07085908843501375,0.05006527385903537,0.03070477200236074,0.006542828047408957
0.8606622018108988,0.0783647840262944,0.027603800949987035,0.026963913622733673,0.0064052995900860474
0.8955652661124136,0.0547629224290926,0.022298393296841475,0.02239597852451151,0.004977439637140782
0.9405414825665875,0.023134997025533132,0.022237055512265225,0.011282027064434307,0.002804437831179671
0.8596774308079195,0.07230132415950062,0.039680388427773626,0.023477418631886727,0.004863437972919358
0.9308575126973484,0.022339578695535742,0.026866429876547845,0.016035232807778167,0.00390124592279007
0.9080578934719357,0.047054567003954446,0.02564995311464172,0.015802181305950447,0.0034354051035177468
0.8613074582172257,0.08087025017864308,0.03323567966447257,0.019567795999729,0.0050188159399297775
0.8358906466970144,0.11629057781945348,0.02032810623865568,0.02297544740748362,0.004515221837392747
0.9097388208227685,0.019283212180309213,0.020256711202259227,0.026107260004783556,0.024613995789879443
0.9471333872143667,0.018877725864610468,0.012331816845175288,0.013526253874019586,0.008130816201827947
0.8846491878602821,0.042771864145996076,0.03956748476662526,0.026744333666903167,0.006267129560193467
0.8785738694216897,0.05307970509656766,0.03328473580391667,0.029885725899938535,0.005175963777887283
0.8765795975605122,0.06464298047553908,0.031443607600309516,0.02221431212780853,0.005119502235830734
0.7718882633570873,0.13035224818648802,0.04359702237521573,0.04531844130102898,0.008844024780180032
0.8223372705863019,0.08909009640824021,0.04734828107522833,0.03509182363911189,0.006132528291117732
0.8671489153945963,0.075552972110413,0.028541105932981762,0.02360843574161205,0.005148570820397241
0.9076734260228662,0.05026231641759404,0.025231308056529043,0.014039732279565642,0.00279321722344529
0.841805254176548,0.061635270621602636,0.05811043259601483,0.03194217060706216,0.006506871998772468
0.842613899768625,0.0530634599737654,0.06382752330645627,0.03313249764598383,0.00736261930516941
0.9122698227505102,0.03449307333742109,0.03289153361299631,0.016442024135117056,0.0039035461639555426
0.8897738691178847,0.06800244382371641,0.022529068698737092,0.016638453421076914,0.0030561649385848163
0.6509225091912632,0.09266672245528318,0.0392711641582745,0.11121410428037508,0.10592549991480397
0.8575560084249907,0.07700306764200472,0.03503960958546302,0.024588953283920287,0.0058123610636214565
0.903559395161122,0.0432647135281407,0.02931605389444761,0.019426923439347266,0.0044329139769423405
0.9300313280132053,0.028508915621393446,0.024179071406555223,0.01425227917603624,0.0030284057828097945
0.9127518460785476,0.044491927480001,0.026477348852960488,0.01365053531295705,0.002628342275533689
0.9537697883054551,0.019557049788294978,0.017539364868245786,0.007570816313200437,0.0015629807248037052
0.942314849489749,0.02660945865244856,0.017040185374199632,0.011141623501976445,0.0028938829816262087
0.9431651066645886,0.017833566295225516,0.023456410013866683,0.013292652415879402,0.0022522646104397477
0.8884924823923167,0.05186331874283389,0.03150100565134596,0.023438219264718646,0.004704973948784924
0.8181753541573484,0.05930111320168797,0.07278047249581689,0.04075429747747998,0.008988762667666506
0.8039832181173234,0.0718940658875631,0.04645818837981158,0.04125619004412203,0.03640833757118003
0.8330020856286562,0.10580495689613277,0.028359997498841685,0.024787510540988277,0.00804544943538102
0.9378433858706313,0.02908954193586994,0.018571791079154385,0.01188284221285755,0.002612438901487138
0.8686415879827463,0.08580472721430327,0.023999839373049964,0.017595370691040384,0.003958474738860019
0.9015763614483826,0.04807010622753548,0.02486613118400045,0.02107146681547178,0.004415934324609763
0.8271127206812546,0.09259235746356018,0.03513695130956384,0.03579139460531995,0.009366575940301531
0.8483226182247715,0.04186032185593777,0.061861468730407564,0.04003049903423639,0.007925092154646703
0.9004058116414316,0.057280965011460926,0.016903649046639806,0.020903566799380283,0.004506007501087466
0.967932926612621,0.01614598122537116,0.0067343278476914405,0.007789346490749485,0.0013974178235669885
0.9441076765482614,0.028801425882762518,0.01315699899253187,0.011004393039946159,0.0029295055364981924
0.8956793168069419,0.038351175480307545,0.028218544550518407,0.031667239182079955,0.006083723980152236
0.9164132225375827,0.043812988406337953,0.023297667960235552,0.013445668466292898,0.003030452629550988
0.8453905187003898,0.07310893601490397,0.05028750597972316,0.025915765978584405,0.00529727332639856
0.9066069724331419,0.04828766887586001,0.02543937628728955,0.01654365838971347,0.003122324013994812
0.873741259354603,0.07589557419470773,0.02761993478715213,0.01878997279021061,0.003953258873326565
0.791835522830325,0.11466609185767003,0.0591523768367651,0.02849014127734362,0.005855867197896225
0.7267975411409698,0.15024510391307755,0.07178984820121867,0.04197293871651979,0.00919456802821438
0.8828318169634007,0.051994987517603806,0.03716312962783627,0.022748101601889517,0.005261964289269515
0.9210712001279484,0.04010903090588746,0.020121186588463267,0.01536359128325924,0.0033349910944414202
0.9450480402799051,0.033361179283841226,0.008084135898713415,0.010647113273793002,0.0028595312637473315
0.9268966918561992,0.034086282438670935,0.017485665199161234,0.01672957736537168,0.00480178314059702
0.9089468208645902,0.03337084338242494,0.02555139486508461,0.025303734799438444,0.006827206088461848
0.8983702778326375,0.04224767055336445,0.018806636529622972,0.02235287488536091,0.018222540199014363
0.8518569105380017,0.07824937624027463,0.035376639359012904,0.022083900144486177,0.012433173718224838
0.8508011225854065,0.07155342805439502,0.04052770309159603,0.029865552076382636,0.007252194192219632
0.761529712825375,0.14245942437003786,0.04325305449295465,0.044323980409799096,0.008433827901833606
0.7024239411806679,0.18314393541562066,0.05637438911916469,0.04666232381481108,0.011395410469735813
0.868658567203846,0.06926672313916897,0.034496486671342225,0.023576604209318997,0.004001618776323514
0.8896837649979598,0.05376154286875415,0.03128691271409042,0.020435710191197182,0.004832069227998359
0.8908933655959307,0.05784644440070602,0.022341919243305614,0.02388969935472121,0.005028571405336234
0.9272099435936942,0.03212119867512134,0.01733489996069724,0.01886514444506601,0.004468813325420872
0.8907796838199862,0.058133480012892015,0.024257138093416845,0.02303985434296267,0.003789843730742219
0.8446317503108012,0.07328864611319882,0.04211354006797946,0.03434166223800735,0.005624401270013087
0.8434827997301462,0.09312068328222911,0.034535689873542254,0.022949996947818404,0.0059108301662639294
0.9031096265164659,0.039625477114179596,0.03277611264958363,0.01965408543734478,0.004834698282426074
0.9508333148743084,0.01924156088264424,0.01374914277853376,0.012682574849755619,0.0034934066147578524
0.8771675632247571,0.07737835066266577,0.018524664034621365,0.016970525544965163,0.009958896532990605
0.9416301033370242,0.03475355835155516,0.00937881727945324,0.009738808027107984,0.004498713004859448
0.8290615858396286,0.10604933510249094,0.02909976603836586,0.030170302411468904,0.005619010608045806
0.7823250760879548,0.11531712067218766,0.05992245341905414,0.03498033891341655,0.007455010907387032
0.8984693351953073,0.04445041207268192,0.026465364726633633,0.025562641087738227,0.005052246917639045
0.9217144626147795,0.04496361045612964,0.019742989075419076,0.010853343690152483,0.002725594163519303
0.884444257484867,0.04852715953227418,0.03369585442528804,0.023881015412157813,0.00945171314541295
0.8858152220870107,0.05562186078356661,0.025886086249614696,0.022884533927813075,0.009792296951994852
0.9403916009681431,0.02259429133316887,0.015631192623128155,0.014015927078506397,0.0073669879970534565
0.8483841283448861,0.06349917489711047,0.02626895981071826,0.03853788348725534,0.023309853460030155
0.9342675404236116,0.035797642647599215,0.01900881864532399,0.008553179066338902,0.0023728192171265047
0.8872527551412694,0.04800201104174349,0.03593294521981401,0.024457615998883353,0.0043546725982898825
0.9225196954578732,0.047392426222920433,0.01622566035989936,0.010896347280539042,0.002965870678768126
0.9005268284157778,0.05208195788442857,0.025448050807259804,0.018067968580060476,0.0038751943124733586
0.9156599760096789,0.031851860805254185,0.029117297100371715,0.018983198069608277,0.00438766801508702
0.8584927243897427,0.07317297510595315,0.035434629113616195,0.025862670980290582,0.007037000410397495
0.8478296132460434,0.096867685677921,0.028705453198698976,0.021694368047793282,0.004902879829543347
0.8287169149744074,0.10846138687242976,0.04070405864417644,0.018017736563595867,0.0040999029453906086
0.9532272394571485,0.02170038321220636,0.010231205391104758,0.011786922942634935,0.003054248996905254
0.8663464439941925,0.07177313858192924,0.03310563562504399,0.022546701435643066,0.006228080363191334
0.8471162606244522,0.08137867882675116,0.04139882998979797,0.02488789595071793,0.005218334608280765
0.9158728944275463,0.04092623126374927,0.025611323056426404,0.013616879470221473,0.003972671782056583
0.8823068982881611,0.057112109339069905,0.02962243480469388,0.02519078235433421,0.005767775213740947
0.950135574953528,0.022854988434427338,0.013113359388772885,0.011265222853297204,0.0026308543699746115
0.8860294675721514,0.06069069998379773,0.03042520835249392,0.018513995552337244,0.004340628539219659
0.8568095502228286,0.08170392422222093,0.028468551527711727,0.027820493977794413,0.0051974800494444685
0.9185950099392632,0.048826336696336736,0.016322142569848024,0.01297357773296869,0.0032829330615835053
0.9520997120676044,0.02242118597738854,0.01028695460954395,0.012588526374863622,0.002603620970599615
0.7277474921782219,0.15677124351421465,0.056022763442543436,0.05092795063211822,0.008530550232901847
0.7585282890487081,0.07006674662702679,0.050364539740401754,0.06187735055977712,0.05916307402408631
0.9421045907641159,0.019209184003497214,0.01940442744008207,0.014243844039873258,0.005037953752431581
0.9211042622160218,0.03131461664206891,0.02165035242403168,0.021388495369858682,0.004542273348018705
0.8591715101533491,0.07518383745867682,0.03727100347213196,0.022545388509596184,0.005828260406246007
0.8753744645793757,0.05997188552270216,0.03096579182620932,0.0263179917090424,0.007369866362670408
0.864473750250042,0.04903073312852934,0.04906090094497887,0.029708311097650427,0.007726304578799343
0.8010447770334693,0.09930724569753242,0.046507060426512564,0.04413263858945153,0.009008278253034156
0.8878826097829705,0.05623437236695103,0.021812527847171678,0.02805373652481439,0.006016753478092475
0.8926383569040566,0.058205667399074165,0.022115730738344462,0.02129485189099887,0.005745393067526009
0.9414752408413207,0.024380749977399,0.01913100792114514,0.011648573812592081,0.003364427447543012
0.8248716725330777,0.07908153143648065,0.037797680235820634,0.045881575599799725,0.012367540194821343
0.9054082321334627,0.0399334268345249,0.0307611834330416,0.019757929119725282,0.0041392284792454714
0.8705583654751987,0.056469420215853466,0.040241568568701355,0.02551957680417184,0.007211068936074655
0.8370267809169345,0.06321022287695992,0.03955747854559591,0.03246891095906871,0.027736606701440892
0.8787208838140247,0.019038195660626554,0.024854982840107082,0.040523156153644206,0.03686278153159722
0.9342808670664625,0.0207468016251489,0.022834777261445286,0.01763605296904163,0.004501501077901557
0.9311931609465228,0.03325863212371822,0.01587469591385627,0.01645352269957926,0.0032199883163232797
0.8315559137723944,0.07950105383476186,0.04222746102154825,0.037125821831532936,0.009589749539762507
0.7722936797775787,0.12325909273204691,0.049886988487302164,0.04330963339619604,0.011250605606875935
0.7670286564761973,0.1624242922185422,0.03243043664559895,0.0320149948592638,0.006101619800397643
0.7943665207601537,0.130360126817084,0.030287242486057422,0.03659826629429298,0.008387843642411814
0.8973826963772329,0.058335895481211215,0.024390227925124276,0.016103526322264267,0.003787653894167303
0.8872562432785625,0.061742502685462705,0.025592806408707473,0.020420490585641507,0.004987957041625884
0.9139121952612336,0.04672239594359792,0.018392622132248036,0.017554257011964673,0.0034185296509558092
0.9101212958988083,0.04565516063074288,0.019158637773471498,0.021063206649767047,0.004001699047210254
0.9101850639638593,0.04810654097289725,0.022538872721916018,0.015506629506657033,0.00366289283467022
0.7510423296783096,0.14705660306180632,0.056903549609590785,0.03426924850318493,0.010728269147108387
0.8413565011269296,0.1020623458045007,0.028457820791665193,0.02203744443339758,0.006085887843506921
0.833837740441003,0.08830530268995712,0.04291122585899393,0.029284916783613547,0.005660814226432416
0.9359495552852486,0.032702964642827126,0.016801205819358067,0.011793478806022972,0.0027527954465429243
0.8924953495243165,0.05143580204759816,0.03146821652567067,0.01921160006702907,0.005389031835385928
0.7992246263631757,0.09692341628916872,0.044383846801087735,0.04754084490309179,0.011927265643475932
0.9171378333109443,0.02810128943428539,0.02789274360580713,0.018919629563735253,0.007948504085228018
0.8139963199039927,0.10567154308178754,0.031009113091217493,0.027625999343995497,0.021697024579006925
0.8774534183180679,0.03342619217818667,0.041734175469144666,0.029622325043955594,0.01776388899064527
0.8969465090351438,0.030870872209206215,0.044312451495756765,0.02154256175744513,0.006327605502447924
0.9233374957843767,0.03212717972005346,0.01989927484172718,0.01999367237583023,0.004642377278012498
0.9320617589754996,0.02232468662902396,0.024216369630134675,0.017738235920837824,0.003658948844503886
0.9498151478265304,0.018579566105427325,0.015204840732131675,0.013158861248353752,0.003241584087556832
0.7672298878950794,0.13715025580196702,0.04551150621279214,0.04109672067130725,0.009011629418854078
0.8768767272766723,0.06451346627801748,0.028090827702071598,0.024972085180291245,0.00554689356294753
0.8576940697461916,0.07767545516966837,0.034072448329144016,0.024497413739136404,0.006060613015859678
0.8760926455699963,0.07278896853025349,0.027588498016726408,0.019348040343552825,0.004181847539470899
0.8692353720127616,0.0759768232058989,0.03020054225188723,0.018366590809266604,0.006220671720185864
0.9200152352477925,0.022735943161057943,0.03255219988491694,0.01804387601090207,0.006652745695330405
0.9210538850542772,0.0338990309166985,0.024936966488969144,0.01570476459359529,0.004405352946459986
0.9254763924218297,0.032573460146693156,0.021639126003351074,0.01592968587770096,0.004381335550425291
0.9445941219490573,0.01808239009547527,0.019165930956057443,0.01444165084369919,0.0037159061557107322
0.8235423242819334,0.0697124426761907,0.058006859918965654,0.03377342898281166,0.014964944140098435
0.9403435216508864,0.03710414239226491,0.009904158261472491,0.009497597472271744,0.0031505802231044737
0.8411473268570782,0.06600629700556235,0.04500693322077497,0.039596008005045216,0.00824343491153928
0.889763118712293,0.062208668856201604,0.023631362431272614,0.02012383786100582,0.004273012139227039
0.9302532662904647,0.03698715667583778,0.019643889213467648,0.010740612184420847,0.002375075635809125
0.882244971103433,0.06008548672045131,0.029828489489482385,0.023307878760651792,0.004533173925981327
0.9267228400433252,0.03729248931316191,0.017303214451754784,0.015092129000895576,0.0035893271908627768
0.7966555597862097,0.13134693846630077,0.028206520021592497,0.0346802101404212,0.009110771585475776
0.8627434074365952,0.0835305364298546,0.02599825321624037,0.021920831368614207,0.005806971548695692
0.9259401951841815,0.028537830486929382,0.02600430315396084,0.015909393760482088,0.0036082774144463267
0.9097376507176782,0.04231115231031525,0.024057088879403575,0.019803145455082258,0.004090962637520596
0.8886172707844247,0.06179866374297035,0.02375629786795566,0.020967681550166078,0.004860086054483074
0.8433453565653968,0.07611581008937313,0.047715751882071965,0.027655078945374355,0.0051680025177837105
0.9223339573949101,0.0356307100006513,0.021859385802165544,0.017210215967104283,0.0029657308351687902
0.9471532144913495,0.02660480287464508,0.013932005228251026,0.009908070471538908,0.0024019069342152703
0.9342850820081954,0.028743653953715483,0.015766793717126328,0.017588932224748194,0.003615538096214644
0.9051133503882467,0.03931847559828806,0.022475683804651602,0.027032626059257568,0.006059864149556192
0.8501713181663414,0.04675053270187419,0.05521703573713448,0.040031437796057806,0.007829675598592213
0.8363555695565461,0.07977370835954525,0.04874154846970093,0.029588548676058337,0.005540624938149154
0.8058950511174648,0.09125607099999289,0.05380254514372643,0.039635562041844624,0.009410770696971191
0.8666301429009103,0.05533382172633084,0.04054580034567136,0.026649442166770704,0.010840792860316714
0.9162265288056108,0.03295000916631827,0.016580711489741135,0.020765764175169017,0.01347698636316074
0.9113713210219886,0.03700543355682984,0.01948049811433622,0.01961765094335195,0.012525096363493061
0.8436457534308234,0.0703028601507851,0.045041000722285354,0.03173993350775124,0.00927045218835488
0.8583373756453369,0.055390209201023465,0.04510969855062494,0.03275041970260489,0.008412296900409816
0.73426786772003,0.17707809725674478,0.044763952160828985,0.03520537240465796,0.008684710457738259
0.8730174483503802,0.04864578591343382,0.037055666972286565,0.03482027878452249,0.006460819979376989
0.9167595912782387,0.03892826761160142,0.021924582277955105,0.017650162559219897,0.00473739627298506
0.9227361574624389,0.04368838992864476,0.019363753153590867,0.011219087445811803,0.002992612009513423
0.9265288196909807,0.03227148849149055,0.01804061846370861,0.018805037246729522,0.004354036107090474
0.9261903338962943,0.03426524065565972,0.021228432307557787,0.014814272899893356,0.0035017202405948646
0.9252926937134774,0.021073921359777186,0.03155961094746823,0.01750581113027865,0.004567962848998483
0.9036093961559543,0.04477117454190753,0.025280720861642104,0.022080857746652287,0.00425785069384374
0.8849306189183248,0.06599394829541348,0.02413554275120418,0.01966986444856356,0.005270025586493658
0.9268948459487484,0.03796613899060471,0.017749237877600278,0.014230567636588415,0.00315920954645809
0.81476497775828,0.10208018990243577,0.042116746781098106,0.03360697382817183,0.007431111730014267
0.8740952771388181,0.04214342663570542,0.04422480557699901,0.03153261728193388,0.008003873366543651
0.8816307053211112,0.05605091400335719,0.01767246076377342,0.02197355583681178,0.022672364074946477
0.8492236521935977,0.07959482896054312,0.034961546698344705,0.027884859565081146,0.00833511258243328
0.8988366395551349,0.051645735952852725,0.03003290963990925,0.015394757472194327,0.004089957379908971
0.9244166453148326,0.034883579145566015,0.02446182741771022,0.012646409045084015,0.0035915390768072116
0.8303516730966573,0.08256996591745508,0.04737191757598875,0.03413483220623517,0.0055716112036640454
0.7815226362916157,0.13969170546096674,0.0367028243819508,0.03555071937876246,0.006532114486704304
0.9368016683103843,0.02541737742225009,0.017189767134371838,0.017271960881196872,0.0033192262517968913
0.9102777370745296,0.0451532223181141,0.019473133375842732,0.021093487512731268,0.004002419718782292
0.7696338503699603,0.14093516087932223,0.036248623982527095,0.04416164714732081,0.00902071762086964
0.9314749419634162,0.032020584735390746,0.017253945531736346,0.016170775327258084,0.003079752442198318
0.8500735807062593,0.06996677939067801,0.03923309640126548,0.031760381776575426,0.00896616172522185
0.8009356141920821,0.09279429482910906,0.0563040104614436,0.04186002430779669,0.008106056209568568
0.8735382410303661,0.06626258185994369,0.02980163708853214,0.024220413060889387,0.00617712696026859
0.9206228950574856,0.025178083058532228,0.02667079681540109,0.02202050698163187,0.005507718086948984
0.8321167713690966,0.07442896567230858,0.051728977780466506,0.03264517423518949,0.009080110942938728
0.9070870505578804,0.0404561114645623,0.02291362796568212,0.021857566671789938,0.007685643340085284
0.9542006178882653,0.02595405003283689,0.00854323320631168,0.008575086173262629,0.0027270126993235617
0.8795224652327667,0.04951772937139842,0.035096684078219906,0.030207650141995942,0.0056554711756189365
0.8692511775741063,0.06984833434109998,0.037974469927371635,0.01846631363137663,0.004459704526045303
0.9159022019912069,0.02923592623872357,0.02947985867028083,0.02053974626828267,0.004842266831505983
0.6496154378754333,0.16819923998416272,0.10868957127912292,0.06100538001392116,0.012490370847360195
0.919673981339225,0.04253756865030679,0.02125784956808611,0.01283741236178362,0.0036931880805984424
0.920821233729046,0.04325515879839499,0.01652600629027076,0.015684155637996987,0.0037134455442913317
0.894440227183228,0.043254478508965806,0.03506452967614207,0.02198025794714725,0.005260506684516791
0.8824709401958017,0.05680550577863862,0.03134017879399651,0.023637135453071098,0.0057462397784920575
0.9437602259265262,0.03446180643605187,0.012642246336573699,0.0072216543338262966,0.0019140669670218754
0.916931622034028,0.044629710532718025,0.019211324147766978,0.015868172102177794,0.003359171183309163
0.9167202409044254,0.03929185894057889,0.016698350993526675,0.01894981806496351,0.008339731096505206
0.927358564711986,0.01842042558901386,0.01540347447819474,0.022825678098211295,0.015991857122594273
0.8744715272216388,0.05414328900978922,0.0369752191640907,0.022113257513248268,0.01229670709123328
0.9258886948413005,0.03996238914627252,0.018470929818672724,0.012394714304282873,0.0032832718894713247
0.8305665258418133,0.09956561654005613,0.03841486858733285,0.024683806822726386,0.006769182208071504
0.8914042417022429,0.06699041287411568,0.015776572612195568,0.022207386197466008,0.0036213866139799757
0.9021345876505423,0.054352342459195714,0.024025340083812168,0.015579239844288625,0.003908489962161256
0.9299383501816715,0.028968618454656536,0.02311588984280095,0.014704053949157546,0.003273087571713451
0.9246103367964287,0.04280575628676435,0.017495722503117116,0.01269648069623769,0.0023917037174523573
0.8165742005935689,0.08589979368488616,0.043590646979402445,0.04713631738372301,0.006799041358419734
0.8344874511481017,0.07963704199984827,0.04072217494431514,0.03904966413902353,0.006103667768711264
