Delta_Power,Theta_Power,Alpha_Power,Beta_Power,Gamma_Power
0.8542417223855274,0.038370476816621445,0.07066747664504786,0.027568265009486764,0.009152059143316316
0.9104888200591632,0.05194203353638535,0.022277148383489077,0.010056358490518067,0.005235639530444126
0.9244540215629505,0.03451795555645115,0.024831455187331115,0.011436275948788287,0.004760291744478913
0.9239467897134513,0.03757039468576864,0.02445306162212442,0.009818939331015313,0.004210814647640345
0.9153292395283216,0.053675179450510715,0.014458531093401625,0.011791292728491951,0.004745757199274055
0.8512407688798818,0.0900485974760546,0.03323765654666552,0.017643139106266064,0.007829837991131988
0.9472596493560104,0.026013162384332312,0.01543666825395373,0.008126857732844535,0.0031636622728589696
0.9392545028488779,0.02799855042933327,0.027044135550358457,0.004204861314894426,0.0014979498565359385
0.9317735873850398,0.03807890997464512,0.019550037899169335,0.007373666807298924,0.003223797933846807
0.9129221391857698,0.03575172452231598,0.030747508328520856,0.015224195584028091,0.0053544323793651896
0.9172031354307429,0.04298969201549635,0.022180932059696574,0.012350100061082182,0.005276140432982268
0.9598106230275342,0.024157091028197242,0.007610236308242365,0.0047174066175248155,0.0037046430185014956
0.848263930538743,0.07979835882062944,0.04125408319322546,0.02184697569625859,0.008836651751143404
0.868820368889326,0.06007814671006044,0.052420696098986454,0.01381563332629015,0.004865154975337143
0.8641452563494841,0.0713898462784497,0.04157330236475876,0.015216980973229996,0.007674614034077427
0.7863693411852848,0.11570494479333816,0.06627226451727808,0.023889664500338983,0.007763785003759848
0.8330667779393999,0.10626765398722925,0.03127646090685922,0.021017624113911466,0.008371483052600315
0.9290327819342575,0.028571432628661846,0.020573559634906178,0.016947596539317298,0.00487462926285731
0.9033535487501121,0.03298435201646439,0.04937750298000092,0.011028499913144633,0.0032560963402779603
0.9129465833417066,0.03819526472082875,0.037953590826449085,0.007548769210106496,0.003355791900909031
0.8931193527017451,0.05063015474286791,0.038280399530234384,0.012993075631474591,0.004977017393677963
0.9451776964308513,0.03483987075076827,0.012806831073965923,0.005432192979841036,0.0017434087645733245
0.8311555751650107,0.09266094011219776,0.05051611106295549,0.01677391308396204,0.008893460575873837
0.9155511225167581,0.0369512470870309,0.03400646849900742,0.009550505270759086,0.003940656626444398
0.67473329577301,0.1203015595556578,0.16706756791725338,0.02668569087454061,0.011211885879538001
0.9133618627819517,0.03291195428718861,0.04001468704657089,0.010004612114231433,0.0037068837700571368
0.7880312266947656,0.05266565925625536,0.12885193165719833,0.02329131942082912,0.007159862970951558
0.8954865094912143,0.03361234205309556,0.05801863271658093,0.009550887981472437,0.0033316277576366186
0.8610188949739521,0.04931619432642095,0.0644256115576009,0.015232467808144405,0.010006831333881734
0.8756900522699128,0.04229334523259409,0.05790453255862778,0.015777150562618556,0.008334919376246952
0.8523708780411674,0.05008326345250645,0.06791860143767152,0.022053794150128925,0.007573462918525795
0.9379510991315521,0.03261181579331972,0.018920296080412586,0.008275192294931387,0.0022415966997842117
0.7667844134844934,0.06367227292984151,0.14283114743926234,0.02075837193353651,0.005953794212866277
0.7103063428618023,0.08936150625979665,0.14249469005621468,0.04829908506522332,0.009538375756963096
0.9192354734563981,0.0414441668875138,0.02159431013702151,0.014088500008182223,0.0036375495108844865
0.8861455022720471,0.033550786530544975,0.05213404863831733,0.020701474183903786,0.007468188375186831
0.9389058386235677,0.032582819471496174,0.01496721328346315,0.0088905148383511,0.004653613783121822
0.8404012972851627,0.11239395563527414,0.021782437278788713,0.014084211469720895,0.011338098331053663
0.8966099717583315,0.041995387872375986,0.033987414416872204,0.020242050744263978,0.007165175208156293
0.7959141588821951,0.07065756341562933,0.09269525701055756,0.033208235138107965,0.007524785553510057
0.8267645099403405,0.07228177903116548,0.07652768414565235,0.01713669916405598,0.007289327718785853
0.8574281958228438,0.08273037954342455,0.03630725831249673,0.016224745864081225,0.007309420457154052
0.938655110413407,0.03090780219548776,0.018746466735982435,0.008635302790409685,0.0030553178647130777
0.9611901330017842,0.020072448249067985,0.0094828840796529,0.006971331098041448,0.0022832035714532863
0.8769776464733977,0.06259629789547874,0.032560327442539276,0.019643545669872527,0.008222182518711317
0.8125333201692023,0.03651176346773575,0.12981392688216378,0.017143468427429635,0.003997521053468251
0.6794497773651108,0.045355549603608006,0.23968362592066828,0.02872092545856547,0.006790121652047508
0.8478014784983856,0.048996593201321645,0.07379055584028572,0.023245372460169375,0.00616599999983748
0.8471631857167176,0.06429571906830076,0.05622802256896554,0.026000561069955377,0.006312511576061041
0.7011872501948856,0.06123468477133971,0.19257988235842757,0.0376126867401825,0.007385495935164465
0.8870282505758655,0.02440120307017363,0.06934567277336337,0.015143412090716991,0.004081461489880355
0.8133736982968015,0.08218760465946222,0.07848570756309425,0.01943487981079555,0.006518109669846575
0.822224773902212,0.061549053327430304,0.08129399202570164,0.02658339449838343,0.008348786246272534
0.9231608318149698,0.03796343345923355,0.022352581875388446,0.013055139064590758,0.003468013785817292
0.8135438072789112,0.0999930172608858,0.058638509517021264,0.022144720684786172,0.005679945258395536
0.9392219461054913,0.02420974720245522,0.022309895584597516,0.010473739809150463,0.0037846712983054215
0.9253262122061034,0.027570299234264045,0.022157793506287948,0.01446659992282746,0.010479095130517112
0.8515484948611431,0.08165479628533656,0.03389150228331187,0.021896211165974965,0.011008995404233531
0.780109151018264,0.06297010663661956,0.11557686375462398,0.02878897504921755,0.012554903541274842
0.8822332956552463,0.036736424961676305,0.05864506938882307,0.017034461014289935,0.005350748979964597
0.8348144263407777,0.07735671368484073,0.06705800834149264,0.01555808379142432,0.005212767841464698
0.9340783288730973,0.017763916931774638,0.03827329862087161,0.007508799912892784,0.00237565566136363
0.8052306026640955,0.12089461361579397,0.043723304880613455,0.02196373788926942,0.008187740950227817
0.7793517721368189,0.12447559977095352,0.05926677459088155,0.03002654552133703,0.006879307980009134
0.9276777876966089,0.023342444991277984,0.028162844874323405,0.01642930211234314,0.004387620325446484
0.8548980971029073,0.0724207042345708,0.044930987373258006,0.020730373210185535,0.007019838079078379
0.6351200731362885,0.08862522826723404,0.2276669028836291,0.03931690111883828,0.009270894594009897
0.8060025019316748,0.0455023735118928,0.12557265946245438,0.019352440328272304,0.003570024765705714
0.7663921806881728,0.06943582546763125,0.12238742072655094,0.03471156046468579,0.007073012652959245
0.9344651808359477,0.023781718216917942,0.03046552527869007,0.008290255449781084,0.002997320218663178
0.3703305764925959,0.08411899108546131,0.48271005905675785,0.04858096485216635,0.014259408513018617
0.9278124129129172,0.03390239287302489,0.028511186749024368,0.007003715381313918,0.002770292083719819
0.9345260899236771,0.032886089604671535,0.018421722012712066,0.010187966610795109,0.003978131848144168
0.8326955611210253,0.0806191301682462,0.0549928889666967,0.021793434944249273,0.009898984799782412
0.9028764834857727,0.04670146001052585,0.03208938929883225,0.012866839841904724,0.00546582736296469
0.903314373476814,0.03626249733728482,0.051099887968818584,0.007062404445092317,0.0022608367719902014
0.6778775491066712,0.08819433436201965,0.19281383204648472,0.03284839177515886,0.008265892709665709
0.5474216799083392,0.07552111546372793,0.319836938260987,0.04839767056171507,0.008822595805230598
0.8694009941525619,0.03167714125078506,0.08364187226627487,0.011677569492791338,0.0036024228375867062
0.894468638704842,0.0592484795711516,0.03018004345153699,0.01316765282008273,0.002935185452386784
0.9371106553181671,0.037609492261414704,0.01335726610794003,0.009608225795735358,0.002314360516742921
0.7846065857804934,0.07600188050700858,0.08990738134150637,0.03861012911744159,0.010874023253550113
0.861157993864038,0.07269339796999486,0.04111966037255332,0.019416611494460667,0.005612336298953057
0.8653729706310431,0.06685969507982618,0.0380513276303774,0.021897555005939536,0.007818451652813885
0.9570387194796189,0.020895749617776013,0.010465596648388998,0.008068735649332567,0.003531198604883551
0.8043855437996333,0.09622863299617998,0.050821413099632846,0.02618720342119815,0.022377206683355695
0.8818692063220271,0.05406132029205433,0.04396495956212707,0.0147433895162851,0.005361124307506358
0.8405242567213341,0.11324224610009707,0.02964299295396809,0.011178360278748928,0.0054121439458516135
0.8700502737167083,0.06685212597187319,0.04128108244977245,0.015174688816168196,0.006641829045477809
0.9407968759340217,0.025190528721319265,0.018719625852711214,0.01082046274158229,0.00447250675036538
0.9064391311437584,0.05427056827190779,0.02844759848457188,0.008009594323773734,0.0028331077759882737
0.8875335479836722,0.052722812702356736,0.04654790985897647,0.00997266178479622,0.0032230676701981184
0.8978920894266746,0.030116063786198258,0.05139226549519688,0.014850225259318058,0.0057493560326122945
0.8505743868903094,0.08007645713269808,0.04108886171981755,0.022032187769161805,0.006228106488013107
0.8610772968708978,0.05560128509024534,0.05370328597966156,0.02197937025818262,0.007638761801012505
0.9035508105363017,0.040702230524844216,0.03799745157188838,0.01268108916098152,0.005068418205983888
0.7125765112468281,0.18626292914975007,0.05582091368038985,0.03485603883997443,0.010483607083057426
0.8492394940308903,0.09298839285987998,0.028958102451884796,0.021211925019772787,0.007602085637572446
0.7437893536341048,0.15686828184091026,0.0640078897323718,0.02461333058680007,0.010721144205812971
0.897106034501785,0.045749388802947266,0.037124864429029576,0.015031349188046226,0.004988363078192026
0.841729125470237,0.05038799519419332,0.07937337254180137,0.023442112398348147,0.005067394395420019
0.8875394175438546,0.05643943779635432,0.03627010814170612,0.014278804786289158,0.00547223173179586
0.8616077633083087,0.032996615008494046,0.08345230716773734,0.017611150831307466,0.004332163684152659
0.8520005949024976,0.024644128436990036,0.10119547214238289,0.01765263047560702,0.004507174042522375
0.727162151416856,0.16986482060306954,0.06955710325708929,0.02346047595830076,0.009955448764684335
0.8531928088080768,0.087526583474543,0.03829283984453751,0.015027581208060265,0.0059601866647825946
0.8762919748005759,0.05092945168443592,0.05619991277842603,0.012422931913799824,0.004155728822762577
0.9522216364923943,0.019292021280530983,0.021984807805615944,0.004947401555217051,0.0015541328662417335
0.9167167837872293,0.0186275875500878,0.05107100439919412,0.010829780559102517,0.002754843704386454
0.6898212419294009,0.1213863142344152,0.14925399653347715,0.030474502946122053,0.00906394435658447
0.8973126598292344,0.038425797078881566,0.0436426199402666,0.015347847873807653,0.0052710752778098394
0.896152882468298,0.048501822706284316,0.03470573877704137,0.015500772798380281,0.005138783249996026
0.8851273521573101,0.06912240030840554,0.0228384928035234,0.01806574113845148,0.004846013592309581
0.8197051077438493,0.08169050357866597,0.04724073194211159,0.04035515681740722,0.011008499917965884
0.9313832407496612,0.028547955858959445,0.027153758296525856,0.009390604066157932,0.0035244410286957004
0.809692424667661,0.05233022902247076,0.11315713878101721,0.01940649801574305,0.0054137095131076216
0.7699152025323055,0.052366178274200224,0.15520447609441912,0.015697072032843016,0.006817071066232168
0.7044918178954475,0.028084005029565685,0.23558313173182993,0.025103750405865866,0.006737294937291059
0.8028503327538947,0.0916928684776993,0.06943128824135188,0.02827917770795149,0.0077463328191026415
0.9375581630323852,0.01910039366418558,0.029818468078999728,0.010637054577361594,0.0028859206470679324
0.6787639115388452,0.045405055696220435,0.24570523498627772,0.024085448964818953,0.006040348813837822
0.8761490422979057,0.030761570119230253,0.07739751233046283,0.011810523111179349,0.0038813521412217797
0.8876442632124018,0.04786590799479468,0.04396212116071998,0.015713982915941293,0.004813724716142205
0.9424912900909249,0.022224716041333737,0.026917853212716968,0.0066948574217919506,0.0016712832332325344
0.85639758621999,0.05956729854290762,0.053954703864508624,0.023739479188387026,0.006340932184206465
0.8376452272706968,0.07009347148450448,0.06114633386718856,0.022079586940140873,0.009035380437469128
0.746586683343592,0.11460746697050658,0.09188013662385644,0.032265507836811494,0.014660205225233479
0.8181932373757617,0.07878167900835828,0.06761797183488719,0.024196617945344303,0.011210493835648554
0.8197241812159698,0.09320142711353413,0.0637621974959961,0.017502190795897626,0.005810003378602478
0.8661898187786727,0.05016577077998473,0.05628268818489619,0.02054306331101367,0.006818658945432635
0.8646823690205917,0.051509084185433644,0.06802033487831838,0.011939318254691723,0.0038488936609642325
0.8389635739401209,0.07096077038866584,0.06497282265970339,0.020912509733525427,0.004190323277984549
0.8328740716717707,0.05091912231984904,0.09257933567749338,0.017534564548983392,0.006092905781903577
0.8219674515605343,0.06464045854526147,0.09058828868797743,0.017981633566528054,0.004822167639698895
0.754747080191883,0.08691298102933394,0.11266517286288924,0.0365162635302623,0.009158502385631625
0.8362791695052496,0.04540687294146994,0.08153173856527375,0.029488926470733905,0.007293292517272905
0.881493088350419,0.03580453743704066,0.06167400998492219,0.016670105262070314,0.004358258965548045
0.8120857994980657,0.056747312695824836,0.10677219697039997,0.020131430355479554,0.004263260480229886
0.8655195986515088,0.050758911767915735,0.0602408689231365,0.018943147072095514,0.004537473585343315
0.8361976237807961,0.048324953441021674,0.081402957042287,0.027125867159666594,0.00694859857622873
0.7499427459385308,0.09330471722366654,0.12009844730112738,0.028459600854012525,0.008194488682662536
0.821403532347194,0.06153420155467008,0.0778496591282961,0.02785909319545956,0.011353513774380338
0.8429535294095818,0.024161606640817696,0.11284209427358366,0.016077095784247653,0.003965673891769519
0.9079842580968722,0.04915407754882315,0.027770954426338774,0.010951422779911566,0.0041392871480544656
0.7682130741399741,0.061419268115741395,0.14217126685146078,0.02164306072207235,0.0065533301707510665
0.828930865283284,0.049801355263776666,0.10303443030206558,0.013621107598384752,0.004612241552488862
0.624795278374784,0.09018062807816885,0.22794977825013507,0.04615608961133689,0.01091822568557541
0.6692869671528998,0.07327323173411329,0.22165117543591495,0.02817743134338964,0.0076111943336823
0.8221613055549912,0.07963569722331697,0.07201007483663312,0.01935514589074866,0.006837776494310095
0.9047682080050096,0.03908920653395889,0.0251993874953775,0.024396235673405355,0.006546962292248798
0.8790793642432344,0.051520693860514506,0.04918069372282034,0.015728215141309693,0.004491033032121079
0.7359768097680087,0.12187076980145338,0.08092238177638629,0.049347654244890286,0.011882384409261319
0.9305234574190423,0.022999676344923215,0.03528905513320199,0.008523033682466211,0.0026647774203665026
0.8333015592400185,0.03714416135403178,0.10435286673639325,0.020050832190459642,0.005150580479096939
0.8805257620072149,0.04541689958600675,0.0491481823638439,0.0207417365581859,0.00416741948474867
0.9611278321035924,0.015013500324628207,0.014964181598053228,0.007351380357803772,0.0015431056159223883
0.7900445291687168,0.05137058860275334,0.12863861603811397,0.024361274349886216,0.005584991840529516
0.7260209871698082,0.04232111083277835,0.20042786781399471,0.02546907292217751,0.00576096126124136
0.8054299782013961,0.04352820753616088,0.09935263802122908,0.04357438859729975,0.008114787643914326
0.8140826600650783,0.10592572408158,0.05144099101167729,0.020392284883522474,0.008158339958142042
0.8989033270131959,0.03674006754046575,0.05507540873742228,0.007085819384921054,0.0021953773239949564
0.7597725376780674,0.11148434795535464,0.09897189284769284,0.023688337964050177,0.006082883554834931
0.845558863887173,0.05696856592504112,0.08114682565016314,0.01159152141926602,0.004734223118356743
0.8978670689704576,0.039925291352067634,0.04569650891180694,0.012579563150199303,0.003931567615468628
0.9169735246151504,0.043133547370280176,0.021243727423448943,0.01353152132685936,0.005117679264261109
0.7445701604376428,0.11989343430061963,0.09071641512663642,0.03608253411449586,0.008737456020605426
0.8598276425006786,0.03244318209037487,0.08537975222032915,0.017189467510888793,0.00515995567772845
0.8674758159379324,0.03976650166595496,0.06813392457536349,0.019151912525525967,0.005471845295223324
0.9518378164241972,0.023498817390743797,0.017676536893255473,0.005151392710060215,0.0018354365817432985
0.8464804706992138,0.0614876622297804,0.07306120963087283,0.014354799719493891,0.004615857720639133
0.8417210712247424,0.06354597608091167,0.056280313990201614,0.030944748585869847,0.007507890118274583
0.9019363049695757,0.0614129356614047,0.021782509534211448,0.011554169557110592,0.0033140802776975052
0.9528166977755015,0.01698261429908581,0.020193844235665698,0.008173605639925354,0.00183323804982157
0.8996431300069949,0.04729429011100727,0.034358207679154415,0.014825286538088315,0.00387908566475497
0.8778815119146186,0.057232940316701,0.04051820845277621,0.018216298791110634,0.006151040524793489
0.7653676821145639,0.07037502904072991,0.1288771703582051,0.02717504703665172,0.008205071449849423
0.9410174733412123,0.022364389197858433,0.027886796757297674,0.006281227121202784,0.002450113582428598
0.8911270247158035,0.04275644099262973,0.0444634538860587,0.016658728944706772,0.004994351460801351
0.7936753145143133,0.08229276913455173,0.08830491670462425,0.02875305763706105,0.0069739420094496705
0.8167825560764596,0.07296697212769887,0.08281790471322217,0.022995591339804496,0.0044369757428149945
0.6810573840885485,0.10670620381295018,0.17500594222201182,0.03072551213804495,0.00650495773844435
0.7566652069802213,0.07006575993865641,0.1138606659212698,0.04568117238974253,0.013727194770109866
0.8675206606171387,0.024476186617021115,0.0919205331023788,0.013129525219602431,0.0029530944438590236
0.8049080473771901,0.0365945518457538,0.1280527737396457,0.023949783366209756,0.0064948436712005085
0.8456915978843514,0.030314188655608997,0.09530486855236459,0.022569465021252864,0.006119879886421905
0.4750695538822008,0.23027101702709651,0.23286956984983284,0.0466524692593464,0.015137389981523308
0.7100518965597951,0.11609878298498642,0.14541055867015926,0.021205681369216047,0.007233080415843131
0.8160563058861401,0.04279670095919642,0.11654804683893227,0.01945712083321866,0.005141825482512603
0.8100522354300159,0.09573429759254225,0.06401146624090248,0.02159923682591961,0.00860276391061975
0.9072639764792608,0.04359863272275601,0.028352991984540877,0.015420702841668894,0.005363695971773345
0.9406672744815469,0.028177257934174017,0.017028886330059445,0.008896021829784244,0.005230559424435318
0.9291659828887875,0.033234990939970996,0.018209244654229885,0.010653438594577421,0.0087363429224344
0.8152557800748109,0.07967280584435435,0.05657740523627565,0.03603733037714635,0.012456678467412762
0.9315875119589735,0.03908569481586541,0.014790218315883154,0.010268093528371667,0.004268481380906094
0.9240741207609816,0.038480373238039774,0.021875182251190617,0.011139274814299735,0.004431048935488522
0.8747691488656525,0.05428931572990057,0.04573985791594756,0.019500152444584428,0.005701525043914954
0.8551566392798362,0.05962371448675098,0.06026804935725463,0.019286164555618594,0.005665432320539578
0.7752063868148013,0.10798067558890437,0.08483717752879988,0.0241158613235501,0.007859898743944648
0.9139976606853095,0.030463772245164777,0.04091509820605525,0.011511756096672845,0.0031117127667977165
0.9089521703030176,0.03816772248130647,0.034813154986255104,0.013981012292862492,0.004085939936558407
0.7370798400641453,0.09217685400964461,0.12798435002892336,0.03529458439556684,0.007464371501719654
0.8620898858170418,0.05860734046214079,0.0521398705581131,0.021904499684095566,0.005258403478608709
0.8850173126491212,0.04852152739603743,0.046899481342284104,0.01559576292170332,0.003965915690853878
0.8244263606934727,0.0850860968355096,0.052588414695713875,0.02742482355750228,0.010474304217801541
0.94141522037428,0.024726469087733016,0.0199986502561075,0.010603171953535924,0.003256488328343689
0.7001216373817657,0.07535736186980939,0.18506120671470788,0.0325193643410634,0.006940429692653375
0.7520274024838024,0.08364555987450982,0.13595042512167316,0.020192601803874548,0.008184010716140198
0.6223153882109077,0.22132900949923798,0.1085043196102818,0.03545843513766763,0.012392847541904863
0.8030130016810634,0.09659126163762471,0.0666959278489342,0.024880481368442155,0.008819327463935739
0.8954517836737509,0.04474567196504732,0.03640444114284785,0.016303436561779367,0.00709466665657487
0.9514406815193757,0.010784772151403327,0.02868927038761985,0.006817452352636234,0.002267823588964729
0.798349601859161,0.08570897314579928,0.08366920598266205,0.022887782211167,0.009384436801210561
0.8973703491033839,0.04376517908137539,0.0392645768193232,0.015206987024841684,0.004392907971076331
0.6917130200881308,0.044578677608681304,0.22022071224856238,0.03564166715815533,0.007845922896470098
0.9473658673134114,0.021755063936838386,0.021521106408483606,0.007153920484087826,0.0022040418571787446
0.9166182041306382,0.043003537967222366,0.024600005395781045,0.012009233175794156,0.0037690193305643677
0.9344693385792344,0.03066634056830471,0.022579651239104916,0.008530961926027942,0.0037537076873283065
0.9130839512063152,0.04833130017388317,0.0230770420267553,0.011279196084441993,0.004228510508604067
0.9307771609633745,0.026205569564251595,0.034136784339675486,0.006671177271767422,0.0022093078609310714
0.826496255744344,0.05109342852512755,0.10420131576644008,0.014893080861914357,0.003315919102174106
0.9006447899800936,0.03286907203451525,0.056726191179495455,0.007845355843122919,0.0019145909627729016
0.8544495636166077,0.05067016240978563,0.07205110714824853,0.017303767281391387,0.005525399543966471
0.8758642379592336,0.051233147683779755,0.05216336888094546,0.01670225849417505,0.004036986981866101
0.868642610879253,0.031146225831925816,0.08731919454659251,0.01031273402440448,0.002579234717824059
0.6261530239183348,0.17478435262225123,0.1357315163162007,0.05064624970839087,0.012684857434822325
0.8633642219819554,0.039545832980444694,0.05842877972988801,0.03161910797423883,0.00704205733347312
0.8385269511777882,0.0831735999866725,0.0449751589097179,0.02619747875613707,0.007126811169684141
0.8222720886824503,0.1314286488520929,0.02428317681756528,0.01678901366870481,0.0052270719791868
0.7926411805081441,0.0848963255317916,0.07366259646774234,0.036060383466011606,0.01273951402631038
0.8991059897809045,0.05977302480112107,0.02139565958856484,0.01486166857493968,0.004863657254469913
0.7048213389943295,0.05112604540154904,0.20748194386824437,0.02887482382384588,0.007695847912031278
0.8911028893176013,0.026061511671710152,0.0612291209457471,0.0162256343482561,0.005380843716685405
0.8391051237635632,0.06493345368244807,0.0681598474454986,0.021471723335601562,0.006329851772888721
0.7238489696345973,0.07537712663626792,0.1551782377856753,0.03529261135659545,0.010303054586864032
0.9268512030992824,0.022927885485911084,0.03499439395860373,0.011388768158234025,0.003837749297968641
0.6661641172277523,0.09508269131232618,0.20470794129065825,0.026768697890207676,0.007276552279055546
0.7400924911789982,0.0774766863862672,0.15430667555551916,0.022538097975056712,0.005586048904158699
0.8657620153139025,0.04343661379614363,0.06678529154031357,0.017691980938264833,0.0063240984113752865
0.892878577349964,0.05324536311577184,0.03635066818103021,0.0116243349898552,0.005901056363378529
0.9363970720189072,0.0292084663584402,0.02048911685384143,0.010538591033919782,0.0033667537348912057
0.8581682838207014,0.04159541523535927,0.06992535016149111,0.02224429195515176,0.00806665882729653
0.9567323314479028,0.017192257015020054,0.018490391442128405,0.005168979852295689,0.0024160402426528257
0.8793959901281938,0.028983467878738737,0.07234717391662229,0.015031621490169894,0.0042417465862753245
0.8986651959402139,0.04872950845127395,0.033074361747756485,0.014070356840593537,0.005460577020162253
0.8716008728477853,0.055526713975767215,0.04574133676795104,0.02153850135205776,0.005592575056438708
0.8511261039845662,0.06788186778474402,0.055988024818771506,0.019085996006196516,0.005918007405721685
0.7633274418951768,0.05697606254557411,0.1382519971147482,0.033082180258705754,0.008362318185795262
0.6546890127259472,0.10940887690962404,0.19142166474109262,0.03394928628446684,0.010531159338869283
0.8397516927630383,0.053312341500096665,0.0742337035134339,0.02588577050112108,0.00681649172231012
0.8040318017431585,0.04915063848206012,0.1146710502291821,0.025412917503677437,0.006733592041922172
0.7350196012842997,0.09903280032441113,0.12303863402577056,0.032293689461380615,0.010615274904137826
0.9072465379614305,0.01349918555033119,0.0679533408511502,0.009079774084620794,0.0022211615524676998
0.8304510401378423,0.06525679109459633,0.07406740829476603,0.020170559408121343,0.010054201064674164
0.7798762051537047,0.11411483270989042,0.07233209101285526,0.027470464493765976,0.006206406629783609
0.7525286416572742,0.05306560484524184,0.15976034114031987,0.027917927020591937,0.006727485336572186
0.7998214071045391,0.07123711329136487,0.08983162839549062,0.03172831619859238,0.007381535010013074
0.7124184919394635,0.09700901539934492,0.14304797149098147,0.03837411692608458,0.009150404244125884
0.7765605546984461,0.03987807583851106,0.15769730403462442,0.019957030256883418,0.005907035171534916
0.9386334899027531,0.01468340971947713,0.031983756836259876,0.011728539436869988,0.0029708041046398897
0.9232681453537044,0.01930306551908581,0.04325841460122486,0.011634363907425232,0.0025360106185596558
0.9450773367512111,0.018722027858522106,0.026321568053834368,0.007449607561156621,0.0024294597752761216
0.9200056932974302,0.02293601545239846,0.042294080229894976,0.011350515189324376,0.0034136958309520377
0.7123957377442247,0.06902416246224377,0.168309993249281,0.038800296793770686,0.011469809750479912
0.7516786774586541,0.11944647641575958,0.09841553090858461,0.02268548243237561,0.007773832784626169
0.9615234326333322,0.009040506536536087,0.020295352026260344,0.006569206718144631,0.0025715020857268703
0.8419041690539845,0.06619756537649943,0.06585980483101189,0.01871705959693668,0.007321401141567556
0.9122819339545214,0.03856866789683712,0.036137844214955965,0.010151240315768265,0.0028603136179171764
0.7804312745719147,0.06291302983948174,0.12991018194259493,0.02013832275841836,0.006607190887590261
0.8320550094187866,0.03893962228688772,0.0964129500953356,0.026907883370154883,0.0056845348288350256
0.7786917804897597,0.04042069222525767,0.12045974324930589,0.04661004933797296,0.01381773469770385
0.5799039547441902,0.14043002482468706,0.19567037806552826,0.06760675755176566,0.016388884813828795
0.7201705918505722,0.07302044773290027,0.1494563623674595,0.042840226737237405,0.014512371311830564
0.7296938540846086,0.048907528908044395,0.17141559869580167,0.040515853153778654,0.009467165157766765
0.9321117992463556,0.030596111103869717,0.026885497945733017,0.007725295159256971,0.002681296544784811
0.8500822950539008,0.06354389848970814,0.05511633690952473,0.025269276402222998,0.005988193144643362
0.798395103684185,0.06722626965813033,0.10017344566460086,0.028208091679585715,0.005997089313498161
0.6384338111723351,0.06368889628943172,0.24818080777918733,0.04015976130139924,0.009536723457646648
0.690111257944631,0.07318723503220065,0.18140405489115968,0.045005769186172585,0.01029168294583629
0.7994301425141066,0.07758069502028488,0.09791622392319313,0.01879239128292276,0.006280547259492839
0.6334223937944946,0.08444435572936355,0.24580017715342234,0.02974258247408216,0.006590490848637331
0.7170005898079435,0.089252825607062,0.15405849726561668,0.032004022892708386,0.007684064426669313
0.9145336823054357,0.015431233442315536,0.05256632140373371,0.013842993874214555,0.003625768974300377
0.8477020941414142,0.046284790353234406,0.08221250056894146,0.017486167521516553,0.006314447414893347
0.8100836698877313,0.06277163410633678,0.09265169342246707,0.026408090665694824,0.008084911917769989
0.940740633761865,0.019515740297264418,0.025125625604570496,0.010869728602526735,0.0037482717337733343
0.9036948924977407,0.047940414702903694,0.03129434680628418,0.012570769268414295,0.004499576724657331
0.9354770419133638,0.02969227227653373,0.024265468599463713,0.007950263275929426,0.0026149539347092637
0.8875993033409341,0.04158732391545783,0.05349548073561192,0.011639086832270926,0.005678805175725335
0.9398895994038502,0.02426763636886719,0.02336095517139609,0.009563164181772605,0.002918644874113917
0.8442338508870805,0.07570856429150584,0.058875611360684824,0.016644009683642727,0.004537963777086191
0.8771410678911633,0.0686297999773997,0.03676626734949896,0.012272404836043997,0.005190459945893986
0.9123179623804457,0.033402468170492056,0.032236839457419196,0.017185708742661072,0.004857021248982093
0.7398269577601421,0.10541179196318474,0.11784054959201606,0.02877082175171518,0.008149878932941985
0.7786457023633097,0.08011219850569085,0.10165097291792606,0.030378276330291915,0.00921284988278166
0.9126194652355982,0.03316455411396973,0.03589350035564202,0.014708743879418,0.00361373641537166
0.9385395996675477,0.024005643413873515,0.023992685636859336,0.010557234139733768,0.0029048371419855648
0.8810445755879585,0.06943470722632188,0.03214633646894067,0.013101286737906628,0.004273093978872449
0.9275768673470786,0.02954432843489943,0.03019166725723187,0.009747385684647884,0.002939751276142395
0.8685620052030832,0.04421002140148984,0.07037384924386894,0.013410544751523654,0.0034435794000344903
0.8198246520550562,0.06577228084065981,0.06974308950797407,0.035387304287842994,0.009272673308466902
0.8307159920260101,0.05944180081019361,0.07088838960964419,0.03155187575287331,0.00740194180127893
0.7718579239876817,0.08940993159512266,0.10622536097730571,0.025389584993477318,0.007117198446412575
0.8116851470376394,0.04129240496158361,0.12340358892483697,0.018061964966455284,0.005556894109484912
0.8894842652017795,0.026347077492677822,0.06103975032061053,0.017282778848512752,0.005846128136419347
0.7970564818857944,0.1287649226931586,0.040361268115346904,0.027388596272350043,0.006428731033350071
0.8426998255189259,0.0926077455967949,0.046949531224811804,0.012987456222192759,0.0047554414372747034
0.8412690378280664,0.05695481229666261,0.0709734986827042,0.024749787375658222,0.006052863816908747
0.8739219485666483,0.05508055527777219,0.044014916558161386,0.02029209660001137,0.006690482997406622
0.9006878901561837,0.05763278782480095,0.022954037158007663,0.013154811715222422,0.005570473145785201
0.8805337615708547,0.07468472846290168,0.02641188757948503,0.01162689219191281,0.00674273019484549
0.952799760846417,0.024265066745212588,0.012976448672497863,0.007037169122407869,0.0029215546134647133
0.9140899148843362,0.04818526943753664,0.021233766150831664,0.0109744871889606,0.005516562338334797
0.8650651646278293,0.09070588535232905,0.020733759943549826,0.01728465416754818,0.0062105359087435575
0.892242399624881,0.05858833768117065,0.02939983177874785,0.013572561247875,0.006196869667325187
0.8556599650460653,0.06674863397238177,0.0421838448102007,0.027339705694726418,0.008067850476625595
0.8983088757807064,0.0457948546628915,0.03667315972886431,0.013477519212528507,0.005745590615009179
0.9192535615027821,0.024078669523980887,0.036554678752903254,0.015368204925337895,0.004744885294995728
0.8489810326382331,0.06014972936096393,0.06665445274871887,0.017653239327955515,0.006561545924128484
0.9030477014645316,0.07057690579685741,0.016319426071000898,0.006838931421773596,0.0032170352458362516
0.8469759282239696,0.0520096696286802,0.0718221850854896,0.022633002757209815,0.0065592143046508695
0.7781863498227765,0.09016506414638754,0.09208943350374832,0.030293922573423993,0.009265229953663653
0.7242374241717765,0.06378057986990272,0.18270094351739896,0.023407032864693946,0.005874019576228186
0.8825219072848097,0.05723011452791742,0.03683402723218756,0.017238476335730217,0.006175474619354847
0.8545965694095887,0.0462842864507539,0.07388505383025873,0.020031195319513934,0.00520289498988479
0.8309851084524883,0.04968953223992973,0.10286560009130177,0.011285326850841075,0.005174432365439195
0.6971556732889682,0.03945088897375578,0.2293517591178999,0.0265399890759572,0.0075016895434187715
0.8711014361707516,0.02968879010293646,0.08077725193055105,0.014689323480247232,0.003743198315513704
0.7569759350270501,0.07184510087477061,0.13977279016765393,0.02245466102948589,0.008951512901039153
0.876873022731304,0.043853011869203595,0.06000541941765752,0.014922670545071726,0.004345875436763325
0.9509973067271335,0.021215835195663186,0.01855215636168993,0.007054605072680499,0.00218009664283306
0.8358784522741345,0.05205229631806918,0.07827691989042845,0.02563321618558642,0.00815911533178173
0.887374358212986,0.025841116399701693,0.05731759318669012,0.02370591256448615,0.005761019636135889
0.9318869694290549,0.02754234208978261,0.02675330810512819,0.011097939428275335,0.0027194409477589846
0.8415044007621071,0.061524455052577386,0.0670565131286864,0.022476113410402693,0.0074385176462263445
0.8271515316145476,0.049475671235576286,0.09673720814321772,0.020661980100403536,0.005973608906255032
0.9032387949223942,0.06254074651965309,0.02139579365941435,0.009330147213273441,0.0034945176852649753
0.8266573217048471,0.04318200625088356,0.08516670965514081,0.03358892166500249,0.011405040724126042
0.8087355120322847,0.07146004787362745,0.07732136527989672,0.030871434598839738,0.011611640215351365
0.8452178418272729,0.03034189198136289,0.10210564881368574,0.017212808002634906,0.005121809375043525
0.8182779279902397,0.05062577390992407,0.111548011831053,0.015116850634236983,0.004431435634546096
0.8994163848845321,0.05502578810247619,0.028223865638956142,0.01332821341904852,0.004005747954987068
0.9167539693833641,0.04105775335510655,0.02639227896367569,0.012759552478721929,0.0030364458191319624
0.7580406260407786,0.1162867289858021,0.09623933884612443,0.020441358217424682,0.008991947909870244
0.7729221883615687,0.04252321972757198,0.16098845002196915,0.01770133119350911,0.005864810695381189
0.6452467818857185,0.06335465018174118,0.24527623511209518,0.0367637581171938,0.009358574703251209
0.8885701435356703,0.03992963983845252,0.05432005578425223,0.013680512705295703,0.003499648136329003
0.8370068925531184,0.07703979496933297,0.056539761341090546,0.022283673265985595,0.007129877870472458
0.878830202822684,0.05159090305375366,0.047980036479437306,0.015232086686438658,0.006366770957686322
0.8147387370047241,0.053187553400952395,0.08072929295963248,0.040128583243671086,0.011215833391020034
0.8181358645625487,0.08122955364857806,0.06278850048484266,0.0285822715525149,0.009263809751515565
0.8155771656094281,0.07095530846330175,0.07703188625621005,0.027473365501386664,0.008962274169673544
0.8016940360571658,0.08206446843462875,0.08196774266690365,0.024391413079447186,0.009882339761854552
0.9162406849628927,0.03392745062205396,0.02952275284712165,0.01581169952601309,0.00449741204191854
0.7065052066380584,0.19870488197127026,0.06763199721212125,0.020912426262467594,0.006245487916082865
0.8470497394258419,0.06425439757095262,0.062463335545791504,0.020680710243648794,0.0055518172137649915
0.7401072426953723,0.03479774895309063,0.19563669799531258,0.023214953305555775,0.006243357050668712
0.7544105062770586,0.07387307379479335,0.12416113023200871,0.0368381560404267,0.010717133655712563
0.941875433333456,0.022277906544516956,0.021958513246213295,0.01077486887949749,0.003113277996316467
0.7953960859408975,0.08179478636240557,0.08690649370508836,0.02697439647989797,0.008928237511710664
0.9056131517187822,0.03446253024010352,0.04227334915293122,0.01254856477823095,0.005102404109952211
0.9579973077346656,0.021421373625586677,0.011005280923361465,0.0069513143452534796,0.0026247233711328114
0.9119674301149695,0.05004415415394939,0.02009117805674613,0.013345526886800824,0.004551710787533966
0.8362856379208162,0.06516307060743969,0.0706524647758528,0.022305102141253023,0.005593724554638269
0.7403371485311938,0.10151776349091696,0.12105207951428407,0.028134715751890162,0.008958292711715044
0.782925301638686,0.0704845458154106,0.11272378285563084,0.025081223304782733,0.00878514638548987
0.8714584359428112,0.04145741520900598,0.05801792885113262,0.023376235181307714,0.00568998481574235
0.7171189113906541,0.057985199980085,0.18109766976596978,0.03273161485600668,0.011066604007284483
0.7364597438565688,0.06672046215520859,0.16716095406296672,0.022839694643945085,0.006819145281310845
0.8278255977475661,0.06061680896181761,0.08906080457661944,0.01677010545201784,0.005726683261979018
0.8399907414594695,0.052461439260755145,0.07891939566089132,0.021790225825421283,0.006838197793462601
0.7464281753223545,0.10025423012023556,0.11442742486993664,0.0281427652529346,0.010747404434538853
0.8668700015534326,0.03746098023495326,0.07791169692886422,0.014275887632837499,0.0034814336499122234
0.7866839855702994,0.04369733042070268,0.13736154258684788,0.02379224585815097,0.00846489556399906
0.815301871056401,0.034010038809631334,0.11551971572925933,0.028054520615356147,0.007113853789352357
0.8471153966933407,0.036738928982829995,0.08929753593691413,0.02079146003271551,0.0060566783541995345
0.8325769835916915,0.034483622259995586,0.10861822616760974,0.017528887101944418,0.006792280878758575
0.8922341333239708,0.04468332803769924,0.04149168283932443,0.0155977772884438,0.00599307851056185
0.9214520196953198,0.027671482773669976,0.03584472553357811,0.012027561146823898,0.0030042108506082165
0.8240763619592723,0.04594686495486935,0.09687814756532985,0.024772913847383497,0.008325711673145117
0.7660460550826458,0.058688779053169104,0.1450042681196124,0.02187879356843912,0.008382104176133545
0.7319836254003096,0.14579179312890095,0.08313498105265588,0.02814077035255382,0.010948830065579809
0.7516566515611761,0.0850415040664784,0.1418419369792108,0.014977490582981565,0.006482416810153203
0.8272012747949818,0.09084621331641636,0.05732362823213553,0.016189980484998177,0.00843890317146825
0.7727777447448679,0.1177345474110334,0.06532066387884336,0.031973199999365605,0.012193843965889713
0.8866612437740773,0.03755179191465002,0.05128027198126228,0.01604979558710816,0.0084568967429022
0.9050034782010279,0.025766112724626634,0.05762400759463802,0.008418781141142667,0.003187620338564826
0.925866246479002,0.01982308275969807,0.042178849614976865,0.00957293279445924,0.0025588883518639356
0.8326924095943946,0.0585609908010379,0.08306830712842125,0.020547410242222376,0.005130882233923766
0.8594558898360675,0.031080889483034075,0.08741172348525685,0.015371450650853576,0.006680046544788166
0.7685245726051718,0.06812383392248039,0.12679124520206578,0.028863376631570126,0.007696971638711705
0.9185487390915847,0.04730663630084661,0.02254260578899015,0.008601964387380645,0.003000054431197941
0.8846518534309376,0.058680215445161,0.031854114815014774,0.019009506747446368,0.00580430956144047
0.7502538554851541,0.1065639625237845,0.08658461913957582,0.041031419509981626,0.015566143341503939
0.7828721947412695,0.11252627338509845,0.07664102296063073,0.02050882024073979,0.0074516886722615925
0.8594686581435428,0.032875282430555666,0.09004922159505206,0.013122053494421517,0.004484784336428076
0.9180283336203141,0.030136100305193574,0.034844841216286705,0.011002909945169363,0.005987814913036077
