Delta_Power,Theta_Power,Alpha_Power,Beta_Power,Gamma_Power
0.8584542894231739,0.07726264401264991,0.033802191547620694,0.02405468987110768,0.006426185145447896
0.9549100086996106,0.016686835861711505,0.016910676937425973,0.009126507331471226,0.0023659711697805964
0.9342789290422173,0.031899588489484945,0.016040649941407286,0.014696839130757538,0.0030839933961330367
0.9331155123118476,0.03281374036830697,0.018395090779827716,0.012693752919015285,0.0029819036210025707
0.9474462496641848,0.027693217391232157,0.013428684317723032,0.008994515508011038,0.0024373331188491374
0.8775443739954142,0.04986813160811405,0.037945577344902115,0.030002434359393284,0.0046394826921765985
0.9313281031256193,0.04413369025757012,0.011187101882021296,0.010674458525369275,0.0026766462094199492
0.9414755205708991,0.03341912053827784,0.011655917580622602,0.010693920916718802,0.0027555203934818014
0.9303483169830589,0.047795091255520505,0.009574648229737392,0.00966342388833635,0.002618519643346912
0.9295661113449922,0.02983561602642267,0.023099469956218283,0.014449016901715924,0.003049785770650806
0.9386230204679676,0.02682903586159986,0.01920099948257995,0.012709234869730758,0.0026377093181219795
0.8718157412755102,0.07215044030159476,0.026464011101839546,0.023280782147072656,0.006289025173982745
0.9187699656636216,0.05563720950832531,0.01217294698131395,0.010932095482312583,0.0024877823644265462
0.9347294044632539,0.04097788754591367,0.014019349998828444,0.00808464400348371,0.0021887139885200008
0.8746244537575232,0.0738731060619173,0.021893852466997425,0.025963756440214973,0.003644831273347071
0.8691050303695215,0.07329240666791119,0.02977293299192079,0.02305228813472644,0.0047773418359203625
0.8417168344904691,0.09575731159081954,0.029026445859175513,0.028264275600269322,0.005235132459266563
0.9436322415003259,0.03332243247304397,0.012185473674788274,0.009516789591448485,0.0013430627603931479
0.8381623578154581,0.09124874887000987,0.038075858128951666,0.027885939062972355,0.0046270961226080294
0.93859645756724,0.04202139298318762,0.00975821662183037,0.007927238544681064,0.001696694283060891
0.8748758277643863,0.06841904637782549,0.02460600178307565,0.025829282219837223,0.00626984185487537
0.9413157976466447,0.031254775506367655,0.016203835554594783,0.009026890930903564,0.002198700361489281
0.8887305301234553,0.060296270195991736,0.029278247207590005,0.017271544951587763,0.0044234075213751885
0.93255427476899,0.02868479783569958,0.02175124791853282,0.014178617951421547,0.00283106152535612
0.9331405048804461,0.03516374267861862,0.018959833902865784,0.010869455411023762,0.001866463127045755
0.8982493421909403,0.051170600474518574,0.02884324559735161,0.018164079284021882,0.0035727324531675928
0.9135153117749945,0.05025733808693234,0.0180351490707817,0.015142918114752595,0.0030492829525389175
0.8632089043314467,0.07840149632513206,0.029007090691215057,0.023414925383452957,0.005967583268753216
0.9309732563202987,0.04322819689397439,0.011798860022023508,0.011265348336358965,0.002734338427344492
0.9141884074961175,0.04816379018080171,0.020936609032745822,0.013562867574391041,0.0031483257159439014
0.9027339562966287,0.05078680770305106,0.026925117640613845,0.016503503478156593,0.0030506148815499772
0.8848760550437035,0.0689297732390636,0.028520360135404862,0.013417083948319976,0.004256727633507877
0.9440250330826525,0.027869363375163506,0.014213684906128178,0.011105626815389789,0.0027862918206661893
0.9082374867099341,0.05395058503823308,0.015052057908799182,0.0186727322832066,0.004087138059826876
0.9171235773165306,0.04169965561257803,0.022683784891926632,0.015110583269632664,0.0033823989093320897
0.9513257362795373,0.02998954065814496,0.008167833936755612,0.009232629716206555,0.0012842594093554697
0.9171779520179651,0.038025475107787254,0.01991712243137745,0.020611563390160566,0.004267887052709774
0.9253304086474541,0.043503449682668574,0.015902715973022324,0.013037467292430124,0.0022259584044248873
0.9410659973719029,0.03634245504510564,0.013872936482088824,0.006737522836966879,0.001981088263935707
0.8387061500614542,0.11658814623888498,0.02080696600534343,0.018056070966689108,0.005842666727627923
0.9239545538018614,0.04311622037508459,0.011564391494961659,0.018091276127685168,0.0032735582004069634
0.8745479794655832,0.06148813283387253,0.038159472692385774,0.02135471839545289,0.004449696612705777
0.8918953803805357,0.05246351873862203,0.02921852068092954,0.021211345577948033,0.005211234621965027
0.944498507493714,0.027830613137750065,0.01309595227870242,0.011319292019131268,0.0032556350707021327
0.865112217417589,0.05829477570224656,0.04141920645684162,0.028865089944705213,0.0063087104786177526
0.779457417497635,0.1448063383504391,0.04800428055402169,0.02281924154293428,0.004912722054969795
0.8027706659763718,0.12494739094200592,0.03818834106660965,0.025046928293788892,0.009046673721223843
0.9476426155510718,0.02924242902041824,0.01203246793491898,0.009197979151124538,0.0018845083424662988
0.7922043084262147,0.09482117765892649,0.06219408876859507,0.042906204653773844,0.007874220492489911
0.8842342769252302,0.07525531694293375,0.018248079921881752,0.018050191343823813,0.004212134866130369
0.8462633054577402,0.09009022089182075,0.035969293853985354,0.02265110008998423,0.005026079706469272
0.9390081632120563,0.02740895303122175,0.02022468862534814,0.010483241353860456,0.0028749537775131745
0.8318631685858074,0.0989313991840305,0.03696615423732951,0.02468096655085937,0.0075583114419732
0.9257886815105042,0.05201527895260747,0.01096259272843389,0.009347747287047847,0.0018856995214068134
0.8451645871522208,0.07230438201904431,0.03521404497928743,0.03931679391680654,0.008000191932640913
0.9188593895274417,0.030109225787963722,0.029702695006625826,0.01632795830816749,0.005000731369801269
0.6814931167078884,0.0860319020434298,0.03524285320906181,0.11249353243163375,0.08473859560798638
0.8463747800535214,0.10314407383308688,0.034911349205385696,0.012883970510430933,0.002685826397575322
0.8798936505667908,0.060221997908046346,0.029755861605687384,0.02496014315163867,0.005168346767836647
0.9111424224013065,0.04210864323764768,0.025927944363100603,0.016231264876401835,0.004589725121543367
0.9321292181761095,0.03598625245173374,0.019200366121604858,0.010621595301621803,0.00206256794892999
0.831887764206351,0.07429427888316958,0.04929425202777934,0.03755666527227605,0.006967039610424127
0.8195302651420555,0.11777931018265202,0.0384728273462924,0.019883635739257974,0.0043339615897423495
0.9287000812995582,0.036798956445833024,0.020490253921653278,0.011170113473748054,0.0028405948592074605
0.8549773243642166,0.09395621216104014,0.029248386511956163,0.017646845271922413,0.004171231690864769
0.7708895479238298,0.1264156117581762,0.06143008699593087,0.03415423830910353,0.00711051501295956
0.9076913567629854,0.05229749111274495,0.020810088633937598,0.01589238557612458,0.0033086779142072124
0.9386883287727975,0.030789939503448393,0.013773846556790897,0.013951678698270718,0.002796206468692418
0.8195398729264273,0.11430580534444477,0.027221969299441304,0.033986465767093174,0.004945886662593513
0.9360204996858871,0.031484466443920126,0.013335531842023862,0.016337350313216054,0.0028221517149528896
0.6769951551181709,0.16558124242385855,0.08247901508253463,0.06492237204987114,0.010022215325564708
0.7352755363468555,0.17943254919805973,0.046195854370585106,0.03127952445518559,0.007816535629314166
0.8782240813897287,0.07988115430199831,0.019458991807426787,0.017399404839428676,0.005036367661417469
0.9184726812546488,0.04528463193325778,0.01689269815565452,0.01587485806953441,0.0034751305869042165
0.8596529816734548,0.073771909212469,0.04143692148886252,0.020221420246155277,0.004916767379058204
0.9282139500163121,0.04266387162550748,0.015059828585363543,0.010825561207439074,0.0032367885653778123
0.8961706617324762,0.06155199267319145,0.02285149401975022,0.016686651713261107,0.0027391998613210075
0.8379840930669622,0.09906942950234565,0.02786478798360808,0.028247536318041125,0.006834153129042673
0.948568789842526,0.026888549074983312,0.010645200772759012,0.012020754508748831,0.0018767058009827467
0.7885243416153151,0.14626577049165748,0.03193171252565045,0.027759956379769534,0.005518218987607531
0.8827307891772679,0.06385303904151224,0.031183908815508962,0.018323218023492727,0.00390904494221825
0.8772512877861591,0.0784676045869305,0.024558465875605586,0.01625708214331476,0.0034655596079899687
0.7979784701239462,0.14126591179225556,0.03111294211759022,0.022981291696449562,0.006661384269758526
0.8838123368159067,0.08062047095623544,0.02138278782135284,0.011249953006168495,0.0029344514003364734
0.9140132485552365,0.05199374112358706,0.014577237493169203,0.01618331663699364,0.0032324561910137546
0.8509364146387961,0.09388056413103223,0.03056180952475915,0.02085461973218423,0.003766591973228389
0.9645817309268528,0.01907218530039843,0.007522104830409894,0.006967482013265791,0.00185649692907321
0.9094006093216951,0.04302211391772228,0.019382080602582334,0.0220111918784646,0.006184004279535761
0.9051328515658794,0.04020751717571806,0.02754103637902676,0.023213443500807323,0.0039051513785683875
0.9592310272301418,0.02364093720210007,0.008958889795842482,0.00691171146415877,0.0012574343077569104
0.8647709277281189,0.09180453358032697,0.020585216960512777,0.018022411728635113,0.004816910002406123
0.9085014641099552,0.06882010535665,0.01295554682462584,0.007888249271391801,0.0018346344373769482
0.7492906590947811,0.14851540454069892,0.04231299167428854,0.03845551684573892,0.02142542784449251
0.857247260810663,0.06825551429576296,0.028295023379089807,0.01660620612857962,0.029595995385904888
0.7143663364544565,0.13538243384275256,0.06321427545138474,0.06457775007557792,0.022459204175828154
0.7397583233379625,0.11588627356219758,0.04546701660516625,0.045156953145649194,0.05373143334902423
0.7268738359486063,0.12003282539466759,0.04058285424733643,0.05187043230669117,0.060640052102698544
0.8032414602358756,0.09183668791367372,0.04651251356970679,0.04376533970970616,0.014643998571037677
0.9242194186304465,0.050908604761030374,0.009274986044695413,0.011997864954904321,0.0035991256089231683
0.9095039165167802,0.05722283738163299,0.016503656950192982,0.013856978286614094,0.0029126108647797005
0.8822016176317474,0.053734646446634456,0.03547089295074984,0.0233339659008962,0.005258877069971972
0.8823707314091401,0.0750297545464328,0.02158494457487575,0.017093890207186848,0.003920679262364828
0.9679358607350372,0.017269985255013283,0.008029843190533495,0.005728741669627307,0.0010355691497887548
0.7808470289594164,0.11695059501915775,0.04728757996034573,0.04567443214372115,0.009240363917358847
0.8783714605205541,0.060445615529332766,0.02827790081633202,0.028834937632792962,0.004070085500988199
0.9131832736612647,0.0343575843655026,0.02868412890631257,0.01838439218539672,0.00539062088152368
0.8756641434884267,0.07043320170661964,0.02514550457956718,0.019625628969716438,0.009131521255670056
0.7928596890533787,0.13893188402960327,0.033074106088475504,0.026914033211603478,0.008220287616939222
0.836232792531388,0.1119551865978707,0.019234257656081628,0.02784274893269334,0.004735014281965984
0.8045754194496693,0.13713928374926773,0.02838010999777678,0.02513495196569341,0.004770234837592713
0.8997369617722183,0.058230454937286284,0.016986633940809882,0.02123628550105347,0.0038096638486320267
0.8832461507068028,0.07179972474567448,0.026202698472849697,0.014913738459990883,0.003837687614682206
0.8798059139852321,0.09453089822110432,0.010715040749377076,0.01114906191026633,0.003799085134019947
0.8743245288852265,0.07054461365224045,0.023695494472832812,0.026089894547067415,0.005345468442632771
0.8855211284213186,0.08385254185348967,0.01847280023620131,0.008832951387208415,0.003320578101782256
0.8975402084473625,0.05960243435593486,0.025200205022201574,0.014055401843801555,0.0036017503306995055
0.942653605856096,0.034048119568388206,0.010740777260310889,0.009955178807590809,0.002602318507614203
0.8909957512673321,0.05218380339530043,0.02993221287882849,0.021987784972149448,0.004900447486389703
0.9189168086590952,0.05329759856003614,0.011271794858099687,0.012843441573386452,0.003670356349382602
0.9371664325515943,0.03245796921107481,0.01342019481772923,0.014481060156590042,0.002474343263011817
0.9035646921034377,0.05203870910150986,0.02049176406320274,0.02022941270094358,0.0036754220309058922
0.8352327466547546,0.10346275381516408,0.029268926699315335,0.027125124784459723,0.004910448046306431
0.8683035494900281,0.08226481231834867,0.019196849952237915,0.023777085396491305,0.006457702842894114
0.8554044385377652,0.10189057377480921,0.018495546911045237,0.01970219931484806,0.004507241461532316
0.8953064763951115,0.05270259191761628,0.028893318930295092,0.02011131107411744,0.0029863016828598882
0.9112105701440576,0.03773642821693218,0.025554098473353902,0.022396482444336053,0.003102420721320118
0.9328331754583427,0.04188643303301586,0.016508117902264367,0.00700182472877332,0.001770448877603879
0.8246460078785323,0.0986307859427531,0.04214775692905427,0.02815012252712085,0.006425326722539703
0.9056106495539148,0.06137617091067575,0.018383580688416445,0.011955778552904773,0.002673820294088559
0.8109762545416296,0.11090396216224382,0.040790096131337175,0.030418193716508984,0.0069114934482804626
0.9071320125069472,0.04216043502836242,0.03513744166184399,0.012624621315676609,0.002945489487169937
0.9206958103001935,0.03706265150062121,0.02186187660428306,0.017177207791096428,0.003202453803805701
0.8073709936179024,0.10264780406291384,0.055232877861757984,0.02925951133367511,0.005488813123750534
0.9145285490460999,0.0576480088509931,0.015123219366355148,0.010186724720468419,0.0025134980160832635
0.9177598097973828,0.027950347795289123,0.030805627534632545,0.020152249202479745,0.003331965670215476
0.9268373664690301,0.03540694016380892,0.020486169908236478,0.014285177537209362,0.00298434592171501
0.7490571851557453,0.12474299194177829,0.08082415100577105,0.03896864779968241,0.006407024097022702
0.8695767215011717,0.07088401220724996,0.032297762295138636,0.022969200136829522,0.00427230385961022
0.9522222857227977,0.029171315599213196,0.010468680554616338,0.0068321140007582305,0.0013056041226145966
0.9205418583101559,0.032361889746963454,0.023215993084262743,0.019595164699945326,0.004285094158672395
0.826758803834938,0.09105882841653445,0.04243204480754518,0.03402989891850646,0.005720424022475819
0.6890408925759062,0.20184448580648315,0.05544769608908424,0.04387120561876663,0.009795719909759592
0.9440329295019629,0.025194691739452692,0.021065477666363238,0.007886186291692158,0.0018207148005289955
0.9356567238228775,0.026199859133761168,0.022840138951491923,0.01212014628736362,0.0031831318045057967
0.8332380221984136,0.0823517205955191,0.044928516180049914,0.03178951823281744,0.0076922227931999244
0.8958244769135414,0.05458118619793786,0.027763205763560155,0.01895992420551128,0.0028712069194492392
0.9346070658690466,0.031197890394355995,0.02012356451239149,0.011458436097386619,0.0026130431268191917
0.8274990827758031,0.10312137822845546,0.03811399035489689,0.024538070014843646,0.006727478626000871
0.9230946998333609,0.029724286662172927,0.030158553758837605,0.014570046198924219,0.0024524135467043602
0.8624640505858362,0.060691044135911344,0.04222297182432131,0.029728133509656533,0.004893799944274394
0.8846903938472882,0.040787735879008885,0.04314423272397955,0.026040371231934145,0.005337266317789197
0.846517708983008,0.04626377775986456,0.06473183359438271,0.035696389020634524,0.006790290642110149
0.8427873225085207,0.07544960683713656,0.04515517266267951,0.029454878527840987,0.00715301946382221
0.8831375585810397,0.04310171996231093,0.033771585919187115,0.02712456698119746,0.012864568556264859
0.9323478272106892,0.023228110930030896,0.017784799476250984,0.01618619729379815,0.010453065089230868
0.8316387165507542,0.06649854930093699,0.06560875401479356,0.030854756324220984,0.005399223809294262
0.8721778922819735,0.05831944446656787,0.048017685394517895,0.017241700528209253,0.004243277328731629
0.8563539576425729,0.08374872923049309,0.03624388044994291,0.019282008256715635,0.00437142442027545
0.819422799244767,0.09141226409721939,0.05535779945372353,0.0272049269508001,0.006602210253489962
0.9362915256527001,0.02848838410299073,0.017563811483185175,0.01464249064527964,0.00301378811584432
0.8908450909360659,0.062039990396756256,0.02852235668447901,0.015514220198643461,0.0030783417840552973
0.7851269497228555,0.14821228656992405,0.031101383252451716,0.02966400775648729,0.005895372698281581
0.7665802380334209,0.11392966698851568,0.06885925865947545,0.04438713262121605,0.006243703697372108
0.8889342285006782,0.05297209941019147,0.032226650601737794,0.02230793754704751,0.003559083940345162
0.8796114226754611,0.051484283954602625,0.040608054708731134,0.023181265543446357,0.005114973117758586
0.886047916882752,0.0670681782787869,0.03017691477111285,0.014130067355397239,0.0025769227119510157
0.871283993292339,0.07227908394912798,0.027111055076813113,0.023456324816344992,0.00586954286537472
0.8952194023292566,0.04655756124031117,0.03039450234175062,0.02394551779179539,0.003883016296886072
0.853599613016047,0.050947311716883735,0.05090907978771363,0.036815480085970353,0.0077285153933851465
0.8955459886969986,0.0419875051284741,0.035524833577605226,0.022325560797921886,0.00461611179899992
0.9333185338624188,0.030146103252565424,0.021541499638955085,0.012813127093663501,0.002180736152397114
0.8576482579026127,0.05719958138117792,0.06387143671950486,0.018014539090452263,0.0032661849062521433
0.8494290774631134,0.0845675570650998,0.038851529169550196,0.021914663863667905,0.005237172438568824
0.8743787620179746,0.04443675172754321,0.05177515567342008,0.024226127489399434,0.005183203091662774
0.8812564061528111,0.04813198996053457,0.04459299278839489,0.021969529800472096,0.004049081297787309
0.8185354771265112,0.10051513675780739,0.05252088651496526,0.02398476893636105,0.004443730664355006
0.8614363554094203,0.08731186377619604,0.02938323473056968,0.01775152834987749,0.0041170177339362735
0.9222353710307237,0.03690403839330763,0.024541612458098057,0.013439005851429485,0.0028799722664411198
0.9191146615827572,0.034644595718109114,0.024210346128203167,0.018656952033672656,0.003373444537257713
0.8928226277279226,0.050642484273723296,0.03549018948991482,0.01778857186257621,0.0032561266458630673
0.8464873377109328,0.09475060743366695,0.03263498890709787,0.0213135002121433,0.004813565736159141
0.7697682483295188,0.13441458768768882,0.04768508828835929,0.03805897453890078,0.010073101155532069
0.8428248658511588,0.06363216398043688,0.0580350888473653,0.02956482169669032,0.0059430596243487035
0.9143997451521159,0.03708881743262346,0.0296113391138973,0.016566290352471078,0.0023338079488921812
0.8544329810918294,0.05984333248554015,0.0555880140170145,0.02579584291537422,0.00433982949024181
0.6605784595008278,0.21645306733354033,0.06913603088871209,0.04459992250111996,0.009232519775799558
0.8928232024593781,0.05285075790212448,0.03188306242841075,0.018213785832304024,0.004229191377782728
0.9471613386581983,0.02072152645318636,0.022028501906512808,0.00796705906808129,0.0021215739140212826
0.9257732246365651,0.03572802905604587,0.02182416574128911,0.014140706930666215,0.0025338736354337263
0.8457968707221672,0.08060630894644154,0.041658560589059264,0.027669151791004758,0.004269107951327382
0.7486135201175012,0.13034345370667003,0.07258889923086931,0.03952424594669055,0.008929880998268854
0.8735634292275042,0.04758065055699525,0.04430490005636035,0.029503002995117628,0.005048017164022665
0.8210376291427524,0.08029938355212043,0.061615985990876074,0.03147394675894517,0.005573054555305837
0.8308991291453589,0.08766512754397597,0.05049480493811459,0.02699951261372192,0.003941425758828728
0.8379573334434756,0.11206370014043325,0.029274417206132053,0.016765603403409615,0.003938945806549592
0.837887065749496,0.09734889551486056,0.03327842991997476,0.026806121548925827,0.004679487266742959
0.9342186234457059,0.025196945452199904,0.027811162235346597,0.01022431078094365,0.0025489580858042925
0.9211701214888606,0.03658522172606364,0.022863752950149984,0.016509617174364076,0.0028712866605617336
0.9053567205796949,0.048601499576662606,0.027269353545278294,0.015216692363973178,0.003555733934391197
0.8763699467673252,0.04541341234354704,0.04612575853285097,0.02634475574364055,0.005746126612636101
0.8941671369310263,0.04104194850468486,0.030875930236276605,0.02893122161781672,0.004983762710195284
0.8937337479377413,0.06273962340700624,0.02958170944687295,0.011685959943087788,0.0022589592652919703
0.9018359988441501,0.05063879032327591,0.027220576007637103,0.017425970277610333,0.0028786645473268375
0.9528786786938516,0.018216321605249004,0.017566078999298674,0.009487633219361408,0.0018512874822395845
0.8696592720330413,0.0685453869040659,0.035129805250879366,0.02232978690772562,0.004335748904287819
0.7737161196846233,0.12113330213151205,0.07028756647598124,0.029012526022608714,0.005850485685274773
0.9060431328442539,0.05323052550967987,0.023330240785993363,0.01368075071842004,0.0037153501416529906
0.8583557699027645,0.082357357069701,0.030618724723402123,0.023709660701043946,0.004958487603088439
0.8972553126258193,0.03813462005321254,0.04545932591831019,0.014484012474492833,0.004666728928165134
0.9050168436384456,0.04055024088830322,0.02913720227264648,0.021321364456757322,0.003974348743847276
0.9233686262008031,0.02230766178995617,0.039346966760164304,0.012814302949998432,0.002162442299078124
0.965461813506118,0.012555770310409737,0.014645056185362597,0.006191960873396164,0.00114539912471343
0.9200246768723068,0.03549453045325795,0.021563532562883146,0.017903280753918626,0.005013979357633482
0.825409801459949,0.07889050345712255,0.05362887935970883,0.03533421875483833,0.006736596968381567
0.7999480038891379,0.08612412430671963,0.07399409034603396,0.03317506034106846,0.006758721117039868
0.9441592697890712,0.03015649485244211,0.016322965988188817,0.007441010102289904,0.0019202592680082153
0.8941348916520242,0.031176461101661408,0.04600365791950623,0.023868514358792885,0.004816474968015128
0.8715192804848791,0.05223181105717664,0.04555638243201532,0.026726900936691944,0.003965625089237137
0.8654162837010654,0.06028589507181195,0.04777014058131523,0.022656293811031857,0.0038713868347754607
0.7302572929231309,0.15633396929641666,0.07599714970178696,0.0320661772960658,0.005345410782599699
0.952529014497009,0.020950189450950646,0.01520787135319385,0.010186566827758897,0.001126357871087457
0.9396797481515076,0.027594127745650503,0.019679464453995408,0.011529354277937208,0.0015173053709091004
0.8472181759584562,0.07700235903996344,0.03895355982568681,0.03261620755517504,0.004209697620718631
0.8813404390176581,0.05857341987081002,0.03218035219204974,0.024180727672678006,0.003725061246803995
0.8062060990548167,0.10018676342290221,0.05253885841983404,0.034258600079308914,0.006809679023138362
0.8459626713150197,0.08615861126842207,0.03255724795916991,0.03047824439170268,0.004843225065685662
0.7584911760418426,0.16331402001589926,0.035805948389111726,0.032236368329415066,0.010152487223731313
0.7991316369301932,0.0844817016734441,0.0525302941308598,0.05472336478644321,0.009133002479059849
0.9389489286011131,0.026620548874438082,0.017153829390563775,0.013428670056840975,0.0038480230770442598
0.9237505477813778,0.041447825984527634,0.014859774791891732,0.015386326310182937,0.0045555251320200845
0.9528179595138803,0.027142445626318953,0.009195552539952618,0.009185691004553473,0.00165835131529469
0.909268828857906,0.03625434414225186,0.029013081372992064,0.021534964110368662,0.003928781516481542
0.861503085394303,0.07743095757634533,0.03056851610786086,0.02575092700419393,0.004746513917296975
0.9234634491578049,0.03142721862321759,0.01960488789829885,0.02096212744611603,0.004542316874562669
0.8813720590047948,0.07138493579732995,0.019784868888183333,0.021174176418428444,0.0062839598912636015
0.8972000318447814,0.04896683578408885,0.03204930232193933,0.017431247468577826,0.004352582580612694
0.9170541319930947,0.05366058960835302,0.013088707567711959,0.012733173989230911,0.0034633968416092884
0.8627314951671403,0.07871958587682408,0.03413661463300646,0.019773505049129274,0.004638799273899826
0.8287521665497798,0.09937589208451002,0.04571593306621527,0.02226537925156524,0.0038906290479296638
0.8608477001776274,0.07007633823752563,0.034230845280708584,0.02724294384202673,0.007602172462111806
0.9017296073580443,0.04988319938658067,0.022953915010728944,0.019076157723461343,0.006357120521184728
0.8724330341101159,0.06722306479902773,0.03999581430262324,0.014993596347144023,0.005354490441089204
0.8744420182115495,0.06107608196804099,0.02890733644257725,0.03018172786849247,0.005392835509339789
0.9535075777942774,0.016767330015416994,0.014304753845317238,0.0128072932854973,0.0026130450594909907
0.8759214343573108,0.052942307088306204,0.03971102046244121,0.025908023418010608,0.005517214673931227
0.9716023308288972,0.012641445481881106,0.008622629497633101,0.006061249087241342,0.0010723451043473848
0.8045531499612597,0.11464873613970719,0.04124621554159577,0.03242423969925895,0.007127658658178422
0.8178297402662275,0.11026958328846045,0.042605608722740156,0.0242209846726344,0.005074083049937247
0.8812599599497184,0.07035418051475145,0.025829608595364394,0.01817288024928161,0.00438337069088401
0.8037308782520742,0.08499172537760857,0.0636534480643892,0.04032438365326888,0.0072995646526591235
0.6483620328762023,0.20838399435953936,0.07601059603626685,0.05717116663040851,0.010072210097583021
0.9030720885153473,0.04819939031481586,0.02635926696663751,0.018086074957128977,0.004283179246070318
0.8320380230516855,0.06868869064361503,0.05797158308485066,0.03431286584625236,0.006988837373596604
0.9612281021388374,0.01822802311110337,0.009314131672157683,0.009678997937841462,0.0015507451400603165
0.9766154822820499,0.012754897482620705,0.004911835821314398,0.004725234994484079,0.0009925494195309537
0.8577715550142974,0.06145723949452967,0.05357389952088635,0.022591399296288995,0.004605906673997374
0.955410192580637,0.018380468776101534,0.013318155352862755,0.01096254636556778,0.0019286369248308927
0.9606130437115799,0.024202188674906158,0.005800148672891257,0.007490316178568822,0.0018943027620540805
0.884043547309434,0.05972254588467886,0.029145747333452477,0.021075314460553066,0.006012845011881637
0.8169139446984199,0.08518993672878589,0.05846667534850651,0.028965951033805188,0.010463492190482515
0.9267471570241442,0.02968973673298511,0.02393125062515679,0.01229387921624005,0.007337976401473765
0.8680439074925155,0.06089306443088346,0.032779424381527145,0.023889842480132647,0.014393761214941446
0.8766865443764817,0.07037257749704007,0.026135930459209814,0.022320657475983687,0.004484290191284802
0.9118374433271617,0.0582266897502028,0.01222072408499843,0.014911670127604528,0.0028034727100325276
0.8132231819092368,0.08022392099318973,0.060107376570244384,0.039319833116051806,0.007125687411276898
0.8150229588401093,0.08737402440402686,0.05557363242540594,0.03545338568903738,0.00657599864142035
0.892287260017336,0.044056122487375705,0.029739256662834255,0.026986384086117917,0.006930976746335816
0.5392750067260804,0.33328706259976676,0.07240461306650313,0.04342110396443791,0.011612213643211558
0.9544817038449861,0.025763616014663496,0.009565138745998469,0.008373153585426764,0.001816387808925116
0.8324226395095587,0.06658109598647577,0.06213297151701938,0.031651379772070574,0.007211913214875525
0.904613618589882,0.06200151340999213,0.01449433962480676,0.014665363344841583,0.004225165030477561
0.9325406970553147,0.03280090476419055,0.016779861282808506,0.013273719277624137,0.004604817620062057
0.9258764003193097,0.03996658793832376,0.01708571365714271,0.012965467258479458,0.004105830826744398
0.8082703812367771,0.06728523953342368,0.06016099227837263,0.046956620070264986,0.01732676688116165
0.9394296273532624,0.02626864033895704,0.019061333774664783,0.012515097328473229,0.0027253012046425367
0.7837994903928851,0.08409138730716054,0.06587008255065727,0.05073346430018143,0.015505575449115669
0.8043608961577582,0.12074351299957273,0.03869933486400814,0.02883127143981198,0.007364984538848941
0.9500359709465581,0.02363855418397004,0.012424315914223627,0.010903646899878317,0.0029975120553701797
0.929477916028729,0.032085552719826285,0.02321875313624583,0.011696047331893587,0.0035217307833050543
0.8373488901223299,0.08276808511732575,0.03551310355404631,0.03578242874300539,0.008587492463292547
0.940120749170656,0.039178876608181416,0.008873852391012819,0.008875575475223253,0.002950946354926601
0.9276395762582527,0.0511661949413325,0.011185139279999416,0.007239512777845824,0.0027695767425699137
0.8585634676191213,0.08093723456220459,0.0329898599382073,0.019722384924916663,0.0077870529555502735
0.9131475922322523,0.04674632328004737,0.020378191426171182,0.013667443069556076,0.006060449991973021
0.836313031890707,0.08437472458519807,0.039690145395319676,0.023412229941070464,0.016209868187704604
0.8597023655657856,0.09385272118764071,0.023040606075505617,0.01997528477123138,0.0034290223998367617
0.8577208354574091,0.0724639630194911,0.03302849397213323,0.026605919158636363,0.010180788392330185
0.8950720673201494,0.04952613053756315,0.022788074366640404,0.02081321369549138,0.011800514080155478
0.9519104162026637,0.01920719440355205,0.012609400936413828,0.011100396183420362,0.005172592273950298
0.8943957949454411,0.04625714673945522,0.031828937383470764,0.021994911864005685,0.005523209067627051
0.9327286947712204,0.033127443729207944,0.015169590179059576,0.01560401636276105,0.003370254957750976
0.905353958344766,0.053956553432057595,0.019240011782343285,0.01647807493735483,0.004971401503478354
0.7705253680662532,0.1550337716372111,0.034704363391335244,0.030708156547869837,0.009028340357330673
0.931114312444614,0.03843217022053531,0.013561002783283012,0.013063645983980564,0.0038288685675871123
0.9123473324864075,0.049159787727297365,0.012595844574695963,0.02204643065550077,0.0038506045560982977
0.8546701994291628,0.08635387825669094,0.020874549688039576,0.028303802661893473,0.009797569964212983
0.8521395593383063,0.08184007797781306,0.03368479948070512,0.023546851701782306,0.008788711501393204
0.8401476747615423,0.10577414008511582,0.02630913169211053,0.02204637555768036,0.005722677903550831
0.7845113874016837,0.107214988502169,0.05554872185407763,0.047962419160591886,0.00476248308147801
0.8758586668069801,0.05315258268756997,0.03631225276553103,0.03008141477750839,0.004595082962410626
0.934428049293394,0.030699430994216848,0.017766335290798477,0.012810498856541484,0.004295685565049292
0.9012181704172066,0.047699211735167835,0.02359393216278318,0.022702906231696837,0.004785779453145596
0.8464139207157875,0.08367900714562464,0.026577854689659595,0.037029267697343334,0.006299949751584943
0.9396630727743467,0.026407981901511602,0.015807270055534412,0.015175990868284004,0.0029456844003234606
0.8398385734868337,0.06057410819723746,0.01656334087353196,0.04688744933757273,0.03613652810482426
0.9122224290306783,0.03391917351672532,0.023528573818587053,0.02039445910535752,0.00993536452865178
0.923586209207789,0.047449261157397095,0.014556462344423924,0.011506838174946769,0.0029012291154432088
0.7842061836607055,0.1308318968787141,0.033874393783916656,0.03974948489779638,0.011338040778867436
0.9234617852599857,0.04473437385148614,0.015790523394308704,0.011582045571744389,0.004431271922475346
0.8390662301167106,0.10665359535806138,0.02339539946868942,0.024035250277234497,0.006849524779304253
0.9410185637731762,0.034201166871448786,0.01164886134986454,0.010305368551650703,0.002826039453859537
0.8868267694825399,0.06467038101522163,0.02103248807021537,0.02109291577830042,0.006377445653722795
0.9377248628617695,0.03979558940837744,0.010564675678644686,0.008706904072691608,0.0032079679785166097
0.853831134059837,0.09590011958828916,0.02036243005110932,0.02296735525424718,0.006938961046517313
0.8652684749088385,0.08163333529693771,0.025016173192365477,0.021753550566987193,0.006328466034870874
0.9178239748447927,0.0324926880954582,0.028740160407579193,0.016939746727370263,0.0040034299247994854
0.79456735469211,0.12264155287135727,0.030974974152758274,0.03990982159484566,0.011906296688928295
0.8688556354934263,0.07824885886397454,0.02656098640367173,0.02042265231300654,0.005911866925920798
0.8860484975064039,0.06547437741203624,0.020320979569504963,0.023404417116461244,0.004751728395593778
0.9128128595197793,0.04721356523531114,0.018931595839780258,0.015861409941756,0.005180569463373356
0.8943527122027257,0.04926829061643389,0.02379663804218376,0.025659843440071807,0.006922515698584833
0.8871612234298208,0.06914110383667664,0.021971503986189418,0.01771391926421635,0.004012249483096767
0.8517453025820837,0.08801033594587697,0.037940927317201646,0.015749145582368,0.006554288572469873
0.8681206261002217,0.06864664752547413,0.037691138922339294,0.020815219195500903,0.004726368256463947
0.9032334577660606,0.05743583483371172,0.017044004191211763,0.017520540381431346,0.0047661628275846735
0.8966431649681836,0.06569840501825694,0.016218871097279753,0.017167630641841035,0.004271928274438767
0.9244825912873678,0.03317866230330073,0.02310218007489397,0.014797181117264663,0.00443938521717277
0.7579836505728776,0.14237016122484178,0.041833712534529666,0.04649924355166518,0.011313232116085814
0.8795684494480325,0.05465434434198344,0.034154485525812024,0.026853157247502434,0.004769563436669533
0.9385673031851742,0.025147931396393538,0.021889828768707282,0.0106455797698512,0.0037493568798737877
0.9650452593570545,0.01819227549977895,0.005437877342813869,0.00847712145505602,0.002847466345296619
0.9275989735684067,0.023494772412453492,0.02475328674450145,0.018263538670959974,0.00588942860367853
0.8822626823029533,0.060166636685556225,0.03180595634862727,0.021398103625864334,0.004366621036998626
0.9165579348349302,0.0453345218840546,0.022741054096626304,0.01150612987799285,0.0038603593063958573
0.9063874601331164,0.037401053289856524,0.02923987011109048,0.020981478147723973,0.0059901383182127356
0.9382131533705413,0.023333322343095216,0.015893108730018222,0.018392181956104536,0.00416823360024064
0.8719801639975845,0.060863368566002926,0.02901653323231992,0.02928117742126218,0.008858756782830607
0.8770319563185998,0.07430551846318408,0.019873562763626465,0.020523042115612594,0.008265920338977321
0.9410757642094455,0.026236385210546817,0.01101308525383141,0.016499521141528938,0.005175244184647519
0.8654387950349913,0.09280635644787306,0.014607806765059265,0.021486284013585745,0.0056607577384904136
0.8296337892283393,0.09861155772029198,0.03697858118562355,0.02514769428109551,0.009628377584649994
0.8326148318988561,0.11297843306508842,0.026842405442477194,0.020883188142752484,0.006681141450825891
0.8960423114189602,0.05226197782504431,0.027237554650562004,0.017481115306557923,0.006977040798875499
0.8955498138391875,0.06426849110810762,0.01860376772194191,0.01625691408560555,0.0053210132451573106
0.8325520346895037,0.08035792929413914,0.04705202001830156,0.03179654129095815,0.008241474707097612
0.9079972967216765,0.05031949024791672,0.021286253193735442,0.015992137989861478,0.004404821846809917
0.6927925325707739,0.2455093837299898,0.02771797346795476,0.023435695436066235,0.010544414795215095
0.934474462448065,0.03977785484769236,0.012776573142604804,0.00871067806959508,0.00426043149204275
0.8507629369038743,0.09293457776274223,0.02798451749528058,0.02202281130908563,0.006295156529017268
0.8685357623986719,0.07222049816358789,0.018199913338515412,0.026021240976090328,0.01502258512313442
0.8595655595910107,0.08907276828777966,0.028434465005569422,0.01780134465841808,0.00512586245722201
0.720376410968311,0.17124615035558216,0.04615995179802158,0.04894945314338285,0.0132680337347023
0.8921660790245197,0.05913284614648999,0.02420475194083087,0.02021046582194867,0.0042858570662107276
0.8927243950001131,0.06300393121831686,0.025391815198813072,0.013742790524230067,0.005137068058526884
0.7596060056380863,0.1450520303945816,0.048398237657513984,0.03569453790828653,0.01124918840153162
0.807166348004841,0.09875306116448967,0.049781086140814196,0.03363105686377359,0.010668447826081413
0.9041381781702835,0.03813372893756266,0.03126160317351985,0.021027438112794245,0.005439051605839513
0.9498304648176399,0.01908500261110426,0.020014406732214596,0.007067545344468165,0.004002580494573147
0.9552455062994926,0.027650177123509933,0.00697341782461872,0.007892653400519603,0.002238245351859056
0.8711853122193925,0.05655781094022832,0.03214120039847979,0.03265693210743742,0.0074587443344618755
0.891207923143856,0.06457803000121848,0.018103879751912653,0.022353048235918105,0.0037571188670947357
0.8809004285274974,0.05802370986313406,0.02887096356971091,0.02555146579830107,0.006653432241356549
0.8979102232873756,0.044572742956247594,0.028335062432720118,0.02402194515349004,0.005160026170166665
0.8990667789440402,0.04983925396999186,0.023559658050015562,0.021893031894559285,0.005641277141393065
0.9130444435978391,0.04465387208611286,0.02067632501237241,0.015165223876295392,0.006460135427380273
0.9581893459970102,0.01976970274861215,0.010194202388956707,0.009323176365096168,0.0025235725003247152
0.9160119183555476,0.04274161226762001,0.017278625991196245,0.018661927981823073,0.005305915403813118
0.8688233898027334,0.055017472196498746,0.04253648918388504,0.024387267437427595,0.009235381379455067
0.920460976290986,0.05087276499161855,0.015979800439647293,0.009568634674761461,0.0031178236029868085
0.8452920436663529,0.10748693860282789,0.018360513127931515,0.022565750234888486,0.006294754367999365
0.9440557576135936,0.029155436526945622,0.01399456769352109,0.010097443774713789,0.0026967943912257018
0.9094463376375971,0.05251439174970701,0.021389314527751238,0.012119815480757159,0.004530140604187537
0.9668086188360977,0.01871393170905257,0.008870165100289025,0.003929827417096438,0.0016774569374643279
0.8210840965266583,0.1386182282218078,0.022230751242755795,0.013297542898838227,0.004769381109940045
0.8170909237093886,0.11368349307544008,0.03919526881122602,0.022888347048457616,0.0071419673554875725
0.8717466634010499,0.07883337813652419,0.023547447269742602,0.018946617587439575,0.006925893605243721
0.9043477744619778,0.06387137106761248,0.016238389593075057,0.009198207365673368,0.006344257511661204
0.924821195620041,0.03600262100950553,0.014567048863537789,0.016202241101674852,0.008406893405241079
0.9261932798274944,0.02710143498880945,0.027657234272772203,0.015263254638414431,0.0037847962725093766
0.8023220316372205,0.11622205515777567,0.046756824079318526,0.02702112569179692,0.007677963433888297
0.8493219359472709,0.06980532634700617,0.040981605347680625,0.030252126456251385,0.0096390059017909
0.8571868974912873,0.09769880736194182,0.02238568531719471,0.01780682582965063,0.004921783999925727
0.9270233022303755,0.04544732771449656,0.012595335366494004,0.012211532050697483,0.002722502637936286
0.8989155181817485,0.0735651627962675,0.015312252777738535,0.008773561953127462,0.0034335042911182185
0.8716745621533826,0.07923653973896312,0.022972342271436113,0.0191444131922242,0.006972142643994174
0.9187442435395762,0.047195257499752896,0.018772302485052867,0.010553674002480192,0.004734522473138219
0.9333389101572983,0.036510084021382436,0.014420018916307623,0.011048694361116055,0.00468229254389546
0.8674768170616679,0.07924655232801997,0.024666518061127858,0.02337489936387597,0.005235213185308239
0.8131252689703476,0.1251479041877068,0.03189296082387956,0.022712199187928005,0.007121666830138068
0.9216329580549711,0.05163868250853313,0.01316771326338952,0.009837924887937258,0.0037227212851691184
0.9448431869186411,0.026393954340242935,0.014351028617047826,0.011214660435891642,0.0031971696881765714
0.8952201632752521,0.056218584506581876,0.022539468984694697,0.020702698578303595,0.005319084655167752
0.9212383024130144,0.03350583102321285,0.021821212801502107,0.019445251122920875,0.003989402639349882
0.8280399342714477,0.08572715120921938,0.0516255970741646,0.025301407743408166,0.009305909701760238
