Delta_Power,Theta_Power,Alpha_Power,Beta_Power,Gamma_Power
0.8502629336332288,0.07769615451176358,0.03297330940904893,0.02217763445539947,0.01688996799055928
0.8955611325617496,0.036308498284257223,0.027493256228525338,0.014169011698995135,0.02646810122647285
0.9443785890202517,0.02506503325391775,0.012633389087093497,0.009345161955891206,0.008577826682845801
0.9303700330491403,0.036311091497777996,0.016042620350920116,0.009672211999684448,0.007604043102477079
0.9211868271355413,0.027941440223870125,0.018676858495659504,0.018379329933082375,0.01381554421184678
0.8814241090563374,0.06664195936827731,0.019494689381787653,0.016227871894431048,0.01621137029916633
0.9121813327741912,0.05558112659872064,0.010176589284265066,0.011867501578879554,0.010193449763943405
0.8430606061511002,0.10485974088226402,0.012299386607332066,0.022217822228113106,0.017562444131190843
0.8925527386004546,0.07251378456707021,0.01642331744497681,0.010221819201895018,0.00828834018560347
0.8918562323206055,0.06581735201832822,0.022245003968495086,0.008963131377646988,0.011118280314924293
0.9322723516244364,0.03471469689226762,0.015076624764057002,0.008883712744845847,0.009052613974392902
0.8939975135717048,0.03508413081205676,0.03824989520820986,0.018936706863940563,0.013731753544088315
0.93479983035481,0.028307875091782432,0.013897751227337447,0.013037444152666292,0.009957099173403641
0.8729865591702584,0.08937267073289026,0.018512571246503018,0.010491243715582436,0.008636955134765664
0.8321139131401554,0.06267156615543337,0.0525072938919363,0.027516397018707568,0.02519082979376745
0.9168691829233225,0.055373599352082414,0.007479438346531972,0.01066910377733078,0.00960867560073218
0.9292521292909154,0.046358352932783856,0.008956347634233473,0.007630360594981403,0.007802809547086015
0.94155706403246,0.033576519449522835,0.01064474198434206,0.007301743975161168,0.006919930558513896
0.9042472765706462,0.064305340583722,0.009286425359823795,0.00998699218378813,0.01217396530202004
0.8980576683973334,0.05250605768086624,0.01626696220875778,0.02015291269452137,0.013016399018521403
0.8229032260163227,0.09301714838991926,0.03245076622455801,0.02742819487219639,0.02420066449700352
0.937991922223621,0.023710222383834235,0.013168162418180454,0.010637174620484618,0.01449251835387961
0.8003552505586122,0.09583718873051718,0.06917095979209871,0.016756982018780037,0.017879618899991935
0.5861188145453362,0.13600402680134047,0.21447894369591097,0.03398202929452201,0.029416185662890358
0.80873314585995,0.06373229155119094,0.09520314369688491,0.018712935879667436,0.013618483012306433
0.8838844641968109,0.04560424864875892,0.037842219851898326,0.015442600282311135,0.01722646702022078
0.9069327860424526,0.04612918394181278,0.022376804440932048,0.01349125052889323,0.011069975045909293
0.9303874934445218,0.03935036581311592,0.012853631232964504,0.008341614384881754,0.00906689512451601
0.8949798686665208,0.06216287946130688,0.01674450179205657,0.013384085934729364,0.012728664145386523
0.8177561221526904,0.11488523581758138,0.029264804733969804,0.01688645033320816,0.02120738696255008
0.893481871863778,0.0464065083638201,0.03226057072802965,0.011870018249846258,0.015981030794526015
0.8619362502964428,0.08457709927619303,0.020758807791251704,0.015174120142853863,0.017553722493258435
0.9199828274999661,0.04547620888793867,0.01697700126885972,0.007952450181619292,0.009611512161615984
0.9251973615532594,0.028914896779671375,0.01934471871165578,0.012704022050606978,0.013839000904806617
0.9040750575649833,0.05781292302199646,0.012191078376616636,0.012016454663414304,0.013904486372989331
0.9555091635524635,0.026478403311715155,0.007455637611323967,0.006293485079092595,0.00426331044540465
0.8810303048083201,0.06922602574748359,0.019668713457977938,0.01788231409912091,0.012192641887097492
0.892186866042741,0.060818768551892444,0.01965983883513263,0.01523797463258382,0.012096551937650222
0.9178421651682203,0.044925361700493695,0.014654368083764498,0.012812658564570065,0.00976544648295151
0.9376644998378467,0.03620185573573852,0.008605629579552349,0.012359872486326813,0.005168142360535397
0.8971381811928445,0.06013048565371316,0.024334842736796054,0.011782174004654603,0.006614316411991627
0.8869995421017056,0.0639916094400981,0.016882535717431486,0.017945047249049908,0.014181265491714654
0.8143277018000582,0.10479977519844273,0.02845542944816555,0.01770891863155399,0.03470817492177942
0.8332607811175844,0.09454011427689753,0.034657923660015306,0.01912444499895077,0.01841673594655197
0.8531781763334831,0.08663036260118887,0.02770091843881497,0.01791232794811173,0.01457821467840127
0.7709607528178519,0.09214888388985257,0.06676074626142688,0.03681580787546644,0.033313809155402
0.9138291978930396,0.05249909185175426,0.013429199542561795,0.011072804619004216,0.009169706093640323
0.9057672547671739,0.05122891689057425,0.018238363404425143,0.015037756507122689,0.009727708430704012
0.8891110125376882,0.06385869795428142,0.017429500536091852,0.014451316512324933,0.01514947245961389
0.9563988584290891,0.02689932750379264,0.006088826036805784,0.007635239652543446,0.0029777483777688337
0.9331929405247731,0.04321343225744289,0.011557588465799979,0.008077149619932795,0.003958889132051084
0.9690807158369344,0.01919496911405596,0.0069998684575674,0.0033276579206324916,0.0013967886708096415
0.9371164083876988,0.03850898073953237,0.01161871319525382,0.00777540301516851,0.004980494662346553
0.8641676363336632,0.089741199227513,0.027708378563130465,0.012165972597778562,0.006216813277914981
0.8549469624880608,0.09564732076221477,0.01841857734280235,0.02262064025391588,0.008366499153006243
0.9167423330153386,0.04746094869623029,0.02088277876675953,0.009492759508454044,0.00542118001321738
0.8969727012552072,0.05830500818829142,0.026140661195439747,0.01292234445594424,0.005659284905117364
0.901918664559802,0.04660172742562669,0.03265924097066915,0.012352266231684722,0.006468100812217673
0.8715072699268985,0.0752500697213454,0.03526817047574874,0.010899654448067033,0.007074835427940405
0.8683623348778072,0.04296526004653542,0.07137183052738079,0.011554504421861775,0.005746070126414829
0.8916450946458188,0.04739673566426851,0.05053219044277736,0.00678570094228875,0.003640278304846548
0.938987471078678,0.02939951473211831,0.02079170400075354,0.0070256098199253944,0.0037957003685249536
0.9406812449375486,0.028739065707046204,0.018153817849121973,0.00957026850853715,0.002855602997745849
0.9595283664390948,0.017121078919429555,0.01605346504764965,0.005134209005714616,0.002162880588111412
0.9019302117073597,0.05839879138082361,0.02135385701097888,0.011752345771063408,0.006564794129774293
0.9354155166515395,0.03183171436123313,0.015096911428907912,0.012325161238290546,0.0053306963200289385
0.8803950749698991,0.08212395825119077,0.018404812474782133,0.013039989585042974,0.00603616471908481
0.8709202616703531,0.05485314555999673,0.05864875896878093,0.009925408318888324,0.005652425481980869
0.8921495403839862,0.05838898900759687,0.03152616412469937,0.0111962409767797,0.006739065506937897
0.8491520197004019,0.09467596307916343,0.03083101126591675,0.01616598185282085,0.009175024101697281
0.9412052074429739,0.0271380395021011,0.014122554865903402,0.012056554167641832,0.005477644021379734
0.7650609193642594,0.12261528363156796,0.05024478704225739,0.04407374876373048,0.01800526119818495
0.8963772988788892,0.06348482735356402,0.01803376920064243,0.013641343673063246,0.008462760893841433
0.8941797483771566,0.0651266311080859,0.02021976259762023,0.014413659769719818,0.006060198147417466
0.8829843904981991,0.06911096486371412,0.024111522947515875,0.018926280085196742,0.004866841605374254
0.9448820630518666,0.029002384277610004,0.013367391446006804,0.008236399569236313,0.004511761655280215
0.867504519710142,0.0839865127166534,0.027103861191738365,0.014798824748663009,0.006606281632803191
0.8636572511450291,0.09507621065497732,0.01905783038678572,0.01411597792454363,0.008092729888664265
0.9211822996600166,0.030570943841908983,0.02547043937826586,0.01580663147726178,0.006969685642546769
0.9120578076433606,0.047592575272616004,0.02849448751656226,0.00821532508728031,0.0036398044801807796
0.8869538225232868,0.061020075097565886,0.03557956488881598,0.010618828912802164,0.005827708577529315
0.9483025882283831,0.02304570315885109,0.01059540936738629,0.010994227549439097,0.007062071695940501
0.9032407998565541,0.03978881841280083,0.02506465203241278,0.014952507765544926,0.016953221932687203
0.8880785964538601,0.05033601119396376,0.01451182387267578,0.015174992299962551,0.031898576179537806
0.7685558005496108,0.17320926370182946,0.03505918907356425,0.012521593112815903,0.010654153562179313
0.9032115384657449,0.03029217111498009,0.01070337206798079,0.018299885723425675,0.03749303262786857
0.8764759026457721,0.04086327947053165,0.025102971958436304,0.025111229065688526,0.032446616859571425
0.8187474613775151,0.11722451222616759,0.04030691898099354,0.0155089771167501,0.008212130298573721
0.8271376220503254,0.07863246265649604,0.06573931687044844,0.01993992192684735,0.008550676495882802
0.932341852288724,0.027454257518451045,0.013977242651112694,0.01386118301510823,0.012365464526603928
0.8951368771503312,0.0737611692962442,0.01000310267283355,0.011908868579568481,0.009189982301022675
0.9523497575899638,0.026557911376507107,0.011516990531528942,0.00570171999554834,0.0038736205064517585
0.8166146576145001,0.11811964815013103,0.03886974745065054,0.017719862787507673,0.008676083997210688
0.9127366413475002,0.046849361462213066,0.023446063573257365,0.011943931733814235,0.005024001883215162
0.9178456069471767,0.04367909354478363,0.019897422418882985,0.013895356647267374,0.0046825204418895275
0.9087458973198917,0.0578222271580356,0.01803871632582031,0.010461835910455877,0.004931323285796333
0.8274388528640826,0.07661100173318948,0.07132608858337444,0.01591194563430353,0.008712111185050109
0.7090472886984713,0.13598302141885213,0.13123761424759475,0.01647673487726444,0.007255340757817482
0.8860616331830317,0.06269737411839917,0.038108679645689585,0.00800506693764578,0.005127246115233879
0.8404251702427521,0.10047861764539077,0.033742164950484974,0.01758088480599041,0.007773162355381831
0.9401391289314566,0.015463089989449516,0.03448621224850671,0.007010119443851998,0.0029014493867350146
0.9084063863048716,0.02954863370265384,0.04206649067074076,0.014231206454803753,0.00574728286693002
0.9512122339833069,0.02577856136358342,0.013307602920131063,0.007478408759792773,0.00222319297318589
0.9113054958919511,0.048302259139781874,0.0247382499684342,0.01120085332680035,0.0044531416730324205
0.8962127299855241,0.05755322340003445,0.027137404215630632,0.012941093845032376,0.006155548553778585
0.7844344361910673,0.12994411875782336,0.04893739381135933,0.023567073494103436,0.013116977745646692
0.8892174476826623,0.0695731549582828,0.025615348635723748,0.00993840206061116,0.005655646662720005
0.9075774893790421,0.05239166442470773,0.02301058350187657,0.011356440577735822,0.0056638221166379
0.9497953553256948,0.02557939082096951,0.015715732161235667,0.005832829090303086,0.00307669260179698
0.9599421531255279,0.02499515768420963,0.007150629144094199,0.004795014847105713,0.003117045199062734
0.8761109878130895,0.09236717356221752,0.01725356506148037,0.009405165510854513,0.004863108052358242
0.9028240094464195,0.06557594303603105,0.020806644604773137,0.007658137310917654,0.003135265601858769
0.8798962264054083,0.08066373729162467,0.026592542262269626,0.00904276485756382,0.003804729183133756
0.9025864573050598,0.055500740666492646,0.027843251896955336,0.00991828225278318,0.004151267878708952
0.8923942020516441,0.03929794516629671,0.054556399941598985,0.00864304773738529,0.005108405103074664
0.9378064576815046,0.03531327829830354,0.019072099372401636,0.004464169021682169,0.0033439956261080666
0.9101091459837892,0.03413454259546651,0.04189361852746986,0.008172868738432041,0.005689824154842353
0.8649698899381065,0.07399032295331913,0.04046596481031626,0.01284702402597606,0.00772679827228219
0.9474816655339504,0.02267356349064086,0.016128852043484347,0.00918725064984741,0.004528668282076959
0.9582650519208635,0.025636125192382484,0.008370034205178142,0.004477702749802234,0.0032510859317734547
0.9552268322250513,0.024794694535043852,0.011148147907837108,0.006269580663685117,0.0025607446683826485
0.8407525080273194,0.08630956430401263,0.052636201819787745,0.013853960061345377,0.006447765787535015
0.8930573170469772,0.03896985676042548,0.05552629589136444,0.009642761019436156,0.0028037692817967108
0.9171524615269397,0.03834701377038984,0.025443810328679924,0.010180798408264833,0.008875915965725878
0.9103535946556501,0.038780306232948536,0.034080512198481176,0.009719997513018712,0.007065589399901251
0.9204506928526205,0.03752596134222957,0.0211687022426511,0.012349195494470359,0.008505448068028639
0.9435433676831643,0.027195545838719175,0.015219143642761104,0.008226634130537652,0.005815308704817839
0.9214825716301372,0.04001971172785115,0.023507399786927237,0.010110149247948735,0.004880167607135603
0.9221501253768106,0.03273756094718934,0.016789219143594287,0.012430442463143813,0.01589265206926214
0.841757739045622,0.059374780574942145,0.07058941497411599,0.018336584642904722,0.009941480762414972
0.7393187406537667,0.18451901794449516,0.03961424287889356,0.0240633310669129,0.012484667455931903
0.8190260389053837,0.09565329959957565,0.03845657882618759,0.02265114496570604,0.024212937703146906
0.8679059901542239,0.07446524086308752,0.04192405004619477,0.009952699843737202,0.0057520190927567725
0.9089875727276993,0.035001717059298304,0.041645818932992316,0.009655228973919183,0.004709662306090801
0.8438846370690108,0.09933136886636312,0.03992179452087592,0.009978221585127768,0.006883977958622227
0.8557565699356914,0.07640955453666258,0.043294198507033047,0.015539669405544956,0.009000007615068133
0.8941355342774415,0.07797223219588009,0.011620368594261226,0.010208228665864821,0.006063636266552482
0.9437511999605113,0.024609016163345685,0.014935106824610397,0.010852991608741275,0.005851685442791149
0.8587065720008652,0.08225588792311511,0.028386624233278455,0.01977533156524875,0.010875584277492587
0.9380375414748668,0.034949469111128895,0.017217211935006613,0.0057560814987067605,0.004039695980291074
0.8734883223326114,0.07977855067927618,0.020237522841920357,0.017680601361255183,0.008815002784936878
0.9579253998002737,0.026075512961566464,0.005860339877889277,0.006822621334401234,0.003316126025869064
0.8475428662424357,0.08798958858933772,0.04371611815827973,0.013767746110473687,0.006983680899473342
0.9722149289346431,0.019646577878019336,0.002796803633271582,0.0036643638310721446,0.0016773257229937236
0.8860576235590212,0.05748207760422768,0.037222265312000395,0.01319194272436912,0.006046090800381666
0.8162628311465644,0.11917977882696525,0.03972004026840367,0.017599489325105234,0.007237860432961362
0.9518542237496026,0.03045670499220283,0.009899186525855514,0.0037253007850098865,0.004064583947329185
0.9011366263862527,0.06211365633728634,0.016567408469212515,0.01356790789364106,0.006614400913607325
0.9043447728413067,0.056693759544630164,0.02253851997411679,0.009166950054006176,0.007255997585940532
0.9452211735565945,0.030966380440613457,0.0128054909040103,0.006967358353456148,0.004039596745325685
0.9239558878294895,0.03504592825042777,0.02472585230654172,0.011379666287170928,0.004892665326370005
0.8968747150783553,0.04981319918629868,0.03740246625472576,0.0104933606637832,0.005416258816837069
0.9334975916773165,0.023985122200985243,0.03174677634132218,0.007236307460078372,0.003534202320297677
0.9223897713006419,0.028735569733909862,0.03788016776479225,0.007503593379608901,0.0034908978210469654
0.8632404175308814,0.04832322861370959,0.05726121705300465,0.02359585789878091,0.0075792789036233255
0.7499741530623311,0.10306248668710133,0.12099583026103769,0.018833540150936093,0.007133989838593716
0.8629601363214864,0.05712471036212539,0.05863325122666342,0.013151951830285096,0.008129950259439684
0.9262889764486539,0.03897057269748979,0.020973393748517033,0.009764615781553273,0.004002441323785887
0.9382570422340937,0.03442232238759353,0.017303286799281514,0.006851639133159891,0.003165709445871287
0.9267295793579422,0.032730431180430127,0.022764080044984217,0.010007795279072314,0.0077681141375709455
0.9277498490089702,0.04453366020340812,0.014961266664935111,0.008240265866703997,0.004514958255982984
0.8510871213372254,0.05476360736599327,0.06566984070818448,0.01999138377486831,0.008488046813728313
0.8510714537712983,0.07149448986762821,0.04702925797104727,0.022854870679139997,0.007549927710886024
0.9422085052721166,0.03158274020780241,0.012464974508053077,0.010127283369289555,0.003616496642738188
0.9074881463633641,0.057197537948039986,0.021549657525902627,0.009833701277796238,0.00393095688489704
0.9007571549116068,0.06093344080480497,0.02614492787876923,0.007412825744826015,0.004751650659992904
0.9530248255163624,0.025260490669603515,0.014606889951313195,0.004146432176678822,0.0029613616860419884
0.9497003467718242,0.021151980450535006,0.013073801152795229,0.01003489586952966,0.00603897575531585
0.9077236955583861,0.0514161129750795,0.025045676926151613,0.010474001713579675,0.0053405128268030925
0.8386617558965371,0.0733737931485337,0.06419012270656424,0.01676385135716983,0.007010476891195211
0.85998789356452,0.042669701875525795,0.06559527315820049,0.022110599593371465,0.009636531808382236
0.9359705005896853,0.03223088542437607,0.021496958019877183,0.00696881418456913,0.00333284178149223
0.9164353414746815,0.037213552292911733,0.026520771617848295,0.011164505668903958,0.008665828945654222
0.8231094492589855,0.1292542531710859,0.0227934883701321,0.017704931680351588,0.007137877519444648
0.9199540180334984,0.04084978098222764,0.02439201552778369,0.009493933960160732,0.005310251496329382
0.8943567481588962,0.06485639116984733,0.021393007231315764,0.012050000898864712,0.007343852541076432
0.9152384515390884,0.041419798574318246,0.023509052669989844,0.013034622155139279,0.006798075061464291
0.7970650071794277,0.14371826823085815,0.03189290269135882,0.01847433685588519,0.008849485042470033
0.8810528913492294,0.07546631734398694,0.027698868812422,0.010498153013921936,0.005283769480439738
0.8903424469425504,0.06684141491152341,0.027064709720277413,0.009142373061170639,0.006609055364477742
0.9605616002143876,0.01833002988659027,0.01345537742235552,0.0051577774038054315,0.002495215072861485
0.6867700811589007,0.19030626361191233,0.06460011141194813,0.03712905851494155,0.021194485302297134
0.8458840063848748,0.05922260365131739,0.06263024162987177,0.02127999218991989,0.010983156144016218
0.8680861870256229,0.06489523782778087,0.05218803829155286,0.009814325246249343,0.005016211608794227
0.9518964605340942,0.026293277614390192,0.011908998497271476,0.006824596969010429,0.003076666385233944
0.8973776533956286,0.057319422388609154,0.02614483316226866,0.013755217238288141,0.005402873815205474
0.895287255406227,0.0554349389294589,0.024303904320651302,0.018499621006201672,0.006474280337461115
0.8975393037731242,0.056056583914303605,0.026788226632694416,0.012370430451165244,0.007245455228712542
0.878383753713292,0.061302826851890015,0.03877514033004467,0.0139446472000654,0.007593631904707755
0.9105591810614299,0.0500434032265955,0.01651453474444462,0.010617094365714251,0.012265786601815827
0.7966048271340893,0.05893657852176753,0.03908067113021126,0.03373534113782223,0.07164258207610975
0.9195433903409665,0.04412748271899817,0.02152092742258292,0.011068278579306982,0.003739920938145437
0.9422100467348958,0.029516835906514563,0.016593497740348042,0.007647853864927974,0.004031765753313517
0.8915402744229143,0.0637669336287287,0.02606215931322112,0.013588073635975743,0.005042558999160078
0.9467183608986329,0.031745720715038665,0.012707916311194615,0.0052746863960368385,0.0035533156790968725
0.927853600262073,0.0417094333604543,0.01755960697008336,0.008651445109701837,0.004225914297687643
0.906092603731345,0.06650220702931667,0.012302460016398006,0.009684681955074468,0.005418047267865652
0.9173764561319575,0.04835089746840974,0.02253037141432641,0.0073886959473608155,0.004353579037945491
0.8049886670612886,0.08370943679107103,0.0952288609693924,0.011321735528211904,0.004751299650035754
0.9358729785742824,0.027006267616995778,0.024231472863505805,0.008726023970816702,0.004163256974399357
0.7326684614071862,0.06525940684600344,0.16643324162912004,0.025406777057106374,0.010232113060583876
0.8373642182645996,0.05792835951813487,0.08156239991256346,0.01575074401693406,0.007394278287767873
0.9430938991647373,0.028219558804244444,0.01664300046644541,0.008054755156426922,0.003988786408145762
0.8954379933115059,0.060604600028680455,0.021277692482901418,0.016243446639803545,0.006436267537108895
0.8315291601474406,0.07920780054105345,0.05092355525720629,0.024042736371755268,0.0142967476825442
0.9059847508449894,0.05732556673010468,0.016748817102806873,0.014575538796058989,0.005365326526039949
0.9180487042495469,0.055783520434143474,0.01284450719476029,0.009065575458151507,0.004257692663397886
0.8587433173644323,0.08807828453035743,0.03057646907440508,0.015882158948756605,0.0067197700820487895
0.9196415918042476,0.04525104764888645,0.023096308528580314,0.007739369015574159,0.004271683002711408
0.8053697048503988,0.1276711188975896,0.03874123024830488,0.019017331031262824,0.009200614972443738
0.9082787479940885,0.058061238927357685,0.022770043998805077,0.006553171630484495,0.004336797449264226
0.9284472544238038,0.03525658869615087,0.023766852923718898,0.008160371210135135,0.004368932746191566
0.9265821424245362,0.04807591468986437,0.01255393631053593,0.008894392458101178,0.0038936141169621788
0.9683446857229869,0.01762728660876171,0.006574308870670182,0.005286919052380416,0.0021667997452009214
0.9398611326368327,0.038764536554215266,0.012492885107267407,0.006215224384862673,0.002666221316822252
0.8889410062929898,0.027744748709301967,0.06461457899801627,0.011672512783913049,0.007027153215778876
0.8735620538701063,0.0546468358256746,0.05021868810443508,0.014864344683366996,0.006708077516417086
0.8330076404920179,0.07944157682099481,0.0653114983024123,0.013342404222844452,0.008896880161730488
0.9436717541239937,0.030043660365099412,0.011757050687042098,0.00971556632983259,0.00481196849403207
0.7323511031911589,0.16076976611026694,0.06894885265730752,0.022197669400906433,0.015732608640360406
0.9075797519242,0.042676441018200124,0.03271542813502093,0.011707336289704452,0.005321042632874405
0.8662396492316269,0.0757277818632962,0.027307825798432408,0.018456241352825076,0.012268501753819567
0.8322213737916814,0.11451496139137934,0.0332147254235487,0.012384152747652874,0.007664786645737627
0.8961348847146583,0.07779875497780438,0.013065836635677914,0.00938569980905419,0.0036148238628050406
0.9444070755671882,0.02471936819129351,0.01433121253439745,0.011457655584854903,0.0050846881222661065
0.9377353297865602,0.036762177815958266,0.012172794068682909,0.009021109312550707,0.004308589016247803
0.8157512706812371,0.08268553933673464,0.07846161075982921,0.014268143436460108,0.008833435785738896
0.7820569103443338,0.09097682472365776,0.1098087505479401,0.012306849019398072,0.004850665364670433
0.9271696612793747,0.03497320758105261,0.025157633900504784,0.008500425745790241,0.004199071493277612
0.9227942974636126,0.03295189790910971,0.02818037023455135,0.01093340297840956,0.005140031414316671
0.8865666638282415,0.019666253257535554,0.07601927153022335,0.0126082197626453,0.005139591621354444
0.7905577706865798,0.05870926872935691,0.1279353279957497,0.016112906185994244,0.0066847264023191105
0.8963407146009018,0.0587367103649954,0.03085075641927775,0.008357467146714556,0.005714351468110672
0.9508117854113505,0.02085914843334211,0.01464537957130063,0.006006697474158253,0.007676989109848404
0.79806849329754,0.11402795203281171,0.042596192859127746,0.023000354620697272,0.022307007189823206
0.9535431452187311,0.02552022486151362,0.00859893563163093,0.007936746207001582,0.004400948081122908
0.8594158415666149,0.062205505145340116,0.04814916660781978,0.018372242008582014,0.011857244671643315
0.8982100519687637,0.06057060773389171,0.02230721624141266,0.010796448242097672,0.008115675813834138
0.9351622339291622,0.028443677269636616,0.01716516434221595,0.01101599683937667,0.008212927619608944
0.8865585176422365,0.059568201521680735,0.029991478959848203,0.013007048451063945,0.010874753425170466
0.9282627437878734,0.041057509893363854,0.013754952810526756,0.00966251589792991,0.007262277610306099
0.9238611518768501,0.03763011993918019,0.01342444113280787,0.011373746380210038,0.013710540670951855
0.9317997568837516,0.03587516699765577,0.011478625173304086,0.010953142675698663,0.009893308269589611
0.7842479775800133,0.0685020550175063,0.11410736331298298,0.020558727481105588,0.01258387660839171
0.8779201149701734,0.050015255139601957,0.05055840000635983,0.011046027458779993,0.010460202425084796
0.8054933488925862,0.0879068434501631,0.06206219179019471,0.024538654024909394,0.019998961842146636
0.8141060604236522,0.07428878336822194,0.07386330749489693,0.023721689101185453,0.014020159612043462
0.7761109345549563,0.07724303334006312,0.10349225892283533,0.02497857288065654,0.018175200301488843
0.832375024453729,0.060514663555720834,0.06866705151958981,0.018640868653464714,0.019802391817495702
0.921688555018774,0.038439379630368545,0.02283139491369868,0.008055980197296347,0.008984690239862264
0.9007397973462137,0.04292827959091602,0.039853808391147764,0.009121841021056015,0.007356273650666649
0.7666569452870347,0.07089267394718143,0.12201848574849157,0.02431946933281856,0.01611242568447358
0.8625779034412973,0.03063258801583198,0.08392640336170738,0.013037118794156873,0.00982598638700649
0.7003214100640013,0.08827485726651034,0.16958641498235205,0.026725919446240424,0.015091398240895641
0.8707159572130834,0.06206812093740876,0.05122406625125272,0.009481108503520335,0.006510747094734772
0.8535463223434919,0.07815748906921217,0.04262256770406627,0.014491889186131255,0.011181731697098523
0.9460024356953621,0.017925988074074493,0.023323117722166054,0.0067124577084166645,0.0060360007999810195
0.9256526938907308,0.024811465928722867,0.03291373311583068,0.008560529070907057,0.008061577993808628
0.8689586281957801,0.0485165897613829,0.05084130270844503,0.018095884255777763,0.013587595078614234
0.8916222006302946,0.034028084873988465,0.04046286232101068,0.018146427707641775,0.015740424467064352
0.9159926041496437,0.04671751717037418,0.01232041193030921,0.012214904311672924,0.012754562437999937
0.9456909308126688,0.03485345089605115,0.009230698074150303,0.005328601867633747,0.0048963183494960165
0.920294017857068,0.03650394359306793,0.014719865748574737,0.015840361106645162,0.012641811694644055
0.8921911534996911,0.054343487456610086,0.03431758968133183,0.009853510397274489,0.009294258965092504
0.8830170141499902,0.053124538345952106,0.0367566900977063,0.012644873939876736,0.014456883466474666
0.7777032605001938,0.10808990662493334,0.07971506643357665,0.01817004410691314,0.016321722334382924
0.947915333788078,0.027248856354047904,0.014614510553471726,0.0049710560831518905,0.005250243221250484
0.9308056643581534,0.026626132221838784,0.02295641200037586,0.010582226866608025,0.009029564553024153
0.9515543565831126,0.021656030355892652,0.01198014881280015,0.0072202235085035375,0.007589240739690785
0.7437779137193867,0.1828650357849213,0.026341581339985317,0.023819499541746232,0.023195969613960164
0.914730428876949,0.042814577528776036,0.012201131094333097,0.01511791894052741,0.015135943559414765
0.9637660681392792,0.013586410501628374,0.006193886809396664,0.008881087699394228,0.00757254685030157
0.8264103614120802,0.08114923046783204,0.033298922257799596,0.033166278639505366,0.025975207222782713
0.8805395075620142,0.049805075578556283,0.026473761783190535,0.024386075974171053,0.018795579102067975
0.8581399605581803,0.07466599322406768,0.01749831279163745,0.019164752760213472,0.030530980665901222
0.9129277224158077,0.04466569930168157,0.015254143292189461,0.014662121370185166,0.012490313620136037
0.9155998980731133,0.04302559121243303,0.01262464860053424,0.013598839538098494,0.015151022575820933
0.8685275736798924,0.07252241139363004,0.027925414539065888,0.016030588323958945,0.01499401206345283
0.8896054187678011,0.0763107066973266,0.018516754859504242,0.008273758800434065,0.00729336087493398
0.8754942417095924,0.043683186508101,0.05407578183807168,0.013523283690218631,0.013223506254016167
0.6854424129590306,0.0865186756551056,0.1779969318425807,0.027447790303646812,0.022594189239636353
0.8843385017172227,0.018669794190490124,0.07298024009496158,0.01213119490630176,0.011880269091023948
0.9127872314219821,0.04673517292403351,0.021082585786177388,0.009691878654404917,0.009703131213402234
0.828438683140631,0.11382402118045144,0.02111771489646067,0.015502871148417086,0.021116709634039884
0.9069354985071587,0.05787641283553692,0.012092975657853333,0.01004983892695374,0.013045274072497042
0.8608238987987215,0.0587548322031702,0.02141760637648626,0.026874295919714273,0.03212936670190786
0.9049256496416971,0.033675150626619695,0.023066471903280417,0.01858144712794607,0.01975128070045694
0.9014752294584488,0.04906083503146489,0.02334853633707022,0.013319034563917562,0.012796364609098394
0.753901586342068,0.12896198689730112,0.07082253893834704,0.02121617805975316,0.025097709762530552
0.8488149685281299,0.07770548252011254,0.024225414310258417,0.021882108086794142,0.027372026554705
0.9164184104987341,0.03964405935858183,0.015956783223366747,0.011464278157981836,0.01651646876133565
0.8232810917988509,0.08955761477093803,0.028983527223388778,0.03177597459848617,0.026401791608336278
0.8862335558589243,0.06759481733417437,0.023160291713361227,0.015712119916338668,0.007299215177201296
0.8890278751550398,0.046433887490070026,0.023941172531760622,0.02608666732246229,0.014510397500667509
0.8460745061374183,0.08685190945461593,0.02962967831342711,0.01850376632836232,0.018940139766176298
0.8626968616009846,0.06414591477079026,0.022425656750533866,0.03045940817798746,0.02027215869970416
0.9337920771836876,0.03573465409643561,0.009125713402925433,0.013502707412544957,0.007844847904406328
0.8581105181003796,0.06676671965489059,0.04338745180555079,0.018115827253154863,0.013619483186024142
0.9140517281208014,0.05375346984751709,0.012505812838229095,0.009590881050585209,0.010098108142867218
0.8936951068736319,0.05921407044481123,0.018782978704084307,0.01497123490451469,0.013336609072957903
0.9339148551888814,0.03581926268442862,0.013887988585503169,0.008224879252295182,0.008153014288891472
0.8642162392084144,0.07613299835488474,0.033395525985980605,0.013038575913903516,0.013216660536816749
0.9445296781863861,0.028187619843619564,0.010293695266196527,0.009787873853383939,0.007201132850413705
0.9207735355748018,0.04877390274699013,0.013429865152530017,0.009345585012992631,0.007677111512685406
0.8898802831678198,0.060583730648272216,0.01657151850940971,0.018787668608114046,0.014176799066384346
0.9369235446723531,0.03189365785416515,0.011178766814935074,0.010689546698674163,0.009314483959872544
0.9600925407939903,0.019252164358042324,0.009780599370130707,0.0056626264339286105,0.005212069043907727
0.8763590147169119,0.06407648269022928,0.02884958673794773,0.017287142757098715,0.013427773097812555
0.944541884780357,0.020916170208479523,0.016454459069140087,0.01100056714108432,0.007086918800939091
0.8904198159440145,0.0482588479547008,0.023767747732413413,0.02069909819449216,0.016854490174378903
0.9216385303576591,0.04744786595876129,0.012353026026872209,0.011666601071820139,0.006893976584887233
0.7998071031858124,0.06525581574452935,0.1124614548312592,0.013195685750844758,0.009279940487554247
0.8461950240499233,0.08305056107103817,0.04075719893369276,0.01582830179469552,0.01416891415065027
0.8522129206891172,0.08318191352329408,0.03594875527198015,0.015281974520396037,0.013374435995212354
0.9305198234148676,0.020631673439398847,0.04037889407059259,0.004683590735640386,0.0037860183395005426
0.9473940200704322,0.015968027585704356,0.02942541533580522,0.0036322653536026155,0.0035802716544556345
0.6531012041339092,0.19633454813760784,0.10546891666465646,0.025231550410641655,0.019863780653184913
0.9195567123551404,0.03469444091237591,0.021497160723486956,0.012938251985828497,0.011313434023168456
0.9583048425741792,0.02221742613634688,0.00974280758819919,0.006365422650381042,0.0033695010508937753
0.9527503945273412,0.023425458761055003,0.010473104525744056,0.007596817614556326,0.005754224571303299
0.925110043550497,0.03298087174678018,0.015383558089127869,0.013403989008575604,0.013121537605019414
0.9491994303128919,0.021446364296636055,0.0086933438037007,0.007902924653794639,0.012757936932976586
0.908178044112777,0.03649580460452793,0.022274520122571827,0.020620106491141776,0.012431524668981314
0.921523803903977,0.053318401668912316,0.009639690586639353,0.007907318982554338,0.007610784857916854
0.8974674664982764,0.04851014475128159,0.022704438263544555,0.01510171022097461,0.01621624026592283
0.8969731835072465,0.060242832854009734,0.02153596187229932,0.011633189589213729,0.00961483217723069
0.8277494177743125,0.08064022709122343,0.035078068012539855,0.03563902428487338,0.020893262837050865
0.9300775355505041,0.03335254472228351,0.022263008723596142,0.008710889237508835,0.005596021766107582
0.8753034856678131,0.050073903288975916,0.060081228372665364,0.009952976448493895,0.0045884062220515635
0.7441122839090561,0.05723541221075664,0.16412182493383604,0.020555199904743332,0.01397527904160811
0.8215680315983463,0.046326618737187054,0.10799182202182807,0.015234908978111816,0.008878618664526923
0.9022310974056611,0.05674542082418246,0.022809589978747533,0.01001062480012456,0.008203266991284219
0.8545476859186226,0.09116711563538253,0.02722042312273735,0.015557582770856936,0.011507192552400389
0.8195269292423377,0.1403006471169625,0.019947192024126113,0.012002453134406618,0.008222778482167067
0.8885729561223659,0.050589510033084636,0.027892450421949905,0.01834371935165969,0.014601364070939874
0.9000666716909166,0.05055313112796587,0.02897160882317761,0.012017236712471638,0.00839135164546826
0.9302118239537951,0.04167482280616057,0.009393467746658586,0.010633945216240528,0.008085940277145315
0.8544136823156405,0.04285026776241114,0.062277640276176376,0.025431793608337326,0.01502661603743468
0.8264313763731247,0.0389942765738816,0.10673449732225036,0.014910516494381097,0.012929333236362568
0.9141898947372054,0.03638868845419093,0.03278713577113627,0.008740311566871927,0.007893969470595721
0.7806478579649603,0.07100540241278783,0.1002086322393443,0.02742934865790922,0.0207087587249984
0.8275471887003398,0.03231175485384724,0.11926781723360493,0.012874535350017247,0.00799870386219068
0.9242535461299212,0.0239397431197264,0.04010019553023021,0.007242491149703768,0.0044640240704183765
0.8734730245412559,0.06663080261485876,0.04097549238618479,0.011323465424636987,0.007597215033063614
0.8591524298437949,0.03598215524135734,0.0828505413128452,0.014978509606430032,0.007036363995572181
0.9206898724259878,0.017486384879005216,0.04952205093485155,0.008197110292445346,0.004104581467710101
0.932557431730462,0.04037565747354575,0.014837888497735346,0.006809471845080908,0.005419550453176187
0.9202148845626463,0.02896825445972282,0.02813254088945749,0.014335030103563488,0.008349289984610124
0.8789723286563137,0.06632836547994057,0.023815148240388554,0.019394963242350703,0.011489194381006533
0.9275642723343209,0.028529507016288036,0.027963904601517302,0.008869484162185696,0.007072831885688146
0.9391338896030409,0.01945328015015371,0.026006459018248527,0.008847994190148143,0.006558377038408801
0.8551796278101006,0.03218843034671832,0.09395380625388317,0.011100499047440007,0.007577636541857965
0.8082236241425059,0.0368879624140452,0.12808270514574316,0.016102919612927747,0.010702788684777795
0.8051867203367994,0.08256086096896047,0.07858340573936333,0.020733022976566855,0.012935989978309657
0.9446573338972079,0.03112529170323877,0.010029388702801338,0.008049884976177079,0.00613810072057492
0.9289423043297099,0.030771024963456493,0.021699793519968057,0.011679766547088613,0.006907110639776829
0.8578670775657341,0.09999119182048719,0.01979910659906751,0.011372029055306857,0.010970594959403964
0.9592372956060643,0.013459119002278225,0.010819389207442364,0.007732554341724775,0.008751641842490464
0.9163268019327854,0.03792086986357798,0.010234119892857184,0.008172417936985026,0.027345790373794247
0.9123831446894574,0.028087618842444203,0.013385990923551963,0.014875952706123968,0.031267292838422424
0.8424770323449056,0.09736837323610542,0.024069042614499603,0.023152837943069448,0.012932713861419774
0.8499740676079524,0.07433171884348211,0.019492684435662575,0.027120503550544267,0.02908102556235845
0.973200760809394,0.010466778125649782,0.004997634174554697,0.004934843461692114,0.006399983428709601
0.8995847521141276,0.049748750448785656,0.01832687202462278,0.014399460750448156,0.017940164662015957
0.9457225029207259,0.026157061017475624,0.006554564129737198,0.007778297438488673,0.013787574493572739
0.8823549459951064,0.05941524127491189,0.021325578189029158,0.014770893357049012,0.02213334118390351
0.9273771715950079,0.03725274588565509,0.009606943953201625,0.01051571884495901,0.015247419721176695
0.8304772600031279,0.0927597038521001,0.030733157037484554,0.020141244475084738,0.025888634632202995
0.9042777289091942,0.05405636882825423,0.011433973842306237,0.014228872771663565,0.016003055648581642
0.845199624177811,0.0881790193515716,0.028521060614117282,0.015747719348852895,0.02235257650764692
0.8411781735058758,0.08549375819507309,0.04434143483775032,0.016125713724738387,0.012860919736562417
0.79880099459987,0.060462517960983383,0.10671687621187412,0.01808370446795832,0.0159359067593143
0.8754296924334598,0.04286511775678478,0.053755346225178344,0.014352268362968927,0.013597575221607934
0.815920718346282,0.08992290348955519,0.0523357185032857,0.02079900778921715,0.021021651871659688
0.7616987422138232,0.0450308408761563,0.1567634795924114,0.0213518767286463,0.015155060588962675
0.9048939677461837,0.023518375162320065,0.05079837780474486,0.010011052023682037,0.010778227263069266
0.8820410368541742,0.042939812679494316,0.035845184757323484,0.014988763582591465,0.02418520212641671
0.9298191811085168,0.026156498708964113,0.018742237112682678,0.011730787941706414,0.013551295128130015
0.9342970906174002,0.02112031690482705,0.017314441334352778,0.0159547978895196,0.011313353253900484
0.9301090477829688,0.024977642462415284,0.020795450989409298,0.014015089230844458,0.01010276953436214
0.9355589879462887,0.03965494729165643,0.008310735875438569,0.008557445829611989,0.007917883057004166
0.8870565824640256,0.07272477255274387,0.011480215331257869,0.013675376276641676,0.015063053375330966
0.863765518471278,0.0805496805046601,0.03052211577627056,0.01186205692453109,0.013300628323260032
0.8733104494974349,0.05538910895742256,0.020270862897973706,0.022871808460682423,0.028157770186486304
0.939810649154824,0.026509934283800798,0.01182217293252956,0.01111489723048961,0.010742346398356082
0.8971802156466284,0.03689679119641112,0.027400854894569567,0.017662269187127558,0.020859869075263417
0.9520279556268537,0.02580030094673767,0.009504941293520608,0.005298017126942924,0.0073687850059452045
0.9214556379613164,0.031036059138331462,0.017233979559852994,0.010849444862049442,0.019424878478449696
0.8552259472203498,0.053490711177553,0.023920361122393218,0.027263350255550163,0.040099630224153804
0.8805559800656618,0.055206367475417885,0.018395411007484284,0.01570608607094341,0.030136155380492653
0.8897567237617559,0.07918068022117179,0.008689560625784526,0.014679214290192982,0.007693821101095075
0.8567755967831379,0.11365309110048218,0.014804448744437947,0.009625415652024434,0.0051414477199176285
0.9038424012656385,0.07342258707519657,0.012280730157177743,0.007889361374302083,0.0025649201276850306
0.9309582056197473,0.04690823159377464,0.01050994114402343,0.006853317996969831,0.004770303645484646
