Delta_Power,Theta_Power,Alpha_Power,Beta_Power,Gamma_Power
0.6918266625084024,0.12772323866440496,0.12205543083125973,0.04449461775957488,0.013900050236358187
0.8893587297970462,0.042298137547518974,0.03754997316241794,0.021825407473254448,0.00896775201976265
0.6934365334443694,0.15448439360317676,0.09055611802170782,0.04274328693396235,0.018779667996783784
0.7781580320833902,0.0846643090809891,0.08799510184529209,0.035138939602538735,0.014043617387789881
0.8289460538795759,0.04806994497339081,0.09162085801430088,0.021697919084146155,0.009665224048586546
0.8583369095073969,0.05093387158165661,0.06696045403868094,0.017052142864587984,0.006716622007677381
0.7688823501486987,0.0913936696131014,0.09857606078716216,0.02690027403746612,0.014247645413571413
0.7135687481719872,0.1139228335216244,0.11497020364148286,0.03813613421218457,0.019402080452720905
0.7942175338363562,0.10817130362011071,0.06317235403573657,0.022616492144298225,0.011822316363498368
0.88530648122688,0.05851889756009733,0.03273283699899589,0.016191152806008163,0.007250631408018603
0.7135484567362751,0.13438378070133195,0.088036593492658,0.044896167310583254,0.019135001759151678
0.7621985230816443,0.07007064353853185,0.11685524133329268,0.03710089820697373,0.013774693839557544
0.8832158893096204,0.05191081928599543,0.027762005288420124,0.026302396528945424,0.010808889587018556
0.8462314142535587,0.04963739729598115,0.06145116358643368,0.03126381738629851,0.011416207477727973
0.9007239166439424,0.04210740746170842,0.038264226898509106,0.012746226381327948,0.0061582226145122
0.915169316456205,0.03776514305346786,0.024631222476341013,0.016200618858724515,0.006233699155261525
0.9664094005783829,0.015028950089191074,0.008346586772671048,0.006505813071295463,0.003709249488459753
0.741322413123148,0.1225851727227624,0.08459053791096961,0.036654044379340625,0.014847831863779446
0.8041886278196825,0.07852495772333855,0.07062136751488145,0.033008763796246315,0.013656283145851248
0.8476323414639635,0.04238011911753372,0.07839706058574543,0.02325115406356412,0.008339324769193399
0.9007128353532579,0.029787710354883378,0.054996887195698764,0.010187409564031863,0.004315157532128005
0.9267584188406524,0.05067302433032609,0.013066909249122755,0.0065229731687986795,0.0029786744111000986
0.8607576328511044,0.06848359320531913,0.03631286647701418,0.021666230054350834,0.012779677412211444
0.8766795737362328,0.039216967270238684,0.05556224450735212,0.0186589194203233,0.009882295065853112
0.8142734627478582,0.045807207800521645,0.1020449885383097,0.026324293591801835,0.011550047321508676
0.9211501540058332,0.03505323013854451,0.03254339287934442,0.008046459446551356,0.00320676352972646
0.8361935758478025,0.05954146220226541,0.07347505685743343,0.02227736931021495,0.008512535782283684
0.7673970497686621,0.06408826982367415,0.13468506430127433,0.024699078813658595,0.0091305372927308
0.8962883302479361,0.04736086916990777,0.028161024987953007,0.02120388008921363,0.006985895504989599
0.8826978321604575,0.052365528269873625,0.031402390688508065,0.024806318729514727,0.008727930151645864
0.9129885721042316,0.0330456175866884,0.02727177608873499,0.019881445172394343,0.006812589047950909
0.9075275588670709,0.03448543641268551,0.03189718196181588,0.018166726347119275,0.007923096411308358
0.879905087653096,0.06936006381457986,0.02284146647848307,0.018917863885562446,0.008975518168278523
0.8462147610715877,0.07397395248144911,0.04048665132296297,0.02924113413593508,0.010083500988065446
0.8553355032698955,0.05189519166974612,0.05450819416584387,0.030104509634746552,0.008156601259767601
0.8548645200462228,0.046603650845145304,0.05169574251476495,0.034265764298295205,0.012570322295571718
0.8985482647059552,0.045588853639383094,0.030793467960749665,0.016803009355424045,0.008266404338488182
0.938268789807869,0.029352742048391733,0.01772349503545708,0.010796134852383954,0.003858838255898339
0.7640876833545465,0.11340357345426011,0.06766148164283708,0.04011132862940182,0.014735932918954368
0.878516323142397,0.041852869384420475,0.056317628792948715,0.016239180658283756,0.007073998021950173
0.7778981415150248,0.09425695855325048,0.09527518702620939,0.022964008275942232,0.009605704629573155
0.7249668391592475,0.14612852279007674,0.07066035033163978,0.043741726831387294,0.014502560887648468
0.7960273471543617,0.07826135633014496,0.08845325511455068,0.025848140004504742,0.01140990139643795
0.8459420984152979,0.05109094631556282,0.06466182071237177,0.028484183819680216,0.009820950737087396
0.8601655827231377,0.05076034326570179,0.05363153096660052,0.026895560653137213,0.00854698239142311
0.9205969971032689,0.03529040252372412,0.03197170848645101,0.00824906578343292,0.0038918261031226776
0.8523007143831631,0.046198009694425474,0.08230617688045089,0.013760087209935686,0.0054350118320248796
0.7773628630321281,0.07526175944947633,0.10057529593481386,0.032190087359633336,0.01460999422394833
0.9185112578549639,0.025995832351553148,0.034095036520018135,0.014153157971571287,0.007244715301893404
0.8294879318120841,0.08440682621066535,0.0649303072756955,0.013971212948078047,0.007203721753477163
0.7681939853412567,0.07297654794196172,0.11311322912875127,0.030977005949257765,0.014739231638772724
0.7167750603139016,0.10033541987681793,0.14748132018726143,0.025097618559570593,0.010310581062448424
0.90318487191932,0.038712128372905955,0.039082824567466964,0.012528686573518815,0.006491488566788423
0.7920624816237531,0.07224228091312829,0.10003912218940124,0.026593098016397042,0.00906301725731988
0.8442238502750609,0.0586122888204026,0.0687131614548702,0.020476027020560943,0.007974672429105201
0.9167558387559479,0.036409225681250185,0.028934029901988685,0.01068101752330778,0.007219888137505345
0.8927951454822377,0.059295243844585316,0.02301785951764779,0.017137303901165937,0.007754447254363113
0.9062794225894121,0.0425342189908596,0.013953035052026665,0.02380878284122132,0.01342454052648029
0.9383282268491474,0.026051209294606414,0.020630916809090738,0.010705647321933364,0.004283999725222018
0.9047958659468595,0.04025978792101066,0.0285078399130269,0.018860105869142017,0.007576400349960978
0.9375220228226424,0.022534002450507178,0.02374027097869613,0.010207268159571408,0.005996435588582649
0.7708365814999713,0.10253352924895916,0.08885760357654501,0.02783587209914055,0.009936413575384228
0.8705939784177977,0.05631067089288022,0.0514563251989719,0.014624259900080419,0.00701476559026986
0.7628272494091757,0.0688792694905691,0.11307690698393287,0.03752081801643539,0.017695756099886908
0.7414104417262671,0.10643560393122671,0.11396106488019568,0.02691576024072814,0.011277129221582418
0.7698679546788522,0.11516469027911622,0.07864313794698226,0.02157399541494762,0.01475022168010167
0.8364055339326124,0.06745469359649253,0.06619870929164126,0.017408028476255697,0.01253303470299824
0.9049113690844094,0.05435844947571911,0.01888492604225065,0.012910879401468376,0.008934375996152438
0.9379095426430867,0.021438002217449088,0.025755827984024156,0.01008489945064897,0.004811727704791085
0.9235229166103743,0.028450539650792576,0.03254890562043204,0.010120886885725518,0.005356751232675586
0.8881818503494902,0.0462337705539999,0.044705512154532556,0.013718847614352995,0.007160019327624383
0.9037288446951094,0.04290787750195622,0.03238745779453399,0.013365234573201441,0.007610585435199107
0.6940307333717948,0.20843595096952972,0.044413860687468214,0.038158078096802314,0.014961376874405087
0.8590014641203778,0.05881464864752429,0.05302334208058874,0.019900678597277375,0.009259866554231912
0.8701533295431,0.023680449750715347,0.08096678547947596,0.016806960520700052,0.008392474706008578
0.8072770497943421,0.06488693857138163,0.08292507953463209,0.03205022036900726,0.012860711730637013
0.9155155947598668,0.03266641822823086,0.027027641372203186,0.017520087759953153,0.007270257879746258
0.9248411121846581,0.034191180796862355,0.01671580089213399,0.017034989938479576,0.007216916187865946
0.8986860883185911,0.03678650224713503,0.03487366790061465,0.022236405158950413,0.007417336374708951
0.8247015712222898,0.07299942906090537,0.05730027807431905,0.03237918423306634,0.012619537409419518
0.7971766977446744,0.06089459441065707,0.09079771912785584,0.03700221624437466,0.014128772472438125
0.9324492830831321,0.031170224046554187,0.020587742101327647,0.011234794917800266,0.004557955851185663
0.6735047397780524,0.1195177682852925,0.14401529058039395,0.04299043043715661,0.019971770919104587
0.9364316415925751,0.02886036076804824,0.014270920906929241,0.015247744474078307,0.005189332258369008
0.9464775211777665,0.023291106033221688,0.013532997695678605,0.010250276712306463,0.00644809838102682
0.9579636297075966,0.022269437661913177,0.009254230178114439,0.0060452290146630035,0.004467473437712678
0.7764367715998225,0.13235862816826038,0.041046783560581085,0.025797716025479783,0.02436010064585644
0.9337543743953268,0.03392024257041567,0.011492167581073118,0.012827238104582283,0.008005977348602084
0.9049096370035017,0.061422902031956765,0.014515509131688347,0.01418924285789394,0.004962708974959539
0.876074698821645,0.055219048490872245,0.0386689138157878,0.019709747272830442,0.010327591598864618
0.9408742611412585,0.025198676435811064,0.019396205930047084,0.009559139083746934,0.004971717409136577
0.8654770019174773,0.04440227136509034,0.06118739796490088,0.02177054161664831,0.007162787135883253
0.9292897904509306,0.025374943160790215,0.02904050393676361,0.01083913084352251,0.0054556316079929015
0.7296074900467857,0.06396923923920525,0.1520278043366016,0.03550089512810873,0.018894571249298785
0.835869326196934,0.06600464508006051,0.068824828005402,0.01794129151059103,0.011359909207012698
0.655481268842801,0.12520159450947146,0.14834780157959546,0.04912194213821132,0.021847392929920863
0.7186077025611688,0.0643903446165832,0.1547716427074842,0.04463829289472649,0.017592017220037302
0.8388767027830689,0.0532704196565365,0.07291385693219345,0.024567575181614294,0.010371445446586823
0.8903370140458925,0.027845549322568514,0.057319342426299796,0.016825188345368065,0.00767290585987115
0.8803640363805421,0.029285650702994083,0.06966981380514332,0.01371606223471557,0.006964436876604878
0.6683295192624662,0.13168447035517522,0.14665528889954177,0.03730732551148517,0.016023395971331622
0.7940572124212378,0.09335353316354483,0.08383887794584405,0.01967468051977688,0.009075695949596615
0.8324709405106014,0.04455524590123013,0.09216299973500491,0.02180077727467458,0.009010036578489004
0.7657322303928796,0.1016096693713655,0.09243861257653177,0.029467979356158396,0.01075150830306473
0.8255373878645977,0.07691244977954438,0.07186997580553146,0.01885756917729082,0.006822617373035826
0.8848883564730219,0.04543810888589892,0.05067693311948618,0.014615715334770357,0.004380886186822536
0.9065734287944864,0.03647618358011794,0.04505684191045842,0.007515772273171825,0.004377773441765377
0.8974199335123164,0.0213081714363823,0.062299834385424725,0.012023655006642067,0.006948405659234371
0.8265756370957704,0.050337292235864375,0.10169476762435385,0.014185881466146156,0.00720642157786519
0.8875597675944619,0.03192932697358178,0.06492837926500589,0.011320544235783306,0.004261981931167091
0.9421492816134945,0.024379668087305448,0.024489976985322702,0.0067828512305817615,0.002198222083295536
0.9330406575305918,0.02179826580626907,0.03173534527841834,0.009890525045560521,0.0035352063391600554
0.8615286906697847,0.04496983196462745,0.06691122649167398,0.01946294837469449,0.0071273024992194135
0.8824513789766663,0.02623416486241957,0.06729059497924958,0.01579149318956233,0.008232367992102077
0.7618307749135107,0.09343523370014169,0.10106565520152021,0.02903037301101932,0.014637963173808164
0.7313450608604068,0.1120309082589106,0.10279450630134661,0.03732379466954432,0.0165057299097916
0.782486866579974,0.11133090383897179,0.06764211904187012,0.024709311059093075,0.013830799480090878
0.5627447846737644,0.18485307842653415,0.19029053038249966,0.045573665631475906,0.016537940885725803
0.8472263325994314,0.029838399261203755,0.09686570199783956,0.019237901398025472,0.00683166474350002
0.7921132376125382,0.07108079765335724,0.10735431808067493,0.019759672291316286,0.00969197436211345
0.6706656317315424,0.10782047303181293,0.16809739793468775,0.03601297966960702,0.017403517632349673
0.74123526329689,0.054120066489482976,0.1543952572495997,0.03284565637275517,0.01740375659127211
0.9293023353782128,0.019983884258044458,0.03717135826716763,0.00900921842158134,0.004533203674993601
0.891622787636831,0.0327068566255375,0.05251337242171428,0.017060202733248774,0.006096780582668669
0.9205447759655291,0.030316210282078187,0.03217978421041739,0.010754607854024056,0.006204621687951134
0.862685014176808,0.04564494935176367,0.05778417118663046,0.020538622374418173,0.013347242910379883
0.8573780586177032,0.06328174776855099,0.05690188012064771,0.01562081730182379,0.0068174961912743914
0.8745111374776946,0.03614257151358158,0.06961162060459818,0.014991719270933903,0.00474295113319165
0.830321864238141,0.04127776918624277,0.09803961639814929,0.01959337444183277,0.010767375735633997
0.7579014676479539,0.06593992089971983,0.13803000077110364,0.026090237684709253,0.01203837299651313
0.7184644967552787,0.1044154887705415,0.12552523068938778,0.038101782561554845,0.013493001223237024
0.8731146640639593,0.03831149742935557,0.062342840426178235,0.017837933950567382,0.008393064129939324
0.8950717845744647,0.03743088399381571,0.050644861554020745,0.011624804049761631,0.005227665827937189
0.7341435376734695,0.10421479262139963,0.11581086160521313,0.03199947866022095,0.013831329439696869
0.8423969432472184,0.06599279217282561,0.06677485522830358,0.016268489296608332,0.008566920055044195
0.8913204831612757,0.04971655811601297,0.04415005337291304,0.009534615331950278,0.005278290017848207
0.8347520435182426,0.06538765870522331,0.07458155616645187,0.01555168396731623,0.00972705764276585
0.9146063156961148,0.027200432036679253,0.039416172560990295,0.012428101633675316,0.006348978072540218
0.802600720281113,0.07220372964300568,0.09046747591072697,0.02229675281314535,0.012431321352009245
0.7731100787949946,0.13052897053682894,0.051881423660380475,0.027917945535475573,0.01656158147232037
0.9010686748582064,0.027708610466684103,0.04759101884214817,0.016772030061522294,0.006859665771439055
0.8810930050025604,0.05473622368469995,0.027056880473855783,0.02284629229786066,0.014267598541023326
0.8978485585745719,0.04034004226197108,0.0317494087983516,0.017567841070315525,0.012494149294790055
0.8642148288824839,0.06647054765186243,0.039245082720813645,0.015874781879830574,0.014194758865009347
0.8539630672150619,0.08857858651644167,0.026221925484615372,0.016188692317339524,0.015047728466541859
0.8684494068348035,0.08952613605650271,0.025498472618123207,0.010222557989074864,0.006303426501495449
0.9595048988923295,0.015242216407873078,0.015557367088604859,0.006017438256230884,0.0036780793549617973
0.7959806673489488,0.0785384790923408,0.0777673763033017,0.03365054834305905,0.01406292891234941
0.923324702130453,0.039978966958379804,0.018382396020451178,0.012798037276502751,0.005515897614213411
0.7679760105634044,0.0850445494332234,0.1015448392731072,0.03194967098954568,0.013484929740719269
0.8675903673596986,0.03014350022326497,0.07417851282433101,0.019157091686849523,0.008930527905855709
0.9206487241767739,0.03361285838424427,0.027563537162205793,0.012615750279233331,0.005559129997542833
0.895880018088736,0.041534908200494706,0.03727037902393689,0.018494933127933523,0.006819761558899104
0.7941025139090252,0.05952102676525114,0.10221676239356535,0.029664296664719293,0.014495400267439153
0.7840885092039903,0.1166231108933134,0.055641767276348356,0.0313976118677463,0.012249000758601622
0.9019174750526214,0.030000204756031063,0.04282797233789426,0.018842160004671406,0.006412187848781854
0.7660817169191705,0.07676906188093592,0.104406260343156,0.041545066279965376,0.011197894576772055
0.7869343986162445,0.06402066113888454,0.10613098027390679,0.032529346368558164,0.010384613602406077
0.7820987912694048,0.06731701260043058,0.11039936448322699,0.03058765366803154,0.009597177978906008
0.7946263103282496,0.05248328970062617,0.1098848213938892,0.03269510840413576,0.010310470173099096
0.730069274461732,0.08444783491208253,0.14429247533939546,0.027516607349931103,0.01367380793685916
0.8970423786256891,0.03959319738456937,0.042527565362385826,0.013801297338301965,0.007035561289053494
0.839845044762734,0.059364361238630876,0.0669237181347713,0.025319485882511216,0.008547389981352323
0.896495793685457,0.03395775426493684,0.03631218403641589,0.022052441444923694,0.011181826568266582
0.8119825194086789,0.07208272211309587,0.07690991778494777,0.027738711260748037,0.011286129432529303
0.892094796106621,0.03744967192771548,0.04084272699565202,0.02088727047876691,0.008725534491244752
0.9060971532049061,0.03931430335690493,0.030582513219654682,0.015989824851142146,0.008016205367392107
0.8671105943748874,0.05057209541540771,0.05675860507738207,0.018280518598553033,0.007278186533769727
0.7734979799921263,0.10956458516326358,0.07004098280517349,0.03174450474369138,0.015151947295745134
0.5641394072791361,0.16559844945461993,0.20138177590957496,0.04674340944588049,0.02213695791078826
0.894064875756174,0.03122261393004462,0.0561585796620015,0.014146806120454823,0.00440712453132519
0.8680949591707311,0.04350339127200834,0.04947204538547988,0.0263130990074228,0.01261650516435769
0.7614618756765382,0.07891858227202853,0.11533273921653828,0.030786485933910646,0.01350031690098425
0.7739696100989947,0.06434903837583959,0.10810593168909256,0.03764128359416821,0.0159341362419051
0.918550450564521,0.04092455922894897,0.029865720245536742,0.007535083636050777,0.0031241863249426407
0.7973916441946315,0.057688855529725754,0.10833420659530006,0.026862892429604227,0.009722401250738658
0.8263750937328338,0.048627881133719235,0.09022940127906166,0.02291678287357215,0.011850840980813196
0.8272460363944306,0.07009198986566778,0.07485364813991695,0.020068419883064886,0.007739905716919809
0.8030192378384057,0.08000682424699439,0.08769601140866255,0.02118835676291146,0.00808956974302585
0.8221124908786703,0.050317739855590134,0.1007799438180894,0.018281610148935912,0.008508215298714128
0.8947203374173058,0.035839703909968094,0.04447114916650431,0.018297087172736138,0.0066717223334854655
0.8677143797792238,0.04070211598447929,0.05878523755832251,0.020767649258675025,0.012030617419299073
0.8044892337285411,0.07991331890868827,0.07563551490558207,0.027816978467252746,0.012144953989936045
0.8437842422380036,0.052309065772156285,0.08095836590551973,0.0146796595837919,0.008268666500528469
0.7072681847036637,0.07944194033720214,0.16757126096439962,0.033809148390150354,0.011909465604584129
0.7148949889815901,0.10480935176702644,0.13937488853130273,0.031770700384606894,0.009150070335473779
0.8464538540393247,0.053629681084666106,0.06371370644706065,0.026514370258496428,0.009688388170452313
0.7293896879215745,0.10453079233979708,0.12171210323226464,0.030001783669743307,0.014365632836620495
0.9092925101951954,0.049284919620949975,0.02753305500818005,0.008444535698606339,0.005444979477068392
0.867425354731691,0.0661464809684227,0.035256031754060876,0.019303907590146562,0.011868224955678928
0.8901322940898013,0.040311785728859455,0.04831573522114649,0.01580093598293618,0.005439248977256694
0.8981444946973017,0.027911374613680498,0.05443522885198262,0.013658720438020975,0.005850181399014068
0.9334052606118532,0.02586131676932737,0.029502105981091046,0.007114742798891017,0.004116573838837506
0.7789499729253097,0.062172350260438325,0.11217513528228706,0.031662305035748045,0.01504023649621668
0.8187517033081775,0.062287464211447166,0.09403941395235203,0.018029142180673106,0.00689227634735004
0.8437668112007115,0.037210244706952826,0.08899595729083357,0.021146892144338025,0.008880094657163998
0.94325657643591,0.015891545968293373,0.030845536476115053,0.006112635549828981,0.0038937055698526502
0.872921794497267,0.03710800285793234,0.061854538994292184,0.020342529598423996,0.007773134052084297
0.8502777839601748,0.04146577615832234,0.08104824034853386,0.016840738685438787,0.010367460847529993
0.9083253875103425,0.03155642165753338,0.0443457298092327,0.00870839790391587,0.007064063118975633
0.7256443624702403,0.07760022742280621,0.13434953685389123,0.03933779433418757,0.023068078918874604
0.8604947893359955,0.058630878691678774,0.04183953290155223,0.02298162908157203,0.016053169989201234
0.784571640488332,0.11911682686273577,0.05322928887416633,0.02469878181992249,0.018383461954843472
0.8517071617414712,0.07130695826970582,0.049380823230693434,0.015058792333205923,0.012546264424923504
0.8055875515179604,0.07235608492436242,0.08972888987853186,0.020359254042501777,0.011968219636643608
0.7443751805935493,0.10881147404896016,0.10688003014144383,0.03065162909745774,0.009281686118588896
0.851335613383086,0.035149846059288274,0.0765585823077241,0.02474658914464408,0.012209369105257457
0.8731400827240726,0.061531924464428824,0.03581045655449489,0.021237880547385665,0.008279655709617964
0.7573419082549564,0.045396300143478695,0.12205578954677554,0.05595253548792575,0.019253466566863654
0.916512664703954,0.03096231382012176,0.02722287596266208,0.01773669238539974,0.0075654531278625025
0.7399452248173326,0.11504924024677418,0.10286127765029437,0.02893455037579079,0.01320970690980809
0.7343531281765323,0.07609149901240214,0.1293242393212413,0.0420287347464668,0.018202398743357447
0.919733887786623,0.02793262535632752,0.03393415165158388,0.01335791959774939,0.005041415607716375
0.7683014758884756,0.09035653166205249,0.08690135220251065,0.03856375456541423,0.015876885681547274
0.8499244970126071,0.04827531172075918,0.06732787041281996,0.023997288654036362,0.010475032199777367
0.8746462222624404,0.02881755835417614,0.0736432274886015,0.015860416794913988,0.007032575099868078
0.6507823385907083,0.08108762578441173,0.22030408791740264,0.03360755556619759,0.014218392141279812
0.7019549273323296,0.14948959937620077,0.08194393226251599,0.04729803398019074,0.019313507048763195
0.7084700376800674,0.05966045759913616,0.17364585829529494,0.04264353700636232,0.015580109419139024
0.8658341061664125,0.051384409474650825,0.05655534824999247,0.01990259386367978,0.0063235422452641655
0.8282994812610704,0.04900808429325395,0.09608527302569389,0.01832828569811149,0.008278875721870086
0.7178449164830893,0.13290633874897345,0.11409225224975054,0.02389887806435788,0.011257614453829185
0.7440073184639987,0.06370397112998362,0.1571186193482945,0.021103098845667287,0.014066992212055858
0.9012301317504562,0.03351299902216831,0.04854409816695666,0.011769140752828929,0.004943630307590037
0.6628384220776132,0.1048087967320213,0.15840583385183457,0.05039014885277995,0.02355679848575092
0.8506126905483792,0.054188045938959956,0.0733952050043163,0.015478895408093699,0.006325163100250876
0.8626775641867562,0.04874623033404595,0.06602244204411858,0.016369781788232028,0.006183981646847134
0.9565745014143033,0.013316853700834427,0.013970491530431672,0.01223170990108498,0.003906443453345413
0.8446408417674469,0.04273658462882501,0.08971815405154457,0.015272393123868345,0.007632026428315207
0.7624191474332563,0.08758219258340469,0.10876789123200767,0.030548433490864207,0.010682335260467034
0.6827813014051941,0.15203530088083808,0.1265137244729607,0.02520831537978824,0.013461357861218956
0.606605732037165,0.12433032115838885,0.20835042427867767,0.04348699316100068,0.017226529364767717
0.8306188343392181,0.07002111282684151,0.06738655464180243,0.02025295018695523,0.011720548005182959
0.8863906108507974,0.04255458105056941,0.05343302114367956,0.012412533714813273,0.0052092532401404
0.736824703891179,0.0770963630814096,0.14679456446515576,0.027766692943775803,0.011517675618479762
0.7612469517883999,0.06979778508231939,0.12668707415779645,0.02964792904235202,0.0126202599291321
0.7416990920014976,0.060810316077982124,0.14128675879884628,0.03758466767802019,0.018619165443653576
0.9088156283188424,0.026555079852345138,0.04613893112066123,0.01274561844793615,0.005744742260215008
0.7699883979365849,0.08652025021094026,0.10343487824402631,0.02509912524846086,0.014957348359987565
0.8737146567119085,0.03697784092385636,0.061488901770899516,0.019508833832294233,0.008309766761041518
0.9141569725819434,0.01484621217872624,0.05462270500868177,0.011915786097919668,0.004458324132728981
0.8774198022029821,0.03741958336909322,0.06011499473189022,0.01603035684412719,0.009015262851907275
0.8008535705090728,0.06479268575028578,0.09640134877567737,0.02537035840531349,0.012582036559650466
0.8200444219655031,0.04732449064465089,0.10085242752920266,0.0214792557065927,0.010299404154050678
0.8696600366830319,0.028682813995755185,0.07929799289799007,0.013428523442005165,0.008930632981217625
0.8887282755655899,0.024640583808116182,0.05583065739797867,0.016819270003731228,0.013981213224584146
0.9551376647686981,0.018104433629164935,0.01766066481794143,0.006239238544608461,0.002857998239587013
0.8741615920456766,0.03558055024659566,0.06723458815221994,0.016408882533516023,0.006614387021991935
0.9391284158036709,0.025463025146447597,0.018926915697536663,0.011668936037103303,0.004812707315241439
0.8843072915071643,0.04948316455247947,0.031380082004987285,0.026251257814913304,0.008578204120455624
0.8275950901225616,0.0668361394045576,0.05801059632554023,0.03535243660295165,0.012205737544388992
0.9044426360788073,0.024297913486956913,0.04894142149026025,0.01539361860822264,0.006924410335752961
0.86609154938567,0.03640292363517288,0.07796718679633173,0.014068174802923232,0.0054701653799021374
0.6793003860315078,0.13440794223833283,0.1366523144778186,0.03433689349818978,0.015302463754151039
0.8155112037387026,0.0863110606757489,0.05990663105445022,0.02427182134231487,0.01399928318878352
0.8481543604636271,0.07751032281972751,0.04412970607452506,0.01668702616243329,0.01351858447968706
0.8386006127808946,0.09170408670204466,0.03653930553549154,0.019057951032119307,0.014098043949450157
0.8699754827787981,0.07510060516491981,0.025218205984676043,0.015157761811535872,0.014547944260070049
0.8657119212760064,0.06617422015861499,0.033364219246013425,0.020057619031923875,0.014692020287441415
0.9105899165582013,0.03896891217998923,0.03142648485341119,0.012534903732339725,0.006479782676058546
0.8483810497432478,0.031690672897674174,0.08813630889454635,0.019977959256625183,0.011814009207906487
0.8416214787939069,0.06253426998396304,0.06517313031014536,0.02103388227253944,0.009637238639445246
0.7868464515486181,0.14835839229912848,0.022330740696022273,0.02981013214492772,0.012654283311303558
0.9007999223135068,0.044147341331957204,0.02880085761432022,0.018988626534937224,0.00726325220527851
0.6650090760710582,0.1960616585305002,0.08610770000694992,0.03869529291309687,0.014126272478395038
0.9129244931247364,0.03895643396455043,0.02984657378822365,0.011835269240675149,0.006437229881814286
0.8591039988531471,0.09270805705161524,0.019458508730777948,0.01921093496788367,0.009518500396575808
0.8872676034529553,0.058715008029589726,0.03262105018529082,0.015696498974376326,0.00569983935778771
0.8864790193339154,0.03797984716102417,0.054415775462845054,0.015343251358663783,0.005782106683551658
0.9360335281676477,0.026815983061828058,0.023739903178507403,0.0091657280719824,0.004244857520034442
0.7253125684301323,0.12412674257238737,0.09596810477924378,0.03844817480732385,0.01614440941091263
0.6573114984570055,0.08580826511835857,0.18362254410198217,0.048256357775747306,0.025001334546906673
0.6771083281996191,0.07685462246193211,0.2000011191372467,0.02915456812495948,0.01688136207624258
0.8927078356749156,0.042343715913130506,0.03836649878233362,0.015531771959466903,0.011050177670153347
0.9582722643843671,0.00916962458163487,0.022764908822601952,0.006663699675285568,0.003129502536110678
0.9041839304679209,0.02070537498024996,0.05080448418367843,0.015363535342847314,0.008942675025303585
0.8432435176900019,0.029628547691793135,0.09141176838265504,0.02614012829529677,0.009576037940253137
0.8988020978833505,0.04449290659818717,0.02801334182480887,0.018200295664100318,0.010491358029553144
0.9122571853255051,0.023630878343260716,0.04260642135112831,0.015520125158010115,0.005985389822095709
0.9078582725648705,0.03767293581173384,0.027259221404362016,0.020020687358716035,0.00718888286031752
0.8912126599892098,0.04974800164241627,0.0336757229227812,0.017486436677493084,0.007877178768099721
0.8088830841788214,0.09088665545426264,0.061021689296772624,0.030371185609227264,0.008837385460916215
0.9496429299945527,0.021016995360676666,0.016861464778361514,0.008265466578988766,0.004213143287420317
0.9022058703601059,0.04493918121904176,0.0248687297237887,0.018787648120571855,0.00919857057649156
0.7273876035049839,0.11241127433020279,0.10359732672617523,0.0338148615530112,0.022788933885626757
0.9135350075744527,0.034771031050237364,0.025981902548465014,0.017696036767578426,0.008016022059266317
0.8830132428415869,0.041379962511913726,0.03608724478553748,0.0303119393947852,0.009207610466176587
0.9232511422780748,0.03637644027019802,0.014352934983707773,0.016384141528139176,0.009635340939880045
0.7679914065824266,0.09107252904239929,0.08510422776521145,0.03634120782533172,0.019490628784631037
0.7856657397788743,0.06363296027521617,0.09985024448488009,0.03381016342026485,0.01704089204076463
0.7949913069819132,0.042030403723167645,0.10636504746814494,0.03782520347572274,0.01878803835105147
0.8051417764706524,0.08279436343921694,0.06467299511874729,0.032649394240543486,0.01474147073084004
0.8025175124061387,0.06295126392803317,0.09278350602065637,0.025459168238069745,0.01628854940710206
0.9067126847820022,0.028605837702413327,0.041270176611285646,0.014281119741604582,0.009130181162694281
0.90045216038555,0.04625070062617954,0.026316999608096248,0.016838286997934326,0.010141852382239889
0.8520513357065234,0.06674395323761535,0.0393155954392014,0.028175616838780136,0.013713498777879833
0.911690829351129,0.02957136242679154,0.03237095358781035,0.01880629896817964,0.007560555666089564
0.9079979067305409,0.031043819582057167,0.04260680993338686,0.011874771675211735,0.006476692078803097
0.878278234831831,0.053953414644647785,0.03956779342009254,0.01694913116571308,0.01125142593771568
0.7435634122950052,0.08032811114555967,0.12162977950311933,0.03258018012610636,0.021898516930209486
0.845449002930266,0.05483087564765784,0.07200306578010945,0.018000818768735657,0.009716236873230987
0.8958314931917126,0.041873552311578376,0.0395515911116827,0.012754580363998378,0.009988783021027821
0.9246308566368873,0.025546988836655137,0.030021922170367418,0.010762578089054333,0.009037654267036095
0.9482482213997862,0.01695784828158643,0.021687930922715433,0.008344694059112255,0.004761305336799768
0.9014849958077392,0.03505239699189353,0.03857071326342568,0.014799782485058664,0.01009211145188284
0.9596986123952919,0.019231218854961582,0.011174942786762222,0.005987205061056865,0.003908020901927439
0.9026806130417366,0.04235991573227581,0.028974011590960927,0.016968900642068158,0.009016558992958473
0.756966480884265,0.08154605379560968,0.0932511375507131,0.043326370781366044,0.024909956988046073
0.8128064712883818,0.04680722637214087,0.10545293022481896,0.022602610378650804,0.01233076173600783
0.841731197939285,0.05243561894347916,0.0728599687768459,0.022350508459922962,0.010622705880467063
0.752058362272467,0.07991421161129934,0.11503274144561765,0.03716120737424943,0.015833477296366867
0.8733009694111095,0.03832197980245461,0.056615245728181364,0.02048498763194145,0.01127681742631319
0.7925802848112867,0.12227373637251886,0.046755082686382704,0.022820886353464746,0.01557000977634698
0.8059839878408248,0.10780975138439394,0.04572963374710922,0.0208379221130424,0.019638704914629414
0.8833056865142068,0.05061437984431349,0.03959763314643362,0.015823259758808175,0.010659040736237859
0.9098003243171526,0.04779506668918268,0.025893537080586768,0.010037126000757027,0.00647394591232072
0.8699748606316394,0.038917720358351934,0.0630932657189129,0.016465448398152584,0.011548704892943065
0.8031874352756001,0.0665510958291675,0.09973742415300792,0.018373082750367184,0.012150961991857119
0.9040515552293312,0.04033059298003303,0.02985672307263564,0.011267950305010719,0.014493178412989298
0.8626627663254615,0.049273646710668834,0.056111173297264616,0.01869614013381537,0.013256273532789747
0.8587791008725267,0.04931847637802609,0.0671112646105625,0.014728403731277243,0.010062754407607314
0.7667768755446582,0.049452055946044335,0.12626857417237686,0.032436571356049305,0.025065922980871094
0.8056620112735604,0.10984386552256466,0.041037553057844206,0.02475928908390475,0.018697281062125874
0.8532309077773289,0.083189459224788,0.03761345318126698,0.017058038827127163,0.008908140989489105
0.9111850186698451,0.05036261971343423,0.020093240702598304,0.012442694227448172,0.005916426686673937
0.9061682484286685,0.02458659098374372,0.047055154300974456,0.013271778289807872,0.008918227996805477
0.879785254413027,0.042867465767649236,0.05009401529842245,0.01668570255055295,0.010567561970348322
0.7967174179869744,0.0501263527569332,0.10606308714147648,0.030022695365624946,0.017070446748991205
0.8604745992542836,0.05176197128662833,0.0600299334581891,0.013714895195152992,0.014018600805745931
0.7780352128961563,0.07063316826008528,0.10651435181609131,0.026384237257517686,0.018433029770149493
0.9009758678053579,0.028104853719455734,0.04665098752418013,0.014194261076100043,0.010074029874906245
0.7689477366512054,0.09070061884367561,0.10060434919391842,0.023770299312919876,0.015976995998280775
0.8769870308561787,0.028955921445907997,0.06758944371274808,0.016473225999275927,0.009994377985889402
0.8258351987424464,0.06323265758332205,0.06938631663014967,0.023538959320390965,0.01800686772369097
0.8470038014475036,0.041888347154477694,0.07538395696932218,0.02495225189396725,0.01077164253472914
0.8858712042409108,0.04113895648776976,0.05033927957257776,0.014012256767217355,0.008638302931524225
0.8342834702570736,0.05261720120577188,0.07384505552568114,0.023615879208009463,0.015638393803464042
0.9541798831604313,0.015152155415064617,0.02095614951512273,0.005804480557059325,0.00390733135232174
0.8155795119738048,0.055105566656665224,0.08826782967195766,0.024555035534238778,0.01649205616333356
0.8556487522193811,0.04901047645430321,0.06673967986862873,0.016748433932572387,0.011852657525114565
0.6557375914213129,0.12107138689493355,0.1341168656466649,0.05447246650597788,0.03460168953111076
0.9013224072244123,0.03321659843873639,0.0431078570409115,0.01484526822978236,0.007507869066157647
0.8258314378693048,0.06717651111313476,0.08237295548890881,0.0157706923257953,0.008848403202856438
0.7875113930021693,0.08949222319225218,0.07239422902957307,0.02789603065236892,0.022706124123636217
0.8163563358210029,0.040233559365250526,0.102816138127338,0.027205252215967774,0.013388714470440615
0.9423215241985039,0.012835540132666946,0.027784697725189645,0.008995515238099603,0.00806272270553985
0.8732378336511547,0.04799856403559383,0.04896677529071945,0.01686009499132691,0.012936732031205099
0.903282868542392,0.03318708822338567,0.04336739083573025,0.012205805208306744,0.007956847190185252
0.8875862554163438,0.03991015822073577,0.05341493850137675,0.012219499637936258,0.006869148223607083
0.8303348902833941,0.04761980753827573,0.0912007719303066,0.019756286111868603,0.011088244136154952
0.8092184386313578,0.06697913633236045,0.0813593508970233,0.026702273680591415,0.015740800458667235
0.819278824746932,0.05194064914748137,0.08998144492304803,0.02248026712884564,0.016318814053692808
0.8379762642251674,0.05620442367459496,0.06581229962883642,0.01950563149530989,0.020501380976091475
0.8442380309103541,0.059344247875119084,0.052058481050966,0.02567256628553632,0.018686673878024782
0.7614410967447346,0.09640247326498305,0.09269255739928901,0.025890748102205964,0.023573124488787418
0.8785986757685286,0.017460132034756028,0.07530401981419708,0.017767428881205857,0.010869743501312236
0.8715263594200725,0.04892323981809252,0.04991189318482984,0.01754367882041984,0.01209482875658531
0.9165537727699414,0.03577450274545481,0.025857002415346112,0.014801255263548073,0.007013466805709699
0.7864635421911867,0.0814553289350622,0.0755418341429052,0.0305048323752167,0.026034462355629395
0.715076231028567,0.15236517988887288,0.07345847421605972,0.034440890586555827,0.02465922427994438
0.9151399142212013,0.05038808523640178,0.014670228087888017,0.013220719135823757,0.006581053318684975
0.8091972779833866,0.06265776752928305,0.07985938639603,0.028718753178357693,0.01956681491294264
0.8607706064141275,0.048720475500855016,0.06284005441515449,0.016258953054384483,0.011409910615478594
0.9331453548902108,0.023050128624870745,0.02558830075239763,0.00941093317712943,0.008805282555391385
0.8638601313168709,0.06463355439258682,0.04039120597334284,0.01459480341072868,0.016520304906470877
0.8438842641226146,0.03639094639424155,0.08158096473557302,0.020925122630224086,0.017218702117346565
0.9110899130712294,0.029889424394918793,0.0368548079584128,0.013371686286932602,0.008794168288506364
0.9091779923503849,0.035127129062597295,0.029828544020313815,0.01399432242818256,0.011872012138521038
0.8564210638811356,0.07278230490841994,0.04031067976033419,0.015400647851185485,0.015085303598924736
0.7948378072794661,0.10153586561928223,0.053764222258838694,0.029113351363216376,0.020748753479196504
0.7067399224614025,0.09804876300616193,0.11107090511213065,0.04292813369151362,0.04121227572879126
0.8371532797652234,0.05076105536557723,0.07040874134640926,0.027913430687117397,0.013763492835672662
0.8906307647474367,0.03535003809636398,0.04252615133175777,0.014696260489447607,0.016796785334994072
0.955301382545521,0.015423877159323715,0.01828676674099553,0.006557438142068581,0.00443053541209077
0.8735801492071933,0.0421568934704281,0.05481934973406849,0.017421134114992905,0.012022473473317231
0.8251402429462198,0.07896632283749992,0.05948098732931877,0.017982906907929027,0.018429539979032513
0.6749095759735962,0.17952913197936168,0.08029225364902336,0.03930346736676899,0.02596557103124946
0.8417831942079909,0.07608828041888509,0.046042042941342655,0.019057842192846074,0.01702864023893535
0.8362925918914507,0.06831367166341588,0.047398942703405056,0.028055056065975473,0.019939737675753234
0.8762718254730797,0.06362601827584512,0.03093752768682038,0.019382536466080177,0.009782092098174605
0.9373073554437736,0.03133626663053183,0.013910998811522404,0.00987372399786576,0.007571655116306282
0.9306004656151259,0.02464227872528346,0.025076822293606787,0.011763950779006204,0.007916482586977492
0.7691266882493039,0.11350114937232472,0.06988305149447865,0.03152313391341243,0.01596597697048019
0.9306931635315703,0.02532653685185864,0.02528980415225361,0.010315826812133774,0.008374668652183797
0.87425223580196,0.053394753396459764,0.04290202936418448,0.015005768321775732,0.014445213115619936
0.8714487621256279,0.056379864419406,0.04556160190043426,0.016033011866937504,0.010576759687594391
0.9162502442977193,0.020816336094205398,0.0311770302946762,0.016996518353280962,0.014759870960118182
0.9378927090715957,0.018322335750237256,0.02525303029675405,0.011044837757501706,0.0074870871239111954
0.7644552667237218,0.06000155692530664,0.10822460680113208,0.03636737367829494,0.030951195871544622
