Delta_Power,Theta_Power,Alpha_Power,Beta_Power,Gamma_Power
0.8584542894231739,0.07726264401264991,0.033802191547620694,0.020969679241991723,0.009511195774563856
0.9549100086996106,0.016686835861711505,0.016910676937425973,0.008043101411851017,0.0034493770894008058
0.9342789290422173,0.031899588489484945,0.016040649941407286,0.012807436638448778,0.004973395888441795
0.9331155123118476,0.03281374036830697,0.018395090779827716,0.009466002903087812,0.006209653636930043
0.9474462496641848,0.027693217391232157,0.013428684317723032,0.007591480482315635,0.003840368144544543
0.8775443739954142,0.04986813160811405,0.037945577344902115,0.02595069153465972,0.008691225516910159
0.9313281031256193,0.04413369025757012,0.011187101882021296,0.008954500282135463,0.004396604452653762
0.9414755205708991,0.03341912053827784,0.011655917580622602,0.009052272548445697,0.0043971687617549065
0.9303483169830589,0.047795091255520505,0.009574648229737392,0.008243439912512845,0.004038503619170417
0.9295661113449922,0.02983561602642267,0.023099469956218283,0.01244860795862529,0.005050194713741443
0.9386230204679676,0.02682903586159986,0.01920099948257995,0.011316138845748225,0.004030805342104512
0.8718157412755102,0.07215044030159476,0.026464011101839546,0.020916289149300063,0.008653518171755338
0.9187699656636216,0.05563720950832531,0.01217294698131395,0.008753393863434607,0.004666483983304522
0.9347294044632539,0.04097788754591367,0.014019349998828444,0.00677091558934596,0.003502442402657751
0.8746244537575232,0.0738731060619173,0.021893852466997425,0.022606639142823067,0.007001948570738977
0.8691050303695215,0.07329240666791119,0.02977293299192079,0.018640859050431814,0.00918877092021499
0.8417168344904691,0.09575731159081954,0.029026445859175513,0.02266873334354961,0.010830674715986274
0.9436322415003259,0.03332243247304397,0.012185473674788274,0.008471814988964778,0.0023880373628768566
0.8381623578154581,0.09124874887000987,0.038075858128951666,0.02347026836489749,0.009042766820682889
0.93859645756724,0.04202139298318762,0.00975821662183037,0.007040073294714433,0.002583859533027522
0.8748758277643863,0.06841904637782549,0.02460600178307565,0.022538480106077806,0.009560643968634786
0.9413157976466447,0.031254775506367655,0.016203835554594783,0.007576972526368221,0.0036486187660246232
0.8887305301234553,0.060296270195991736,0.029278247207590005,0.014685583935532046,0.007009368537430905
0.93255427476899,0.02868479783569958,0.02175124791853282,0.01130406527188577,0.005705614204891894
0.9331405048804461,0.03516374267861862,0.018959833902865784,0.009508703350574325,0.0032272151874951924
0.8982493421909403,0.051170600474518574,0.02884324559735161,0.015534238163045886,0.00620257357414359
0.9135153117749945,0.05025733808693234,0.0180351490707817,0.012739333117125405,0.005452867950166104
0.8632089043314467,0.07840149632513206,0.029007090691215057,0.018327957695038425,0.011054550957167746
0.9309732563202987,0.04322819689397439,0.011798860022023508,0.008982675833218429,0.005017010930485028
0.9141884074961175,0.04816379018080171,0.020936609032745822,0.011639041505167617,0.0050721517851673266
0.9027339562966287,0.05078680770305106,0.026925117640613845,0.013545467419965743,0.006008650939740828
0.8848760550437035,0.0689297732390636,0.028520360135404862,0.011101620993437748,0.006572190588390108
0.9440250330826525,0.027869363375163506,0.014213684906128178,0.009590016103625457,0.004301902532430522
0.9082374867099341,0.05395058503823308,0.015052057908799182,0.016696293682558934,0.006063576660474548
0.9171235773165306,0.04169965561257803,0.022683784891926632,0.013142777911177758,0.005350204267786991
0.9513257362795373,0.02998954065814496,0.008167833936755612,0.008169243918972252,0.0023476452065897702
0.9171779520179651,0.038025475107787254,0.01991712243137745,0.017589789149934466,0.0072896612929358754
0.9253304086474541,0.043503449682668574,0.015902715973022324,0.011521780682559511,0.0037416450142955028
0.9410659973719029,0.03634245504510564,0.013872936482088824,0.004932892080928912,0.0037857190199736728
0.8387061500614542,0.11658814623888498,0.02080696600534343,0.014691699028122167,0.00920703866619487
0.9239545538018614,0.04311622037508459,0.011564391494961659,0.014951297218704014,0.006413537109388115
0.8745479794655832,0.06148813283387253,0.038159472692385774,0.017237555123531083,0.008566859884627588
0.8918953803805357,0.05246351873862203,0.02921852068092954,0.017386158024954728,0.00903642217495833
0.944498507493714,0.027830613137750065,0.01309595227870242,0.009878699659305313,0.004696227430528087
0.865112217417589,0.05829477570224656,0.04141920645684162,0.024703486523828533,0.010470313899494434
0.779457417497635,0.1448063383504391,0.04800428055402169,0.02001219488416027,0.007719768713743805
0.8027706659763718,0.12494739094200592,0.03818834106660965,0.020415717263825867,0.013677884751186864
0.9476426155510718,0.02924242902041824,0.01203246793491898,0.007832870304523377,0.003249617189067459
0.7922043084262147,0.09482117765892649,0.06219408876859507,0.0376784653777032,0.01310195976856055
0.8842342769252302,0.07525531694293375,0.018248079921881752,0.01510181805920969,0.007160508150744491
0.8462633054577402,0.09009022089182075,0.035969293853985354,0.02026714200802717,0.0074100377884263255
0.9390081632120563,0.02740895303122175,0.02022468862534814,0.009561607338114552,0.0037965877932590753
0.8318631685858074,0.0989313991840305,0.03696615423732951,0.020379901356920083,0.011859376635912496
0.9257886815105042,0.05201527895260747,0.01096259272843389,0.00772033737961171,0.0035131094288429507
0.8451645871522208,0.07230438201904431,0.03521404497928743,0.03243452214701508,0.014882463702432375
0.9188593895274417,0.030109225787963722,0.029702695006625826,0.013904703929733307,0.007423985748235455
0.6814931167078884,0.0860319020434298,0.03524285320906181,0.08169178480870126,0.11554034323091882
0.8463747800535214,0.10314407383308688,0.034911349205385696,0.010435381783496544,0.005134415124509712
0.8798936505667908,0.060221997908046346,0.029755861605687384,0.020650643276191587,0.009477846643283726
0.9111424224013065,0.04210864323764768,0.025927944363100603,0.012463714081273823,0.008357275916671379
0.9321292181761095,0.03598625245173374,0.019200366121604858,0.0089612527424138,0.0037229105081379933
0.831887764206351,0.07429427888316958,0.04929425202777934,0.03433647605653496,0.01018722882616521
0.8195302651420555,0.11777931018265202,0.0384728273462924,0.01736674082635253,0.006850856502647791
0.9287000812995582,0.036798956445833024,0.020490253921653278,0.009891196673592955,0.004119511659362557
0.8549773243642166,0.09395621216104014,0.029248386511956163,0.015357106591846463,0.006460970370940722
0.7708895479238298,0.1264156117581762,0.06143008699593087,0.03104794570521115,0.010216807616851937
0.9076913567629854,0.05229749111274495,0.020810088633937598,0.013785875605783248,0.005415187884548545
0.9386883287727975,0.030789939503448393,0.013773846556790897,0.012016451441394072,0.004731433725569065
0.8195398729264273,0.11430580534444477,0.027221969299441304,0.029591671712046207,0.00934068071764048
0.9360204996858871,0.031484466443920126,0.013335531842023862,0.014137956448261785,0.0050215455799071575
0.6769951551181709,0.16558124242385855,0.08247901508253463,0.05901079658797873,0.015933790787457127
0.7352755363468555,0.17943254919805973,0.046195854370585106,0.027669560453699265,0.011426499630800493
0.8782240813897287,0.07988115430199831,0.019458991807426787,0.014617105893874015,0.00781866660697213
0.9184726812546488,0.04528463193325778,0.01689269815565452,0.01336176927767709,0.005988219378761539
0.8596529816734548,0.073771909212469,0.04143692148886252,0.016372469504327632,0.008765718120885849
0.9282139500163121,0.04266387162550748,0.015059828585363543,0.008556678456085326,0.005505671316731559
0.8961706617324762,0.06155199267319145,0.02285149401975022,0.014616127784756197,0.00480972378982592
0.8379840930669622,0.09906942950234565,0.02786478798360808,0.024485319790108564,0.010596369656975229
0.948568789842526,0.026888549074983312,0.010645200772759012,0.010673773191779617,0.0032236871179519592
0.7885243416153151,0.14626577049165748,0.03193171252565045,0.02305356014325881,0.010224615224118251
0.8827307891772679,0.06385303904151224,0.031183908815508962,0.012705299128384742,0.009526963837326239
0.8772512877861591,0.0784676045869305,0.024558465875605586,0.013225184901393034,0.00649745684991169
0.7979784701239462,0.14126591179225556,0.03111294211759022,0.018915825464922292,0.010726850501285792
0.8838123368159067,0.08062047095623544,0.02138278782135284,0.009913773921652262,0.004270630484852705
0.9140132485552365,0.05199374112358706,0.014577237493169203,0.013938437750232293,0.005477335077775104
0.8509364146387961,0.09388056413103223,0.03056180952475915,0.017397174934703604,0.0072240367707090145
0.9645817309268528,0.01907218530039843,0.007522104830409894,0.005499041197511183,0.003324937744827817
0.9094006093216951,0.04302211391772228,0.019382080602582334,0.017991890408584794,0.010203305749415562
0.9051328515658794,0.04020751717571806,0.02754103637902676,0.01945039297745916,0.00766820190191655
0.9592310272301418,0.02364093720210007,0.008958889795842482,0.005712412187322818,0.0024567335845928633
0.8647709277281189,0.09180453358032697,0.020585216960512777,0.014933991801182616,0.007905329929858618
0.9085014641099552,0.06882010535665,0.01295554682462584,0.006997881892905075,0.002725001815863675
0.7492906590947811,0.14851540454069892,0.04231299167428854,0.03334920992889039,0.026531734761341023
0.857247260810663,0.06825551429576296,0.028295023379089807,0.014411554354802297,0.03179064715968221
0.7143663364544565,0.13538243384275256,0.06321427545138474,0.05623436003050674,0.030802594220899343
0.7397583233379625,0.11588627356219758,0.04546701660516625,0.03809447269819955,0.06079391379647388
0.7268738359486063,0.12003282539466759,0.04058285424733643,0.043551980397767975,0.06895850401162172
0.8032414602358756,0.09183668791367372,0.04651251356970679,0.0385580862529871,0.019851252027756734
0.9242194186304465,0.050908604761030374,0.009274986044695413,0.010487977934971162,0.005109012628856325
0.9095039165167802,0.05722283738163299,0.016503656950192982,0.012221725296498521,0.004547863854895268
0.8822016176317474,0.053734646446634456,0.03547089295074984,0.0194851501727252,0.009107692798142974
0.8823707314091401,0.0750297545464328,0.02158494457487575,0.014104689802530468,0.006909879667021206
0.9679358607350372,0.017269985255013283,0.008029843190533495,0.0047409057066984854,0.0020234051127175764
0.7808470289594164,0.11695059501915775,0.04728757996034573,0.038688763586785344,0.01622603247429465
0.8783714605205541,0.060445615529332766,0.02827790081633202,0.02500110812368648,0.007903915010094683
0.9131832736612647,0.0343575843655026,0.02868412890631257,0.01586507683455103,0.007909936232369375
0.8756641434884267,0.07043320170661964,0.02514550457956718,0.016070103688466366,0.012687046536920132
0.7928596890533787,0.13893188402960327,0.033074106088475504,0.023081068564956765,0.012053252263585938
0.836232792531388,0.1119551865978707,0.019234257656081628,0.021313520823780168,0.011264242390879165
0.8045754194496693,0.13713928374926773,0.02838010999777678,0.01927025518826966,0.010634931615016463
0.8997369617722183,0.058230454937286284,0.016986633940809882,0.018624247691126482,0.006421701658559008
0.8832461507068028,0.07179972474567448,0.026202698472849697,0.01174741617162172,0.007004009903051363
0.8798059139852321,0.09453089822110432,0.010715040749377076,0.009403594310540508,0.005544552733745766
0.8743245288852265,0.07054461365224045,0.023695494472832812,0.023102086685246517,0.008333276304453666
0.8855211284213186,0.08385254185348967,0.01847280023620131,0.006603958539046033,0.005549570949944637
0.8975402084473625,0.05960243435593486,0.025200205022201574,0.012365939015593026,0.0052912131589080355
0.942653605856096,0.034048119568388206,0.010740777260310889,0.008759375164056723,0.003798122151148289
0.8909957512673321,0.05218380339530043,0.02993221287882849,0.018744431419754192,0.008143801038784959
0.9189168086590952,0.05329759856003614,0.011271794858099687,0.011371316964847167,0.005142480957921885
0.9371664325515943,0.03245796921107481,0.01342019481772923,0.013162515003960944,0.0037928884156409157
0.9035646921034377,0.05203870910150986,0.02049176406320274,0.01790933486216496,0.005995499869684514
0.8352327466547546,0.10346275381516408,0.029268926699315335,0.023481563751858114,0.00855400907890804
0.8683035494900281,0.08226481231834867,0.019196849952237915,0.019193211390154393,0.011041576849231021
0.8554044385377652,0.10189057377480921,0.018495546911045237,0.017372120631649925,0.00683732014473045
0.8953064763951115,0.05270259191761628,0.028893318930295092,0.01650928443797178,0.0065883283190055555
0.9112105701440576,0.03773642821693218,0.025554098473353902,0.020650310076583744,0.004848593089072418
0.9328331754583427,0.04188643303301586,0.016508117902264367,0.005874253237164922,0.002898020369212276
0.8246460078785323,0.0986307859427531,0.04214775692905427,0.022443487159898714,0.01213196208976184
0.9056106495539148,0.06137617091067575,0.018383580688416445,0.010751625315091157,0.003877973531902175
0.8109762545416296,0.11090396216224382,0.040790096131337175,0.027101249915097922,0.010228437249691524
0.9071320125069472,0.04216043502836242,0.03513744166184399,0.011051702927578184,0.004518407875268359
0.9206958103001935,0.03706265150062121,0.02186187660428306,0.015099751528197992,0.005279910066704141
0.8073709936179024,0.10264780406291384,0.055232877861757984,0.02582081814369981,0.008927506313725827
0.9145285490460999,0.0576480088509931,0.015123219366355148,0.008786023929011774,0.003914198807539907
0.9177598097973828,0.027950347795289123,0.030805627534632545,0.017985931491490394,0.005498283381204826
0.9268373664690301,0.03540694016380892,0.020486169908236478,0.01207360397930343,0.005195919479620941
0.7490571851557453,0.12474299194177829,0.08082415100577105,0.03412798089987755,0.011247690996827563
0.8695767215011717,0.07088401220724996,0.032297762295138636,0.020352951349583506,0.006888552646856233
0.9522222857227977,0.029171315599213196,0.010468680554616338,0.00552315196164806,0.002614566161724767
0.9205418583101559,0.032361889746963454,0.023215993084262743,0.01566409428331945,0.00821616457529827
0.826758803834938,0.09105882841653445,0.04243204480754518,0.027929478697821055,0.011820844243161223
0.6890408925759062,0.20184448580648315,0.05544769608908424,0.03637492297729788,0.01729200255122835
0.9440329295019629,0.025194691739452692,0.021065477666363238,0.006416947038213117,0.003289954054008034
0.9356567238228775,0.026199859133761168,0.022840138951491923,0.010788140490689331,0.004515137601180086
0.8332380221984136,0.0823517205955191,0.044928516180049914,0.025582880281467473,0.013898860744549895
0.8958244769135414,0.05458118619793786,0.027763205763560155,0.01714771951623997,0.004683411608720556
0.9346070658690466,0.031197890394355995,0.02012356451239149,0.009771300083502604,0.0043001791407032055
0.8274990827758031,0.10312137822845546,0.03811399035489689,0.02059089362663427,0.010674655014210247
0.9230946998333609,0.029724286662172927,0.030158553758837605,0.012117073694802626,0.0049053860508259505
0.8624640505858362,0.060691044135911344,0.04222297182432131,0.02716336701952435,0.007458566434406575
0.8846903938472882,0.040787735879008885,0.04314423272397955,0.023613249324480157,0.007764388225243187
0.846517708983008,0.04626377775986456,0.06473183359438271,0.029237649315546087,0.013249030347198591
0.8427873225085207,0.07544960683713656,0.04515517266267951,0.025414631107219497,0.011193266884443696
0.8831375585810397,0.04310171996231093,0.033771585919187115,0.02235315897063297,0.017635976566829338
0.9323478272106892,0.023228110930030896,0.017784799476250984,0.01306143498249392,0.013577827400535095
0.8316387165507542,0.06649854930093699,0.06560875401479356,0.026534981855679984,0.009718998277835254
0.8721778922819735,0.05831944446656787,0.048017685394517895,0.015175175557476472,0.006309802299464413
0.8563539576425729,0.08374872923049309,0.03624388044994291,0.015024424280909872,0.008629008396081212
0.819422799244767,0.09141226409721939,0.05535779945372353,0.023450681393960122,0.010356455810329939
0.9362915256527001,0.02848838410299073,0.017563811483185175,0.011907510209710953,0.005748768551413006
0.8908450909360659,0.062039990396756256,0.02852235668447901,0.011916806767259954,0.006675755215438805
0.7851269497228555,0.14821228656992405,0.031101383252451716,0.02534083486244458,0.010218545592324293
0.7665802380334209,0.11392966698851568,0.06885925865947545,0.039395481248461275,0.011235355070126874
0.8889342285006782,0.05297209941019147,0.032226650601737794,0.020432638918724155,0.005434382568668517
0.8796114226754611,0.051484283954602625,0.040608054708731134,0.019982833704247187,0.008313404956957753
0.886047916882752,0.0670681782787869,0.03017691477111285,0.010942406457440726,0.0057645836099075275
0.871283993292339,0.07227908394912798,0.027111055076813113,0.020397190211669924,0.00892867747004979
0.8952194023292566,0.04655756124031117,0.03039450234175062,0.021690040906737255,0.006138493181944195
0.853599613016047,0.050947311716883735,0.05090907978771363,0.03368023935356584,0.010863756125789666
0.8955459886969986,0.0419875051284741,0.035524833577605226,0.01932209495594613,0.007619577640975678
0.9333185338624188,0.030146103252565424,0.021541499638955085,0.011716194554854368,0.003277668691206249
0.8576482579026127,0.05719958138117792,0.06387143671950486,0.01544057722946227,0.005840146767242135
0.8494290774631134,0.0845675570650998,0.038851529169550196,0.019071078481858385,0.008080757820378346
0.8743787620179746,0.04443675172754321,0.05177515567342008,0.020023782530471358,0.00938554805059085
0.8812564061528111,0.04813198996053457,0.04459299278839489,0.01910857178147339,0.00691003931678602
0.8185354771265112,0.10051513675780739,0.05252088651496526,0.020244140010409733,0.008184359590306327
0.8614363554094203,0.08731186377619604,0.02938323473056968,0.015517207464231752,0.006351338619582015
0.9222353710307237,0.03690403839330763,0.024541612458098057,0.010787697353605342,0.005531280764265265
0.9191146615827572,0.034644595718109114,0.024210346128203167,0.016005490738937842,0.006024905831992531
0.8928226277279226,0.050642484273723296,0.03549018948991482,0.015185050915890043,0.0058596475925492345
0.8464873377109328,0.09475060743366695,0.03263498890709787,0.01812502812448452,0.008002037823817924
0.7697682483295188,0.13441458768768882,0.04768508828835929,0.034457993049014105,0.013674082645418733
0.8428248658511588,0.06363216398043688,0.0580350888473653,0.025430746198743217,0.010077135122295808
0.9143997451521159,0.03708881743262346,0.0296113391138973,0.014447120045454698,0.00445297825590856
0.8544329810918294,0.05984333248554015,0.0555880140170145,0.021430530807444503,0.00870514159817152
0.6605784595008278,0.21645306733354033,0.06913603088871209,0.0374394716845157,0.016392970592403806
0.8928232024593781,0.05285075790212448,0.03188306242841075,0.016032759456786172,0.006410217753300583
0.9471613386581983,0.02072152645318636,0.022028501906512808,0.006742494128571538,0.0033461388535310343
0.9257732246365651,0.03572802905604587,0.02182416574128911,0.012188771867192007,0.0044858086989079315
0.8457968707221672,0.08060630894644154,0.041658560589059264,0.024952485904886766,0.006985773837445374
0.7486135201175012,0.13034345370667003,0.07258889923086931,0.034671363756597115,0.013782763188362293
0.8735634292275042,0.04758065055699525,0.04430490005636035,0.025075001427775613,0.009476018731364685
0.8210376291427524,0.08029938355212043,0.061615985990876074,0.027510692895149676,0.009536308419101332
0.8308991291453589,0.08766512754397597,0.05049480493811459,0.022445071496580288,0.008495866875970363
0.8379573334434756,0.11206370014043325,0.029274417206132053,0.013825325170332333,0.0068792240396268745
0.837887065749496,0.09734889551486056,0.03327842991997476,0.02281731173069162,0.008668297084977163
0.9342186234457059,0.025196945452199904,0.027811162235346597,0.00873740129232507,0.0040358675744228715
0.9211701214888606,0.03658522172606364,0.022863752950149984,0.013785072833650392,0.0055958310012754146
0.9053567205796949,0.048601499576662606,0.027269353545278294,0.0130549442071425,0.005717482091221876
0.8763699467673252,0.04541341234354704,0.04612575853285097,0.022113659129683508,0.00997722322659314
0.8941671369310263,0.04104194850468486,0.030875930236276605,0.024897906879943973,0.00901707744806803
0.8937337479377413,0.06273962340700624,0.02958170944687295,0.009769137288631102,0.004175781919748655
0.9018359988441501,0.05063879032327591,0.027220576007637103,0.015174280080213988,0.005130354744723186
0.9528786786938516,0.018216321605249004,0.017566078999298674,0.008016346782403115,0.0033225739191978737
0.8696592720330413,0.0685453869040659,0.035129805250879366,0.01766295802883364,0.009002577783179805
0.7737161196846233,0.12113330213151205,0.07028756647598124,0.02504568944264743,0.009817322265236052
0.9060431328442539,0.05323052550967987,0.023330240785993363,0.011432202958652334,0.005963897901420695
0.8583557699027645,0.082357357069701,0.030618724723402123,0.020720218513432795,0.007947929790699589
0.8972553126258193,0.03813462005321254,0.04545932591831019,0.012313081439422878,0.006837659963235088
0.9050168436384456,0.04055024088830322,0.02913720227264648,0.019041110662207428,0.006254602538397174
0.9233686262008031,0.02230766178995617,0.039346966760164304,0.010927086318424891,0.0040496589306516706
0.965461813506118,0.012555770310409737,0.014645056185362597,0.005406257790080987,0.0019311022080286077
0.9200246768723068,0.03549453045325795,0.021563532562883146,0.0143801332698609,0.008537126841691207
0.825409801459949,0.07889050345712255,0.05362887935970883,0.03087093519717174,0.01119988052604816
0.7999480038891379,0.08612412430671963,0.07399409034603396,0.02956120860948464,0.010372572848623689
0.9441592697890712,0.03015649485244211,0.016322965988188817,0.006126484323454646,0.0032347850468434744
0.8941348916520242,0.031176461101661408,0.04600365791950623,0.02045628807469021,0.008228701252117793
0.8715192804848791,0.05223181105717664,0.04555638243201532,0.02503768414569654,0.005654841880232545
0.8654162837010654,0.06028589507181195,0.04777014058131523,0.01835606958646196,0.00817161105934536
0.7302572929231309,0.15633396929641666,0.07599714970178696,0.02889521479483018,0.008516373283835308
0.952529014497009,0.020950189450950646,0.01520787135319385,0.009100245906935827,0.0022126787919105294
0.9396797481515076,0.027594127745650503,0.019679464453995408,0.010188140818111388,0.002858518830734924
0.8472181759584562,0.07700235903996344,0.03895355982568681,0.028222837790567924,0.008603067385325746
0.8813404390176581,0.05857341987081002,0.03218035219204974,0.021322165249433072,0.006583623670048923
0.8062060990548167,0.10018676342290221,0.05253885841983404,0.030440670948860223,0.010627608153587048
0.8459626713150197,0.08615861126842207,0.03255724795916991,0.026661254172222294,0.008660215285166048
0.7584911760418426,0.16331402001589926,0.035805948389111726,0.0252280128576764,0.01716084269546998
0.7991316369301932,0.0844817016734441,0.0525302941308598,0.04651578880004134,0.01734057846546173
0.9389489286011131,0.026620548874438082,0.017153829390563775,0.01216981331188605,0.005106879821999184
0.9237505477813778,0.041447825984527634,0.014859774791891732,0.013433889039533596,0.006507962402669428
0.9528179595138803,0.027142445626318953,0.009195552539952618,0.0076460213664732895,0.003198020953374873
0.909268828857906,0.03625434414225186,0.029013081372992064,0.017781357176636377,0.0076823884502138316
0.861503085394303,0.07743095757634533,0.03056851610786086,0.02149566147683176,0.00900177944465915
0.9234634491578049,0.03142721862321759,0.01960488789829885,0.017880957683402723,0.007623486637275979
0.8813720590047948,0.07138493579732995,0.019784868888183333,0.018626235382487727,0.008831900927204313
0.8972000318447814,0.04896683578408885,0.03204930232193933,0.014729855649494882,0.0070539743996956335
0.9170541319930947,0.05366058960835302,0.013088707567711959,0.011293855188286997,0.004902715642553199
0.8627314951671403,0.07871958587682408,0.03413661463300646,0.01629535822659014,0.00811694609643896
0.8287521665497798,0.09937589208451002,0.04571593306621527,0.019593263490190437,0.006562744809304464
0.8608477001776274,0.07007633823752563,0.034230845280708584,0.02323620178018308,0.011608914523955457
0.9017296073580443,0.04988319938658067,0.022953915010728944,0.016028950795227405,0.009404327449418668
0.8724330341101159,0.06722306479902773,0.03999581430262324,0.011811345668850264,0.008536741119382962
0.8744420182115495,0.06107608196804099,0.02890733644257725,0.026037247808651,0.009537315569181262
0.9535075777942774,0.016767330015416994,0.014304753845317238,0.01073442637033104,0.004685911974657248
0.8759214343573108,0.052942307088306204,0.03971102046244121,0.021036897008745302,0.010388341083196527
0.9716023308288972,0.012641445481881106,0.008622629497633101,0.005022492683267352,0.0021111015083213735
0.8045531499612597,0.11464873613970719,0.04124621554159577,0.026284349182165285,0.013267549175272087
0.8178297402662275,0.11026958328846045,0.042605608722740156,0.01954200829575233,0.009753059426819316
0.8812599599497184,0.07035418051475145,0.025829608595364394,0.01541863556577747,0.007137615374388145
0.8037308782520742,0.08499172537760857,0.0636534480643892,0.03233285960708086,0.015291088698847148
0.6483620328762023,0.20838399435953936,0.07601059603626685,0.049396169847034356,0.01784720688095719
0.9030720885153473,0.04819939031481586,0.02635926696663751,0.015774878114205627,0.006594376088993667
0.8320380230516855,0.06868869064361503,0.05797158308485066,0.029034189485758016,0.012267513734090947
0.9612281021388374,0.01822802311110337,0.009314131672157683,0.007984859319340842,0.0032448837585609368
0.9766154822820499,0.012754897482620705,0.004911835821314398,0.0038087541207676547,0.0019090302932473803
0.8577715550142974,0.06145723949452967,0.05357389952088635,0.0195565085829355,0.007640797387350869
0.955410192580637,0.018380468776101534,0.013318155352862755,0.009145925905487285,0.003745257384911385
0.9606130437115799,0.024202188674906158,0.005800148672891257,0.006624351379432277,0.0027602675611906255
0.884043547309434,0.05972254588467886,0.029145747333452477,0.017420698996595846,0.009667460475838855
0.8169139446984199,0.08518993672878589,0.05846667534850651,0.024259645192860353,0.015169798031427343
0.9267471570241442,0.02968973673298511,0.02393125062515679,0.009887444052922184,0.00974441156479163
0.8680439074925155,0.06089306443088346,0.032779424381527145,0.016630030182486207,0.021653573512587877
0.8766865443764817,0.07037257749704007,0.026135930459209814,0.018270613379139673,0.00853433428812882
0.9118374433271617,0.0582266897502028,0.01222072408499843,0.01200645886210719,0.005708683975529865
0.8132231819092368,0.08022392099318973,0.060107376570244384,0.03180787671704477,0.014637643810283936
0.8150229588401093,0.08737402440402686,0.05557363242540594,0.030388163883155486,0.01164122044730225
0.892287260017336,0.044056122487375705,0.029739256662834255,0.020903793017889558,0.013013567814564178
0.5392750067260804,0.33328706259976676,0.07240461306650313,0.03566149186114378,0.019371825746505693
0.9544817038449861,0.025763616014663496,0.009565138745998469,0.006915407196481936,0.003274134197869944
0.8324226395095587,0.06658109598647577,0.06213297151701938,0.02665531987190772,0.012207973115038377
0.904613618589882,0.06200151340999213,0.01449433962480676,0.01174091324079958,0.007149615134519565
0.9325406970553147,0.03280090476419055,0.016779861282808506,0.01027093079959473,0.007607606098091464
0.9258764003193097,0.03996658793832376,0.01708571365714271,0.011250418368632602,0.005820879716591252
0.8082703812367771,0.06728523953342368,0.06016099227837263,0.036755375393737175,0.027528011557689466
0.9394296273532624,0.02626864033895704,0.019061333774664783,0.010206999985424828,0.005033398547690937
0.7837994903928851,0.08409138730716054,0.06587008255065727,0.04211407499708604,0.024124964752211056
0.8043608961577582,0.12074351299957273,0.03869933486400814,0.024766711716995356,0.011429544261665571
0.9500359709465581,0.02363855418397004,0.012424315914223627,0.009115411855594929,0.004785747099653571
0.929477916028729,0.032085552719826285,0.02321875313624583,0.010056972786280023,0.005160805328918617
0.8373488901223299,0.08276808511732575,0.03551310355404631,0.028687958673438124,0.015681962532859816
0.940120749170656,0.039178876608181416,0.008873852391012819,0.007157436645823083,0.004669085184326773
0.9276395762582527,0.0511661949413325,0.011185139279999416,0.005752773431959474,0.004256316088456264
0.8585634676191213,0.08093723456220459,0.0329898599382073,0.016815493177058365,0.010693944703408577
0.9131475922322523,0.04674632328004737,0.020378191426171182,0.011323625888009562,0.008404267173519534
0.836313031890707,0.08437472458519807,0.039690145395319676,0.01854534964986809,0.021076748478906976
0.8597023655657856,0.09385272118764071,0.023040606075505617,0.016821206882184362,0.0065831002888837795
0.8577208354574091,0.0724639630194911,0.03302849397213323,0.021661372148965026,0.01512533540200153
0.8950720673201494,0.04952613053756315,0.022788074366640404,0.017186174310438247,0.015427553465208615
0.9519104162026637,0.01920719440355205,0.012609400936413828,0.009463074414335613,0.0068099140430350515
0.8943957949454411,0.04625714673945522,0.031828937383470764,0.01948682279703846,0.008031298134594272
0.9327286947712204,0.033127443729207944,0.015169590179059576,0.0132756134261652,0.005698657894346824
0.905353958344766,0.053956553432057595,0.019240011782343285,0.014181623660680032,0.007267852780153152
0.7705253680662532,0.1550337716372111,0.034704363391335244,0.02609006231911714,0.013646434586083365
0.931114312444614,0.03843217022053531,0.013561002783283012,0.010865893756542027,0.006026620795025651
0.9123473324864075,0.049159787727297365,0.012595844574695963,0.019867199936992555,0.006029835274606522
0.8546701994291628,0.08635387825669094,0.020874549688039576,0.021757378810676787,0.01634399381542967
0.8521395593383063,0.08184007797781306,0.03368479948070512,0.018672855735966117,0.013662707467209387
0.8401476747615423,0.10577414008511582,0.02630913169211053,0.019035090126209075,0.008733963335022113
0.7845113874016837,0.107214988502169,0.05554872185407763,0.04261727615188045,0.01010762609018944
0.8758586668069801,0.05315258268756997,0.03631225276553103,0.022544185814546567,0.012132311925372445
0.934428049293394,0.030699430994216848,0.017766335290798477,0.009022960773213856,0.00808322364837692
0.9012181704172066,0.047699211735167835,0.02359393216278318,0.018525534376580628,0.008963151308261814
0.8464139207157875,0.08367900714562464,0.026577854689659595,0.03165146402279666,0.011677753426131613
0.9396630727743467,0.026407981901511602,0.015807270055534412,0.013526955659663486,0.00459471960894398
0.8398385734868337,0.06057410819723746,0.01656334087353196,0.03697378292313837,0.04605019451925863
0.9122224290306783,0.03391917351672532,0.023528573818587053,0.016668995127835793,0.013660828506173507
0.923586209207789,0.047449261157397095,0.014556462344423924,0.010151224934360098,0.00425684235602988
0.7842061836607055,0.1308318968787141,0.033874393783916656,0.034224151170972744,0.016863374505691066
0.9234617852599857,0.04473437385148614,0.015790523394308704,0.010191467354180044,0.00582185014003969
0.8390662301167106,0.10665359535806138,0.02339539946868942,0.020203605778944412,0.01068116927759434
0.9410185637731762,0.034201166871448786,0.01164886134986454,0.008810181847777205,0.004321226157733036
0.8868267694825399,0.06467038101522163,0.02103248807021537,0.017240084218627928,0.010230277213395287
0.9377248628617695,0.03979558940837744,0.010564675678644686,0.007374407069414177,0.004540464981794042
0.853831134059837,0.09590011958828916,0.02036243005110932,0.018861526420437192,0.0110447898803273
0.8652684749088385,0.08163333529693771,0.025016173192365477,0.01891874140251903,0.009163275199339046
0.9178239748447927,0.0324926880954582,0.028740160407579193,0.014519164298482252,0.0064240123536875
0.79456735469211,0.12264155287135727,0.030974974152758274,0.036128461620927026,0.01568765666284692
0.8688556354934263,0.07824885886397454,0.02656098640367173,0.017181172274612803,0.009153346964314541
0.8860484975064039,0.06547437741203624,0.020320979569504963,0.02042954381150143,0.007726601700553591
0.9128128595197793,0.04721356523531114,0.018931595839780258,0.01339327150584325,0.007648707899286108
0.8943527122027257,0.04926829061643389,0.02379663804218376,0.02175362717707533,0.010828731961581312
0.8871612234298208,0.06914110383667664,0.021971503986189418,0.015341206664734092,0.006384962082579025
0.8517453025820837,0.08801033594587697,0.037940927317201646,0.011610471853073945,0.01069296230176393
0.8681206261002217,0.06864664752547413,0.037691138922339294,0.01793023953055836,0.007611347921406487
0.9032334577660606,0.05743583483371172,0.017044004191211763,0.014217417688594072,0.00806928552042195
0.8966431649681836,0.06569840501825694,0.016218871097279753,0.01435228868211451,0.007087270234165291
0.9244825912873678,0.03317866230330073,0.02310218007489397,0.01124039241109251,0.007996173923344922
0.7579836505728776,0.14237016122484178,0.041833712534529666,0.03990262317766256,0.01790985249008844
0.8795684494480325,0.05465434434198344,0.034154485525812024,0.022951124850498966,0.008671595833673003
0.9385673031851742,0.025147931396393538,0.021889828768707282,0.008777099053825864,0.005617837595899126
0.9650452593570545,0.01819227549977895,0.005437877342813869,0.007300421142365863,0.004024166657986778
0.9275989735684067,0.023494772412453492,0.02475328674450145,0.014338914250035313,0.009814053024603194
0.8822626823029533,0.060166636685556225,0.03180595634862727,0.018561985958075174,0.007202738704787787
0.9165579348349302,0.0453345218840546,0.022741054096626304,0.009689449366741536,0.0056770398176471705
0.9063874601331164,0.037401053289856524,0.02923987011109048,0.018345528397342676,0.008626088068594029
0.9382131533705413,0.023333322343095216,0.015893108730018222,0.016516518017785108,0.006043897538560071
0.8719801639975845,0.060863368566002926,0.02901653323231992,0.022676244539158136,0.015463689664934652
0.8770319563185998,0.07430551846318408,0.019873562763626465,0.01708441140790419,0.011704551046685725
0.9410757642094455,0.026236385210546817,0.01101308525383141,0.014517154653394313,0.007157610672782143
0.8654387950349913,0.09280635644787306,0.014607806765059265,0.01819560205005098,0.008951439702025174
0.8296337892283393,0.09861155772029198,0.03697858118562355,0.02210969160815443,0.01266638025759107
0.8326148318988561,0.11297843306508842,0.026842405442477194,0.018588374488896896,0.008975955104681476
0.8960423114189602,0.05226197782504431,0.027237554650562004,0.015198119041305991,0.009260037064127431
0.8955498138391875,0.06426849110810762,0.01860376772194191,0.013352468174652507,0.008225459156110356
0.8325520346895037,0.08035792929413914,0.04705202001830156,0.025503852724565887,0.014534163273489885
0.9079972967216765,0.05031949024791672,0.021286253193735442,0.01405310422287309,0.006343855613798306
0.6927925325707739,0.2455093837299898,0.02771797346795476,0.019857411152700705,0.014122699078580625
0.934474462448065,0.03977785484769236,0.012776573142604804,0.006885774840123613,0.006085334721514217
0.8507629369038743,0.09293457776274223,0.02798451749528058,0.01794934341070099,0.01036862442740191
0.8685357623986719,0.07222049816358789,0.018199913338515412,0.020653660842987264,0.020390165256237495
0.8595655595910107,0.08907276828777966,0.028434465005569422,0.013494615954427955,0.009432591161212136
0.720376410968311,0.17124615035558216,0.04615995179802158,0.03819041974866491,0.024027067129420234
0.8921660790245197,0.05913284614648999,0.02420475194083087,0.017001179023388352,0.007495143864771043
0.8927243950001131,0.06300393121831686,0.025391815198813072,0.011168033216683944,0.007711825366073008
0.7596060056380863,0.1450520303945816,0.048398237657513984,0.02988964819836914,0.01705407811144901
0.807166348004841,0.09875306116448967,0.049781086140814196,0.02783069821633544,0.016468806473519556
0.9041381781702835,0.03813372893756266,0.03126160317351985,0.01857941857680227,0.007887071141831488
0.9498304648176399,0.01908500261110426,0.020014406732214596,0.006123747530030478,0.004946378309010833
0.9552455062994926,0.027650177123509933,0.00697341782461872,0.006689102404222946,0.0034417963481557135
0.8711853122193925,0.05655781094022832,0.03214120039847979,0.027062382104232213,0.013053294337667084
0.891207923143856,0.06457803000121848,0.018103879751912653,0.018849065719949164,0.007261101383063681
0.8809004285274974,0.05802370986313406,0.02887096356971091,0.02126166926844384,0.010943228771213778
0.8979102232873756,0.044572742956247594,0.028335062432720118,0.02006911907522588,0.009112852248430822
0.8990667789440402,0.04983925396999186,0.023559658050015562,0.019170833361793434,0.008363475674158922
0.9130444435978391,0.04465387208611286,0.02067632501237241,0.011967902081287304,0.009657457222388362
0.9581893459970102,0.01976970274861215,0.010194202388956707,0.008162079413633198,0.0036846694517876843
0.9160119183555476,0.04274161226762001,0.017278625991196245,0.01585556607967582,0.008112277305960376
0.8688233898027334,0.055017472196498746,0.04253648918388504,0.02148431790847625,0.012138330908406414
0.920460976290986,0.05087276499161855,0.015979800439647293,0.0078379123914102,0.004848545886338068
0.8452920436663529,0.10748693860282789,0.018360513127931515,0.019193052497168333,0.00966745210571952
0.9440557576135936,0.029155436526945622,0.01399456769352109,0.007996874612288506,0.004797363553650988
0.9094463376375971,0.05251439174970701,0.021389314527751238,0.00963129848874092,0.007018657596203774
0.9668086188360977,0.01871393170905257,0.008870165100289025,0.003177006921872355,0.0024302774326884096
0.8210840965266583,0.1386182282218078,0.022230751242755795,0.011392260922503158,0.006674663086275113
0.8170909237093886,0.11368349307544008,0.03919526881122602,0.019341385063661152,0.010688929340284035
0.8717466634010499,0.07883337813652419,0.023547447269742602,0.01510322547163784,0.010769285721045458
0.9043477744619778,0.06387137106761248,0.016238389593075057,0.007321061202851448,0.008221403674483124
0.924821195620041,0.03600262100950553,0.014567048863537789,0.013555058381266066,0.011054076125649865
0.9261932798274944,0.02710143498880945,0.027657234272772203,0.012212133824480612,0.006835917086443196
0.8023220316372205,0.11622205515777567,0.046756824079318526,0.022279112546796702,0.012419976578888508
0.8493219359472709,0.06980532634700617,0.040981605347680625,0.025197200641328316,0.014693931716713968
0.8571868974912873,0.09769880736194182,0.02238568531719471,0.01490739566980041,0.007821214159775944
0.9270233022303755,0.04544732771449656,0.012595335366494004,0.011065829986972406,0.0038682047016613623
0.8989155181817485,0.0735651627962675,0.015312252777738535,0.006969676880573055,0.005237389363672624
0.8716745621533826,0.07923653973896312,0.022972342271436113,0.01596831396798779,0.010148241868230585
0.9187442435395762,0.047195257499752896,0.018772302485052867,0.007991468810028508,0.007296727665589908
0.9333389101572983,0.036510084021382436,0.014420018916307623,0.009373545580707928,0.006357441324303585
0.8674768170616679,0.07924655232801997,0.024666518061127858,0.01905589696762101,0.009554215581563188
0.8131252689703476,0.1251479041877068,0.03189296082387956,0.01673751344265297,0.01309635257541311
0.9216329580549711,0.05163868250853313,0.01316771326338952,0.007907426765812329,0.005653219407294042
0.9448431869186411,0.026393954340242935,0.014351028617047826,0.009790954897708303,0.004620875226359912
0.8952201632752521,0.056218584506581876,0.022539468984694697,0.017083733278860983,0.008938049954610358
0.9212383024130144,0.03350583102321285,0.021821212801502107,0.015909592329384215,0.007525061432886538
0.8280399342714477,0.08572715120921938,0.0516255970741646,0.02033981472496009,0.014267502720208306
