Delta_Power,Theta_Power,Alpha_Power,Beta_Power,Gamma_Power
0.763016919762268,0.14281506254961165,0.03987337097512734,0.040889967271578266,0.013404679441414949
0.8822364962558404,0.06379609778586386,0.02513686748817162,0.019028671601218496,0.009801866868905797
0.9377192196004432,0.036028396943020964,0.00841454694710088,0.011698084879142787,0.006139751630292215
0.8714787245397643,0.06429083915913947,0.013430492005849153,0.03977704861528328,0.011022895679963738
0.9154758345375332,0.054558178724052865,0.013376786913909951,0.011367067157981853,0.005222132666522072
0.8914789781769548,0.06375601437477074,0.02236712594483357,0.017453117411620114,0.004944764091820727
0.7444232127777567,0.11870626744848993,0.045775535475825586,0.06762209046045949,0.023472893837468273
0.8728622508562873,0.04454877662169293,0.024613150812820606,0.035785485092130545,0.02219033661706872
0.9394961423619599,0.03847233141652562,0.00973697679392672,0.007840057183348896,0.004454492244238973
0.8623033847840977,0.062300165721233064,0.025674417706515174,0.03783563765806732,0.011886394130086539
0.9519986737815549,0.022734526467462605,0.008837177375790968,0.011304910973613672,0.00512471140157789
0.9251611704379463,0.04775873330345028,0.012479585260103076,0.01101511189369256,0.003585399104807565
0.879029744549638,0.0724356800860616,0.019467014856898137,0.021617631565884147,0.007449928941518279
0.9016423277090951,0.04445379482653025,0.0290289557543802,0.017693472951992785,0.0071814487580015825
0.8911946350024955,0.07185693696484127,0.01257372169078854,0.015911612090475508,0.008463094251399138
0.9394242067240025,0.03318604883116503,0.014863088352611959,0.008691767549939671,0.003834888542281058
0.9073013370421207,0.05552811030275414,0.01741209435714319,0.014832562724849015,0.0049258955731328186
0.8223510336908859,0.06646935418727717,0.04975696338166143,0.04482139248602297,0.01660125625415242
0.9050621411882009,0.02953910140452153,0.03603745655392506,0.018565828031871224,0.010795472821481378
0.9037567559749874,0.05642739326092968,0.01639698526421278,0.018542824004385384,0.004876041495484951
0.8100813226778156,0.10666108117044382,0.03964527602538159,0.0347251484328111,0.00888717169354786
0.8515195810179459,0.08696160078792843,0.02467159481375756,0.02185879181001032,0.014988431570357995
0.8884947387603983,0.07053065276017573,0.014388827536508067,0.01602382376758722,0.010561957175330785
0.9436737065616102,0.020982511942449336,0.01158676622288085,0.01384451791774651,0.00991249735531297
0.9547863810445539,0.023789423568412068,0.009778579304614593,0.007903174451222936,0.0037424416311962368
0.8522914502809718,0.09815661235514991,0.028901076203579793,0.014160847801201023,0.006490013359097515
0.8363779104514053,0.07732718378448732,0.0382277589591221,0.037003601357112254,0.011063545447872991
0.9408717251159364,0.030771115634062412,0.01586863959223268,0.009141203283457563,0.003347316374310866
0.8874758890876033,0.0613114854906636,0.025635182122411254,0.01782071566005975,0.007756727639262208
0.7573257668501854,0.13798738894948676,0.044732281560497994,0.039585525676064506,0.02036903696376532
0.9235600988461066,0.04636922712688001,0.013453550083926617,0.012049899239261709,0.004567224703824896
0.8717573250429901,0.08162370708676359,0.021001129977265613,0.0184210361158821,0.007196801777098779
0.8563729414253086,0.08436339015170163,0.02535541171179701,0.024847879958342166,0.009060376752850433
0.905205712641018,0.04941283492735542,0.015021968151450018,0.02392134363949522,0.006438140640681581
0.7956072659411727,0.09601651110989806,0.061295063221990374,0.036159405865457454,0.010921753861481366
0.9608152501897417,0.017267420545180566,0.010681433333132522,0.008455540595206553,0.0027803553367388143
0.9100351689228837,0.052677414041753454,0.01746408123032257,0.012487408891868178,0.007335926913171983
0.7537122308811969,0.1767134934060222,0.02980476314130381,0.02452180833609583,0.015247704235381212
0.9396954530409606,0.03381535044291321,0.011506474051380165,0.0102676740382813,0.004715048426464752
0.9200061162813672,0.04800989915469849,0.018771996166537634,0.008232629938403747,0.004979358458993072
0.9088349710088541,0.04537259010761056,0.01961173212560183,0.01938234867739931,0.0067983580805340265
0.8948640987831942,0.048339973068297834,0.026030447976862076,0.019064599832128493,0.011700880339517463
0.8569552416947237,0.08602577327359542,0.01953182800028832,0.021901991521933582,0.01558516550945894
0.8976834354294059,0.043495347148970576,0.02732759958113863,0.019291772298704556,0.01220184554178046
0.9221543480779888,0.04420896316513856,0.016974726136454694,0.010335593787703445,0.006326368832714387
0.8595209114161879,0.08425354769537537,0.031163791387350086,0.017887215407881032,0.0071745340932054405
0.767199037536711,0.1680194251357508,0.032663480136350835,0.02267789035428386,0.009440166836903574
0.8497333081636449,0.06864025288902639,0.03328858873599384,0.03615090852932763,0.012186941682006892
0.9203645757444223,0.05120604497275536,0.014754412037473519,0.009294324990582975,0.00438064225476567
0.9177326160791751,0.03695709570847992,0.020589174485656808,0.018646533753547797,0.006074579973140443
0.8051094634668514,0.10320477327259685,0.05329169288130405,0.02827105831369485,0.010123012065552934
0.882706146651912,0.05439236270479876,0.03335800108937647,0.022573940581103374,0.006969548972809219
0.7579797973694697,0.16132723448921743,0.04077970365944608,0.027301577956880388,0.012611686524986622
0.8056367972508324,0.09569276782103252,0.051038620663146905,0.03263369345408049,0.01499812081090765
0.8756267560040639,0.06874351998318169,0.02798593140921974,0.019194194342293962,0.008449598261240605
0.8268409870884407,0.11575718297428382,0.026201832761303733,0.0231461091962802,0.008053887979691556
0.9067602713985862,0.03749438943206115,0.03292203034393074,0.01742010829909366,0.00540320052632837
0.8065997735040498,0.10410882754136265,0.04161053045634077,0.035558351178213744,0.01212251732003313
0.8950251389136215,0.0354415650391858,0.030608861117811182,0.030985591232482207,0.00793884369689913
0.9209109065056401,0.04918293931943644,0.012919545634195917,0.012726321187042887,0.004260287353684579
0.7589506278012943,0.14313684680688019,0.055032506490452104,0.026450347925847842,0.01642967097552572
0.7731231648263909,0.04417490540467052,0.03619055740454414,0.05078259594606344,0.0957287764183312
0.8980930678963323,0.054845054517672555,0.012754541083975545,0.023057563476597268,0.01124977302542221
0.8864764926291613,0.04960363527190729,0.027243601124694823,0.02758747531492422,0.009088795659312783
0.9032143155375446,0.06474597181229524,0.01573793832606579,0.010526201591396457,0.005775572732697899
0.9137879711360954,0.044082640082843426,0.017491034414113215,0.016808993521818028,0.00782936084512992
0.9489737662928105,0.025762841619456304,0.016816631116917384,0.006096595063541808,0.002350165907274059
0.8639605008576798,0.060204276223522604,0.03599925834755107,0.0298494777411443,0.00998648683010232
0.8408824562214646,0.09092785844278739,0.028616927235728902,0.030383194168185964,0.009189563931832892
0.9523210261032993,0.020940396404747996,0.015597860003926973,0.00813496218459429,0.0030057553034314754
0.9166773740416957,0.04456061823734922,0.0221823547393394,0.012009341488632704,0.004570311492982967
0.8902564379450287,0.06156638903187901,0.023786281431334162,0.019297760722307086,0.005093130869451147
0.724976158505655,0.13891529615431128,0.06819103208820271,0.05098510954474068,0.016932403707090204
0.8726409743595483,0.0725989139230986,0.028226056598206848,0.01927606467739257,0.007257990441753403
0.8645740260893124,0.05915155511810526,0.03799635660411297,0.028614635469911893,0.009663426718557602
0.8457450507871385,0.08324145931339447,0.03524103968210867,0.029200227483350553,0.006572222734007852
0.7539192282044671,0.1457257381331936,0.054685541261862924,0.0313406798047789,0.014328812595697411
0.8401426793099188,0.06505836770911011,0.03635980715656177,0.044053066886017574,0.014386078938391793
0.8359663371498693,0.08559703243380593,0.03909682678225215,0.028609262105085603,0.010730541528986897
0.8433167739536065,0.09150900374593994,0.034545999370962484,0.022956643762779293,0.007671579166711806
0.8403232933282027,0.06830619518144204,0.05844140349781587,0.024803879227864235,0.008125228764675177
0.7604370482409943,0.1500701462155193,0.05235755563255753,0.027726357896184616,0.00940889201474433
0.8629639061311014,0.0689253875425114,0.02941981478066297,0.029430964269674665,0.009259927276049573
0.8156536294776967,0.06662875103284291,0.05310493056899059,0.04690164735394519,0.017711041566524546
0.8116103475777708,0.11243209467074138,0.020295908811288062,0.03271754148466677,0.022944107455532877
0.7834709937657734,0.09124526432784025,0.07034264233851632,0.03208342146975114,0.022857678098118946
0.7595966610607179,0.16750762982294998,0.03639306257705772,0.02304292414418207,0.01345972239509242
0.8585975945149877,0.0831205911497083,0.02471283631065354,0.02283933519264866,0.010729642832001816
0.710048777331643,0.17390872918186082,0.06606682776559156,0.03513032184759441,0.014845343873310308
0.9173674579527665,0.05584584345953146,0.01191265316491316,0.010007214630050918,0.004866830792737827
0.8608981659498759,0.08665952917223835,0.015743560334523198,0.02532922773025065,0.011369516813111777
0.78295352000084,0.11770017700917401,0.045485213948703716,0.033285954249085876,0.0205751347921965
0.8709578965763793,0.06912686138546624,0.03173183953135561,0.019936737553550344,0.008246664953248356
0.8321181104964982,0.10182677799610507,0.02665125749129268,0.02741625273470458,0.011987601281399536
0.8988774231234123,0.06696319826075618,0.014296925537304016,0.013292829657397432,0.006569623421129968
0.943064713301745,0.029409318507902824,0.013063894381983222,0.00969764910644557,0.00476442470192347
0.9214642123479514,0.0386493195296462,0.01628167071922344,0.015979135572706554,0.007625661830472454
0.9320138655473224,0.04281823599059762,0.01034937931353454,0.010068685207210389,0.004749833941335347
0.917547202779571,0.05082983021700379,0.016427767717422485,0.010661319596576783,0.004533879689425935
0.9264484229062843,0.028405201709281853,0.020565251221425343,0.01767813976164348,0.006902984401364872
0.822965351161627,0.08437701428665152,0.04653191815098816,0.03276468806008895,0.013361028340644525
0.8995572089529899,0.04411861118343498,0.032624338456211044,0.015518134575999317,0.008181706831364944
0.7358211341064139,0.19906346695131896,0.033156160736626576,0.020083983523468723,0.011875254682171876
0.8732519068969248,0.06241637390425406,0.026674973850715697,0.0261021595582789,0.011554585789826363
0.9197237266369404,0.03554943084231672,0.02287778252571484,0.015503943823195478,0.0063451161718329095
0.9482227320189743,0.02462090935179245,0.014197586799516066,0.00872094084954444,0.004237830980172706
0.9078441797463687,0.033251158221954034,0.024110217963177343,0.024654989453156126,0.01013945461534407
0.7803157448556439,0.12396715591273044,0.045120869660097034,0.03656079824110071,0.014035431330427813
0.812669667298497,0.09616715070327854,0.049591971095863226,0.03199232360191463,0.009578887300446773
0.8555414750073674,0.07908087677828274,0.036177641261836035,0.021619440474535224,0.007580566477978738
0.9326946241848494,0.024274040435753874,0.027655389000955665,0.010745723842906306,0.004630222535534753
0.8395748352725791,0.06918868168860634,0.05120541702553245,0.028511974724834802,0.011519091288447131
0.8064298356062752,0.0749753831518409,0.06931617678821515,0.03634718532713881,0.012931419126529816
0.8993227124338542,0.06379005801490245,0.01973981631818296,0.011400402353800755,0.005747010879259868
0.9039890876267126,0.04974683928558268,0.02618023100316192,0.013514652175054313,0.006569189909488703
0.9011068340403469,0.06089271411785383,0.019828269671962433,0.012355584439735603,0.005816597730101179
0.9664290782439457,0.018380611369056138,0.008538343162479783,0.004653114105496365,0.0019988531190217426
0.8939393626460559,0.05420247906028413,0.026441347755190737,0.01802983520163503,0.0073869753368341
0.9110139323060189,0.05885822715128428,0.009697470415378374,0.013414235767691546,0.007016134359626771
0.893935059246964,0.04210963639555236,0.03524122630676272,0.019843639776768573,0.008870438273952235
0.870886755265635,0.07190962006328783,0.029683861685218433,0.019392769392743727,0.008126993593115302
0.8087771792203008,0.07050741484382815,0.06346504265592247,0.0437025155081212,0.01354784777182745
0.8357347300120833,0.08241392738261867,0.04242062881424738,0.029504981527316253,0.009925732263734513
0.874267196846953,0.06394709926278794,0.035962062616076804,0.017504243863816563,0.008319397410365697
0.7610233904115372,0.12556575390403915,0.053722953335267144,0.03699164544428898,0.022696256904867547
0.8479490724490746,0.08320596776597045,0.042782109351043034,0.01937172963453699,0.006691120799375074
0.5608193511923871,0.23343684920977897,0.12527891939084673,0.059875736288399935,0.020589143918587283
0.9582329106765919,0.02484637821626995,0.0080863715298921,0.006794200596627357,0.002040138980618769
0.8552535017397377,0.05120675207835449,0.0625874527030205,0.020226787632669,0.01072550584621827
0.878630612569454,0.07465315109141996,0.026484340199550673,0.014807361445627824,0.005424534693947577
0.7895356114111717,0.08298018230515616,0.0773915623545525,0.03753477234443484,0.012557871584684705
0.8741806354506313,0.04834033567110712,0.042337564751957074,0.02458891955969599,0.010552544566608694
0.9241672114993349,0.03592797331178591,0.025008622742130032,0.010085322586360064,0.0048108698603889204
0.9189797365014697,0.03892725047907338,0.026833888166139935,0.010385601067126068,0.004873523786190918
0.8674031261608439,0.0667761499783398,0.04355208259062004,0.015638886075901078,0.006629755194295439
0.9100189772991492,0.05774746457137039,0.01723060684144288,0.010195028370381684,0.004807922917655821
0.8662281152294431,0.062243837599945444,0.030111114482948582,0.030919055890701812,0.010497876796961214
0.884193234488914,0.05601144456131706,0.03487676397814408,0.015515351873404148,0.009403205098220815
0.837163378380229,0.08844856272080945,0.04394695937010272,0.019371194485427297,0.011069905043431524
0.8642304990724822,0.05845017923125536,0.04215478131417732,0.027534181851166274,0.007630358530919111
0.9222605714922227,0.03880680183099567,0.016408417423438394,0.016496497370419323,0.006027711882923912
0.8821782821938039,0.05027951100915217,0.03652186856285818,0.022801223127698438,0.00821911510648745
0.8428399480402157,0.07957845629719261,0.04729209149038473,0.02298616417491306,0.00730333999729423
0.6985188959523971,0.16310424522140582,0.08351760845263938,0.04308621114794473,0.011773039225612911
0.8830536279595799,0.05784473422964515,0.03189547267911996,0.018713064493362085,0.008493100638292637
0.8907938819106965,0.05333074404944668,0.029051800506845853,0.0188282342265012,0.007995339306509665
0.9624454519956258,0.01966128810785739,0.007914159239696348,0.006965073466035894,0.003014027190784524
0.8923256366692708,0.033401010752202566,0.04307754017683282,0.020958531209102127,0.010237281192592054
0.9010305113521063,0.04370174821294688,0.029109282476251337,0.017811517759133984,0.008346940199561583
0.8790179487302823,0.06320809496892282,0.030642495707761896,0.019124127189445644,0.00800733340358767
0.9474816154715376,0.020974689751780327,0.019361054479466854,0.008750560940338242,0.003432079356876947
0.9089395919200034,0.03223537656331254,0.027138498500813766,0.022952496223624993,0.00873403679224554
0.9139542647829889,0.04045690653186047,0.0251241769585347,0.015763753383613705,0.004700898343002318
0.9078387110830451,0.03620873881714427,0.03539313910818392,0.013809411419391942,0.006749999572234765
0.9153964384002473,0.027264064090432628,0.04040253308775392,0.011513737739411313,0.005423226682154644
0.8457453449843946,0.08051293209564418,0.04091819847714666,0.02452032339779955,0.008303201045015281
0.7933038292860116,0.0948396257387744,0.06774174921486212,0.03258069795019651,0.01153409781015511
0.8521699216735433,0.07456924378204925,0.03201888817987341,0.03106101461392622,0.0101809317506078
0.8799498122205863,0.043113457829312085,0.039884371727497515,0.025877804726515897,0.011174553496088176
0.9014333012672363,0.049910954985097865,0.031714476380089306,0.01118329159894598,0.005757975768630436
0.900684627364646,0.03734421140862462,0.028814151848388488,0.024455535929683626,0.008701473448657177
0.829872509021495,0.08193686060483744,0.04894524853918416,0.026638321833001466,0.012607060001482092
0.9061144235442524,0.048253820912546236,0.02772312234527394,0.011998330913185617,0.0059103022847419705
0.8227518660236552,0.0879735614264586,0.03652052279780286,0.03754981983584565,0.015204229916237664
0.7078800067792923,0.16544487699407456,0.08069502585656993,0.03119255386066426,0.014787536509398715
0.8352714813435388,0.08021716241955018,0.05325842110395611,0.023443793719673974,0.007809141413281027
0.8716709840958029,0.06165815584692287,0.028448639552314987,0.02774679182008557,0.010475428684873682
0.8220594754518732,0.09156888743636746,0.04768350442058798,0.027500489851426776,0.011187642839744792
0.8850235188305564,0.03197910072534226,0.0518326957012725,0.02328271496979572,0.007881969773032925
0.8565431052196062,0.06347944265909106,0.05204431685535538,0.01965320175577599,0.008279933510171266
0.8605443691741494,0.07434222403760757,0.03524273825107882,0.02121113701684209,0.008659531520322063
0.9024860258848526,0.04275518519354147,0.03201409572013071,0.01693892332784732,0.005805769873627974
0.8449166639223996,0.07566626533823992,0.045074347361398995,0.027440760671068178,0.006901962706893346
0.9381022872951809,0.02527595628166667,0.021798622446323093,0.010626970212811844,0.004196163764017372
0.9151226347059979,0.035918161671042205,0.02457689677374457,0.017364332827253127,0.007017974021962116
0.9092097790783351,0.05004335368162751,0.026053021461791788,0.01159406833357878,0.0030997774446668304
0.9044409887538079,0.052494747684240825,0.023657042798322227,0.013253809673135218,0.006153411090493813
0.8956389395648667,0.043283049384090576,0.03526082238491674,0.01681792441691113,0.00899926424921504
0.8485359558305156,0.06780970468269504,0.05544600715038316,0.01896792318729319,0.009240409149113052
0.8678239261250311,0.06541223225010004,0.03203928374953677,0.025753567812975456,0.008970990062356611
0.9329810405519064,0.01915070873629167,0.031394664549721646,0.012919506055104463,0.0035540801069757545
0.8936951457545432,0.03999673681979208,0.036217012155458785,0.021595796520968328,0.00849530874923755
0.8684426921366348,0.05949444995246611,0.0472947689659855,0.019084567043683456,0.005683521901230164
0.7965158015969354,0.09833441238235349,0.05452741043271312,0.039894697886480805,0.010727677701517202
0.9037267334843158,0.0258268840866345,0.03954513698759717,0.02281716433979417,0.008084081101658407
0.9227645160868221,0.032694005150025504,0.021211719768661562,0.017576817014743517,0.005752941979747433
0.8602875013846117,0.06738463905245644,0.04452832230563144,0.021323294323387986,0.006476242933912461
0.7868891152915196,0.11433293523656973,0.048747445287483,0.03576708726648954,0.014263416917937947
0.8436712128464208,0.043391337165019334,0.07111424954156727,0.033207340755714444,0.008615859691277988
0.7807622904188263,0.08496225695290552,0.07108812938517223,0.052210845712254546,0.010976477530841456
0.7491171768121069,0.11795074927844844,0.0753288158775805,0.041907930588200124,0.015695327443663823
0.830217798067939,0.09355769056447909,0.031001963563817306,0.025336963613531608,0.019885584190232692
0.888252030833259,0.04667453185235625,0.040464965288898,0.017098496391365597,0.00750997563412132
0.8988062816494734,0.06727064801197817,0.016551826002714026,0.01220836033908863,0.005162883996745899
0.8430756487097925,0.06137637022052103,0.05304286631015306,0.032260566351122226,0.010244548408411245
0.8155935222653177,0.0864689482445769,0.05071563067331515,0.03541158072809649,0.01181031808869389
0.7924399415409399,0.08914986580936915,0.07984586977655117,0.02953779459889548,0.009026528274244208
0.9058369189071405,0.03786394044988659,0.030330944497651446,0.019863853240285848,0.006104342905035732
0.944109503108281,0.022877905494902154,0.019688759296900324,0.010610944456250871,0.0027128876436654987
0.7790626547237696,0.12224309566014253,0.05751968197213085,0.03031260249904508,0.010861965144911955
0.8278491859206987,0.07750833421665451,0.05776631396869575,0.02914092063771415,0.0077352452562370584
0.8353716106018501,0.06589541423262657,0.05453349749696748,0.03616439701936606,0.008035080649189768
0.7303491531822034,0.0880777847914763,0.11340706999615235,0.0529066492277787,0.015259342802388899
0.6235852530203221,0.1089048364524856,0.1688127602302602,0.07290685463346458,0.025790295663467407
0.8066694495062098,0.1023335878974261,0.0476246055800879,0.03264651012553136,0.010725846890744859
0.7760009171787257,0.09845179838308354,0.06941764422544557,0.044048506550333336,0.012081133662411927
0.9054344074032261,0.02974211230536651,0.0447204640567356,0.01511038231334824,0.004992633921323682
0.9501395430961639,0.013213499530792356,0.02440167177162873,0.00886032931763048,0.0033849562837848335
0.9368242184713006,0.02645610962753442,0.024254506706392936,0.009178499457070622,0.0032866657377015585
0.7454040543194485,0.11669249027313375,0.06557573787685567,0.05241098028578975,0.019916737244772425
0.7708201126846376,0.06553346394761164,0.10330954402606912,0.04863476467872658,0.01170211466295516
0.7816591110519504,0.048478466793217864,0.09239290133440912,0.06487266234684808,0.012596858473574439
0.8155597911340445,0.07316251709251133,0.06559620577158914,0.03677961216530867,0.008901873836546316
0.9110890412363615,0.0428394872882353,0.027994808350737935,0.013418646098693676,0.004658017025971472
0.8468828491546923,0.07675811720318716,0.04902271326810406,0.020332368326157053,0.007003952047859639
0.8353637827484515,0.06393394588142703,0.054165174166286995,0.039515010866902685,0.0070220863369315056
0.8458149188991194,0.05862452297140224,0.04839740654162544,0.03627135720800832,0.010891794379844727
0.8780799205005859,0.060364961381971005,0.030119155041202755,0.023904763120037916,0.007531199956202421
0.8326337906506158,0.06864144881324745,0.054165801793465314,0.035804960049006955,0.008753998693664394
0.8402558203836181,0.06120601761840037,0.050548384095741326,0.03539859887617187,0.012591179026068369
0.9045572163794343,0.047814275842314506,0.02328483359353878,0.01722368463431519,0.007119989550397102
0.921507329454548,0.03672208104488316,0.02516802053714384,0.012096412705500652,0.004506156257924127
0.9031728880501952,0.052516074873732825,0.025069728573311318,0.013724162998119722,0.0055171455046409065
0.9051761803331166,0.03429475809947805,0.03715375789627778,0.016929801541581305,0.006445502129546137
0.9309219845777063,0.03557614396728556,0.016208838784820278,0.012337774302581128,0.004955258367607033
0.9093541955942679,0.03745428308771913,0.030636903387325172,0.016688382578452225,0.005866235352235343
0.6841347652524148,0.10428473797855949,0.11745576891825704,0.058289000075812725,0.035835727774955806
0.7431935032298721,0.1492012646359839,0.05434126290640226,0.04339180604053276,0.009872163187208748
0.7028002935767078,0.16456565130423156,0.07904720017459906,0.037420894589088316,0.016165960355373016
0.9026343699705202,0.05602851290427405,0.019515905611984814,0.014338147347313542,0.007483064165907774
0.8939530436168498,0.039523736799725574,0.026710738269660188,0.025561605175334838,0.014250876138429644
0.9323342883134316,0.03771206766590448,0.015539577198724095,0.009955532982282791,0.004458533839656996
0.860387841825349,0.06869212605226076,0.04032645420177974,0.021459042307591568,0.009134535613019077
0.8733903748723691,0.08070890095458554,0.015958363909061524,0.0244559067222981,0.005486453541685627
0.8641518193551103,0.06956044024833738,0.02646651596894242,0.03126840321082106,0.008552821216788905
0.8654926578780385,0.04485931940122985,0.04739194810115356,0.030778684309939564,0.011477390309638465
0.8663227619038908,0.06526102891909043,0.025498092855583656,0.0350884445812919,0.007829671740143077
0.8551895106913288,0.06814234510743798,0.04117426307890937,0.025569058315607636,0.009924822806716208
0.8003937157229591,0.06696110210126438,0.05992432131078237,0.057631859013260824,0.015089001851733227
0.8621652462128578,0.053710852761725214,0.044567195651694966,0.032130280516712274,0.007426424857009432
0.9195058687436086,0.04124528109110333,0.020269974695391654,0.013132017317561204,0.00584685815233512
0.9036410918352079,0.06107216704723136,0.015260862769192314,0.013085093330064823,0.006940785018303347
0.8783626338437465,0.06231122541233316,0.02230805988082841,0.02959976996925413,0.007418310893837719
0.8585616696119757,0.068362299149179,0.03622959306631525,0.028238779870537505,0.008607658301992758
0.9502689106778468,0.01846409300068043,0.014396835947514114,0.013539680984658783,0.003330479389299757
0.8962613586425703,0.07487797693574005,0.01360851449983206,0.010384876585673799,0.004867273336183913
0.8987335415123959,0.05215446589286076,0.025199140319743032,0.015345982135661589,0.008566870139338488
0.8361085000798348,0.08683017958153282,0.030865928515962687,0.037848023439833615,0.008347368382836381
0.8690660952273114,0.08020863186950956,0.023217069791209608,0.020295525450962602,0.007212677661006619
0.7853774813210648,0.10774167888591324,0.059687077964764,0.03598823050133483,0.011205531326923073
0.9326773039216963,0.03273772275981058,0.016612761038723202,0.01370184587281916,0.004270366406950749
0.6968027042949497,0.18484996080486252,0.06123852091608933,0.03999785641143325,0.017110957572665248
0.9042575253946133,0.03044854694034337,0.02537206673732259,0.03398131486368616,0.0059405460640343365
0.9282957660120326,0.030726573496536718,0.02306243599475665,0.014639093107691969,0.003276131388982386
0.9102159785456065,0.04170273200352428,0.02197004238818777,0.020409527057450087,0.005701720005231342
0.7870271163136348,0.12264731892840001,0.053149651368888974,0.02754052012262291,0.009635393266453404
0.8800010815411845,0.047037850756711554,0.03773784773950807,0.026602789855711326,0.008620430106884442
0.9424946353311272,0.029932905387771866,0.011681657786358409,0.011748120212051474,0.00414268128269122
0.8782292901860509,0.053763654118368746,0.0316606078165726,0.027503615069833873,0.008842832809173955
0.9081800390803583,0.043712430338646274,0.0222131686354373,0.01789048728337062,0.00800387466218742
0.8701540949324468,0.048294645334800816,0.04072888281583854,0.026083217985687943,0.014739158931225746
0.8054542166963138,0.09525058139545982,0.04563950628157231,0.040920857476579024,0.012734838150075008
0.892884873703557,0.05321397767738796,0.026169248318968222,0.021643735449174896,0.006088164850911887
0.9192938235561614,0.03046481174777371,0.022091165092319405,0.012900698831513138,0.015249500772232487
0.8840898635575704,0.06877104181378327,0.02247343478478991,0.019419232412350888,0.005246427431505689
0.9338050707498989,0.035501438603891135,0.011921297734041842,0.013810870403642192,0.004961322508525825
0.8608382937138487,0.045800124851262704,0.04304159557137542,0.04038050383440592,0.009939482029107344
0.7632168139398067,0.0749100609873664,0.10203167462810919,0.04415196502077954,0.01568948542393811
0.866907594575519,0.07432338757594625,0.03277632362034209,0.018990729087970188,0.007001965140222415
0.8178880978796235,0.07468120516279872,0.04508918909617927,0.05096892488351565,0.011372582977883131
0.8295993417513892,0.07843127528828911,0.04381670268645577,0.03931719739213068,0.008835482881735234
0.8825432982188111,0.06261824691821828,0.022371814711860914,0.025143096910328216,0.007323543240781602
0.9097123761108665,0.03219413106889949,0.025288364888134334,0.02642330220512609,0.006381825726973583
0.8922663673105867,0.049167062575814616,0.03413562710798489,0.019414375645981526,0.005016567359632193
0.9427274643782478,0.028067021842418244,0.012726306470209165,0.013273939758658584,0.0032052675504658156
0.9503910362238327,0.025734934888789095,0.013722815676624624,0.005948830618806435,0.004202382591947215
0.9319497296599639,0.02134286445357862,0.030440780688613348,0.011721005003103758,0.00454562019474051
0.7848020123526618,0.08435871843781882,0.0739059590257827,0.047766588639756795,0.009166721543979874
0.8138492659817579,0.07430196531447814,0.06771918677480306,0.03305474588192234,0.011074836047038671
0.8901261595267235,0.043695605857444225,0.04081386642852385,0.018782560536725012,0.0065818076505834355
0.9513471553649676,0.018057684123592533,0.0169650144124937,0.009855515776848841,0.0037746303220972896
0.934923004232898,0.026115946964006563,0.022356811452629365,0.01269563087499217,0.003908606475474194
0.7786801489679075,0.12751929236061466,0.0628809460626832,0.02040849817508868,0.010511114433706071
0.7814826935507736,0.15044734489661712,0.036918206878544024,0.022005133732039123,0.00914662094202643
0.9385648398134476,0.02541789840814123,0.018112106793365057,0.013800511744739638,0.004104643240306155
0.9432728603348949,0.02431312296495162,0.020751867276177175,0.008317153938468403,0.00334499548550792
0.905555061377899,0.03886416924870596,0.03789711657842395,0.013330192051333616,0.0043534607436375465
0.9488647415570539,0.028576739736357794,0.011500813361202756,0.007935985616242222,0.0031217197291433076
0.9257232369043183,0.031128562119426488,0.017089614326881813,0.015821838689056705,0.010236747960316612
0.8413032314148849,0.06982137298546565,0.017235708284343725,0.024617425334332137,0.04702226198097353
0.9022119108264409,0.051661011915644796,0.024108433069128993,0.016518417960176397,0.00550022622860889
0.8635837232314877,0.06881568382137415,0.0317426208886958,0.026169779545313233,0.009688192513129055
0.7656159228026802,0.09284910369237066,0.08554851754633191,0.040311389393295566,0.015675066565321617
0.9197621731310595,0.04101825446516739,0.021210375252162936,0.013392540162232694,0.00461665698937751
0.8988119123667618,0.04724217709490817,0.022493638109550608,0.023563126853787503,0.007889145574992104
0.8193641166228196,0.0852936624872701,0.056131071710317476,0.03043990091639134,0.008771248263201512
0.868217838809588,0.06617148412321879,0.03574846509338909,0.023775213104749972,0.006086998869054033
0.8558339000730496,0.0731257561226715,0.04082056583355182,0.022721649108427024,0.007498128862299493
0.7386390711335987,0.16803816496111515,0.044283780797101435,0.03642731153994398,0.012611671568240565
0.8570766093995905,0.060976239365791524,0.038979893175622234,0.03281049754162774,0.010156760517368186
0.8104699286452777,0.11008240426021804,0.04082428135736911,0.02941824426633596,0.009205141470799256
0.8345114876226902,0.0697463534858255,0.060770965048440394,0.025980721828944554,0.008990472014099377
0.7146752652437864,0.1471084538649654,0.08718367873643335,0.038597307014678804,0.012435295140135822
0.9415203659580961,0.03340669819881583,0.011671214502821457,0.010188065123425976,0.003213656216840813
0.9199506148044337,0.03254614609622541,0.02573282876425509,0.015896908332125977,0.005873502002959672
0.9123929664482551,0.03939727567404445,0.028719451500671418,0.01513869174596054,0.004351614631068642
0.9072106493605425,0.02700294997791174,0.03407227185495831,0.022174889610391994,0.009539239196195324
0.8695035244551239,0.04854749841340046,0.055079693417831005,0.018107353366670464,0.008761930346974126
0.9612136443309365,0.022365723587730424,0.008356770017467399,0.00596828927039222,0.0020955727934736427
0.7507163998251235,0.1211429032539288,0.06970730996867265,0.040337373286620876,0.018096013665654206
0.8143549470203281,0.09417084889874,0.04765624750716241,0.029223362846912803,0.014594593726856724
0.8571769122657731,0.05631850629691692,0.05149844201545442,0.026095382741435795,0.008910756680419695
0.9102308874802129,0.04164406917781392,0.02356717544686421,0.01839453828964164,0.006163329605467877
0.9009664626351459,0.04359735648276649,0.03409824555957426,0.015466816060168063,0.005871119262345089
0.8665584033576509,0.03297381098776502,0.05977915520337738,0.03097383487565856,0.009714795575547991
0.8736280037376257,0.052792410860934585,0.04347320410463341,0.019659526890932574,0.010446854405873689
0.9283611907916204,0.035491543586223945,0.020934640201936815,0.009568989657872218,0.0056436357623468976
0.936878933637607,0.035400355463611005,0.01386783838252829,0.009763263433830017,0.004089609082423571
0.8888538996037433,0.04642128639420036,0.04093409513919914,0.015977518992230967,0.007813199870626245
0.8762713513712269,0.03224005757439519,0.036879026131024624,0.021209472731139826,0.03340009219221367
0.9025355940803064,0.022615824716817716,0.017582091160542487,0.017377334250618135,0.03988915579171553
0.9187177458499941,0.04079300431202449,0.021640246006657392,0.014220341174895892,0.004628662656428165
0.8874428875745974,0.04878532972537696,0.030425909506863295,0.024146321083514537,0.009199552109647848
0.8947085540016105,0.04869887211797867,0.026579750003195932,0.021383515978105658,0.008629307899109309
0.8080178852324751,0.08844200308797327,0.05851739379478619,0.032535897173267575,0.012486820711498073
0.8309369354956417,0.07046469334110125,0.05330338308742585,0.03528920395846067,0.010005784117370523
0.8900923885076025,0.0531645001806859,0.03270515052160991,0.017521935090160864,0.006516025699940614
0.769414184259529,0.14641747896789434,0.044607398943076394,0.02813847929439455,0.011422458535105571
0.9107541757959372,0.042712558940783976,0.022130273647025057,0.01701453648463382,0.007388455131619924
0.8715905656667974,0.04952216258964597,0.04657082561933683,0.026335793365797108,0.005980652758422739
0.8181740829235828,0.12381398252171008,0.03465948700610776,0.017096041529658903,0.006256406018940102
0.7901249297839025,0.10658392464396703,0.05586079511870842,0.033867863640536504,0.013562486812885514
0.8394821501605979,0.07323644683734333,0.04490235359483952,0.03046781905557103,0.011911230351648141
0.8600277149579081,0.058114555973261865,0.04987512203131148,0.02368804586615356,0.008294561171364847
0.836942908502347,0.0705121188419737,0.04818645117417484,0.03525397910784145,0.009104542373663147
0.8431613593304214,0.07139559130944179,0.04628111345035454,0.029416421330785345,0.009745514578996826
0.8691060473463782,0.05382023873616766,0.045719737999930295,0.024591506951684224,0.006762468965839678
0.8734653329885573,0.041807471135043475,0.052834609193689326,0.024162467986400392,0.007730118696309529
0.9000173254387284,0.02936975631847415,0.04533119120784381,0.017347032689253167,0.00793469434570046
0.8056009755597452,0.083352138146274,0.0697039334369731,0.029538930008900795,0.011804022848106992
0.9402153209318327,0.02979771661425628,0.017279550825207008,0.008453300852812404,0.004254110775891445
0.9376450001747532,0.015579968360379988,0.02862449024292607,0.013119544482932831,0.005030996739008124
0.9019146717045565,0.04307917771685976,0.032540474300117875,0.014395670561788709,0.008070005716677188
0.8463652367939075,0.0905951996858319,0.031355743206198564,0.021392598882341306,0.010291221431720739
0.8734666806697168,0.044372340448956916,0.044004271276110445,0.027441010970021856,0.010715696635193879
0.8762373109028204,0.0484572678735879,0.041469785746222884,0.02295876660782259,0.010876868869546233
0.9279801471021368,0.03083826121990333,0.02020650129218826,0.016217855368390908,0.004757235017380463
0.8833690399301772,0.03706422909418375,0.0476045166831853,0.02562533950976219,0.0063368747826913745
0.9102623801178696,0.03779406399951558,0.032410066308943004,0.014467491214196585,0.005065998359475044
0.7988815761426556,0.07648183020014028,0.06986735380999834,0.04108558768336576,0.01368365216384018
0.8308201219548964,0.07247578063251338,0.053365055408217496,0.03325447586209445,0.010084566142278425
0.7792231472755651,0.07932118333082654,0.07550883916694548,0.05223861224149983,0.013708217985163099
0.8123096980628476,0.07237007520728102,0.05468217116035356,0.04253652703794806,0.01810152853156998
0.7658794885049501,0.09683624067366145,0.0918406065062152,0.032186379953011775,0.013257284362161278
0.8965940757088616,0.037413523103776006,0.04314629707450626,0.016820608441071302,0.0060254956717845564
0.830995742762607,0.07124757654114891,0.04510965317601655,0.04273016586403564,0.009916861656191983
0.9095407539816991,0.03532646503046814,0.027652355038673984,0.022656069455747285,0.004824356493411356
0.8486059057462092,0.0690150099993625,0.04688723170863113,0.024976543999378858,0.01051530854641861
0.8855154198822919,0.07617472307040953,0.01569552866976917,0.013682741699595772,0.008931586677933777
0.9061327327584717,0.03075779836299329,0.01443901050199001,0.016308961038280303,0.03236149733826462
0.9147622196665972,0.03076995066311265,0.024142814676708778,0.01813699572382952,0.012188019269752073
0.9017019638216048,0.05068164599233491,0.017370186013214783,0.02339177407441399,0.0068544300984315545
0.795187723833259,0.09275198310396494,0.05664470019725041,0.040766940241540046,0.014648652623985719
0.902344024627812,0.039991816839648635,0.028271015094045164,0.02093453380958519,0.008458609628908717
0.9170856620029447,0.034780681316399026,0.01933710268647894,0.018263674193751134,0.010532879800426154
0.8755292717738096,0.06638822475130314,0.03608693063501676,0.015305565829918313,0.006690007009952143
0.924192401398722,0.03351883968045889,0.01896732013145824,0.015375791532075972,0.007945647257284678
0.6937978255208814,0.08919861927440832,0.1348232005029673,0.056406375662088434,0.025773979039654418
0.9247131586418681,0.03434088965860668,0.023642479105024004,0.013363557812320782,0.0039399147821802686
0.7592502215162082,0.12666410903281106,0.07072613855594188,0.028046838692283405,0.015312692202755404
0.9334489817603334,0.016719297199918562,0.03553755471867779,0.010188464156082508,0.0041057021649878594
0.9302553634665556,0.03583223971703361,0.02374057058514384,0.0066937879513776525,0.003478038279889402
0.7633741872534862,0.12488703722484851,0.0665971586528702,0.033372451296958934,0.011769165571836366
0.8523841831410001,0.06462238725759037,0.05118420330366622,0.02256554186039492,0.00924368443734831
0.683921310998556,0.1836668782517046,0.08019560593403259,0.03664758597691478,0.015568618838792066
0.9325422351909188,0.03518013354982654,0.017139079421965096,0.01053717442816551,0.004601377409124098
0.8923140797283589,0.03237083628467876,0.04683616606919103,0.021206738779512103,0.007272179138259293
0.8800951495314036,0.04966917455735179,0.04352767696804534,0.020361799878826328,0.006346199064372934
0.8875386366184513,0.04290460688877854,0.04774553341841806,0.01538830220848547,0.006422920865866392
0.806238469503707,0.10633191882183086,0.04665411769663837,0.031343422261576284,0.009432071716247494
0.9060303589520871,0.04449181204657151,0.027040199834674164,0.017284669327457074,0.0051529598392101
0.6976544997356007,0.1912636917827904,0.06418748165419787,0.03558787639024334,0.011306450437167485
0.8373955854463223,0.05986115253726962,0.06634597929101893,0.024133407890767452,0.012263874834621777
0.8321253364782958,0.0577390712480017,0.06604811088172223,0.029809248651173483,0.014278232740806501
0.7766528902315714,0.12193490691671105,0.05398075285089343,0.03580068130054139,0.011630768700282774
0.9393409196863352,0.022200735996066142,0.01753488535195352,0.014987886706506992,0.00593557225913834
0.9099482107650498,0.04395322291102931,0.0278640648104099,0.013594581971024696,0.004639919542486289
0.8547624310822662,0.08804909968696054,0.022288522655045447,0.0271500249686339,0.007749921607093871
0.8681941937567004,0.06372591664092048,0.02871418269271829,0.02905831884063141,0.010307388069029571
0.862829953504361,0.049187267653162337,0.04887202402584195,0.02195510607777751,0.017155648738857016
0.8819358244964669,0.04883228929748421,0.04183828047413126,0.020402879146910146,0.006990726585007343
0.7701738017318506,0.11400291691471656,0.054887833425243004,0.043923163628005635,0.017012284300184356
0.8814342659665076,0.0483257138736586,0.03624323350445655,0.028258439150905517,0.005738347504471756
0.945230701088406,0.016307026208211253,0.019116421063395613,0.015680037981687163,0.003665813658300217
0.9292321477723483,0.03509662431301907,0.016720342666193443,0.013803541607769376,0.005147343640669949
