Delta_Power,Theta_Power,Alpha_Power,Beta_Power,Gamma_Power
0.8949205018701955,0.04413388221404219,0.02342903735295119,0.021217854976551643,0.01629872358625973
0.8334587638979641,0.08807965579276418,0.030044701020582806,0.027178676133590193,0.0212382031550984
0.8959933720750992,0.051979089623150336,0.021013515354829152,0.01821256742954846,0.012801455517372782
0.8527026689155773,0.08409810180635206,0.02007866503646144,0.023213763814219933,0.019906800427389425
0.8416291346084414,0.06769190711658131,0.033461816753257684,0.03037345419293128,0.026843687328788418
0.8628573995405698,0.07871112400785131,0.025657919140218075,0.017201184979242452,0.01557237233211862
0.9056050149323058,0.05411103365663556,0.014058788526535415,0.01683217435316,0.009392988531363488
0.8810779725975285,0.05672745197639592,0.021984966300804355,0.02274035482883569,0.01746925429643556
0.8561348992752366,0.08181066195284857,0.02888073399956566,0.02016360981986323,0.01301009495248593
0.8879007687317493,0.050106812361796725,0.0275137469121311,0.01976657014994375,0.014712101844379027
0.896652246636486,0.04039855121630947,0.03218894183061857,0.0172408915425229,0.013519368774063097
0.924299476805524,0.033197078106655016,0.01753530327994354,0.011897472251315532,0.013070669556561885
0.855965380374172,0.07946207540979416,0.02223140033722823,0.025342262634507326,0.016998881244298245
0.9419078348035399,0.0323076619912424,0.007107343357816021,0.010452611141852825,0.008224548705548833
0.92331954454825,0.03337882050396064,0.017380448822401907,0.013400115756996532,0.01252107036839085
0.9069182029144036,0.04968241270963268,0.016357829457748555,0.01607270397111994,0.010968850947095382
0.9224869429988869,0.040477025764445916,0.013628603229026393,0.012676256972231528,0.010731171035409413
0.9394964501775597,0.028295658913369232,0.014458487074799846,0.009529808781943178,0.008219595052328124
0.9043972079664674,0.03697263777034673,0.01929953109710301,0.021182065099660356,0.018148558066422443
0.9427852922840081,0.032366147094454456,0.011117907728031815,0.006668569727122762,0.0070620831663829
0.950280381356575,0.021980906210541606,0.01183417669457278,0.009625505152453796,0.0062790305858567924
0.8572145349915401,0.08851734178245015,0.02225767817213854,0.018623819182083202,0.013386625871787903
0.9370923855250728,0.03837202702914143,0.009359775112411954,0.008861607111726785,0.006314205221646812
0.9378667217705432,0.03497900175052204,0.010305318873790242,0.009489485783249294,0.007359471821895255
0.8837872764682093,0.054051406638290424,0.03576749055141792,0.016256631454553173,0.010137194887529025
0.9062188364920895,0.0583879315009211,0.014909867786151243,0.011094798637658967,0.009388565583179248
0.928189081799797,0.046387503404040076,0.010568766859414611,0.008490320845829227,0.006364327090918941
0.8820967185551004,0.05644294430295744,0.023899389202664635,0.02069667576120681,0.016864272178070686
0.9315269795609242,0.03736753054979247,0.011180725855254179,0.01118172328733666,0.00874304074669267
0.9266144151774932,0.03680715173467096,0.011644817677926704,0.015034522460337102,0.009899092949571963
0.8990878593761076,0.052097683390937684,0.019571147903367246,0.016362245342311312,0.01288106398727609
0.9526962967262637,0.020042971010456108,0.010510663415298035,0.009120377110650672,0.007629691737331248
0.9382471362030478,0.03509997080046207,0.008711516703170366,0.008886166935081423,0.0090552093582383
0.9161146056092542,0.050769772330475235,0.009258395364910894,0.012911586870068145,0.010945639825291582
0.8765696325676446,0.07435823715888408,0.018160606030954565,0.017645076244407833,0.013266447998108612
0.9198179279309936,0.03905651615442087,0.010547840083918894,0.018856418198469244,0.011721297632197333
0.8856328782662497,0.049239108459154336,0.028677834484005075,0.02054708660622658,0.01590309218436427
0.9352813748944171,0.030317124542092008,0.011274436927352275,0.011526747645559181,0.011600315990579504
0.9773948356301934,0.007545328449248893,0.005479634291742645,0.005429182720959135,0.004151018907855711
0.8578132289421261,0.06538107998104796,0.031092261623559134,0.02818350862182738,0.017529920831439547
0.9030061311831444,0.048609571938794234,0.020367711642415774,0.014389159079157764,0.013627426156487809
0.9181147773047125,0.04141955447238034,0.01304233848804166,0.01603237615764438,0.011390953577221174
0.825093256343805,0.09610646980960136,0.032488942550522974,0.02421453943794547,0.02209679185812527
0.9381453145954372,0.027905645611762866,0.00867803292502368,0.013650000602863883,0.011621006264912342
0.8144904061481192,0.09342615026954022,0.037127034700243394,0.03409696705749258,0.020859441824604596
0.903836315577788,0.058568286534643944,0.015066439867210358,0.013672823841669738,0.008856134178687839
0.7637651869039297,0.16595794449893828,0.023315529844991027,0.027532332948505604,0.019429005803635473
0.877755698246821,0.059183337655776665,0.02367709730038591,0.021728241316487647,0.01765562548052866
0.9239823212589195,0.03415067316705939,0.01201430063478075,0.01528225493389621,0.014570450005344147
0.887736428531591,0.05348639982136672,0.023249209177613587,0.01944103789970561,0.016086924569723136
0.9028056043054438,0.047241966888438826,0.02688582616582677,0.012386480235197722,0.010680122405092961
0.8048248205540878,0.09947219693090109,0.03494308585279958,0.036492987536667826,0.024266909125543818
0.9137542267145589,0.05294821912598794,0.008802412911410394,0.013555488570367164,0.01093965267767541
0.8570245708968608,0.051324103885852075,0.04838281881023525,0.0234731559267813,0.0197953504802708
0.8654924965706791,0.07108195241625856,0.028996500907861347,0.01676240283165635,0.017666647273544604
0.925719651427783,0.035478812203290536,0.010433286480508152,0.016462108710971566,0.0119061411774469
0.948953716250199,0.028198550245764335,0.007829802183132287,0.007415298975076344,0.007602632345828104
0.8894818577538011,0.046209885403066496,0.02881953953451751,0.020551759660239966,0.014936957648375061
0.8819544166743855,0.03934272554323279,0.027313535849071636,0.029768740314661795,0.021620581618648334
0.8904120722461709,0.07138707075073704,0.011732644493590405,0.015550091929902645,0.010918120579598834
0.7337684401511368,0.11780526774996332,0.06363588905868248,0.04897625073717534,0.0358141523030418
0.9391886624509452,0.03344745881070722,0.009780209736416186,0.009079455380564276,0.008504213621367046
0.9059455645079836,0.04493380104901229,0.020173447684685174,0.01681100797848521,0.012136178779833834
0.9110285076410711,0.04744781891958522,0.019641728111284194,0.013430808211501735,0.008451137116557714
0.8283855831495078,0.07910250199667992,0.03521860597567439,0.0304646866906299,0.02682862218750818
0.7845326408051224,0.11510055641447252,0.0355329831267324,0.039320294350831335,0.02551352530284138
0.8551030438058917,0.05747715327401406,0.033873754535884634,0.028036170344525716,0.02550987803968351
0.9280148113731314,0.02673773663941073,0.016450234569009476,0.016492618496988416,0.012304598921460245
0.789157765303216,0.10428824554946271,0.03731738490116827,0.03571006460900823,0.033526539637144706
0.8765610302218944,0.052318616649723,0.030444376017637068,0.02207062011521557,0.018605356995529905
0.8373138421056948,0.08297995308945744,0.0352511353748827,0.023152612487054518,0.021302456942910608
0.9050240370248421,0.05982560123767793,0.01217881891422646,0.01256965765710155,0.010401885166151915
0.881751817664406,0.05854741160118213,0.02618749169909772,0.02093264016044698,0.012580638874867099
0.915480476711604,0.04578550570647631,0.013877995192362689,0.014227924893730993,0.010628097495826019
0.9055876324453044,0.036790997705706534,0.020297333914161962,0.024609596803416546,0.012714439131410602
0.9209278906702678,0.050130500299775865,0.00854549971102338,0.011599936871326893,0.008796172447606292
0.9043483115043486,0.060832900756909926,0.010426225346261697,0.013172677314569526,0.011219885077910077
0.8911025608282009,0.057432774197695255,0.01870312610602173,0.019265006397591076,0.013496532470490923
0.9323383970587041,0.035098291150008086,0.015165657624100088,0.010029597770330594,0.007368056396857193
0.8495393529507536,0.09650681347275637,0.017186249098576165,0.021985242011632666,0.01478234246628149
0.9600573149843994,0.019855647180648084,0.008621032441712084,0.005603362579195882,0.005862642814044509
0.9274523700666448,0.036710631075513346,0.016116900471891845,0.01209071894016268,0.007629379445787159
0.873654815318392,0.07121744456054986,0.019115100707613124,0.01966401044069116,0.016348628972754062
0.8746958788912236,0.045920508970473665,0.03694019466919837,0.028244036702486278,0.014199380766618114
0.9314368704023028,0.045287336895512426,0.009091862488089736,0.008195455349363516,0.005988474864731639
0.9241773311062045,0.030024278664659326,0.01659863614476268,0.017412978334945744,0.011786775749427783
0.8860820438721466,0.06411839071578776,0.020154075635422732,0.01722758283387025,0.01241790694277233
0.9424673956471498,0.030414331979206212,0.01326167730259178,0.007766709091580924,0.006089885979471169
0.9312599710646696,0.034035434091059906,0.014558741185602835,0.011667550767139163,0.00847830289152849
0.918477475063917,0.03485342550377347,0.02572800048725097,0.012407248291108675,0.008533850653949933
0.9136344534939943,0.04879996429823496,0.014413994394245773,0.013678655526527276,0.009472932286997665
0.9447308339318308,0.03632527132126246,0.006700324086051747,0.007301689535539724,0.004941881125315088
0.914277074581112,0.05828983291577203,0.013135778882345982,0.00741849995849656,0.006878813662273415
0.955955354138473,0.027037759497331906,0.007403649410488192,0.005739209221869242,0.003864027731837571
0.9477414317223598,0.030316144996590525,0.008746329223788334,0.007778809161929144,0.005417284895332178
0.963753983537625,0.018273977037385487,0.0054591090909509666,0.007361555079549424,0.00515137525448929
0.8526509238248379,0.07389354215344303,0.03260719303806591,0.020510484685320688,0.02033785629833255
0.8994231271901333,0.06663359291930077,0.013442928566476556,0.011837520346778034,0.008662830977311409
0.8823781704840096,0.06089882684720581,0.028769330045763895,0.018402563524703965,0.00955110909831683
0.8789006655786356,0.06429881734478823,0.026261120058564714,0.017807693237631463,0.012731703780379963
0.804439790825666,0.12990649403614982,0.03280938922629754,0.022725433859527227,0.010118892052359564
0.8634793571256622,0.08594773851900084,0.02659260172505954,0.015158191705316123,0.008822110924961211
0.9425510972410476,0.03446836833003382,0.011757656080312753,0.0067246622541225955,0.004498216094483475
0.8740722734066049,0.07916856742215476,0.021621925491601413,0.013669600594052195,0.011467633085586536
0.9460199989851755,0.02940068283269127,0.009469253377284994,0.009958900965912535,0.005151163838935607
0.895604914703132,0.059351306406672806,0.021468076693107296,0.015078302591480772,0.008497399605607189
0.8236189841783996,0.1155527774379304,0.03416067583953835,0.017193868477127505,0.009473694067004374
0.9533870421325252,0.028640313305954367,0.008674629760855411,0.005634576536373556,0.0036634382642912193
0.9240812111613484,0.0532515545371376,0.00955871326422386,0.009301672416994042,0.0038068486202962855
0.9270213965032205,0.04448948992236821,0.01001327171598811,0.01176696312218495,0.0067088787362382316
0.9166618182445424,0.058160001912344515,0.012091801195053327,0.00904850541850648,0.004037873229553444
0.7681027868904771,0.1593108416750092,0.04225016577952295,0.021032201750142317,0.00930400390484828
0.3662894859268001,0.260047829172676,0.14128027053378212,0.08946447969504978,0.14291793467169173
0.6345791088106162,0.20106222962827133,0.06989795903499943,0.03677475012728285,0.05768595239883016
0.9098368846776859,0.04973626819739029,0.017605747584971767,0.01455139214302718,0.00826970739692487
0.7333369078758807,0.17766687127869413,0.04557966931269965,0.023927646049911364,0.01948890548281454
0.9121705652022787,0.05884485090819909,0.01310264197929204,0.009859308248583287,0.006022633661646948
0.8842711101310478,0.04587306303569302,0.030335763920162916,0.026292970540329082,0.013227092372767299
0.9052373567243479,0.0537288681756866,0.019687971255652564,0.014051013416554752,0.0072947904277583095
0.87206178322122,0.09023285420909623,0.01794270363372605,0.013644320195467734,0.0061183387404902066
0.8396404564864979,0.08188118301436356,0.03204710593352793,0.03310876915647555,0.013322485409135039
0.8364431968330005,0.11645393694557277,0.023195041219081267,0.01391484375048202,0.009992981251863415
0.9430334675257893,0.026501301098342197,0.016322930996547965,0.009260028135445028,0.004882272243875573
0.9048159103034557,0.05066879073615285,0.02183540539914727,0.015438313829386787,0.007241579731857281
0.9022361688314698,0.050184106975631464,0.023579338860295715,0.016624964263060496,0.007375421069542522
0.9227222734200168,0.04124950902540815,0.015922881995742117,0.01310074013135043,0.007004595427482573
0.9358507196990663,0.03221633297486493,0.010200664667821803,0.01359663828392247,0.008135644374324303
0.836725766403193,0.0775764086313383,0.0464347239335961,0.026801679141774757,0.012461421890097787
0.8783971203715761,0.05595471892144696,0.03713108437209368,0.01789774356860915,0.010619332766274268
0.9489162808353588,0.019309884834827814,0.02113803720132585,0.006987249315870196,0.0036485478126170976
0.8752632902352194,0.0829568842247372,0.01487284996656808,0.018778968684172347,0.008128006889303157
0.8678460123655138,0.09869754745813097,0.017019298771129895,0.01100041429837417,0.005436727106851127
0.8665598391479634,0.08354803536811449,0.027739091178042696,0.014158416740667286,0.007994617565212166
0.8555921022017994,0.07763968809428187,0.04001524131324181,0.01775759998338276,0.008995368407294094
0.943486351057399,0.028688694900443443,0.01637981488914915,0.007670774847164011,0.0037743643058445694
0.9064635168428611,0.053939611952173255,0.020575317982282338,0.012708766326397497,0.006312786896285837
0.8977447819749589,0.06583822932441252,0.014911153891801024,0.014261177983886571,0.007244656824941231
0.9058367936441509,0.040965800125165645,0.02507032356372488,0.01944944622421752,0.00867763644274094
0.9278239382871516,0.035039078879459014,0.01955871827691004,0.011116059313498561,0.00646220524298104
0.966849885211357,0.01392545753450839,0.010812356778265433,0.005496866672569246,0.002915433803300074
0.9243196523784165,0.030242505303495225,0.021619075432890315,0.015494789763267479,0.008323977121930505
0.9356343525011507,0.03480040223808284,0.013885958982509748,0.010819773713041277,0.004859512565215342
0.7660668305847335,0.12429792229683277,0.06629662350005681,0.028565324026638757,0.014773299591738145
0.8904217394675699,0.06519521177566243,0.0251479086949277,0.014070581730772483,0.005164558331067591
0.8848756092355563,0.07033255795831966,0.02650214174244421,0.012134450671846951,0.006155240391832729
0.9425030920416175,0.03567522949563444,0.010184297048577444,0.00708410160333479,0.004553279810835837
0.8315440525238961,0.0915380358169079,0.046920927879849535,0.01738983233196932,0.012607151447377332
0.8527085743377396,0.05574852103245131,0.05099923030918293,0.02779624481400155,0.012747429506624452
0.879340953646049,0.05292470195625294,0.036125961198726284,0.022078411653215665,0.009529971545756138
0.890363068113834,0.05790408443410351,0.029435235864289037,0.01664669290424112,0.005650918683532384
0.7629150879825977,0.14593611844808782,0.04162802266829593,0.03909305138096506,0.01042771952005354
0.8940893564304935,0.05264629096345354,0.027885253415097712,0.01741065980572154,0.007968439385233658
0.8991459841530658,0.051017142781500796,0.03507491382355943,0.010480679726972895,0.004281279514901138
0.8554368862972481,0.07809740146036291,0.04659811260346696,0.01293773472216937,0.00692986491675269
0.886741756103148,0.05630905822313634,0.034302548386420724,0.016880809561886104,0.005765827725408613
0.9381659291626956,0.03365693865367753,0.01824468714696838,0.006775817071496286,0.0031566279651622535
0.8859508080009943,0.05218011364115282,0.03693024981699609,0.018288261622664545,0.006650566918192267
0.9519408846434334,0.02370171478534841,0.014637639100596646,0.006521446679507506,0.003198314791114129
0.8933817304757817,0.07079316475978033,0.02509720186001844,0.007361916513909826,0.003365986390509622
0.800286747906725,0.08022613021775803,0.07079223676243426,0.033168199832137646,0.015526685280945
0.8007539093771834,0.11705729986208711,0.05298433607382102,0.020171217090409158,0.00903323759649932
0.8416109343134178,0.0798344479577169,0.04792156869514185,0.01999078150966237,0.010642267524060986
0.8719234618569562,0.0544119574516382,0.046965039912896994,0.0182772601122756,0.008422280666233042
0.8923119052347174,0.06587477310351202,0.01855082905221934,0.014648259363625503,0.008614233245925751
0.9102800364894912,0.04411956683603211,0.023334848792338995,0.01573696297595325,0.006528584906184225
0.9581759954557884,0.018731795276069635,0.012871689823276201,0.006594944097018113,0.003625575347847575
0.9560709119660407,0.014463537168171343,0.01615365094799155,0.009428277933956836,0.003883621983839474
0.8757173109137487,0.058777043301530434,0.032585143758770564,0.02400266208100336,0.008917839944947175
0.9087947332181799,0.03644405625795179,0.03916968695875771,0.010678215170870392,0.004913308394240129
0.9305383692058227,0.03741228544783244,0.022101771669331114,0.00619496866941232,0.0037526050076015067
0.8788560356245393,0.05817514727587412,0.04032058020770522,0.016838222151459897,0.005810014740421548
0.9031035463447387,0.05094371432663016,0.03053612494611199,0.010702273017165347,0.004714341365353766
0.9574869170732809,0.02634894641528356,0.008924699051321056,0.005064431834919062,0.002175005625195404
0.910137210090902,0.045219743749520695,0.021920686912234054,0.014424662742617679,0.00829769650472544
0.832583280216057,0.11300690864362722,0.03140123823950079,0.016147662966569512,0.006860909934245533
0.8993595959708056,0.0563253694584925,0.026945400379860582,0.012064190809209131,0.005305443381632197
0.8999145490023405,0.062832855275474,0.02322297290523171,0.010040171808786549,0.003989451008167241
0.764477225317109,0.14549138504405887,0.05763252415290163,0.02074554908171446,0.011653316404215918
0.8961095741123737,0.03279533674600789,0.042014514721504186,0.020825684740851717,0.008254889679262665
0.9010239390350707,0.03789746988014211,0.03663306187597608,0.017972820475982546,0.006472708732828492
0.7908451662067498,0.10436005566965033,0.06574324766429561,0.02788648599214636,0.011165044467158144
0.8391948861159219,0.08614111891391714,0.039984409867283806,0.024186452056958956,0.010493133045918372
0.8909092652151805,0.04530762961170509,0.04531203249258261,0.013042948082276618,0.005428124598255335
0.8087874484701139,0.10018777287960703,0.05890435940158213,0.022071633400564925,0.010048785848132086
0.9001102672190613,0.04053879235866124,0.04023304444503256,0.012423739605616808,0.006694156371628331
0.8539349181002264,0.053822991410883675,0.06514410924816849,0.017784892375628508,0.009313088865092857
0.9330567134525322,0.03229504560972683,0.024153155263121343,0.007424638341070389,0.0030704473335493427
0.9430727244696898,0.024446044786035567,0.015163019967903788,0.010492366504820536,0.00682584427155013
0.9096481380684321,0.04042900905604907,0.02859837954169244,0.015118936130737448,0.006205537203088753
0.8887050155423433,0.059789779411098185,0.022355868857029008,0.020158657032435686,0.008990679157093907
0.9746371849522337,0.0094741762202679,0.007502660817283923,0.006051452986331442,0.002334525023883015
0.9085043737536967,0.03582686173489801,0.02896141470348748,0.018994761666955365,0.00771258814096226
0.9356990302955804,0.030443105497131053,0.021628024538550294,0.008667572433435003,0.003562267235303259
0.9580239739928719,0.019130956581730106,0.013123425641529365,0.0070212155157023184,0.0027004282681663146
0.9117449669047559,0.039514455043770436,0.03058264110814468,0.012728757328673563,0.005429179614655312
0.9080556986857632,0.03462681564051155,0.04099917365598725,0.009804322155742411,0.006513989861995572
0.8874601636998097,0.0371233330776745,0.05283384095598583,0.016954044644585494,0.005628617621944391
0.943794222103162,0.023499978463635905,0.020583093495128293,0.009136307482790394,0.0029863984552835265
0.9136772979114105,0.04508764550274108,0.022742037575631365,0.012239421942385127,0.006253597067832154
0.9299805427490184,0.03682325172270024,0.018349047335687558,0.009152751250558068,0.0056944069420355806
0.9316021345905381,0.03880247474102072,0.016457676337998797,0.009067007593323668,0.004070706737118786
0.8695462697810719,0.06751051545705067,0.043271800985149336,0.013212310980967517,0.006459102795760613
0.9203163593572788,0.03702002388354074,0.021140931187140798,0.013234267072077088,0.0082884184999625
0.8834110236581071,0.06683938912318697,0.020119325646358564,0.021014711524604546,0.00861555004774293
0.9224903475099896,0.045571477252947086,0.015923108096907522,0.01054362518811129,0.005471441952044521
0.9524820803618332,0.020422335581911005,0.013636089095100817,0.008400264864051085,0.005059230097103988
0.8569920770967219,0.09302593871155414,0.02420389360244394,0.017099951876773413,0.008678138712506559
0.9252050337922773,0.026279112493323476,0.032302939925750083,0.01059207875392559,0.0056208350347235385
0.9441785401929291,0.029572424197985985,0.014484189680630751,0.007647616170657363,0.004117229757796812
0.953674109048997,0.022456193458059902,0.01050392637389359,0.008258435392012242,0.005107335727037274
0.9491049383359667,0.017391516034796693,0.020504318299030242,0.008648757532519176,0.004350469797687069
0.8932377505484441,0.05918837169263628,0.022619168569424152,0.017077798793406863,0.007876910396088656
0.9079250506569511,0.043614481476011394,0.021421360916918288,0.02114417843268018,0.005894928517439133
0.9260126585645521,0.037440206520982455,0.020245243260419633,0.010991419416250994,0.005310472237794826
0.8473938364699208,0.0848178675395963,0.03858555218841279,0.020468678449445093,0.008734065352625059
0.8602317496569194,0.06899967159310964,0.032802920099357875,0.028877984413808414,0.009087674236804672
0.9492575185578471,0.029130189417575413,0.00910904439847035,0.007762552269771243,0.004740695356335942
0.8525989493099536,0.0811144607432352,0.03876580547609221,0.01750357760424439,0.010017206866474709
0.9133819312057296,0.06064515336278775,0.012996766294482757,0.008216812040235076,0.004759337096764848
0.9303794104155678,0.035511343053011034,0.017067018682627177,0.013275825339703312,0.0037664025090908978
0.8817537897013723,0.07013720335922048,0.023960050144574804,0.015886746252639156,0.008262210542193152
0.97074752175418,0.011124703837482479,0.009493630300835299,0.0061161275424139495,0.0025180165650884262
0.9348447691900245,0.039832620010657974,0.010981572981622277,0.009790063546965848,0.004550974270729445
0.897927677588486,0.060757686568659264,0.017345726166963886,0.015897901588031876,0.00807100808785885
0.9178170676889772,0.047297283862605496,0.017449543663604777,0.011334527836426172,0.006101576948386224
0.9244834124377901,0.036554442151530475,0.02085442826237001,0.01181832495599985,0.006289392192309632
0.9291629825194418,0.04518188576190822,0.01193358112421146,0.00916988908197756,0.00455166151246078
0.8025229444977401,0.1416733763779055,0.027410426802578207,0.01984832550676199,0.008544926815014172
0.9387875880561399,0.026066534006308432,0.01900347310848435,0.010193797367436037,0.005948607461631438
0.8285758082772104,0.12613342610158573,0.02148608759886561,0.017314599754081388,0.006490078268256742
0.8558867678133926,0.08720271930974492,0.0310491316538354,0.018247538541695644,0.007613842681331661
0.8515747197629293,0.10326628837084798,0.020865759280122787,0.014690369781315776,0.009602862804784283
0.9160859230994155,0.05007221136503972,0.012004347767615527,0.01520717076161207,0.00663034700631726
0.9536512702751502,0.028178481408567838,0.008740398464332758,0.006435849179606615,0.0029940006723426474
0.8802675559169908,0.06900118488093679,0.023403928838375318,0.01905132371824244,0.00827600664545471
0.8958491428733969,0.06360386541274841,0.019393371401674565,0.014700360164864246,0.006453260147315826
0.9427119938336072,0.03264661916384646,0.01308462122082455,0.008027267437546337,0.003529498344175685
0.913653904897366,0.039901398783814275,0.023659509449774737,0.016526153261747882,0.006259033607297049
0.8816655906252857,0.07064561508154683,0.02108827675113472,0.0180281558107858,0.008572361731247001
0.9230839137518824,0.037698297894020474,0.011306347181849157,0.020424397710392492,0.007487043461855459
0.9516634831935751,0.03003998628910218,0.008509081494530384,0.006545018624975389,0.003242430397817091
0.833961553116446,0.09699222967633736,0.030879608532442416,0.02521911055900025,0.012947498115773776
0.8157403464983196,0.10305451078399006,0.04209948415004119,0.0226927401929791,0.016412918374670214
0.905725618836226,0.05290695535021163,0.01890357816207185,0.01499244143281365,0.007471406218676829
0.8353925739144719,0.08844264625338413,0.037246264943002996,0.025452684059332344,0.01346583082980864
0.9351812487717107,0.03980107090408215,0.011101527113077244,0.009256345979487556,0.004659807231642361
0.8886230287945057,0.07293246934589753,0.02061207379900676,0.010668117236388192,0.007164310824201665
0.8811460051806854,0.08173125387804335,0.01782506648484608,0.012665524658878989,0.0066321497975463705
0.9489494368756588,0.022365305146813185,0.01461149615746406,0.007822512251700843,0.00625124956836295
0.8802238381008286,0.07040112065483578,0.02358080582895465,0.016038336187370297,0.009755899228010654
0.8150591735338379,0.13351011849034472,0.02441354198670343,0.016729741792340557,0.010287424196773507
0.8690467183130912,0.08141413050638423,0.027696018342313018,0.014198214692971162,0.007644918145240475
0.9088616551655144,0.04587383051006503,0.02443499240075846,0.014149161113468705,0.006680360810193546
0.8513738989636253,0.08635582112836428,0.02657310774506111,0.025806116820545927,0.00989105534240344
0.9044218320673408,0.05451954837851474,0.024367932851101386,0.01165196850692824,0.005038718196114664
0.9524972594624567,0.029713626648153663,0.009259026439642723,0.0060456599774918966,0.0024844274722550593
0.878184693939263,0.061252682210800526,0.029420495008987538,0.019937621285352595,0.011204507555596065
0.847229796042629,0.09565797797537241,0.025950484104566993,0.0217694883635377,0.009392253513893698
0.8379236360713392,0.11343201468421414,0.02081355826610506,0.01897081413554394,0.008859976842797723
0.9384022713378632,0.04112551771883579,0.008796809999363128,0.007256258897663106,0.004419142046274757
0.9026151057389746,0.06583164719690576,0.014986579562957944,0.010437364741194954,0.006129302759966566
0.871068165142335,0.07806886572332072,0.020008609480091442,0.020542137066139853,0.010312222588113096
0.946562541192317,0.03132825030017593,0.008095674899674435,0.009923317460378259,0.00409021614745449
0.9285041821513187,0.031495293477232976,0.019455399144823415,0.014347949316805624,0.006197175909819202
0.8591459507073066,0.060295559047731644,0.03932672278773832,0.027992987928057784,0.01323877952916546
0.8763356904121504,0.06772257550909762,0.025227933656160398,0.019232647554557884,0.011481152868033528
0.9684258714682837,0.019453830373857086,0.005234703143732578,0.004440562293090352,0.0024450327210363905
0.8454661200211173,0.11000558375491418,0.015577363169121776,0.018682000559647197,0.010268932495199444
0.8722795518298894,0.0752277354271439,0.023765260555112924,0.01617302352559995,0.012554428662253894
0.8366554811351629,0.10307754909964098,0.03497732145880443,0.016770432172585996,0.008519216133806025
0.8630507271990603,0.06558682173861151,0.04638976467666642,0.016689678684318424,0.008283007701343487
0.9256824192683012,0.046670184575261627,0.012082040373216339,0.010062766838848668,0.005502588944372203
0.9499689439089035,0.02206339976096468,0.01113006563390855,0.012184349182751143,0.004653241513472493
0.923935810600978,0.044020435561646164,0.01537684232808196,0.010434802031203073,0.006232109478090837
0.9519528484720041,0.020681425602289194,0.017350672305828246,0.0064683056071998405,0.0035467480126784665
0.8890183250442365,0.0597605510467621,0.027312537612376505,0.015850985418706973,0.008057600877918198
0.9153067776644425,0.048857536564729916,0.01898061636809472,0.01125695258739247,0.005598116815340341
0.895707089089293,0.06320179150956357,0.01423563288397418,0.01847413789044952,0.008381348626719694
0.8108431846557547,0.09966821307495365,0.0428235487648417,0.03222779276186037,0.014437260742589502
0.7765047287431589,0.11430907985405094,0.0454613018681378,0.048113075601406166,0.015611813933246113
0.8596132136808945,0.06559450220092176,0.03287085383098207,0.027607825521114925,0.01431360476608689
0.9283205504388906,0.032840248257551836,0.0133370188202616,0.01689603136474598,0.008606151118550112
0.9132935197289099,0.03107447100450883,0.03131565549037695,0.017945562892568656,0.006370790883635662
0.8283976758783755,0.09124334464096645,0.04140295105706207,0.026053735931344652,0.012902292492251232
0.9292559459370411,0.03357950180549258,0.018287869004971313,0.012287994307467636,0.006588688945027271
0.7832533681388251,0.11513810399702287,0.05018146903640265,0.0318617700323366,0.01956528879541291
0.9031717731484291,0.057138667809362824,0.016727782468560517,0.015616817077748701,0.007344959495898991
0.9206057592733875,0.037591310117316465,0.01937630427375819,0.015130746847062752,0.007295879488475041
0.9105605125938379,0.06086855405861247,0.010886335661883552,0.012242502794714314,0.005442094890951724
0.9159587468867744,0.049190230384929194,0.013913155024878691,0.014991119292719035,0.005946748410698802
0.9259548311734018,0.04034039949576677,0.015089344359159772,0.012217189123424567,0.0063982358482471535
0.8556155523512786,0.09634563034605013,0.024200816945308855,0.015230397850532694,0.00860760250682988
0.8018103348207368,0.11015106871776795,0.04153411085893802,0.03246549438744721,0.014038991215110165
0.9241052233792592,0.04631213542368922,0.011204127474352524,0.013033006590279922,0.005345507132419232
0.939847581906065,0.031568467354147096,0.013750362319099955,0.008268311322625064,0.006565277098062927
0.9119041415036113,0.04671442085726088,0.025761650245651427,0.011072522652504678,0.004547264740971682
0.9206002973350637,0.0296467779492564,0.028403147280203152,0.01418871642342981,0.007161061012046912
0.9522012525116933,0.018076732958556163,0.018962492797612807,0.006128827900697547,0.004630693831440001
0.9283721428998267,0.036797545998870994,0.014564333220993816,0.013213072638405746,0.0070529052419026315
0.8961929424642489,0.052204385753082894,0.02157677643538703,0.021805542153077288,0.008220353194203937
0.8135527385201451,0.0948963539618214,0.056532015226181224,0.024681310787059534,0.01033758150479274
0.8880732874267516,0.07164528673631558,0.02263301950627974,0.011872402330904069,0.005776003999749015
0.9255875735527278,0.039060636523859445,0.01734088106173075,0.012986525161313517,0.00502438370036842
0.8921030886873873,0.05811025563829764,0.02154132477868573,0.01807940524104088,0.010165925654588443
0.9069218271840014,0.05218626918893678,0.015477461556724314,0.01636696667154883,0.009047475398788585
0.8718922637589689,0.07541124880118062,0.01849238426373124,0.023442266316067165,0.010761836860052115
0.925830760845489,0.03508708409162428,0.020176375165585552,0.01124077874298592,0.007665001154315307
0.9598629848567005,0.02336513626901979,0.0094002657961149,0.0048661823150255405,0.0025054307631389243
0.9132400135136496,0.05365007415133026,0.016987519422656427,0.010986728409233643,0.005135664503129988
0.8483605633557088,0.07335096611051174,0.02754489890250235,0.03554647622869364,0.01519709540258358
0.8835459936552716,0.05239029925632813,0.03183921653515324,0.021868686686951425,0.010355803866295721
0.8515430450540586,0.08256377408217314,0.027214280323022172,0.02532559099428644,0.01335330954645958
0.9168402407416076,0.04124748632522687,0.016161849344654814,0.01770328260549989,0.00804714098301072
0.9590775339913757,0.017324382549955376,0.010563539118606715,0.008844147433768816,0.0041903969062933
0.9456974632432998,0.029433548811114055,0.010974456899948002,0.009505270711645699,0.0043892603339927136
0.8485680802095009,0.09252878580397284,0.03046815024079737,0.018964880186755368,0.009470103558973477
0.9213983606287248,0.046818986176684146,0.01731454623221149,0.008908770553040572,0.005559336409339048
0.9233141857187315,0.04009008636978894,0.017164114857819757,0.012914656669317914,0.006516956384341867
0.9543060718637598,0.026826693620442606,0.007889145058339094,0.0067419156997137256,0.004236173757744854
0.9318018608306816,0.035099228416153254,0.020344796316788566,0.0075607774636052205,0.005193336972771102
0.9525812136674513,0.02629544012963302,0.012452453526057113,0.005487192961759247,0.0031836997150992427
0.849873115453689,0.08217030506514439,0.03336419593704367,0.02511311121195559,0.009479272332167289
0.7904443319237638,0.1326609296039151,0.03904479080681346,0.025407580635280883,0.012442367030226742
0.7807784735703486,0.1025029739272362,0.05573418911407919,0.039024081349768154,0.02196028203856783
0.7797234177286,0.1556289717329145,0.022689395956399554,0.028359633724177536,0.01359858085790836
0.8836573244376132,0.07795147579276528,0.01358977281678454,0.017209955678214036,0.0075914712746228356
0.9171793765441024,0.043893961716685755,0.015724085144942612,0.01780449411180771,0.005398082482461408
0.8731323491797215,0.07045146944110067,0.027109963179611316,0.01926428962252118,0.010041928577045276
0.8747001246921288,0.07208515316508642,0.025845258951379662,0.017192623777265794,0.010176839414139573
0.9630376695717406,0.017602397415473935,0.008864719287762128,0.007200245828797497,0.0032949678962261785
0.9095844131852237,0.057292265676233974,0.0175418958022808,0.009991972077621692,0.005589453258639745
0.894738490389319,0.05782994222466864,0.022376020219035075,0.016510492364008533,0.008545054802968622
0.9335979852339223,0.036789766161457474,0.011217268457651874,0.013107670425208938,0.005287309721759367
0.9124990045354353,0.05186608352788952,0.01714558690706266,0.012327505961573403,0.006161819068039121
0.9315196058693845,0.03663510366513517,0.013530331343789958,0.012741872414285335,0.005573086707405007
0.8442692307480552,0.09136966496405996,0.03613636863082209,0.018475674739518864,0.009749060917544
0.8636727912759475,0.09008282707203168,0.02109211891015008,0.017077100572176648,0.008075162169694087
0.9130319216984033,0.043010617760185936,0.0170259957438598,0.019350883489865255,0.0075805813076856845
0.8111115921893758,0.116618950242159,0.03961592058704417,0.02151317791776818,0.011140359063652946
0.8372980203848461,0.12431689238398419,0.013745444429975733,0.016501137884949627,0.008138504916244342
0.9128624080331035,0.05004288646677752,0.019272593043976504,0.011243924343414787,0.006578188112727866
0.8909842870336058,0.056489117417513765,0.024069634119514696,0.019049680929067638,0.009407280500297922
0.9597596132098742,0.01980405593920019,0.008825023766429067,0.007465784154440109,0.004145522930056426
0.8616579468065251,0.08899233219674073,0.019361163478096754,0.01896244302922482,0.011026114489412769
0.9481633830580061,0.02920088372745266,0.010393995436783477,0.007458872735662895,0.004782865042095165
0.9514557910937717,0.02861293951732837,0.009224988004725982,0.00717812483682864,0.003528156547345339
0.8923925124445383,0.06741972505874216,0.01839815679890546,0.013325654565970233,0.008463951131843488
0.8969030946855482,0.05507316527558517,0.01863221281141765,0.019911124582172833,0.009480402645275995
0.8774530483562553,0.07851828432428856,0.018282694804892297,0.018594658164585987,0.0071513143499778945
0.8889686219421296,0.05779847538700925,0.021883690713842635,0.019848926423641028,0.011500285533377697
0.9352964597618242,0.03611951792062077,0.012413801019623407,0.009604061637471958,0.006566159660459754
0.9339459674403974,0.032005174602765765,0.015572868341739614,0.012290626757712746,0.006185362857384535
0.9399136996443833,0.04229339454285633,0.007999542735821687,0.006778545161338917,0.003014817915599499
0.8711235891457243,0.06889453039892193,0.03147214955582936,0.017783921002816474,0.010725809896707943
0.7715035301441008,0.167163355936249,0.026032951579797382,0.02347401382874516,0.011826148511107321
0.8482473019196772,0.08385846654468189,0.024635462448055423,0.032068397750561306,0.011190371337024165
0.9608626983330276,0.01476864464827636,0.01062408083233397,0.008330333430562248,0.005414242755800091
0.8881015499960533,0.07819786588594607,0.01687707232659061,0.011451403930854817,0.005372107860555042
0.8207251340606874,0.11771315100282642,0.03040244060399818,0.020235381694243146,0.010923892638244765
0.8273160176119275,0.09345421056161318,0.030284972216829957,0.03512205296753005,0.013822746642099391
0.9060135601698912,0.04786592128674375,0.021064770025671403,0.018412602044013716,0.006643146473679928
0.9180517780518668,0.05007783718856019,0.012079769133201315,0.012943370669223657,0.0068472449571480905
0.9142332413538137,0.04963972148729433,0.013006871576676307,0.017983474811141622,0.00513669077107406
0.9107774167885562,0.060890452573115754,0.012836688691051226,0.009988177266328474,0.005507264680948454
0.9616814672776082,0.02035881587595421,0.008332209889090081,0.006569066560276796,0.003058440397070921
0.9250377029267776,0.03866096002025132,0.020222522678139815,0.010293202523008234,0.005785611851823073
0.9120322109407575,0.06603900185247147,0.008662570391391629,0.008122350467992586,0.005143866347387004
0.9032626226548693,0.059569743229742005,0.017046481219653395,0.014498917713262597,0.005622235182472683
0.885504443845325,0.054856817446944185,0.026272479463190945,0.02572509267985892,0.007641166564681098
0.928979984709219,0.03564637117270946,0.017533373673550366,0.012342392243821063,0.00549787820069985
0.8489211278268851,0.10579203343711215,0.022330318892600613,0.013846399240248526,0.009110120603153705
0.9066176120131962,0.0573520210641353,0.014474120805834042,0.012690962237901315,0.008865283878933178
0.8701800135828229,0.06125637566130584,0.03346928452975243,0.02437643543615782,0.010717890789961148
0.9266834962778014,0.03311519160787021,0.023238105613750233,0.011220079821557928,0.005743126679020454
0.8381061831089135,0.11255719732850043,0.030383692883750205,0.011539116936501306,0.007413809742334619
0.9495930705299466,0.025120454419526917,0.014886678147264609,0.00701559610849781,0.003384200794764207
0.8919691960655195,0.07134508667214598,0.01692144590934669,0.013971213339144115,0.005793058013843526
0.9555240953247524,0.021408006566053628,0.009639623442626127,0.009181376390600139,0.0042468982759680555
0.8519417469068761,0.10687960081783915,0.022384212342680003,0.012648003560183472,0.006146436372421487
0.871877525352809,0.07525073972840218,0.022920998520933593,0.02135979163369835,0.008590944764157001
0.8507028032144558,0.07933676522654395,0.027314877737292128,0.028758399737353457,0.01388715408435475
0.9061411564706942,0.061497574901625524,0.011592215009532007,0.014952571158094998,0.005816482460053441
0.9177517601442283,0.051184318558194566,0.016271850968012102,0.00980504191869383,0.004987028410871225
0.8657358450254871,0.08215627374292839,0.026545040675105182,0.015163409912609165,0.010399430643870217
0.9559745633488848,0.021856669384643233,0.011531540485131046,0.006314027187030414,0.004323199594310573
0.8365870882711366,0.10408487786470348,0.031265707972180326,0.017015345994502273,0.01104697989747742
0.8303234412621596,0.12042299090397743,0.02246502592074626,0.01922501084287169,0.007563531070244795
0.8114462560573247,0.12840147364923724,0.023325916385253505,0.02601532474895454,0.010811029159230122
0.9531627580045404,0.026389299543699677,0.009564643341399977,0.007548853722465349,0.00333444538789425
0.8805575252782875,0.0696066210245741,0.02173976123802316,0.01962141773697893,0.008474674722136538
0.8908540318253257,0.05362456285879319,0.022767767368627016,0.021156406838230956,0.011597231109023064
0.9164270833283257,0.05019238539886051,0.01793662293420361,0.009486084327440934,0.0059578240111693315
0.8628606338919089,0.08222731118039914,0.029650525164694564,0.015554903722973652,0.009706626040023546
0.9057859721285967,0.039882819080619636,0.024737358945513873,0.020001659554941886,0.00959219029032833
