Delta_Power,Theta_Power,Alpha_Power,Beta_Power,Gamma_Power
0.8968647838757488,0.04033750961786755,0.0353960693537545,0.021184965579345644,0.006216671573283604
0.8617816497253304,0.08149378811033588,0.02893322997135839,0.020801178182310847,0.006990154010664395
0.8977830242558945,0.04718305316113841,0.029313442611606115,0.019859856554225667,0.005860623417134854
0.8639958955200039,0.07019611388774273,0.03177691911631709,0.02640349696328142,0.007627574512655019
0.8441236348870182,0.08519490411791719,0.030756682315521193,0.02923025722800423,0.010694521451539294
0.8926640685441779,0.02830280770185021,0.03389709885457444,0.034562889057514666,0.010573135841882771
0.8762191697423153,0.03258336219146066,0.05994869482932919,0.025477911451661197,0.005770861785233347
0.8901698411056196,0.02856616987065531,0.051346555634083114,0.023918907547384186,0.005998525842257801
0.8642094077854963,0.07930571468491185,0.02867560874367781,0.019024329898967657,0.008784938886946168
0.912566303794802,0.045691062623513946,0.021794030954821405,0.01258865589528596,0.007359946731576949
0.8881151095298371,0.07591544601398405,0.014435586154103263,0.01489568056046868,0.006638177741607014
0.7745353499305097,0.06082734324365654,0.12280480605051608,0.032796131249884876,0.009036369525432965
0.9097327578044432,0.0418802031998854,0.027855230095934144,0.01471393905401152,0.005817869845725664
0.9219979150616107,0.03354337295473461,0.02539437728195403,0.013792008582755064,0.005272326118945544
0.8440245592036073,0.06120150681007263,0.044442849083970656,0.036635866541261816,0.013695218361087592
0.814128867081901,0.061335397052327746,0.07295325358990905,0.035245717444278055,0.016336764831584114
0.9280283626510002,0.018390401593602754,0.02993539233241055,0.01704201080911187,0.006603832613874709
0.8916009800983031,0.038138887084318784,0.03848003530049094,0.025576386135494615,0.006203711381392566
0.8915354066168841,0.03935940724822841,0.04003663596256172,0.024947158621351693,0.004121391550974064
0.9326249836014011,0.027665150804756004,0.019513096962889408,0.015711308966150656,0.004485459664802771
0.8543150152634398,0.04622146478473625,0.05530846764174285,0.034272366547810136,0.009882685762271061
0.8602234517524378,0.06594218637592465,0.041737889441728813,0.022900381774645033,0.009196090655263618
0.9314338313684059,0.03794153917725926,0.01686905001970624,0.009616179869106617,0.004139399565522136
0.834173311457192,0.0743662487751474,0.06246502039711635,0.022491917823129412,0.006503501547414882
0.8748334141269644,0.06279643652805215,0.034906983272811144,0.020343591772485188,0.007119574299686981
0.7326259386290805,0.10766608713230148,0.08180603886828802,0.06359602671720742,0.014305908653122416
0.8785505083690924,0.054222892725504596,0.04136337100562181,0.020149966973420162,0.005713260926360923
0.9074657829235021,0.053901271778996784,0.017453732827933156,0.015395903112174546,0.0057833093573935014
0.9608735124309971,0.018072663318920032,0.01030243592355133,0.007691389679461019,0.0030599986470707247
0.9614682232759444,0.019404816857871973,0.006769572744442251,0.00745113872509821,0.004906248396643282
0.893607743610817,0.05656666896191084,0.02883988777151254,0.014401367412498449,0.006584332243261049
0.8056473512300192,0.08200358944444298,0.05604706956037972,0.04181259481266636,0.01448939495249201
0.9000996982856752,0.03478119742341129,0.03951389573772068,0.017545602857612693,0.008059605695580134
0.8553065919840802,0.047914599381281474,0.05798134525910418,0.028744181786103107,0.010053281589430973
0.9217556662303483,0.037983116366980645,0.02049782293673588,0.01454286008639619,0.005220534379538858
0.8883534966668324,0.03776398268566546,0.04228549985178774,0.0251140761574082,0.006482944638306076
0.864833284834561,0.04576090622031838,0.055305748271733846,0.0272288811760693,0.0068711794973174084
0.892750404715505,0.05161980285301757,0.02985236612752607,0.02013643708404399,0.005640989219907431
0.836719207671147,0.08328746539220658,0.036385635461701246,0.030412731294542285,0.01319496018040259
0.689579925634309,0.14419433118605238,0.08332788094747408,0.0654925710768478,0.017405291155316596
0.8040581684216191,0.10571083321804854,0.05484312713185111,0.02608546425296413,0.00930240697551735
0.9215675091357927,0.01861012445694037,0.03517489391756141,0.019660645693264568,0.00498682679644087
0.8930965000389174,0.03699718335678132,0.038494695340764974,0.021979977283736542,0.009431643979799783
0.9320427290454718,0.02429008142400824,0.02669248219555225,0.013051783629197457,0.0039229237057699755
0.9707144236371611,0.012173545848367036,0.008223345618180286,0.005023221168117287,0.0038654637281742596
0.9325514765978209,0.02647149902106392,0.026421265860995625,0.011046692392622376,0.003509066127497152
0.8852628619340245,0.039609672019241246,0.04637444034041806,0.02059606625591055,0.00815695945040577
0.8925858746940497,0.044361610373514944,0.036881996568337204,0.019320511814367995,0.006850006549730115
0.8563378026493105,0.038359048887156945,0.06747493144649151,0.026665391793234242,0.011162825223806865
0.8597156311011547,0.04914109679084898,0.05502348535434199,0.02597855412173687,0.0101412326319173
0.8728291551766361,0.044065922266038136,0.055169391948423976,0.019065670292254495,0.008869860316647453
0.9415234047258997,0.01939916369603771,0.027377594309201284,0.008850422837177766,0.002849414431683392
0.8930626644588507,0.033533913630854374,0.04939671326789468,0.018835926036641703,0.0051707826057585966
0.8958967616031476,0.04485510471344934,0.036122927206607584,0.015950879522674995,0.007174326954120477
0.9250318083200387,0.03237785144417094,0.01541847452146243,0.021293051124140015,0.005878814590187904
0.9372180532333728,0.03079420904207311,0.01318941847334656,0.01349999774125469,0.005298321509952851
0.8365871864644229,0.11237742358120255,0.017859397521316066,0.02404168012086016,0.009134312312198202
0.8814453781699361,0.05758763486854785,0.033778157979346864,0.02081809507412656,0.006370733908042763
0.8888709081805708,0.03987691227238444,0.051060241221065,0.01608992532870974,0.00410201299726989
0.8837730344345879,0.06482162454888633,0.03270103116009863,0.014209492527970081,0.004494817328457019
0.9140006945993002,0.03321111278154058,0.032944032124208635,0.01568912614504219,0.00415503434990832
0.8510746833708766,0.0480869688734403,0.06710614898409599,0.02455100089601654,0.009181197875570445
0.8459075527201444,0.0416189266744693,0.05938969550405649,0.04205923251296454,0.01102459258836532
0.7793535702281834,0.0774572224361467,0.09291375207134206,0.037947633127106375,0.012327822137221224
0.9492364474582983,0.026427464209387096,0.01198341262472069,0.00859310246961067,0.0037595732379833635
0.8928404039505055,0.04432650976018687,0.03627002269534342,0.02074445211229274,0.005818611481671391
0.9199794394518553,0.041151533325618925,0.02081518880781802,0.012797158237171386,0.005256680177536394
0.7882601897360269,0.07476854352486911,0.08389183610298087,0.03387623902517908,0.019203191610944012
0.8954484584108772,0.04624133619889286,0.024000545139541345,0.025033843040079662,0.009275817210609093
0.773667033543171,0.09524346895087131,0.07500136860048426,0.04111707417871864,0.014971054726754807
0.8157702041166653,0.07062226346668214,0.06245368455166123,0.038776445270379496,0.012377402594611809
0.8036315752416311,0.10739615278706796,0.059056519123722576,0.021230537305633516,0.008685215541944874
0.8484600240244291,0.05832665877341416,0.06467997625353535,0.02132101540881274,0.007212325539808516
0.9433534099712978,0.025253164043367825,0.012775575579062629,0.013103879146166697,0.0055139712601048425
0.761060824165685,0.09048321521249171,0.09305168583957382,0.04469287714337815,0.010711397638871408
0.8195177111448346,0.05979649213077143,0.08109781711781186,0.030057316891809217,0.00953066271477276
0.8683331840057659,0.05689828125226383,0.039124542273378665,0.025474678270189177,0.010169314198402635
0.8919928324092252,0.04439280847782221,0.03822156072740988,0.01862138000773016,0.006771418377812511
0.9255334536426101,0.020020742647084467,0.032125361898588986,0.015285863839377621,0.0070345779723387965
0.8361397155874555,0.0750534066232451,0.058124235611018094,0.020246997860773695,0.010435644317507556
0.8529457959413121,0.08609250964464527,0.02929204958877622,0.02237011186880761,0.009299532956458493
0.8266123958828133,0.057174398288205655,0.06425391624794266,0.042077010322026986,0.009882279259011466
0.8955221164379615,0.0351570221515318,0.047302749243630766,0.016499728193242982,0.005518383973632953
0.769114071569028,0.07395947464376952,0.08861767872969425,0.053102592848100726,0.01520618220940748
0.8951446185686114,0.04595737285221633,0.035367391656316784,0.017501920472094177,0.00602869645076143
0.9327083938826156,0.033610330612117996,0.01439891741654886,0.012944492287125487,0.0063378658015920885
0.9499663792176105,0.028216288350742177,0.01116975928663263,0.006314968486259633,0.0043326046587549155
0.891302420699044,0.06286527488776884,0.020346902507969812,0.015490466396230407,0.00999493550898686
0.9168313603980494,0.040186593998271916,0.022862064005855453,0.014574092529410335,0.005545889068413065
0.8351426301928834,0.09216090170553325,0.03860792629246777,0.023187621221036625,0.01090092058807905
0.7716812839971918,0.1506096161574594,0.04049175048229755,0.024747693838265868,0.012469655524785466
0.9529441782172012,0.021790489935175166,0.012590800609196831,0.0093092801452522,0.0033652510931746794
0.7152359416264147,0.06024828751636837,0.022375572538119556,0.09806347816241676,0.10407672015668064
0.8713316557053679,0.05588655628154765,0.03891619723263287,0.022216018474954868,0.01164957230549695
0.9191738178692902,0.0440107527234258,0.01849268129603307,0.01359857477514407,0.00472417333610658
0.7768474288009574,0.1052047176058648,0.0702927313211353,0.036611473033749176,0.011043649238293471
0.9216991100782269,0.033555935276168056,0.024621966512585556,0.014432123595729143,0.005690864537290347
0.8572982665360555,0.08017895528347548,0.03075946499758783,0.02161973157285574,0.010143581610025581
0.9262212876908456,0.02042182177761934,0.03351564470255577,0.01480634565360067,0.005034900175378628
0.8724842130928259,0.05222124358884415,0.04757380565551573,0.022421252556300838,0.005299485106513362
0.7973657478575262,0.05963358558469419,0.09363719386051646,0.04057329825669791,0.008790174440564985
0.9086381554318897,0.035097622964093286,0.03499376680238696,0.016235867289158323,0.0050345875124717
0.8923324919929584,0.050356609981342795,0.03845162229681973,0.014001224871949743,0.004858050856929313
0.8666556439247705,0.054158488706100925,0.059479795615981754,0.0137970163250995,0.005909055428047278
0.8423844660989696,0.10181706350247047,0.031150429421073593,0.017935414310550436,0.006712626666936086
0.8495593060846646,0.08210555855543403,0.04099406664671336,0.019685185364540902,0.007655883348647024
0.7655320045884051,0.15227322590076056,0.04290264677251897,0.03001016828626597,0.009281954452049563
0.8149622693509064,0.05779780228487684,0.08835976776901486,0.029078578122154784,0.009801582473046966
0.8608458119043154,0.0450109324931441,0.0610395308549531,0.024389711984085835,0.008714012763501942
0.8366305398443334,0.07924132072650182,0.04716890835796704,0.02776697436179079,0.009192256709406925
0.84391880332517,0.09895325369518589,0.02700893145904922,0.022982357244118012,0.007136654276476912
0.8347739450837585,0.06452610548880769,0.05517118741594944,0.03591525239839151,0.009613509613092812
0.9097201715871351,0.03498085960192347,0.039120561467999714,0.012531874403625024,0.0036465329393167104
0.8460578686831546,0.06609668078234217,0.03359169794639789,0.014557047054226748,0.03969670553387862
0.9373057350760479,0.022262212122959577,0.02339865999533255,0.009774176779834864,0.0072592160258252575
0.8280359639601599,0.08232105562429563,0.05638487630523771,0.024496006610539658,0.00876209749976722
0.7909590328865587,0.07339192690423425,0.0928325466368247,0.03411469842583193,0.008701795146550341
0.8813087890159043,0.044178733495365725,0.04357734572652626,0.024134988081971065,0.006800143680232709
0.7999900724396402,0.059151783062596636,0.09453592569255036,0.03697020667984531,0.009352012125367555
0.7972512419863229,0.09842005699235476,0.0643524354126447,0.02953080525177496,0.010445460356902594
0.9272273875387793,0.02930291432582622,0.025173438429599824,0.014998218320432431,0.003298041385362294
0.7428475381637248,0.13162704265028002,0.0943034414545138,0.023609389973495726,0.007612587757985752
0.8499572886610502,0.07448861162847721,0.05330695546915786,0.016469036204723467,0.005778108036591218
0.8244942609660978,0.08342710792050734,0.05641282818701966,0.02859431100071528,0.007071491925659968
0.8191246699336318,0.062307223175413394,0.08833863526239025,0.02233611287441288,0.00789335875415169
0.7017453831420413,0.07191852460687224,0.17246336734881476,0.04185206287750051,0.012020662024771108
0.8989980956151524,0.045833471892603346,0.028160825533455006,0.020622398038421794,0.00638520892036735
0.8751684304053468,0.03735821747970988,0.06306258029936694,0.019899906243275246,0.004510865572301059
0.7642793889087317,0.09612977683149483,0.032655155199936774,0.027994694534884696,0.07894098452495212
0.8556719660033347,0.07177762623910072,0.036787538789686935,0.028685576462684603,0.007077292505193062
0.9354363204941574,0.0251319171328113,0.025094809607995195,0.010847839038828674,0.0034891137262073662
0.869453417156426,0.06448414723412371,0.04184049563968977,0.019925329868939422,0.004296610100821051
0.935897086088913,0.03863478739149642,0.01321779823732737,0.008303547203977938,0.003946781078285233
0.8798031734581262,0.04253964859837846,0.05422813386781395,0.01798192036233997,0.005447123713341398
0.879986707124675,0.05577220165194287,0.04208043769233635,0.015903954639691534,0.006256698891354123
0.9409821408998068,0.01961883635303227,0.01886926394508598,0.012390068207933407,0.0081396905941417
0.9379753410323648,0.03081552620863099,0.014334468505253831,0.012719306249650874,0.004155358004099613
0.942622546312717,0.023858874443894226,0.01935256935920802,0.012063752253347566,0.002102257630833249
0.8590491153095868,0.07124147927500378,0.04181195275663258,0.021933527080655383,0.005963925578121635
0.8613938096168927,0.05832885839538397,0.05229028058888046,0.02184199377295221,0.0061450576258903515
0.7439946981615057,0.10414570567759111,0.11141643326558083,0.030131429128158648,0.010311733767163583
0.9167794491828647,0.033656030975348236,0.029552111150002877,0.01464365580430392,0.005368752887479956
0.8896474820554763,0.04231313512041142,0.03737796231988497,0.023764813764182435,0.006896606740044715
0.9003935732522279,0.04635584837438117,0.022621420961333735,0.01994912603356881,0.010680031378488655
0.9401697356500504,0.03164953020054386,0.010621061108636209,0.008661129454991782,0.008898543585777947
0.912027661619057,0.036634479972286194,0.030494840969813353,0.015634518494860417,0.005208498943982832
0.7428414896168204,0.08270112231998135,0.12548659325175257,0.0385994427771587,0.01037135203428724
0.8689626732122862,0.057901759690708474,0.049880808584511716,0.017197040990672586,0.006057717521821109
0.9292049337617124,0.03254634117235531,0.017818215912239737,0.01360056063991067,0.006829948513781824
0.7459764429895667,0.149468952131801,0.05884280992261304,0.034007090163243874,0.011704704792775533
0.9108796687125433,0.03975142774661333,0.03496375599356042,0.011375452751512052,0.00302969479577064
0.933182541983421,0.017363401213584248,0.03653051864604629,0.010498278043908125,0.002425260113040457
0.8757170089748288,0.04794631530012806,0.047842149750526676,0.023365341484001354,0.005129184490514895
0.799335534899073,0.07908061583005692,0.07776706121521773,0.03459975317804367,0.00921703487760866
0.8681873544336748,0.043369788768008274,0.06030281250022118,0.022004954780156162,0.00613508951793982
0.6781224043508886,0.09466129798783111,0.16698426889889068,0.04763652625485504,0.012595502507534617
0.8956981842521483,0.04192092496183334,0.04440785681009099,0.013684911911897933,0.004288122064029405
0.7365386014800662,0.10248566047654314,0.10730466422965078,0.04369116244753236,0.009979911366207468
0.8954176469624924,0.05034250653640639,0.034138983399851504,0.014251439189161911,0.005849423912087846
0.9288738643561836,0.03203043207570066,0.022966884427589564,0.01079998333139198,0.005328835809134242
0.8953638380922943,0.03696284043691055,0.04747298833541722,0.01471932135382899,0.005481011781549117
0.8657888451739181,0.07917851184184344,0.03061106139842842,0.018193069655842577,0.006228511929967508
0.8626516275420825,0.041772783595592215,0.04741316053375665,0.020000465499734946,0.028161962828833636
0.9237577701775049,0.03736114515121547,0.02241416176008072,0.011818356003857378,0.004648566907341592
0.8779196185124716,0.04814863421251307,0.04778370441204939,0.019221971335245665,0.006926071527720286
0.661464870936953,0.13465122740258356,0.14669570619814315,0.04125145181222321,0.015936743650096973
0.7863827240599386,0.09448181188936952,0.08973541476871452,0.021041408489855532,0.008358640792121863
0.7918570489183718,0.10109512061926904,0.07479364871041681,0.02507251546081387,0.0071816662911284995
0.8301705002925232,0.06268094419472801,0.07522867353407857,0.023723477217137905,0.008196404761532185
0.7726688740222816,0.08475213192422172,0.08814986918181497,0.043549203356968456,0.010879921514713255
0.9657839338411901,0.009739998314482842,0.017034709284438617,0.005992776403377951,0.00144858215651058
0.9258221410947489,0.025794331291350746,0.03414129187170589,0.010856418196076719,0.0033858175461177155
0.8636685508489098,0.04197694377837286,0.06646383743615741,0.021139131211271395,0.00675153672528847
0.9213160890114963,0.02014579131884442,0.03615006802616366,0.017502439838255265,0.004885611805240267
0.8435065710215055,0.033065985691884216,0.03332698905025163,0.03511146021183064,0.05498899402452806
0.8382490568299104,0.06622633557209916,0.05477612224476024,0.029872185108024554,0.01087630024520585
0.8647744068635342,0.02645643686593627,0.07344283818516628,0.027959347003497118,0.007366971081866336
0.8680925738836772,0.05610355971099388,0.05127504936400097,0.018967885126321977,0.005560931915005979
0.8131707028578843,0.05424071043364,0.09216233871238678,0.032752792561172424,0.007673455434916467
0.8986962339328715,0.042654343119134006,0.04125970483030906,0.013480045633662134,0.0039096724840234215
0.8681609173887742,0.05228679201988433,0.05100104711421798,0.02222042849668394,0.006330814980439559
0.905041880544137,0.03516973394121982,0.03462179157865462,0.0214142494639021,0.003752344472086211
0.8601069050025942,0.04111278893344802,0.06769778168434279,0.023832559492728386,0.007249964886886429
0.8568402646668056,0.04015071951123667,0.07743017391255083,0.019885308762840597,0.005693533146566271
0.9431725600078537,0.01612728997264205,0.028754526206086616,0.009071274099085548,0.002874349714332198
0.8531147221402278,0.060684114826752275,0.06221650259241283,0.015778909756056173,0.008205750684550914
0.8559050993052916,0.029637847100622786,0.031640083913783784,0.026564430124796326,0.05625253955550588
0.9282181292439016,0.024188031856928995,0.027818967861504288,0.015000020853643558,0.0047748501840214385
0.9047546585182775,0.03819838876190907,0.034701618930311325,0.01757357023059766,0.004771763558904362
0.8944930009396785,0.03389967796749122,0.05215524269272135,0.014913662587547984,0.004538415812560754
0.9281363747429292,0.028308474915042486,0.026563548312686328,0.012202294368881794,0.004789307660460365
0.9188269927280411,0.038533534811283104,0.027155438680600986,0.011095216586494677,0.004388817193580224
0.8512024082786318,0.08184015773839097,0.03910247133514469,0.01943831103285812,0.008416651614974516
0.5858662315344776,0.07556496813965635,0.08508626865688011,0.10349256752278482,0.1499899641462011
0.9105033580887366,0.028272283627101245,0.02682190118304228,0.01739345864650058,0.017008998454619343
0.8110744704530635,0.07914479116885058,0.07656478349597638,0.024583938748740996,0.008632016133368779
0.8735633970983343,0.042054476996966614,0.06216828254532483,0.01680982207334193,0.0054040212860324115
0.9420397569386401,0.019316455491987305,0.027175342541692057,0.008225158813329551,0.0032432862143508536
0.7495000772197997,0.070477892662398,0.12707628365836296,0.04318071879974641,0.009765027659692935
0.785040633430037,0.08463350747139749,0.09743358799340718,0.02617041158309797,0.006721859522060316
0.704852982656115,0.08867568857849924,0.11030609759366312,0.05099415566180505,0.04517107550991779
0.8585150651222713,0.044265914432951234,0.06756858775128244,0.023333754529878122,0.006316678163616863
0.7104447474944238,0.07943030962064772,0.13960871344864428,0.05521472975534337,0.015301499680940722
0.8687738591879179,0.04860554574434656,0.04609561091057368,0.028951744687466047,0.007573239469695816
0.9496938527006865,0.022113701433212417,0.015578586402919254,0.007622568857468234,0.004991290605713472
0.7897992806049134,0.11338993972319032,0.05986770645609838,0.022842650144390252,0.014100423071407717
0.9299713850322661,0.03945743574033655,0.01964586382575086,0.007629909906249326,0.0032954054953968767
0.9465993965618639,0.02478552327704001,0.016995188629149224,0.008721437412603004,0.0028984541193436786
0.7965962592959632,0.09084471187648842,0.07045722542032376,0.0340814055557017,0.008020397851522898
0.8216526179626645,0.06129450677902248,0.07500160058492357,0.03417809887899501,0.007873175794394437
0.6821379969049765,0.08714555542329532,0.17727796510389954,0.04289634345857715,0.010542139109251489
0.8035540103423735,0.0673495752554114,0.08973987823139236,0.03195209754045631,0.0074044386303665066
0.9035270562748107,0.043407696846919,0.031543447769332496,0.016562353985408607,0.004959445123529162
0.8769582967135138,0.036648828315528015,0.06549338105421292,0.01699090978337763,0.003908584133367702
0.8721253019519432,0.04694366773796918,0.0581683465258515,0.016389317888437775,0.0063733658957983155
0.8830278799950276,0.046968910718896126,0.03454767001371821,0.025880585600941256,0.009574953671416803
0.8078464840192059,0.05004306577554633,0.09470248364502636,0.03604696292231346,0.011361003637908146
0.9316740708939875,0.019007538233219427,0.03204632455202641,0.013796018214274156,0.003476048106492672
0.7957379288866638,0.0833997935550168,0.08490546711861095,0.028524542353646223,0.007432268086061976
0.8732708196432414,0.049052324978270195,0.053267777860811334,0.01886559803444422,0.005543479483232756
0.9028307977721428,0.040087262461624536,0.04285287699885397,0.01107461921143996,0.003154443555938623
0.8125134895112373,0.060076512145627425,0.09884647422336036,0.022787092251813364,0.0057764318679619
0.7309293295114869,0.07030067752087385,0.1467366811626852,0.04240941037468017,0.009623901430274112
0.8847037986504762,0.04584667243588112,0.04975529348116679,0.015978562894474,0.003715672538001871
0.7879976250360008,0.06831286755662026,0.09609298462993013,0.03945082156331827,0.008145701214130621
0.8559823425719262,0.038882098429768475,0.06837505163348376,0.02902020746971589,0.0077402998951059026
0.6940927511850822,0.1304726158404955,0.10512076904976275,0.056034772539429144,0.01427909138523054
0.9140010757439139,0.02614002299078878,0.036820665500371476,0.018719038055447695,0.004319197709478054
0.9360267496539765,0.03251397920261078,0.022386984556566077,0.006799145221141917,0.002273141365704529
0.7890857135549457,0.09352691320891267,0.07968910744139386,0.02872856680009267,0.008969698994655054
0.7312068830506175,0.062312760314855865,0.1606423758914149,0.03832022011936677,0.0075177606237451285
0.7918240551943403,0.07798482687782227,0.089233340699626,0.032674522270725634,0.008283254957485926
0.704081261141947,0.1292161396502792,0.10437706754879468,0.050916024971451895,0.011409506687527366
0.8140384963456556,0.07002276861607265,0.08214869830210755,0.026355825119377504,0.0074342116167866665
0.8232754387008262,0.05778800509020134,0.08479085735786664,0.028454507136439766,0.005691191714666199
0.809643433586782,0.08421445004033393,0.06963052963710345,0.029629775435795733,0.00688181129998475
0.6943225411253307,0.14007490336646372,0.11684520609461604,0.03649853834241712,0.012258811071172368
0.9080001487135038,0.04263251583950175,0.02693011594523347,0.016426872227266794,0.006010347274494181
0.8862308489497783,0.043868049515268195,0.03670079241256123,0.024955459619584335,0.00824484950280786
0.8925433654210597,0.0520571270922077,0.036570348492060104,0.015409225049751006,0.0034199339449214284
0.8613622353504522,0.03890074667722679,0.0751603219011906,0.019738061744601233,0.004838634326529049
0.8910030138310646,0.043583966271937724,0.045682262860528934,0.015515004610252004,0.00421575242621654
0.9138706268773703,0.01974791766013701,0.04506307665549089,0.016785756440546615,0.004532622366455216
0.7887984742781033,0.0956040860368437,0.07526240672385243,0.03128082669437921,0.009054206266821458
0.8485839047089551,0.05830912861127432,0.06442748037332852,0.022038372355153026,0.006641113951289125
0.733143298787768,0.09881951918608309,0.11511312989635258,0.04292871659002967,0.00999533553976692
0.8321400003082573,0.07577966224188075,0.06127626583799335,0.025221951895474264,0.0055821197163944845
0.8927601788139375,0.04682205512307301,0.0382093759588826,0.018205061169459663,0.004003328934647175
0.8201595966653462,0.06329728187185042,0.08009931357151387,0.028664396600056777,0.007779411291232767
0.962656810807376,0.013914779213912005,0.013929283557495039,0.007416493826804028,0.002082632594412859
0.8360671331114418,0.04682508123687422,0.08153319598906644,0.027850389806579504,0.007724199856038057
0.8392784912045278,0.04319060945076724,0.09420386420013145,0.01778103497167497,0.005546000172898617
0.8617405342426779,0.039542591554540804,0.07873284497949784,0.01611206403870589,0.0038719651845773684
0.9037196048453866,0.03195598122590985,0.040717488030595134,0.020149564203852558,0.003457361694255887
0.8281842366712324,0.04538106295108337,0.07576113729362624,0.041067704587521424,0.009605858496536756
0.8695794579296947,0.07573863916437805,0.03587778162947548,0.014255256988131708,0.0045488642883199345
0.8661461761188055,0.043730917121473395,0.06642942227304668,0.019012733992230336,0.004680750494444169
0.8408387817105389,0.08442911370115533,0.05184776358193545,0.017308187250670834,0.00557615375569962
0.8212648180016954,0.051194973053565476,0.0941142642026214,0.02677465873705303,0.0066512860050649235
0.9469706549454512,0.019159838983946572,0.022310604723481404,0.009418310857979322,0.002140590489141453
0.8575590379117616,0.07251670340844889,0.05050527724812888,0.014833009635909458,0.004585971795751013
0.8516934829056461,0.06860032315611016,0.03831502349195059,0.032220083530503485,0.00917108691578977
0.849936091955175,0.07922951273022198,0.03643182090710222,0.02169478611149399,0.012707788296006682
0.825832786987206,0.10435724348261104,0.04097333634544691,0.019375115007099798,0.009461518177636144
0.8313370207999012,0.049448854206676295,0.028914186614164474,0.02671525446962889,0.06358468390962917
0.8378768814408031,0.07276309709087933,0.030934639296192654,0.02442346726970153,0.034001914902423186
0.936941796181443,0.03908762949968009,0.01239225708935954,0.008839082374584153,0.0027392348549332628
0.8807118105949655,0.061388550492452086,0.03155005162251673,0.020700351622334176,0.005649235667731618
0.8200134432199239,0.06155395770580944,0.08703657816440785,0.023334175693177903,0.00806184521668093
0.8324344472382457,0.056955215154135166,0.0749388208996076,0.027344364308616857,0.00832715239939474
0.8765128924848652,0.05139437029962083,0.045719542915896444,0.020431797500564404,0.0059413967990530345
0.8533398557121237,0.057515909409617795,0.050719272927566915,0.031371153923173675,0.007053808027517847
0.9099939448813911,0.028106024455865013,0.04068718342562771,0.01619205426872035,0.005020792968395819
0.8569779634564583,0.05544196131750141,0.06378126272229882,0.019305163315437152,0.004493649188304402
0.7584794330927112,0.07441924228183862,0.10765915987661479,0.04651373240662592,0.012928432342209185
0.8937300385475441,0.03979702075835448,0.038221787996148275,0.021466070822679026,0.006785081875273967
0.8725786160764264,0.06072526436353178,0.04435242924022747,0.01756555655848575,0.00477813376132868
0.887269260406763,0.029217640765403136,0.05266241996621391,0.02216171701886509,0.00868896184275496
0.8727822745410653,0.06886564938634927,0.03656228859132033,0.015474540791168813,0.006315246690096331
0.8578929005141823,0.06206627435818097,0.0548825801587214,0.01764876357241645,0.007509481396499124
0.8519950665158894,0.04719699409269884,0.07186629559413571,0.02173515810559018,0.007206485691685914
0.8421541712072443,0.05847782636857847,0.06999348632634896,0.022802100117407628,0.006572415980420934
0.9506028983975623,0.020027339917029936,0.018574391195459807,0.007806758604088079,0.0029886118858597926
0.862100765914131,0.05339621610949971,0.0634226808660886,0.01606439962990606,0.0050159374803745785
0.9547157311166886,0.016244833993180663,0.01802574577667526,0.008856331848961731,0.002157357264493785
0.9373460346775008,0.021283002812367148,0.02558347079576487,0.012315413021102034,0.003472078693265122
0.9099410326786322,0.04523257960874571,0.03042081992650635,0.009627379902347018,0.00477818788376867
0.7135446424974782,0.04824579944706984,0.1731318984977559,0.04908752319424967,0.015990136363446317
0.7244860154476342,0.11614210600675787,0.10556927740339486,0.04155177121582843,0.012250829926384585
0.8666767747861792,0.055713752569789575,0.05541501108817045,0.017068996943752936,0.005125464612108037
0.7717654804951116,0.08235654103732365,0.08951639462414727,0.044426228919816055,0.011935354923601309
0.8031815926107883,0.0802077563409026,0.07263819500419222,0.03583021097549337,0.008142245068623344
0.9239303389860153,0.021993377470991147,0.03416705184779272,0.01614807647718185,0.003761155218018862
0.8850252915092546,0.05302811886727736,0.03411511681474148,0.02225205566272881,0.005579417145997776
0.8109567696861243,0.07734465180178803,0.07889729612622493,0.023066101136417234,0.00973518124944544
0.863003685064034,0.04842970765263396,0.05709517627415785,0.026451375282101813,0.005020055727072377
0.6373285285160002,0.1876529105465276,0.11656542764000435,0.0440101241065898,0.014443009190878084
0.8953814720996219,0.03161415163604881,0.04803421726560847,0.01873209836320356,0.006238060635517286
0.8585896668311569,0.0590311346235749,0.05235062541229247,0.02367297634707505,0.006355596785900841
0.807724299233151,0.050195658669991844,0.10696847463690032,0.02706140481377135,0.008050162646185442
0.9117895758921113,0.03168995505556203,0.031810932159098006,0.01890822604792683,0.0058013108453019
0.8448836962566093,0.057104684110487254,0.0577366855070853,0.030260774258714027,0.010014159867104097
0.8017094342228324,0.09119072104920495,0.02525279748344986,0.03136392274243941,0.05048312450207327
0.8002906696722855,0.06880965109424336,0.0774938302054477,0.04133599115194411,0.01206985787607939
0.8568698725569086,0.06826571406963769,0.04372230078607322,0.019575657423949813,0.01156645516343058
0.9260218021841329,0.035346491801123155,0.020380463385577616,0.012935058994943004,0.005316183634223419
0.8441524326875022,0.05434774948852992,0.04040896863765433,0.029824880430384847,0.03126596875592843
0.8795451660491966,0.04741848698456961,0.04143392729080222,0.02363764271938286,0.007964776956048669
0.8152685987808463,0.08908412989578682,0.05134938099531497,0.03336716758083054,0.010930722747221035
0.8797534057330174,0.06542892559247386,0.028724555913918995,0.019833513033284726,0.006259599727305112
0.8388540308651538,0.0996771220592897,0.03527436517603675,0.02065052299901877,0.005543958900500918
0.9068656601441917,0.04503534147130808,0.027058832311817584,0.015653281530709322,0.005386884541973299
0.937547617536085,0.024067716303886356,0.02261494758061064,0.01220826209708637,0.0035614564823315225
0.9128990646986702,0.045961985777029896,0.023714056543665887,0.01177295553788097,0.005651937442753092
0.8572341259907741,0.06067213732876589,0.051874525403996535,0.022602143486403718,0.007617067790059681
0.8819944914882688,0.062063010724438636,0.03238371537034933,0.016867847552060746,0.0066909348648825475
0.8942181446435036,0.05977160613566005,0.02549540149311802,0.015100784141314005,0.005414063586404202
0.9230894901084418,0.03793586658297946,0.021709150891451753,0.013193724221747721,0.004071768195379193
0.9155409318372743,0.047869183953416876,0.020160015232082714,0.010712011066860334,0.005717857910365953
0.9114188806779371,0.03467706539731421,0.033454495628836456,0.015387441101551073,0.005062117194361295
0.8962917979440597,0.04313998188573347,0.040400599174552417,0.016103540238436593,0.004064080757218033
0.8601394619679609,0.06633928801186652,0.04835077165973647,0.0187447726968289,0.006425705663607251
0.9340602300772874,0.032869034995293096,0.02167779348809436,0.008279046814193834,0.003113894625131247
0.9096093446079064,0.05383489362156238,0.020482543653021445,0.01219607411742707,0.003877144000082662
0.9459294619841495,0.027894894672007908,0.015237764680650873,0.008478181410314516,0.002459697252877168
0.8686395021189152,0.0700463529523889,0.03995253217745049,0.017250338391403518,0.004111274359842025
0.9266126089879648,0.031140765152563303,0.0258778287765923,0.01365000546829836,0.0027187916145811303
0.8677814945357176,0.057008781078133335,0.05793695985969078,0.01239599476295846,0.004876769763500019
0.7907350327600687,0.09802085183065341,0.06382512981846038,0.035198896558953245,0.01222008903186449
0.8502735943778886,0.045838402239555424,0.0796780477497028,0.01742048331712323,0.0067894723157299495
0.936694005437815,0.02164495746801408,0.02847910699823877,0.009660125720739416,0.003521804375192777
0.8733634151709546,0.07021156708010202,0.04102521719633783,0.011401571190594912,0.003998229362010365
0.8944657450542479,0.06218984053172192,0.026070257778935336,0.012305949853777103,0.004968206781317598
0.894747183877648,0.04476247580091938,0.01308893432376464,0.015289002976541897,0.03211240302112638
0.9318398646065562,0.03396816165028964,0.02271768434812069,0.008222461972245005,0.0032518274227884853
0.9268836467828381,0.030982826066059087,0.02860977330702038,0.009674952763111684,0.0038488010809707342
0.8021910517365628,0.10814340284337666,0.05953888082143277,0.02255144099387675,0.007575223604751056
0.8854463916576318,0.037651576056264006,0.05200069522207443,0.018503396440709145,0.006397940623320501
0.9454115832825376,0.026089308050126492,0.014717652104606191,0.00873187660207611,0.005049579960653504
0.9276739947823555,0.033829874112597136,0.020321958753457957,0.011151570756731378,0.007022601594858284
0.945813538216811,0.03114075154183291,0.01066283812824996,0.0076320426886447735,0.004750829424461329
0.9113399813264309,0.05117583633639141,0.0179948419672465,0.014939887624549016,0.004549452745382158
0.9000741787156856,0.05492432816178841,0.026971042452072706,0.013120765327467592,0.004909685342985812
0.88322675897849,0.02810929894447767,0.046892138475350814,0.018277882844501603,0.023493920757179862
0.8877738004656544,0.05376575916411848,0.02792036445522737,0.015033916388163048,0.015506159526836592
0.9414204628862943,0.020558858789105402,0.022157392272912156,0.01164902402590907,0.004214262025778738
0.8687014432658756,0.060644174147274556,0.043046503930577365,0.02126293449080221,0.006344944165470221
0.7898562563716263,0.09529776087563419,0.07809747912860147,0.02831376044602161,0.008434743178116605
0.9223935402893064,0.026680814548938697,0.03929075715004773,0.008625066431224638,0.0030098215804825476
0.8755765959259224,0.039268617912034905,0.057277225417619766,0.022398338382434012,0.005479222361989066
0.9169776507324925,0.019208862921734047,0.04817111313083653,0.01213400911138893,0.003508364103548019
0.9082151092859275,0.05558917944303141,0.018813541720956648,0.013481461878750954,0.0039007076713336716
0.916643075254336,0.035871524835288486,0.03117101977372525,0.012306825936147379,0.004007554200503088
0.9110742015208453,0.04422111618931257,0.026958132184648542,0.013769634563956887,0.0039769155412368445
0.7666895241024866,0.08092794189623088,0.08540566004033602,0.033821630024517456,0.033155243936429074
0.9091414252464711,0.036053709039832134,0.0227499413888342,0.016117360418916014,0.015937563905946545
0.822551411648154,0.06098979708611197,0.0701824748614428,0.03479784175077507,0.011478474653515832
0.7307631067261312,0.1344327907381613,0.08645176349808277,0.03812686682619899,0.010225472211425854
0.8708128993928322,0.05238083545296739,0.048794916758464625,0.022498080624305573,0.005513267771430182
0.9127208915587776,0.039339418063617765,0.027513320430322574,0.015132582441429275,0.005293787505852585
0.7176120395137099,0.18869129216557368,0.0643252828086154,0.022133435549091727,0.00723794996300932
0.8446004619614793,0.06779579937915059,0.0624832564724895,0.01873801758355115,0.006382464603329264
0.8478592982327883,0.05349483253209124,0.06785234820105049,0.022808556451017672,0.007984964583052041
0.6853431638890176,0.07470431450210122,0.16593512085851048,0.06050252464712737,0.013514876103243343
0.9459571327249682,0.027229764020500216,0.013060017703160754,0.009394450448980221,0.0043586351023906095
0.9401574952493565,0.01886931236589206,0.016590920327918805,0.010469483368259565,0.013912788688573199
0.8832515082621488,0.05105783505821013,0.0350538634425466,0.021866853733337428,0.008769939503757264
0.9077671549098967,0.04098221168432778,0.029047068614829075,0.014707994772691827,0.007495570018254709
0.9264488617492618,0.036047588670636725,0.019182866047100174,0.012653604720559262,0.005667078812442
0.9306833748908234,0.02883002555836678,0.025972021887107097,0.011696493733860164,0.0028180839298422287
0.9109607182180753,0.04460159527931918,0.025907103992762665,0.013516347673083122,0.005014234836759844
0.9172135476236928,0.025912738526741443,0.03912561709630714,0.013393248097497939,0.004354848655760769
0.9066308375610785,0.03204537444650691,0.04468972298297757,0.011665719561185447,0.004968345448251529
0.9241442542755155,0.03645948911356465,0.022528823346012968,0.012464566428643806,0.004402866836262944
0.8915600362546784,0.05571728392756095,0.03792880995758644,0.011343967019770989,0.003449902840403155
0.9000119933205866,0.050450076180644746,0.03515914985302091,0.010750185250808767,0.0036285953949390572
0.9102056244259208,0.038853236642683676,0.0324777748316211,0.014797660347595517,0.003665703752179266
0.8581350505007551,0.05338088808274393,0.0647860208781421,0.018767910021922435,0.004930130516436335
0.8453813906267534,0.050573169724727834,0.07543912130055712,0.021868635156878806,0.006737683191082883
0.8821384234155096,0.047887375904438624,0.047101754890730346,0.016324113122287136,0.006548332667034314
0.7877858297008069,0.07804068953565117,0.09423997577198345,0.030976770813658985,0.008956734177899526
0.7385687412126082,0.08483603964743497,0.10871629100527196,0.05802460588537044,0.009854322249314564
0.9214930274360718,0.026837688500551925,0.03727060353946968,0.011159317611795096,0.003239362912111489
0.8630928206344174,0.05552476755084524,0.05690002215628674,0.018406765331962584,0.006075624326488138
0.8045059661996263,0.030359861138293517,0.11016990398059487,0.04560758817941693,0.009356680502068304
0.7698707486798606,0.10809222496620548,0.06957094276966705,0.03634357382837578,0.016122509755891114
0.8343836976215454,0.047688097385973446,0.08578442534001218,0.025228986634951593,0.006914793017517477
0.8928807178586522,0.02565382660950267,0.056471283699239865,0.01885752701650647,0.006136644816098829
0.8148236475089421,0.06340764880575808,0.08779225040938177,0.027256936965489347,0.006719516310428456
0.7799307934427896,0.0924298456251934,0.07866837051391422,0.038665736836359994,0.010305253581742899
0.8494008217468704,0.038149361930183735,0.07763823704383561,0.02711762736741494,0.007693951911695495
0.7181446937912987,0.0849500419862638,0.13987182585281246,0.04331373918346271,0.013719699186162183
0.8725573631946062,0.04565244237215957,0.05655402465740511,0.01932987296606633,0.005906296809762624
0.8939996208435557,0.043533756726814664,0.04331677502342889,0.014080450087288436,0.005069397318912397
0.774591180498561,0.1066186455173292,0.06894860638050526,0.037718573394855896,0.01212299420874884
