Delta_Power,Theta_Power,Alpha_Power,Beta_Power,Gamma_Power
0.824055150509201,0.05765325924091915,0.05508150596708007,0.042623832795196444,0.020586251487603253
0.9109914259273629,0.041400595595328764,0.023206107690782116,0.015187104532779125,0.009214766253746894
0.9427703936929543,0.02503241719194082,0.013513317895302877,0.013327647209817328,0.005356224009984399
0.8985414427268841,0.04258856193279967,0.024524327113586982,0.02831615003051398,0.006029518196215501
0.8388211133348332,0.06076263827227652,0.053489599765330555,0.03265389637748559,0.014272752250074317
0.9323973174242899,0.01659312163433633,0.030278270203336198,0.015270547367625665,0.005460743370411829
0.8603655768908602,0.05915809468864067,0.04359476057687145,0.027154873958176517,0.009726693885451533
0.9442424966104829,0.020390108485431276,0.019878327850959894,0.010995435085224619,0.004493631967901491
0.9034791445920722,0.03013135022791131,0.031196849507827588,0.02531181381329334,0.009880841858895366
0.7691867832923422,0.08725520900507705,0.06980129855570424,0.05297458358338715,0.02078212556348944
0.8188779789118579,0.11669005013454936,0.024789135335492533,0.024756485015933197,0.014886350602167133
0.8414537867824935,0.033955088814797425,0.07701487586097575,0.03311648179141901,0.014459766750314377
0.8842657910939831,0.033706399112609677,0.05239227338525353,0.020888402295310294,0.008747134112843596
0.9215756695607632,0.02994899813129476,0.02632963554662427,0.01641958746616499,0.005726109295152644
0.9129984685105919,0.04613930744585275,0.021252916966572232,0.012254623840817857,0.007354683236165186
0.774138577689939,0.09067508670316532,0.07906343037905975,0.036440225653092,0.019682679574743733
0.845095127609331,0.061636475134887236,0.045904118935709844,0.0329494378022263,0.01441484051784562
0.9030922098784149,0.06383888585668993,0.014693028026324429,0.01127170418883918,0.007104172049731391
0.952158421503417,0.025545226999754856,0.010805202218605144,0.007969602741455226,0.0035215465367678927
0.8899607229468122,0.06024585788435925,0.02722906382608208,0.014730467284493166,0.007833888058253236
0.8266369962494642,0.0795478554009454,0.03938725750345353,0.03942334523311536,0.015004545613021504
0.8556894076566921,0.044746246893128734,0.033663056896960246,0.040240966661696714,0.02566032189152224
0.7304415449629562,0.15287279999704223,0.04369868984873471,0.05196816909704031,0.021018796094226286
0.8062209362186438,0.12245424239765894,0.03320477926977177,0.024833644217939356,0.013286397895986233
0.9535940803436744,0.025340722076723023,0.008458497428107963,0.008070897759872114,0.004535802391622451
0.8725994109373557,0.08494355454014697,0.0199513516305049,0.01625555056573874,0.006250132326253664
0.9153690804605535,0.029023634679780055,0.03210641056010917,0.017527818616866756,0.005973055682690467
0.9287621929431669,0.026898773602456006,0.028812863796120466,0.01157541047000628,0.003950759188250312
0.888488163267291,0.05305378809341258,0.03423540337478741,0.017779804518019252,0.0064428407464899
0.7310648243602801,0.07623587521693678,0.12642749818393906,0.04462213440339197,0.021649667835451997
0.9176709779563352,0.031586445589506025,0.029282022359781737,0.014399421428177102,0.007061132666199954
0.8374358809945383,0.05356485364380581,0.06476842156199324,0.03080805704455564,0.013422786755106922
0.907044207371034,0.028797847577547265,0.04247529657944295,0.015166009389621656,0.0065166390823540605
0.9168993908030784,0.024873110019573846,0.026553400853962288,0.01629513905918806,0.015378959264197528
0.8262929766788295,0.08535915977772206,0.04001762203151459,0.032417737364666056,0.015912504147267817
0.9016395646812313,0.05385014133535185,0.015804784167504436,0.019614562840016638,0.009090946975895553
0.9419921333296493,0.036330145886213694,0.0071221190185761386,0.010707482195520883,0.00384811957004012
0.921088922020071,0.04134566973818647,0.012036427401063289,0.017816153378224647,0.00771282746245445
0.9342853889153363,0.0440557045315368,0.008462031449857688,0.008292966057962084,0.004903909045307082
0.9208543071290358,0.04040105852946858,0.01428480265908324,0.016286521366278502,0.008173310316133645
0.9527435210799772,0.01642596430472036,0.015674274929235076,0.010484538348720995,0.00467170133734609
0.8749528770466551,0.05742995358940827,0.03482238844052507,0.02513355971457823,0.007661221208833495
0.8317043725831372,0.04124737238482433,0.08935666425941759,0.026782538181328915,0.010909052591291896
0.8185515829325568,0.08857582948815625,0.05698783017527444,0.024656950145090034,0.011227807258922542
0.9179587555764458,0.033911952247186336,0.028205223592621058,0.014714697273892878,0.005209371309853921
0.9274641414357624,0.034069802895495105,0.02353683179453462,0.010742147968906128,0.004187075905301569
0.7977956338799173,0.08323394419998818,0.06828480208668498,0.035739568980828224,0.014946050852581492
0.8741015040113286,0.05718886678697738,0.0406550957429708,0.02158787672744506,0.006466656731278233
0.9126124298964777,0.04118328466335433,0.024830526718494658,0.015912877483986395,0.005460881237686867
0.9038315654186803,0.03628056839409148,0.032903769393708024,0.020558099488667297,0.006425997304852845
0.8965007740428365,0.03333203939001638,0.04376418884027605,0.019233955437173333,0.007169042289697631
0.9282768682851269,0.03318596995518444,0.022055256565377972,0.011255540951578616,0.005226364242732081
0.944746928138255,0.021346252968393566,0.012911054737633619,0.014074149545271253,0.006921614610446799
0.9365168890015939,0.02788530112858254,0.010935999031978248,0.016892721374871834,0.007769089462973533
0.9448148148866407,0.026233176338212108,0.015517283113007449,0.00978817907281394,0.003646546589325759
0.9324821976667428,0.024946544571168367,0.02460270144111094,0.012927919313176293,0.0050406370078014675
0.8837527454154056,0.052007713078501015,0.03952385571550026,0.017606906366254577,0.007108779424338332
0.8289752340856926,0.06937632752145782,0.061887083001343025,0.030706573963085026,0.009054781428421498
0.676112835840491,0.18431137225995448,0.08147350227042778,0.038643787146353296,0.01945850248277342
0.8486273354694421,0.06578602298288856,0.043768387307444985,0.030892161066136025,0.010926093174088325
0.9105527775314067,0.029164320006778148,0.03215157649550524,0.02032226764434797,0.007809058321961913
0.90737967534425,0.038927900652092874,0.03400732469521934,0.014849235568152949,0.004835863740284412
0.8604836621713535,0.059387767353943334,0.04429462377219636,0.024112778817871456,0.011721167884635663
0.8103986075420776,0.09099262662704471,0.055344633103212415,0.0282542081206139,0.015009924607051308
0.9290762176648343,0.04432967672647663,0.010494166511528985,0.011310636520007512,0.004789302577152712
0.9233756441233436,0.03631446685007033,0.02028444910875604,0.013143469972832283,0.006881969944997825
0.9217602887809697,0.025538199421746427,0.028358372403332558,0.017667787538500176,0.006675351855451164
0.870853940980508,0.037415601128657605,0.06232552240298143,0.020763792437902825,0.008641143049950187
0.8606629032962073,0.06544371217992209,0.04158092861570182,0.024613117093064917,0.0076993388151040225
0.8813463523533108,0.04454133355754933,0.034521035243399736,0.02868366926857974,0.010907609577160407
0.9194283132213652,0.03536134694793696,0.021037262270998277,0.016910390591945847,0.007262686967753578
0.8061404509367337,0.07891479251751624,0.05901375712093396,0.041601857523817544,0.014329141900998451
0.8069120042734719,0.059313636053905834,0.06302458782625477,0.05124478074502021,0.0195049911013472
0.9098641518466004,0.04011538790244881,0.02795336975111019,0.014873136446388418,0.007193954053452109
0.9172947517608744,0.030664670380767457,0.03204892179830716,0.013436723462129827,0.00655493259792123
0.9217718275870295,0.03246962835187141,0.025850233367156913,0.013935397767700981,0.005972912926241226
0.788542485133526,0.08399648959910998,0.07750538977849998,0.03752453168761005,0.012431103801253842
0.7871916004755215,0.12573887310638787,0.03994545248665955,0.0305846518324433,0.01653942209898774
0.7763427770795707,0.11529829152238559,0.06265540916042917,0.03206908945968336,0.013634432777931355
0.8057336558157705,0.09471666532384629,0.058546150276005196,0.029880848675150194,0.011122679909227749
0.9284446408562921,0.022269846328919186,0.023360525286984346,0.017108126410238386,0.008816861117565869
0.8936823522900988,0.05871479105666593,0.019093140794693354,0.019404573397665797,0.009105142460875886
0.8202958035450338,0.08436000951696049,0.03641180719194945,0.03942287213768744,0.019509507608368698
0.8674492247085069,0.07315991269088976,0.023278989047020585,0.02398517711939895,0.012126696434183766
0.8021244667871196,0.11367424527062885,0.0369325275930006,0.03181670396330543,0.01545205638594549
0.8893923913590482,0.05556625235092165,0.02285641689156672,0.020808318201908694,0.011376621196554722
0.85833125439017,0.05774319939618251,0.03233242325232198,0.03346472725354772,0.01812839570777781
0.8151192600715415,0.08593710774568092,0.04443386670919591,0.04035739873178487,0.014152366741796873
0.841705200536106,0.08386328055406082,0.03638265684183617,0.028236572281139197,0.009812289786857808
0.8867424259864597,0.0642619285579141,0.022401965938650334,0.020027037857537133,0.00656664165943868
0.8862669401198858,0.04276388830270588,0.0402298223326347,0.02363298350657114,0.007106365738202273
0.8602474867049489,0.059721602490056126,0.05331401860612143,0.019068728092136653,0.007648164106736815
0.9615302757576469,0.016746839176064753,0.01151731290750268,0.007511885188604632,0.0026936869701808582
0.8429803215536268,0.07129464224119793,0.04964985513017428,0.029144743343324193,0.0069304377316767906
0.9448140532258991,0.02483803864616602,0.016420697226089968,0.0105088568574462,0.00341835404439892
0.9288637126718987,0.04105639418104713,0.015193452303737403,0.011145239261158362,0.0037412015821582808
0.9023145462704879,0.0590126240539421,0.017827818635608107,0.015032389067588749,0.005812621972373605
0.9575467500164284,0.024558595395236974,0.009715390310172234,0.005981135795209511,0.0021981284829527548
0.8891381816610636,0.04894240738507073,0.028639794603428446,0.02494947257893841,0.008330143771498587
0.8642311918003366,0.08042011912464878,0.027245701696562197,0.017888069616270014,0.01021491776218231
0.9323611281677817,0.02699796238730809,0.01853883971089585,0.01105793283639341,0.011044136897620776
0.9104285716673306,0.05545423198288119,0.017901755458171593,0.012627513528786393,0.0035879273628299196
0.930192990794577,0.023211434855382917,0.029294649244045005,0.013934928223361641,0.0033659968826334455
0.8811111233269309,0.06239457422690717,0.03357716511305075,0.018618665999458585,0.004298471333652545
0.860126416406795,0.07088085813748624,0.03671965969951949,0.026096453476247936,0.006176612279951541
0.8676835968370761,0.05857044998998654,0.03795731721615087,0.028895471372984628,0.006893164583801727
0.9425340357733917,0.023159504007645004,0.022669146120404438,0.008173239765817106,0.0034640743327419756
0.9110429116175426,0.0323771653228178,0.03529886785449739,0.016286191454758733,0.004994863750383408
0.8845274521374399,0.05725458107672866,0.03797421066286738,0.01459096159780133,0.005652794525162779
0.9599176361657465,0.022802618379607707,0.00946318632604249,0.0057168099674127035,0.0020997491611903984
0.9110549805136631,0.03990385135654082,0.03584521474154379,0.009962119483403973,0.0032338339048483345
0.8692089493159932,0.06137535432825274,0.048870856786490176,0.01617423757803183,0.004370601991232069
0.9233753465677802,0.03695010712997075,0.02323646168380855,0.013472793167007996,0.0029652914514326947
0.9702861281738646,0.012008822696040667,0.010525761822654712,0.005502471245931636,0.001676816061508295
0.9544459852323913,0.021228301474873684,0.011365602274446968,0.010487283779998472,0.002472827238289482
0.8697583398716009,0.05729772242983718,0.03755198357033189,0.027447057264926168,0.00794489686330364
0.9106215735863545,0.02285712234813233,0.04592752375435544,0.01616497535518183,0.004428804955975782
0.8929707298457582,0.05661885459774496,0.03175175259191286,0.014008160607088297,0.004650502357495518
0.9270394823664124,0.04172615436573591,0.022385980999908368,0.006607941966586076,0.002240440301357313
0.927422253608264,0.022773241257884966,0.03318126469915297,0.012725042577468502,0.0038981978572295217
0.9219990423419895,0.03946610095876963,0.023411714229202716,0.012159415738772814,0.0029637267312654482
0.904212382309206,0.04192033370179381,0.03126281337019728,0.01677644306617003,0.005828027552632908
0.8727343419651711,0.06833250016670998,0.02832511293116521,0.01931324898274424,0.011294795954209477
0.9091205116513864,0.050510688244097414,0.017770138926635943,0.017016950267035976,0.005581710910844041
0.9193964554892158,0.0397063893024751,0.018959235659687403,0.017762584796583967,0.004175334752037614
0.856630673677753,0.07199862418222121,0.042263965597214556,0.02185589523637104,0.007250841306440042
0.9447535013737318,0.020752392680727604,0.02177843395473481,0.009673986743829105,0.0030416852469768896
0.7895458776151524,0.09465653710897588,0.06779938990779279,0.03775180595886234,0.010246389409216475
0.8997895146538601,0.056166930559259476,0.026773491478279555,0.013203412075737556,0.004066651232863238
0.7323058068226752,0.1122346893571421,0.08767744071548901,0.050039971096098916,0.017742092008594588
0.8603926915183694,0.07146688323416665,0.03605359400395082,0.02353212695544757,0.008554704288065509
0.8382761434905031,0.06533712429036159,0.05960433954438009,0.02917116821478617,0.0076112244599693835
0.8577863238598734,0.07125174357176184,0.049498731286464065,0.016734560744215657,0.004728640537685023
0.8734697577918388,0.07014557341608785,0.03139298691704593,0.018355012591976957,0.006636669283050476
0.8744776287550081,0.07225819662809424,0.033667157282639956,0.01427281161644037,0.005324205717817298
0.9353562776410946,0.03112208171707776,0.0214631292937259,0.00922917561382312,0.002829335734278709
0.8781555378947278,0.04963371976532734,0.042622092500759046,0.022171594960327015,0.007417054878858663
0.9307234176363371,0.034125032354008995,0.0195844826156823,0.012296995420666786,0.0032700719733047704
0.964376825036618,0.013968287071281957,0.014121814248845526,0.0058233072220369286,0.001709766421217538
0.9338760735092791,0.019894883729525286,0.028785181139110747,0.013786972582015024,0.0036568890400696845
0.9430735037019976,0.029583199224691176,0.0170933327606142,0.007670506455761204,0.0025794578569357097
0.9119677957737222,0.0412573249305707,0.03038994015586829,0.012426397702446874,0.003958541437391899
0.8870501479990436,0.04897622322791977,0.04040198415555506,0.017801231341639568,0.00577041327584209
0.873462159528111,0.06706072662034408,0.034145468562044375,0.01913168880875836,0.006199956480742097
0.9386773641490787,0.023941127798931445,0.023731748551891876,0.009844707694129875,0.0038050518059683154
0.8320419882636882,0.04608220340442776,0.07920713836509657,0.03207972075757271,0.010588949209214648
0.7844826976425786,0.0858223614658079,0.07978260465657322,0.039360851137905294,0.010551485097134885
0.8275054359229272,0.09717771396650728,0.04620224444737607,0.022669766202820928,0.006444839460368591
0.8932006486562892,0.0548661825068933,0.027763378623273802,0.018653809102122578,0.005515981111421117
0.9663344567462343,0.012001587895040943,0.012749178713011443,0.006559143502886863,0.0023556331428264384
0.8876924864599504,0.06072825673283852,0.03276589143305105,0.01473736082530603,0.004076004548853992
0.8826796086558786,0.059530218654252634,0.031684713909726145,0.019558225719404524,0.006547233060738055
0.9263737638489427,0.03211769078022696,0.024111490964690604,0.013123245249485466,0.004273809156654307
0.8969715521160591,0.04775531226191985,0.025582622132771855,0.0191669731025365,0.01052354038671262
0.7889796940106253,0.13669679874580712,0.032015230323708344,0.03306027950742219,0.009247997412437006
0.902927115345455,0.06135669476856544,0.022435395641476234,0.009883503748823916,0.003397290495679315
0.8812685497210744,0.08119758710538688,0.021437135703774726,0.012598826111151951,0.0034979013586122296
0.8988995913377791,0.06043315052254189,0.026324032516635964,0.011582058236546514,0.002761167386496642
0.9253599658878233,0.02215207171936071,0.03776584422278949,0.011656618614139651,0.0030654995558871715
0.8911358718903444,0.035224788714538616,0.04540111357019528,0.022081346347827355,0.0061568794770941945
0.946726111504934,0.024773623189740437,0.016598957181670343,0.008714521721777281,0.0031867864018779945
0.9385025025023014,0.028624730580699413,0.019121379046002855,0.011383047065216485,0.0023683408057799163
0.9026858936179787,0.04076903115024101,0.03366518493274832,0.018278571456448636,0.004601318842583152
0.6733086789132472,0.10805513661279317,0.13823339492936862,0.06425721525011373,0.016145574294477216
0.9088804293535717,0.03813404818581709,0.035031236825386114,0.013771003587611177,0.004183282047613993
0.8386419421991665,0.06877788136553079,0.06847775704184925,0.0184093642004905,0.00569305519296286
0.9291448683042958,0.02974465133534981,0.02305360505433224,0.014898211829853463,0.003158663476168828
0.887998102569634,0.04593577142404655,0.04439529169423517,0.016991580635010287,0.004679253677073785
0.913393962743155,0.02896706385892049,0.039314462441549514,0.0129066976506724,0.005417813305702697
0.906170666594985,0.038239928350442404,0.03291265666594987,0.017411303212781424,0.005265445175841338
0.8310774076617232,0.10945391083198912,0.031875175887108614,0.020540204854011337,0.007053300765167784
0.93311274288328,0.027263649878820243,0.02081002142553304,0.013355930656590902,0.005457655155775595
0.8880674620569778,0.035437545430640885,0.04268444392709467,0.026239917208490955,0.007570631376795871
0.9151761904908835,0.043649691668384234,0.02074939822879342,0.014535580022435091,0.005889139589503838
0.9151397228769372,0.04156194233946427,0.019506092276691946,0.016160856095247263,0.0076313864116592444
0.8957846807407285,0.04941135974233941,0.021989069335465836,0.022083202620745507,0.010731687560720874
0.9263081632324064,0.04916564736748576,0.00972439791160068,0.011206291757172937,0.0035954997313339984
0.9115937532701759,0.053207932885892296,0.011914366411888741,0.016793584213491888,0.006490363218551174
0.8681159540724696,0.07960428551602793,0.02608994192625997,0.016929006973816482,0.009260811511426085
0.8377628044625288,0.09951637144484043,0.022158087058448732,0.025360070152850977,0.015202666881331027
0.8164573956070267,0.08498827654644665,0.049844714291781674,0.03400716611478253,0.014702447439962463
0.8542516959616694,0.08613713084422835,0.038421462073241396,0.015173493381584515,0.006016217739276308
0.9685218803127877,0.012742213669007211,0.009615216591928209,0.006779375854145251,0.002341313572131506
0.8396323295289472,0.07034768163202214,0.0428293897895431,0.0341033297140804,0.013087269335407142
0.9218525346843176,0.04318299906425847,0.018460059822239167,0.013172232418372471,0.003332174010812216
0.7835059559731606,0.12658209211028182,0.03915142952983773,0.03950218506436334,0.011258337322356688
0.7876819394521402,0.08352731919919482,0.06452851082463534,0.05039471637246427,0.01386751415156558
0.9371563511569302,0.026773030056831966,0.023289426342796942,0.009599212354894828,0.003181980088545992
0.7343951954526434,0.1354025379810313,0.08092681292058825,0.038603905985171404,0.010671547660565642
0.9009686739458979,0.05007692695999974,0.03208753700725742,0.012567789099067833,0.004299072987776997
0.9036299562837454,0.040572233173637104,0.0335388865990286,0.01734494349096632,0.004913980452622579
0.8082239656606555,0.08451276262071704,0.062005521793758595,0.032185623499750085,0.013072126425118864
0.9146916915741733,0.037498898735807334,0.022128664799565805,0.01827731149344768,0.007403433397005747
0.9292220253578737,0.036403723532405424,0.01445478953471803,0.01428868029767595,0.005630781277327121
0.9593858676410273,0.01328990633735088,0.013967460660368422,0.010210820712171699,0.0031459446490817882
0.8541816123442574,0.0693874734394389,0.05142692737491857,0.018846971294816186,0.0061570155465690704
0.9185030090400528,0.04534290456732719,0.015661024992887275,0.01444941148123763,0.006043649918494851
0.8876859983506404,0.057470840444266855,0.03230476633141188,0.017528100970442703,0.005010293903238154
0.9355980556532413,0.036927872388389314,0.014986567722416745,0.009361991880075,0.003125512355877484
0.9431914111776195,0.019317015927422142,0.018548293578075536,0.013038388943431485,0.005904890373451212
0.8793086817838546,0.05776669418944312,0.02259164866327563,0.0259897920452757,0.014343183318151084
0.897703302861207,0.05809491284313703,0.020247070779058806,0.016000292243845558,0.007954421272751245
0.9268130707558669,0.03467004648864338,0.02215607860841792,0.011043035960438298,0.0053177681866332155
0.9284890797858736,0.034941033101073125,0.020488129223187927,0.011858081552552354,0.00422367633731278
0.9499678871109075,0.02263256050332494,0.016254238193653417,0.008049867372540116,0.003095446819574158
0.8884794405926797,0.052883949894402135,0.03507133465010598,0.017400821045484315,0.006164453817327681
0.9060713326546406,0.04771909082063251,0.02692245764029866,0.012803093539842485,0.006484025344585852
0.7569172352995294,0.15144471725445502,0.04790680658771817,0.031170973971962647,0.012560266886334695
0.8876140924705908,0.05636002639961934,0.035127119736238964,0.015410444435152873,0.00548831695839811
0.8994241114251202,0.049691255263335364,0.02292234531441886,0.02033717967579888,0.007625108321326667
0.9157539200895699,0.04553581276698729,0.014924231372201956,0.017386407061471723,0.006399628709768993
0.9281898168354461,0.027435085158521926,0.021997053643338347,0.016475641598346823,0.0059024027643468
0.9002538971015235,0.06305058509552587,0.01780908421953291,0.013188586035520275,0.005697847547897507
0.8802690516326316,0.06186619375366253,0.026475283275325914,0.022183950360677912,0.00920552097770218
0.733198976939172,0.17155361484753645,0.058840649254254807,0.02495769388386364,0.011449065075173086
0.943874756686171,0.018619681581950664,0.01993432636864639,0.013368872956860744,0.004202362406371212
0.8936687855444877,0.03278498134700248,0.03547037764077034,0.028442909040199266,0.00963294642754015
0.9129682277148524,0.04387668768874047,0.024384933095813938,0.013779548134301876,0.0049906033662915125
0.8961812400364408,0.041627122198053694,0.03774608804946732,0.01735055993018897,0.007094989785849266
0.8810626636985502,0.06413640094681546,0.028792637657718653,0.01933245730021399,0.006675840396701535
0.8916532027164137,0.053319642453238676,0.030883474299708752,0.018456432433549403,0.0056872480970895705
0.9510061471484649,0.020314443478511697,0.01783537098360092,0.008158334318544331,0.0026857040708782166
0.9105887257496468,0.05526675148226661,0.015608141715322547,0.014358721217592029,0.00417765983517181
0.8836067755734491,0.053141973766865844,0.023494014136391714,0.028551639818923183,0.011205596704370178
0.8804021719622162,0.07429722684199228,0.017289256254544583,0.01973453148170958,0.008276813459537399
0.883620514890166,0.06353984462115103,0.016684980238497966,0.028218667017372575,0.007935993232812598
0.9620056989368974,0.02012083159332103,0.008141679377412041,0.006686996931848455,0.003044793160521054
0.9640883823030749,0.01959043562718506,0.006616804541220786,0.006984071570399965,0.0027203059581194563
0.9400573500095375,0.0281523835138576,0.01601430255583735,0.011708208891105977,0.004067755029661421
0.8992848490804422,0.03509134834215885,0.03616344541891192,0.021535325429364215,0.007925031729122853
0.8988463962880561,0.04346004117059652,0.026093608052670865,0.022059449023403187,0.009540505465273226
0.7409018201987227,0.15973713880036441,0.05317333140918138,0.03501437202800268,0.011173337563728666
0.9308291656288055,0.0386109226652565,0.012563784745169466,0.013833473424130126,0.004162653536638537
0.8713893323913717,0.08168061379276345,0.02606995602856951,0.013801807749717405,0.007058290037577899
0.9637778762740428,0.01418883006477129,0.010802443583483177,0.007256050322238317,0.003974799755464535
0.9464360144771115,0.029428740881791347,0.013307759292870903,0.007970837640304766,0.0028566477079217858
0.8234736073344092,0.09218963126302798,0.04532725571202539,0.030094472098942088,0.008915033591595444
0.9356285196527061,0.03025490984514746,0.014548691115854584,0.014830625077770346,0.004737254308521504
0.8423447845050909,0.10288050463520697,0.031167043313308277,0.01579600476653548,0.007811662779858328
0.9205575296673785,0.04437111742587345,0.018223002205624214,0.012063000310787967,0.004785350390336146
0.8460729829400355,0.058330049738458636,0.050609900534316334,0.03209013203488987,0.012896934752299607
0.8462347800576047,0.05859809546909627,0.04818621213162213,0.03268915455966226,0.014291757782014658
0.9551447359420542,0.02136150173036537,0.010683747855081274,0.009518634242390174,0.0032913802301090577
0.8262668475192481,0.0618509548891408,0.06539014033712941,0.032945161535428744,0.013546895719053103
0.8952569562449078,0.02594178049094422,0.034630600275515164,0.02895958864740671,0.015211074341226146
0.9389826221381238,0.02269186163497763,0.011473251539075198,0.017137290840397015,0.009714973847426134
0.9311084346148827,0.031124024085876587,0.009837842620422893,0.019998804993213604,0.007930893685604262
0.7718762634112741,0.13009999334798314,0.05065221883746967,0.034836940813056,0.012534583590217006
0.861628295856196,0.05055217811358921,0.04620710903873895,0.03157988493564406,0.010032532055831931
0.9150584182111965,0.043757000425264224,0.018223024282194134,0.017664118402610146,0.005297438678734842
0.9462904762244859,0.028930954890650118,0.011077587286337365,0.010059611675156586,0.003641369923370081
0.9027861079352042,0.043031558560149716,0.027068508280550508,0.019750149968211755,0.007363675255883628
0.8349439863534496,0.09753003567169927,0.03691512761747498,0.021833983258630674,0.008776867098745195
0.9070289470417842,0.043642129372987684,0.022847496842403732,0.019581178268556477,0.0069002484742679586
0.7562628020479221,0.16690775300507146,0.0391569490537031,0.0258635564992178,0.011808939394085687
0.9085954614464861,0.03615308594178406,0.03137581189673947,0.015656313409512974,0.008219327305477375
0.9532542709591358,0.017380593724100883,0.014063770763358692,0.01041594921734897,0.004885415336055234
0.9417609649672262,0.01921228973920892,0.020532626854933365,0.012940629284331448,0.005553489154299743
0.8862470562407302,0.04121775362013471,0.041631113286207874,0.022645710540556554,0.008258366312370563
0.9526152474850538,0.016166292375624048,0.019593773228218196,0.007707908526371921,0.003916778384731975
0.8487204181882705,0.06854751779423528,0.038295050376069256,0.03129378025107997,0.013143233390345066
0.8740737263218322,0.06650420207815017,0.024210884049790864,0.023116098732622516,0.012095088817604346
0.9179280252356625,0.04296628691367142,0.014774507747882878,0.01760099665611543,0.006730183446667804
0.8266379368143725,0.08823026512905299,0.04660920558637514,0.02542430862918769,0.01309828384101168
0.9119791789793924,0.050201840538199274,0.019348103495037888,0.01313045195111722,0.005340425036253427
0.917094106060385,0.05168786200941719,0.012143427240671563,0.01297354742914902,0.006101057260377228
0.9224054776382566,0.03378388575564947,0.017441486611069305,0.019444573360340306,0.0069245766346843415
0.8538312405943171,0.05786196499864392,0.05161219977051032,0.027156298449733423,0.009538296186795196
0.9119384501560601,0.02223339439077821,0.03519351719607784,0.022228646751716003,0.008405991505367699
0.9500970394177215,0.022100505898935724,0.014677852168674073,0.010283859822038471,0.0028407426926301453
0.9236169664057242,0.037842106264438256,0.01783779535940106,0.014736688513302593,0.005966443457133949
0.9080950367876139,0.05115205098847793,0.024857316213896984,0.012032252299823512,0.0038633437101877
0.93747624936036,0.031280750690765996,0.013397410330685674,0.012806144514785994,0.005039445103402383
0.89397032418084,0.04438893110291446,0.03244435856056673,0.02146580438339428,0.007730581772284435
0.9107936362237536,0.050528046383857786,0.015872134800740668,0.017435581704012392,0.0053706008876355455
0.9223169930942298,0.040117022442600486,0.013619128279480178,0.018285100475072914,0.005661755708616545
0.902585223213231,0.04505760905349595,0.028373194476864348,0.018371157894038016,0.005612815362370731
0.8555579458210052,0.05440813018438885,0.039607264529170946,0.03864575246779732,0.011780906997637706
0.886199110352053,0.05283991455743064,0.03389862199589218,0.020028345922987183,0.007034007171636892
0.860088121348107,0.07333129248329304,0.027271227554870082,0.029573816147156422,0.009735542466573408
0.9451511634755898,0.031835768792891066,0.009933845889051312,0.009480907343093233,0.0035983144993747235
0.8620828543887968,0.05254008856045833,0.03702495925690504,0.03590928707024808,0.01244281072359156
0.8305347594860831,0.1060882216210554,0.02322467162752102,0.02851346542555879,0.01163888183978143
0.9417553476465597,0.02709804794599242,0.013556852890781849,0.012522228944141886,0.005067522572523996
0.930600982609049,0.03158253692022857,0.019448191952436772,0.013230028769283891,0.005138259749001708
0.9257619570674773,0.02811271541267655,0.02248002656024026,0.01525953701246639,0.008385763947139364
0.8565309273320527,0.07480521667828688,0.033429531811030394,0.023944840095094167,0.011289484083535835
0.9298101724365427,0.027079218500931364,0.0239897514217582,0.014009321481282385,0.005111536159485357
0.8829886334273565,0.04891367023745789,0.035408116940793516,0.0231103373774591,0.009579242016933151
0.7916501251288725,0.1135625092411999,0.044616898100888105,0.035560583089092886,0.014609884439946893
0.9351395866409746,0.03078806919877307,0.012379825797985675,0.016281772675004826,0.005410745687261863
0.8003113254374963,0.1063234275113056,0.0528037484196083,0.030042119179249923,0.010519379452339763
0.9323202487647124,0.023615534668608048,0.024394417504760034,0.013610534760004674,0.006059264301914987
0.8505339489875363,0.07250159598465393,0.029839604548087675,0.03278724253862036,0.014337607941101673
0.9408628820646256,0.03210437582676207,0.012848081354158436,0.011211479176854245,0.0029731815775998244
0.8624868943465809,0.06605537554666448,0.030654726351257874,0.02974426246757511,0.011058741287921565
0.910219484532444,0.04350685594655147,0.022635147532549412,0.01684836898425508,0.006790143004200261
0.7679792219931485,0.08540102711169874,0.076804211229435,0.04670946300258216,0.023106076663135546
0.8044539072091789,0.08723834300060235,0.04852603430050177,0.04321983432323223,0.016561881166484497
0.9145119218260567,0.03710610984975305,0.02207009782805396,0.0191268678627971,0.007185002633339122
0.9170498367309673,0.04724371957788301,0.01845132997466146,0.012378611550270278,0.0048765021662176364
0.9351582675083352,0.020054782743199377,0.02161988269000334,0.01751892118149743,0.005648145876964691
0.8962694539645447,0.04761060031187878,0.026723709347217253,0.021351838195076817,0.008044398181282594
0.9279845358546306,0.03468869374434565,0.021554488525075067,0.010897614712105885,0.0048746671638426305
0.9298429677945024,0.02004665691348276,0.02730574397338409,0.015867594078557052,0.00693703724007376
0.8637483680675094,0.06679038247506393,0.033463081138892445,0.025937474378624138,0.010060693939909998
0.871849400049915,0.06799666229966403,0.03056967849180766,0.02115934017700811,0.008424918981605094
0.87809302010501,0.0640669463654528,0.031758063390675634,0.017521381123863713,0.008560589014997686
0.9578632193165616,0.021374584973679,0.008746186729893444,0.00921392496541799,0.0028020840144478416
0.9159166257811548,0.02721706811416253,0.026726351763794495,0.021327552568676512,0.008812401772211311
0.8530905429223485,0.06536806599203442,0.040283798395881754,0.029200213568657835,0.012057379121077776
0.8152131546386772,0.10848765658340236,0.03239919601862491,0.030248230406252314,0.013651762353043273
0.8930786699354419,0.04253937589781557,0.031410773329713704,0.023168253534595992,0.00980292730243322
0.8937740645975885,0.056976505574977535,0.020003263609364778,0.02010747102675915,0.009138695191310223
0.9233185471781546,0.04727019566796163,0.013422553278219737,0.011748285502401364,0.004240418373262615
0.8525272992376188,0.055027994454641016,0.031687508386612336,0.046323359060829385,0.014433838860298498
0.8346683962073573,0.0868393521720392,0.03344449448241638,0.03564935014639096,0.009398406991796138
0.9334616186975327,0.03027524263596258,0.01897569208563254,0.013233536404754586,0.004053910176117491
0.8846452282653238,0.07984750574303892,0.017023886308112402,0.01311346324465956,0.005369916438865604
0.7791446787641506,0.11933419879872385,0.04727219968101725,0.04090331710744218,0.01334560564866595
0.8721404172510178,0.07377022628070784,0.02536272515806546,0.020568804947393358,0.00815782636281561
0.874277161839176,0.05270320759024017,0.025033441702918904,0.0360952769830596,0.011890911884605507
0.8656029111819152,0.07223200520084558,0.029645720132158965,0.024531922774348024,0.007987440710732208
0.7568377554321313,0.11667880105413392,0.04648366146293789,0.062061527456857495,0.01793825459393907
0.8765775147314755,0.06663394393280969,0.023309139691287117,0.025485045021057123,0.007994356623370507
0.8510443412352029,0.08242918215132172,0.02380486280500691,0.031802741470365284,0.010918872338103031
0.8218138395437896,0.09488713759375098,0.03145787326074304,0.036291568403807796,0.01554958119790841
0.8736939370175699,0.04424224851480534,0.030934521337373105,0.034471710002040724,0.016657583128211008
0.882753147430558,0.056830193522077736,0.027824438237390156,0.021567579911424366,0.011024640898549843
0.7419701248697959,0.14954636715629652,0.04503397810449559,0.044807396050184106,0.018642133819228024
0.9200829075033361,0.02598276530422991,0.02218344936184702,0.021744609694342776,0.010006268136244254
0.8123120763839918,0.09597125594587692,0.04667426377592718,0.03373922458985636,0.011303179304347643
0.9437610718987522,0.03335096255084912,0.008809490073155153,0.010324163886110271,0.0037543115911331765
0.9313675168074593,0.031987680656752907,0.021594426522550555,0.01126605168305919,0.0037843243301781647
0.7488026742498658,0.1468055570526464,0.0567606635462385,0.036184488935679604,0.011446616215569656
0.8516511782160683,0.05298673746574103,0.05270802524448209,0.03291823111066622,0.009735827963042462
0.8212722360449173,0.08274399385544935,0.05006964730540966,0.030832301311374252,0.01508182148284947
0.8835703404003793,0.06704756018567855,0.018307609434063874,0.023710296125761282,0.007364193854117012
0.9216833251418678,0.034257886186796684,0.022893691734261125,0.015739736192457762,0.005425360744616764
0.7312894410492964,0.11294688460626652,0.08072894395851539,0.05826307461495555,0.01677165577096631
0.8626883557830589,0.0684418664579876,0.028306292339850953,0.02920912720768711,0.011354358211415441
0.9412625085652784,0.03292600527803466,0.011149679179354067,0.011856124496522881,0.0028056824808101715
0.8657162833228071,0.06999037436649883,0.033313831489535865,0.025607959518834305,0.005371551302324028
0.9023252575651188,0.04515904092065139,0.02849437791788045,0.01756149070325404,0.006459832893095226
0.8855449640277013,0.06469118787078734,0.025446705788957382,0.01721624712980649,0.007100895182747732
0.8212270090287327,0.06666399743383951,0.06446352860993998,0.036564199468175775,0.011081265459312031
0.9257855765674036,0.04298445596500682,0.015608756688537034,0.011852445691756159,0.0037687650872965973
0.9364764114179613,0.03121915080207854,0.016753010469876036,0.011638012235769808,0.003913415074314227
0.9292443658281714,0.029157416782641218,0.021570740805769352,0.014351467263283985,0.005676009320133959
0.8674178702884967,0.08244391220487517,0.03009700912015426,0.014078638936856845,0.005962569449617259
0.8515603661762492,0.07538243454974096,0.04361593322111906,0.01996211030559609,0.00947915574729478
0.9345493908266508,0.0337005985178918,0.01495247399160328,0.010947169279045838,0.005850367384808196
0.8860128818807735,0.06989658545600277,0.02572637814886275,0.014312831733210692,0.004051322781150219
0.9229086513270846,0.037872969158653576,0.019600024827530437,0.01368393742333723,0.0059344172633941355
0.8471111488329256,0.08595389061999331,0.036098598712751784,0.020412577521770472,0.01042378431255883
0.695724669805947,0.13415874509049197,0.08780237029502717,0.0582635211347343,0.024050693673799618
0.6858336237097784,0.20169520381651182,0.05557597775367323,0.040216904910732015,0.016678289809304345
0.8870956253275754,0.06224604428215897,0.03003812880384691,0.015269971300189939,0.005350230286228831
0.9289804871670381,0.03941559375905784,0.015922989406774623,0.011657050644600523,0.004023879022529041
0.86132718959705,0.03281866096116661,0.05786976193872844,0.03380874064361296,0.014175646859441922
0.9065507907057364,0.03232727626831046,0.03502896627610568,0.019352792412531614,0.006740174337315464
0.8966613183808404,0.05005983751056378,0.02790502779257251,0.019591978861677496,0.005781837454345927
0.9284154812226315,0.0464352980981687,0.008903478341859066,0.012221490629367643,0.00402425170797328
0.8254845380274898,0.06781874589709463,0.05057883149195441,0.041924200809661985,0.01419368377379917
0.814137845769883,0.06603200481942718,0.042342144278203715,0.05802657687008566,0.019461428262400705
0.848331095053823,0.08202751135316036,0.037698157090622166,0.0242354810088192,0.0077077554935751835
0.8574515236911359,0.0908332482357585,0.024067260434940833,0.021362207604992765,0.006285760033172063
0.7903397153725957,0.140938626688184,0.024261795144526727,0.03384587201569087,0.010613990779002469
0.9285193186719392,0.041676873687291276,0.015891270604950096,0.00944335329068797,0.004469183745131524
0.8435862533705151,0.07049119234561851,0.03037552031063207,0.040398104335675526,0.015148929637558739
0.8701941294810905,0.0664496881586778,0.029774244490298675,0.025212635668525597,0.008369302201407391
0.880675547520195,0.06771246335449684,0.027462800193237425,0.01763959953837636,0.006509589393694616
0.879884813468621,0.07245386402507135,0.018518632398704504,0.021131608420508916,0.008011081687094052
0.8093673907040823,0.09566372954626098,0.04391754636277446,0.03747459432825151,0.01357673905863092
0.9273698220744335,0.03883278549673721,0.017914618072530662,0.011797119191923866,0.004085655164374737
