Delta_Power,Theta_Power,Alpha_Power,Beta_Power,Gamma_Power
0.7615056989449868,0.056940459977185526,0.15039431962080807,0.025953648443554078,0.005205873013465452
0.7224240087200957,0.08214637507337721,0.14575663124236024,0.0394097512544506,0.010263233709716227
0.9274916635197828,0.02345208314990134,0.038451687176775516,0.008376557819184444,0.002228008334355813
0.8128611198985636,0.050327226422204885,0.10480378262731914,0.025125879692633742,0.00688199135927877
0.8366004057422101,0.039571822565770576,0.09855299316364903,0.0206943995488892,0.0045803789794810566
0.8486141831495587,0.024828690332182258,0.10206408363096452,0.01909325300533176,0.005399789881962744
0.812141061021262,0.04136889882711784,0.11108390241875832,0.029772512072375166,0.005633625660486714
0.6429540144811595,0.052180999065189596,0.26585192141979763,0.03136421388169831,0.007648851152154873
0.7725362392238369,0.05442121500568173,0.14681476710279695,0.020892854359422824,0.005334924308261582
0.7485776998141553,0.06990803150764326,0.15199159332595488,0.024540537756694618,0.004982137595551879
0.7070833491898545,0.07055278691002231,0.19037464739910806,0.02688842638157968,0.005100790119435553
0.8431847499672985,0.019238274616815924,0.11735353195306025,0.016294841625910078,0.003928601836915114
0.7415988503453828,0.06524776472530285,0.14914543367335564,0.03646337992578884,0.007544571330170151
0.9165103201087996,0.03161659789384898,0.03507839918401749,0.01142636475947405,0.005368318053859921
0.8421279995011688,0.06946801746131494,0.0424094579257486,0.03391530273389085,0.012079222377876857
0.7022587571821342,0.08443042439723754,0.15879862852577523,0.042381311645827646,0.01213087824902538
0.7693225404098957,0.03748416170471239,0.15837493189523347,0.027196662674354024,0.007621703315804383
0.6975221518878375,0.09991838470369643,0.15136118290859865,0.04243051474859237,0.0087677657512752
0.5099564648963485,0.07401817990935895,0.36276483348233046,0.04607348274918082,0.007187038962781384
0.8679448700146135,0.029253803599984203,0.08786655637392295,0.012483349915946391,0.0024514200955329107
0.6663548149600165,0.09851337676978687,0.18983816114490998,0.036606067263126416,0.008687579862160219
0.7803703299870203,0.026420228174063413,0.16862857569401907,0.020891078464804688,0.003689787680092555
0.5240831227720594,0.13333791838563339,0.29307379789298954,0.038624274349376306,0.010880886599941146
0.8389605346403118,0.05156753676844571,0.0866623543753267,0.018426762055338258,0.00438281216057762
0.7740417951491564,0.04321701996293874,0.1472888538591927,0.030271909569456024,0.0051804214592562105
0.7646396880914119,0.04047608231814972,0.1606031889478443,0.029650155050772047,0.004630885591821861
0.7452985731975743,0.06729012197387133,0.15161983648051783,0.029611604252239458,0.006179864095796975
0.7018449951874621,0.1045658121707048,0.15912547759525883,0.029081540781681774,0.005382174264892345
0.7035761528696908,0.08513309773533259,0.16184647977791503,0.042255592266848926,0.007188677350212496
0.633436527396391,0.17041244399945046,0.11086211213264352,0.06953493721259027,0.015753979258924695
0.9458229695182339,0.025340664665365602,0.018624980781804086,0.007633970029422838,0.0025774150051735218
0.8764930189957193,0.021196213579844005,0.0819709525707319,0.017342483764491667,0.002997331089213284
0.6425286221742825,0.04506778790688906,0.2782960839653751,0.028580876766877653,0.005526629186575592
0.7352839035153865,0.06995696789993416,0.16566543013659152,0.02471938768809702,0.0043743107599905585
0.8384862223635094,0.04995290606980349,0.08519274369053963,0.02128816214097725,0.005079965735170052
0.8988120503637433,0.020141271540555825,0.07231124745782905,0.007144302713023396,0.0015911279248482426
0.7747039764517966,0.045820810616846695,0.16046095574624733,0.015864366328794927,0.0031498908563144094
0.7318572487477092,0.07143353805329915,0.17239533676646185,0.01996209805525354,0.0043517783772762005
0.8420668305043225,0.03466847125394163,0.10654954018437028,0.013784752665058544,0.0029304053923068897
0.5596608197348848,0.13515860382107317,0.2521385462806008,0.04478007169819583,0.00826195846524543
0.6406077534317979,0.09009104818154486,0.2323076855261884,0.030966765439091312,0.006026747421377589
0.8995682464445621,0.029208296227372713,0.05764928183234478,0.011462659212894034,0.0021115162828263057
0.6843577656354809,0.07771167861458883,0.20122019526917764,0.030551871757517134,0.006158488723235236
0.7311859046909498,0.08439495849842277,0.16077434054559306,0.019557276529906416,0.004087519735127862
0.5400043804498559,0.17470476980839372,0.24380320425809726,0.03530466403003224,0.006182981453620581
0.730688555761274,0.06040111687625261,0.18121291194941003,0.022738108303958296,0.004959307109105122
0.7166711318846217,0.07971424148982405,0.17386906833094604,0.02479095389960002,0.004954604395008018
0.6747375197469297,0.10730443882141392,0.18409262837354234,0.028628729114755665,0.005236683943358349
0.6851892808605143,0.10066886721874055,0.1832200685279423,0.02493039659094032,0.005991386801862384
0.8711094334842666,0.06204673856971651,0.04452243062885982,0.0176332239692618,0.004688173347895274
0.9294222205580822,0.03343748977729815,0.024677773605987094,0.0103667980604948,0.002095717998138029
0.9050675915045527,0.04024502754758119,0.03825108759657698,0.013440157098325276,0.002996136252963792
0.7724045356964632,0.073678237547327,0.10906948641737538,0.03836836963933098,0.006479370699503387
0.7917512062280921,0.08145814963985595,0.08543847019544945,0.03213946682477778,0.009212707111824509
0.9137874874103776,0.034250173634638795,0.03142448482511324,0.015531746625787478,0.005006107504083134
0.8800383451405034,0.041078508638205044,0.05204074705153585,0.021107228507169,0.005735170662586769
0.7828811924622932,0.0668525268372557,0.11107934878834624,0.0328141657251436,0.006372766186961287
0.7141966721851924,0.10814087782509804,0.12908486972960867,0.04098606035155654,0.007591519908544294
0.8167293922959009,0.05603007403582362,0.10276356575828062,0.019442333113681837,0.005034634796313084
0.7495228648572658,0.07780619650962547,0.13461467786513842,0.03168750186424199,0.006368758903728213
0.8121412915763819,0.048901852818025865,0.10623139525694762,0.025966253182738618,0.006759207165905884
0.8270023903794795,0.033148964693808805,0.11781348732694771,0.01821879847705645,0.0038163591227073266
0.802481638258341,0.030227313477260778,0.14017092780701837,0.02217217451332284,0.004947945944057262
0.6220428620207845,0.06589272593130836,0.26345661833425765,0.03909060657143833,0.009517187142211074
0.8050435437693714,0.0454811531531375,0.1283833859101065,0.0178574249080674,0.0032344922593171253
0.7169679435132428,0.06907796819125533,0.176130455393499,0.029024833185934112,0.008798799716068936
0.7684343160550196,0.02796727589010957,0.1733414265317471,0.024849231718728368,0.005407749804395381
0.5562895031171324,0.04293288949427589,0.35498783549640284,0.03817964970122056,0.007610122190968399
0.7891936718034616,0.06942782371236342,0.11833964067050615,0.019213867551851203,0.003824996261817427
0.5836947296540724,0.072305862231737,0.31032442448672143,0.027120380805741022,0.00655460282172815
0.6819995354001748,0.08963273875524591,0.19363257382945442,0.029331657851928598,0.005403494163196078
0.5674990170687638,0.08102445192994809,0.30873785836490436,0.03552813833208633,0.0072105343042973115
0.7480600716342074,0.060617858759667936,0.1614520701478474,0.02385515828136871,0.0060148411769084375
0.826271186809958,0.03357527029792401,0.12104618079463682,0.014879161956384905,0.004228200141095958
0.8731148871715121,0.02922291372963292,0.07539996048668166,0.019229549396726258,0.0030326892154470867
0.7664948690303534,0.045341835146145246,0.1481527123918867,0.03382605910291119,0.006184524328703565
0.7727311769709655,0.048212925634022415,0.1595111905131994,0.01590431754724811,0.0036403893345644234
0.7978421000920758,0.05411461090630872,0.12311833744764324,0.02059324256750942,0.0043317089864628976
0.7210719489081415,0.10072576324690671,0.1552358822873946,0.01813923378329282,0.004827171774264116
0.4384208330106421,0.13911668287216652,0.3653888562541789,0.04722330955031522,0.00985031831269721
0.6282903337878937,0.06252952324123626,0.2726725232747626,0.03042101744597905,0.006086602250128426
0.5974136391900476,0.13319655265762814,0.24037877765222657,0.022545601053915815,0.006465429446181991
0.8360798351985657,0.051161418651147816,0.09804077185218478,0.010576643188850706,0.004141331109251246
0.6787247185910549,0.08016855616350581,0.2049819853612221,0.030494841339398202,0.005629898544818995
0.7287700610538986,0.051123326965539964,0.19867935951052848,0.016766690059365152,0.004660562410668223
0.76795376597403,0.10100316438250849,0.08889677271010656,0.03600866948114921,0.006137627452205698
0.8608775451567152,0.06192510893251491,0.05694253464648648,0.01583108526623765,0.0044237259980454925
0.8687468618399136,0.028493653767426713,0.073438061264874,0.02228796861909833,0.007033454508687216
0.8665582807142203,0.05480957950930204,0.053879372712391065,0.01872246030732796,0.006030306756758953
0.7661908420918857,0.07529777986855678,0.10692174084536905,0.0386346558883406,0.012954981305847955
0.8287169617792488,0.05837606325425794,0.07798870635103741,0.02476323678818238,0.010155031827273333
0.7743899447155995,0.07930326383751937,0.10305345704481436,0.02904718862642407,0.014206145775642673
0.7783659979623311,0.06055655655030014,0.12526528210080692,0.026555672250507107,0.009256491136055041
0.7316322817741218,0.11699291536183895,0.09982588363216652,0.04106967188605309,0.010479247345819703
0.8834722042166183,0.038047602798616506,0.053840913586744386,0.018052066787220412,0.006587212610800575
0.8666860229990626,0.047213350968556715,0.059746897585651715,0.020928319242332134,0.005425409204396691
0.6313286418913419,0.1260337450043149,0.17988487332451727,0.04664587675142889,0.016106863028397003
0.8429167493577517,0.034269366052138865,0.08163592683668658,0.030739755196295022,0.01043820255712796
0.8017822218449758,0.06415337959734645,0.09743490074232182,0.02462941657469181,0.012000081240664266
0.6216996315293666,0.06780081840837034,0.23730901243893063,0.05469001747540016,0.018500520147932444
0.7481072239601171,0.08231764569154527,0.11325339915518999,0.04123977528956449,0.01508195590358296
0.7806879567058072,0.06115071082015339,0.10854427535885955,0.03407127542827551,0.015545781686904332
0.7529367042651409,0.05498224675934984,0.14739946656748862,0.032163769621376744,0.012517812786643942
0.8515593917348292,0.043531108266583615,0.07376346672154639,0.02291126988440022,0.008234763392640499
0.7966854296325544,0.05239644660411134,0.11420520768913175,0.026556490083063402,0.010156425991138966
0.7106946242021854,0.07584547500483398,0.162320461049385,0.04037119323848782,0.010768246505107888
0.823425583729529,0.04662215165036407,0.1032265549159537,0.021823976453206335,0.004901733250946941
0.7150236275294434,0.03576798523702528,0.20512172904093212,0.031159444142946694,0.01292721404965269
0.6791806175705284,0.055105459115443976,0.21218846866354718,0.04432804269171588,0.009197411958764789
0.6132905746443925,0.1358668875541329,0.19215872985946333,0.04567910424928454,0.013004703692726572
0.8585371174996884,0.03596840730494198,0.08043838566433643,0.019847378941843248,0.0052087105891897665
0.847972844510044,0.023960705907728395,0.10970221820010186,0.01349181062134029,0.00487242076078571
0.6537400483724091,0.04747876427684008,0.25609766313797094,0.0319014172186875,0.010782106994092445
0.7911905187555699,0.04386458788746283,0.12594700168753442,0.029972420398815203,0.009025471270617686
0.6641205058625436,0.05462379916002307,0.25009923156399355,0.023827773532244183,0.007328689881195587
0.8497785532247241,0.03139865114004818,0.08951402641224805,0.022306256336529176,0.007002512886450478
0.5729928693315329,0.07925576047781918,0.26377256976278646,0.06638199358364438,0.01759680684421713
0.6794290262899181,0.08098797831470013,0.1974873355362812,0.032310383477182285,0.009785276381918409
0.8474827113124249,0.024514997498453286,0.10659870423396689,0.016041119182329984,0.005362467772824868
0.5229710498491458,0.05715990850396742,0.3476928118301946,0.054784074979929556,0.01739215483676271
0.562643182634123,0.07142361110541386,0.31034233421842866,0.045541734153290964,0.010049137888743554
0.8825091241248689,0.028894821662896426,0.06998885123621323,0.01336895405435019,0.005238248921671296
0.79318089291451,0.05377816615676261,0.12879616492912888,0.015467389804859169,0.008777386194739063
0.7492071897991216,0.04016429177888057,0.17895262915929966,0.024861793245941972,0.006814096016756201
0.7933956460680722,0.050152676245878484,0.11689649055766937,0.031288730203186184,0.008266456925193589
0.8717192053656602,0.02191735274531275,0.08548628574787047,0.017135160275843147,0.0037419958653135154
0.8754417880690113,0.02786766494244943,0.07777857843360436,0.014781280687200108,0.004130687867735143
0.63873112629105,0.05284758940803159,0.24933425321333888,0.04694093503587955,0.012146096051700256
0.7824729447542884,0.07142909152576273,0.09731237089568383,0.03427219089888339,0.014513401925381565
0.670490906086485,0.09770004486423345,0.16774559125763583,0.048815543301713483,0.015247914489932107
0.7174891439646817,0.0753696322858095,0.14454154069634326,0.04222053007332659,0.020379152979839096
0.5831801200965039,0.088167714951986,0.24806703195741722,0.06171998902077306,0.018865143973319867
0.682202299675432,0.09480724177207997,0.16161401157595995,0.047860804004003214,0.013515642972524734
0.7667562311091434,0.03926912910263857,0.16304389808167935,0.02430069139958932,0.006630050306949457
0.9039194707145435,0.025844803790590433,0.05171755465843432,0.014471011173758104,0.0040471596626735235
0.8310392847518752,0.03490029084582305,0.10811659774815428,0.02069439575331954,0.005249430900827736
0.7392870465145265,0.03619646351392331,0.1759409837991118,0.03763786162699882,0.01093764454543954
0.8205594486009754,0.03779364990497802,0.10857041501832435,0.02496673147878883,0.008109754996933408
0.8229254356953434,0.046035338748452635,0.09263717130536957,0.03058189883649202,0.007820155414342366
0.7250074091896808,0.03650680858445303,0.1979697518139239,0.032443862589684735,0.008072167822257469
0.7063501776422669,0.08626170001410814,0.16523725865668484,0.03430140514581938,0.007849458541120687
0.7523173857135564,0.08850064712056845,0.12403852119686273,0.0272700517867196,0.007873394182292673
0.6926708881866753,0.08198490666896806,0.19236241369832915,0.027263301431602948,0.0057184900144245186
0.8039576602561844,0.04207113816329276,0.12876180370380197,0.019957982541424,0.005251415335296573
0.6911585907499029,0.05865447279146724,0.21680169658759701,0.026947909457478346,0.006437330413554542
0.7175616012277389,0.07349403461387083,0.17648890717099375,0.02814463953692964,0.0043108174504666395
0.7713535457173242,0.035529953616150974,0.16926361617512256,0.018515730348129072,0.005337154143273427
0.7356754527277355,0.06035508221430478,0.17225064563001674,0.025180117949203492,0.006538701478739568
0.6287247091848644,0.08394439235299597,0.23257731561396675,0.045258925840425915,0.009494657007746965
0.7216027426266161,0.04460115790242858,0.2010431627328461,0.02620619931091612,0.006546737427193047
0.480315584799673,0.16404292231089387,0.2882575865570104,0.05182480394400957,0.015559102388412929
0.7022612002217771,0.07144815311781536,0.19305123430001575,0.026802218261324964,0.006437194099066934
0.7745647076816564,0.03643149380373482,0.1401734719247758,0.03689541341989522,0.011934913169937646
0.7303854741102226,0.05189291682693582,0.1815743305433701,0.02924052394503287,0.00690675457443899
0.7161775374899795,0.049106513003764,0.2007827354100002,0.026446294590008832,0.007486919506247751
0.673270508436946,0.05699909446060854,0.22891864233655185,0.03255487553173118,0.00825687923416257
0.6986290695101574,0.05616481436592184,0.20509838952283052,0.028801379893704026,0.01130634670738658
0.8380858414104254,0.042431985755460186,0.08866956836835488,0.020370377056254486,0.010442227409505022
0.8640280018327628,0.02631223209697426,0.07769506803379,0.023801708193612076,0.00816298984286086
0.7900977536348512,0.05094633266109178,0.12848705846919675,0.023815662443756377,0.006653192791103937
0.6837606823041245,0.08004235830593033,0.18410180200322201,0.04006231817899321,0.012032839207729911
0.7433376940985608,0.0458899195686501,0.1706064657081507,0.029528047055456485,0.010637873569181876
0.683201909992294,0.07363037192913363,0.20534809215833744,0.029222730016686304,0.008596895903548419
0.8250437915544406,0.04436898553445601,0.1098978767195462,0.0158065196516626,0.004882826539894525
0.7595668111151195,0.04298758834083077,0.1621993322014354,0.026250888617765037,0.008995379724849274
0.7361348705914766,0.05239678546688457,0.18362993074445036,0.02280419259284627,0.0050342206043420355
0.6624377001608106,0.07894292132272479,0.22695299773318497,0.02342490676915773,0.008241474014121992
0.7432862874062183,0.04638739350536828,0.17665708782957812,0.027284918465120975,0.006384312793714238
0.646637178226121,0.055494848765031794,0.2617975959572474,0.026503834969921453,0.009566542081678488
0.8023855807985164,0.039722838567487706,0.13573367675993853,0.017778322340361755,0.004379581533695554
0.4203146422848957,0.16836071687812967,0.3398998897066646,0.05860742327537271,0.012817327854937197
0.5864112111755737,0.10196549570484242,0.26354224813463983,0.03767172779023459,0.010409317194709448
0.45774204681869773,0.18908901086186422,0.30061576833803455,0.04175083611670345,0.01080233786470024
0.6396148844892732,0.0729007054731457,0.23337252219922153,0.044719179381900336,0.00939270845645949
0.6029004377477711,0.07857146547996857,0.2678958803391116,0.0373739055923019,0.013258310840846823
0.4951349319982721,0.06929787816422432,0.37220844513911583,0.04728707084958434,0.016071673848803387
0.6590435729546313,0.058064016181298805,0.22846394927187538,0.03952036614240295,0.014908095449791483
0.6945580188532978,0.050698919636080454,0.2079704449896534,0.03599651500104304,0.010776101519925587
0.6742091266935841,0.07381601929935287,0.21557069598642128,0.026938229711012528,0.009465928309629123
0.4896686073201611,0.08967955756160104,0.37137306588782415,0.039525498868877434,0.009753270361536438
0.5821166543568738,0.1299528686676329,0.25188337788210813,0.029507003341703787,0.006540095751681469
0.832289057795504,0.05001433304905174,0.09451039685248024,0.01905049791566207,0.004135714387301849
0.7181178948990835,0.05194310780947505,0.20473242390207982,0.020019546623202485,0.005187026766159193
0.7445137032074656,0.0456418638867511,0.18753591921709353,0.017940312396100565,0.004368201292589289
0.6595276156509886,0.051324817615078816,0.24414042801264801,0.036708367683351874,0.008298771037932938
0.5978983505585648,0.08835303200376543,0.2603368073994895,0.045839376586020865,0.007572433452159609
0.6659523470975024,0.09153378181833981,0.20239142136233554,0.03357997621017211,0.006542473511650279
0.7984550559891209,0.05467018459547359,0.12056357048703907,0.02014555755811334,0.006165631370253179
0.7261873820418712,0.07401349931616397,0.16034342697393544,0.029899812212159815,0.009555879455869444
0.6888797612976229,0.06916632659581876,0.11001209304932984,0.06839592062013332,0.06354589843709522
0.8140816282458749,0.04761471366247209,0.07156098993309548,0.041646552884926816,0.02509611527363049
0.7583745711422142,0.0623620885295267,0.13624745165234456,0.03546292902618999,0.007552959649724607
0.6819428874979816,0.06970059435092237,0.21338219406555925,0.028318554213620804,0.0066557698719159645
0.8185454927120155,0.0371445927044133,0.10973100167799606,0.028159278272392927,0.006419634633182319
0.5006461677424507,0.09853503124180471,0.3436626756207747,0.04876692628108902,0.008389199113880884
0.7388862369551228,0.0641109137765424,0.16623993888266075,0.02624849652494567,0.004514413860728444
0.6542722759382532,0.07262713634938864,0.23543162172857865,0.032454658628378374,0.005214307355400976
0.8102507902797552,0.04824732002760534,0.10777459857529115,0.027459985260060722,0.006267305857287688
0.7425667197843312,0.07895427234198368,0.14639266772471834,0.027089029611423832,0.00499731053754276
0.6737039946122296,0.0710265992596248,0.21380903889097405,0.03337244955845337,0.008087917678718198
0.6433824686722317,0.06984454987560419,0.24785807368461904,0.03223044464804185,0.006684463119503241
0.7540328729248263,0.061332510842829736,0.1617412772075506,0.019374897392087448,0.0035184416327061676
0.6946478507756593,0.06695830595256717,0.19270951424797794,0.037474305548121006,0.008210023475674547
0.7840241447438064,0.03474389549124517,0.1523730874811788,0.02368462890513432,0.005174243378635053
0.47130847633969253,0.07544433196271765,0.40129729748483095,0.04250079126322469,0.009449102949534363
0.6780583692389451,0.06438971281476596,0.2204202129319832,0.030964573145686815,0.006167131868618904
0.6454404818338735,0.11866600782071918,0.1823562796310348,0.046484012770837004,0.007053217943535574
0.6202500932815065,0.1263573624903163,0.20336242293856846,0.042348213657826865,0.007681907631782003
0.6805626667363271,0.1159735539346806,0.16524122812566544,0.030816908661196494,0.007405642542130077
0.6716238070454874,0.09743936317145689,0.18397854119295698,0.036614500073702046,0.010343788516397001
0.7642022825997963,0.09400596224534771,0.10549531570515425,0.02647770542029683,0.009818734029404816
0.5827396959870624,0.09492089571177262,0.2771466831076374,0.03876997025795167,0.006422754935575613
0.7285173408833251,0.032351755615541565,0.2108706413107944,0.023348283464357234,0.00491197872598162
0.7970888757824532,0.03495427619482879,0.1409118371398026,0.02033275338701261,0.006712257495902799
0.8548599043956959,0.033294162817738344,0.08660605907836892,0.019863792857609686,0.005376080850587256
0.7823083947186306,0.056820830391869144,0.13126408012176563,0.023592735190242624,0.006013959577491841
0.83658699659385,0.04970648644508025,0.08741583252935928,0.021743693400849272,0.0045469910308611975
0.7604157088786161,0.05707832324150549,0.15076333531336203,0.024823528800505094,0.00691910376601112
0.8230415535990533,0.042336015148741316,0.11078035624469348,0.01946391920032826,0.004378155807183578
0.847995757456516,0.035890499456336905,0.09726724553787093,0.01592195911058848,0.0029245384386875684
0.8851263251617842,0.04193183826595045,0.043540958220360894,0.023755537907937274,0.005645340443966983
0.848218806499112,0.0345236326360287,0.09540567881560541,0.017693423532935564,0.004158458516318303
0.7183398670285446,0.060452081724446535,0.1737111902423801,0.03669294418604402,0.010803916818584884
0.7690980886726123,0.03952366268139405,0.15198041675569315,0.03222524663942987,0.007172585250870537
0.7648168334768234,0.024299234987807655,0.19102903417396103,0.01587334438596684,0.003981552975441434
0.651889835014512,0.06843655608793263,0.2307500268761446,0.04067785570484958,0.008245726316561227
0.6726783827004879,0.050130080270792965,0.23962549126033575,0.032439584187567434,0.00512646158081596
0.6344093533620891,0.07605892422671331,0.25574056075564205,0.028941680134588563,0.004849481520966762
0.5793481813082387,0.08230754960655522,0.300279057182934,0.031056505406394905,0.007008706495877225
0.5450377653192788,0.11919264244630118,0.2865568543212504,0.04170674901650984,0.00750598889665979
0.8622125398706861,0.02668267451403051,0.09671803332178813,0.01179234576151261,0.0025944065319825948
0.7334760688661998,0.0751777481808174,0.16171934229092708,0.023801333960231503,0.005825506701824162
0.8027867555324015,0.050318377991932346,0.1209574839673496,0.021205059805213308,0.00473232270310318
0.6356481890454139,0.11466153945285557,0.2103352102199987,0.032480343233463514,0.0068747180482684935
0.808268608315648,0.043311024652976815,0.12621166192249117,0.017067027205185777,0.005141677903698174
0.7929581195446934,0.048954094863089326,0.13516888170553715,0.01913487424853945,0.003784029638140518
0.7033371591016935,0.10113273749389552,0.15144689058351302,0.037066292539525494,0.0070169202813724465
0.8789674290077054,0.035802172345562586,0.06543282156364633,0.01683827414120142,0.0029593029418841167
0.7411827379159716,0.06438193677708005,0.168836904885497,0.020370934436003577,0.005227485985448157
0.8226859660734874,0.026149767486213477,0.12835564800503513,0.019267161203370034,0.0035414572318935925
0.7823743621810108,0.04377286028177723,0.15047908734266355,0.01932316662349427,0.004050523571054387
0.7775843704137542,0.06103010386665157,0.13856854569949517,0.019330570836224043,0.003486409183875133
0.6147881225658346,0.10641386841454985,0.2358745208329881,0.036447908234728515,0.0064755799518992395
0.5757208983417372,0.10757842504200213,0.2648902237194406,0.044841403427736445,0.006969049469083506
0.6942461381124256,0.07870082258220559,0.18531433856190782,0.03479014657002441,0.006948554173436475
0.776540839628278,0.03365357182714782,0.1627099381554675,0.022266984459595837,0.004828665929510685
0.8189571519638628,0.03768421370307639,0.1237884424954562,0.015728582734159915,0.003841609103444738
0.5955178498632757,0.11102340706413835,0.25830526620708333,0.028759439160365104,0.006394037705137632
0.5315691224755298,0.1315998343430093,0.27281583416774463,0.051766247417895025,0.012248961595821128
0.7716746642096312,0.07241510720773346,0.1286926850598693,0.021373619638983453,0.005843923883782591
0.7652649552435115,0.05776164908739248,0.1462362919072529,0.02493580014529894,0.0058013036165443874
0.7446346050850553,0.057487837932904504,0.17095494661695373,0.02127392576158657,0.005648684603500056
0.8475630962771536,0.04402019947100008,0.08974966559027331,0.014420215383166643,0.0042468232784062115
0.7322867708675498,0.07748943943269057,0.15739317884475987,0.026179629616059595,0.0066509812389402645
0.7540700101944824,0.06140383797823075,0.14911365860250952,0.029569278768032888,0.005843214456744436
0.6468870653072859,0.10690588424511274,0.21212865306364534,0.028917586920408685,0.005160810463547256
0.6775228667732557,0.10811089692941818,0.17924768584929243,0.030967560175549726,0.004150990272483945
0.7339819019523411,0.058026719981742365,0.17718220749278468,0.024935440316185494,0.005873730256946147
0.7516929548238552,0.06377555686005613,0.09680446934924636,0.0597007207820697,0.028026298184772643
0.8057501777564997,0.03507449595116509,0.08797635124896046,0.04012098346277565,0.03107799158059905
0.721643133708715,0.07243217559162293,0.15239535653541791,0.04389721630399806,0.00963211786024615
0.711970151840414,0.10778699500126823,0.1235675587174279,0.0463976298116107,0.010277664629279322
0.8665546263613996,0.03764803198686809,0.0673246019026412,0.02429887895540596,0.004173860793685011
0.8014594769030869,0.08295689062131427,0.06920087477096751,0.03740547822209272,0.008977279482538745
0.8766605638888817,0.04691108419819466,0.058202181858299784,0.014616001859692997,0.003610168194930835
0.6933048218457885,0.10620288983926528,0.15596897416015987,0.03708380260582125,0.0074395115489652
0.7699741740438011,0.026900938409278506,0.17042121836103016,0.028261994902695934,0.00444167428319418
0.5786459173477077,0.11177668769413235,0.26255972655293713,0.03917027184844071,0.007847396556782084
0.7941528033431882,0.04613888311166849,0.1311790896790955,0.02307310061079309,0.005456123255254382
0.7330318707653741,0.03241277648249823,0.2055897083920683,0.02458973124917733,0.004375913110881793
0.7895853209467151,0.03907089250007306,0.14725774874516812,0.018675895266979423,0.005410142541064328
0.67672218114945,0.09056234765038033,0.1995074522663732,0.027853647718045577,0.005354371215750792
0.723484649543071,0.09933861210736786,0.15101748500959636,0.020843784103356196,0.005315469236608564
0.8174913658627582,0.05088063109665165,0.1092898743761187,0.017593734609828833,0.004744394054642436
0.7784486411747255,0.07761674772844378,0.11119626315079083,0.025989797226348595,0.006748550719691465
0.9607967855780467,0.010922525908846454,0.022791734651138224,0.0040147838035461455,0.0014741700584223662
0.9260376549395293,0.022540881879896883,0.03532262452122869,0.010724436031341033,0.00537440262800436
0.8785384949081638,0.04208622759509487,0.059680120824646986,0.01647616978662317,0.0032189868854711336
0.7811841935572221,0.09258479677176554,0.09456900975813023,0.02421224817413611,0.007449751738745971
0.8911888250498634,0.05233641356628563,0.04139751772660692,0.011407027798725725,0.0036702158585183624
0.8815413925361598,0.052167996816743896,0.04472734659223585,0.016011267302822204,0.005551996752038191
0.8678353167505837,0.049634373732477734,0.05689776379473412,0.018231750663259716,0.007400795058944926
0.8542038805075347,0.05247710067437838,0.059083999457668755,0.026387936869693488,0.007847082490724763
0.8843988036434746,0.0422663749513669,0.03712883347710262,0.019619379696074163,0.016586608231981784
0.9110020936793812,0.036548655396756106,0.03482143361862855,0.013911639801284615,0.003716177503949553
0.7864378076545095,0.056297580158462264,0.1187646637700987,0.03479942929734406,0.0037005191195854242
0.6958241192347775,0.06647604512743296,0.1905080582844607,0.04261883848761658,0.004572938865712405
0.7218380031730789,0.05615216582509798,0.18978156379411382,0.028477598654597206,0.003750668553112161
0.6226689124181812,0.088678504581891,0.23539813995548567,0.0461481997741333,0.007106243270308917
0.7790518379447017,0.03267908382508112,0.1482901594295751,0.035754412794209316,0.004224506006432723
0.422021543764313,0.1076508585776346,0.4000277076224311,0.062391150988897616,0.007908739046723559
0.6869614321773433,0.12498015129098433,0.15904787812156362,0.02424970676279949,0.004760831647309187
0.8343003899033087,0.05107020428209659,0.0913621290642239,0.01936535694353346,0.0039019198068374096
0.6482157071687852,0.08385008497662652,0.2287657296287593,0.030002149094647643,0.009166329131181282
0.613456459724672,0.1254714507071734,0.22425227557592262,0.026593888851382565,0.010225925140849385
0.8919811837813353,0.0491243114147229,0.034404546887408655,0.015092102203602525,0.00939785571293073
0.884395508460681,0.053699168337023664,0.028926776415822957,0.0217276297712462,0.011250917015226215
0.8326814036532845,0.09139554994141684,0.041632695693901677,0.022802125333788167,0.011488225377608787
0.883410057928998,0.04626972227631672,0.03457705048985613,0.021859077362151508,0.013884091942677673
0.869800810539357,0.08946318044341667,0.020177304029760555,0.014971858106509703,0.005586846880956152
0.9178581373369595,0.04997862524976147,0.016333977886370366,0.010019931252918701,0.005809328273990096
0.8979665479853084,0.03611877628771942,0.04099109322190843,0.017984866712533073,0.006938715792530798
0.7922051031218027,0.06024918355033829,0.11347930391772626,0.03090123756301029,0.003165171847122822
0.8089532973869648,0.039879794483192156,0.1080423347047418,0.038983709874105564,0.004140863550995714
0.8390891596650291,0.04504297896704609,0.09083976502653766,0.022274706593819218,0.0027533897475679886
0.6501524210891715,0.09235496682807084,0.2039168830475808,0.047292664286866,0.0062830647483108825
0.6465739012990913,0.08555092111301454,0.22359524435881814,0.039352654436484814,0.004927278792591353
0.6062397764734554,0.13413511127431058,0.21518721026861262,0.03887498609260802,0.005562915891013165
0.8324734585604298,0.05806504260297918,0.08954760145729473,0.016882425861591464,0.003031471517704878
0.7328279149541834,0.06644050144633,0.16891603286198711,0.027977004720755354,0.0038385460167442054
0.852352435270731,0.050405809240473255,0.08248871446442842,0.01291010858891313,0.0018429324354539698
0.8558280837243046,0.02683580074265761,0.0972162871917836,0.016079320580829774,0.004040507760424057
0.7626840425070249,0.07067630153280445,0.12207234587045665,0.034785861422931164,0.009781448666782676
0.8765955121705852,0.05523357980462794,0.03992876370976738,0.020795762965113252,0.007446381349906274
0.9344233734454845,0.03899900276955441,0.016193847377139237,0.006822047684444648,0.003561728723377267
0.8173683876758205,0.088503632129647,0.06403515382760155,0.020265616618817057,0.009827209748113718
0.845147664357271,0.0564689519901647,0.05079860274846298,0.03863945798779728,0.008945322916303827
0.9135450619496142,0.03418088657808051,0.025803503715539328,0.018215412911692704,0.008255134845073243
0.68095861160454,0.14400280993008868,0.10853372787984693,0.05610921426822709,0.01039563631729745
0.8092053637424786,0.07352057084883903,0.08004861148665456,0.030761746301641094,0.0064637076203866665
0.804368431135146,0.08091166125178754,0.06902398962108999,0.03923399304233951,0.006461924949636901
0.8423874549645517,0.044160759379141754,0.08491228668220764,0.02510672912397357,0.003432769850125461
0.7165597235719051,0.10181603494748276,0.1413945322173204,0.031054728396938486,0.009174980866353186
0.8377971266781366,0.06798696512889099,0.06097315388936761,0.024053924020553046,0.009188830283051643
0.7889124579013655,0.10316257354429183,0.0666216900621148,0.03579010418071133,0.0055131743115166
0.787904237271336,0.04553408556233417,0.13113244689749198,0.030827763065365252,0.00460146720347255
0.634667968582181,0.10431026262954428,0.198759946506424,0.05222412023776235,0.010037702044088529
0.5632210181080991,0.1874030424781293,0.17266959328253056,0.056228830119214805,0.020477516012026416
0.8719362753262391,0.054167795553208,0.05071755203348686,0.015649215862514707,0.007529161224551429
0.8844828121470135,0.06675421994182688,0.0224038191700615,0.015670634261470445,0.010688514479627343
0.7800724216810645,0.11511278435795812,0.044541488778527025,0.048626768743070696,0.011646536439379691
0.8082110719036317,0.07660065827628135,0.07812295589007644,0.027560719030633472,0.00950459489937703
0.8619591546917362,0.07175039984197626,0.03280241288444718,0.022719113857814915,0.010768918724025337
0.9631424988806377,0.020700688069334523,0.007468332750080989,0.006685859166851479,0.002002621133095152
0.8589507047673559,0.05921456773260214,0.044541938268788446,0.02651336121189302,0.01077942801936042
0.8959042303881596,0.04554345753130692,0.03991912590632197,0.015366200731210167,0.003266985443000988
0.8308484123660471,0.03996303246256526,0.09780242769921978,0.025757892623765224,0.005628234848402464
0.5776468798158978,0.1573705854413344,0.18175423839459945,0.06313745447794253,0.02009084187022567
0.4605833030947094,0.30694016305705757,0.14461425253369636,0.07336679517196383,0.014495486142572959
0.7813476212438967,0.12558574031827385,0.0620149271001195,0.020600679024328626,0.010451032313381212
0.8261311278980452,0.056054807568053915,0.07971421872380902,0.03190135005294091,0.006198495757151094
0.8884751131178393,0.04273604481336646,0.04903701674084492,0.017139433830063805,0.0026123914978856562
0.8665709082510858,0.04387844484916618,0.06449126337340239,0.020755921471148946,0.004303462055196467
0.5901781646536761,0.12517154911182313,0.23961307038339869,0.03371778257458411,0.011319433276517877
0.8271798154004051,0.0460056620356088,0.09384873506343158,0.022726640214441703,0.010239147286113172
0.9480226936907126,0.025287066431395184,0.01562765727416664,0.006289182417097546,0.0047734001866281345
0.9434868948587519,0.02719692946340662,0.01688252252687634,0.007002928266637972,0.005430724884327357
0.8991067492448186,0.028815841042231574,0.03394986556653749,0.02225332955539014,0.015874214591022222
0.7955379397130334,0.08276832581434153,0.059305245494304,0.03828984633662012,0.02409864264170089
0.7970022982761173,0.10681186700802951,0.05712970892652682,0.030141394246111983,0.008914731543214467
0.817775553574434,0.09128199996779149,0.05150268930171511,0.032943116354323204,0.006496640801736102
0.8300856518606138,0.0933961508907409,0.04528570423413192,0.02526357456634696,0.005968918448166506
0.7499110870853843,0.1452905713945707,0.04361883882098875,0.03695703629571536,0.024222466403340925
0.8979008619629353,0.0520585057176329,0.024236005672059635,0.018198925100669134,0.007605701546703134
0.8741366515575612,0.05810302500404654,0.03077090548823696,0.028803080799438635,0.008186337150716563
0.8063293516401671,0.09241395205126551,0.04863165472563592,0.04376374662711245,0.008861294955819022
0.9231980685580474,0.030823698163075834,0.02174780396547209,0.02071704358115271,0.003513385732251937
0.9117078872535241,0.05173412315637228,0.02167252952087523,0.012610812929325315,0.0022746471399029953
0.8799865684083403,0.06675244716668383,0.030725417602408014,0.01613181935854865,0.00640374746401903
0.8900597619627933,0.055455713757194845,0.022411935422935264,0.028672507264435973,0.0034000815926406467
0.8285832589918414,0.09283246249327193,0.033831474069820705,0.036747167851213576,0.008005636593852585
0.9093827175417895,0.05355813950259661,0.00995483254499734,0.022614519511689364,0.004489790898927343
0.8848862246630356,0.05937417060684229,0.02857588852535625,0.020831677724646856,0.006332038480118913
0.8047279644174725,0.09519894414961372,0.05771851872195798,0.03604619415465747,0.006308378556298253
0.8436244224549854,0.052400659041654425,0.04969862984251377,0.04287661377342333,0.011399674887422944
0.8417522604757476,0.06806480348230327,0.045877011724289284,0.03762701169953822,0.006678912618121748
0.8665520585603059,0.07875536984351424,0.03251769858444185,0.017909246214404973,0.0042656267973329815
0.9150178016681211,0.03873379195884331,0.0317901061001832,0.011833352676427315,0.0026249475964252532
0.8625593532881254,0.06475716187881253,0.037742152821233964,0.029802006456709565,0.005139325555118466
0.9171180860217736,0.039692092965995476,0.027527916815206794,0.013707206001099047,0.0019546981959251072
0.8400327305817168,0.10777901387476153,0.0304760419787734,0.017477802487743336,0.004234411077004985
0.8678640933182158,0.051585533634759026,0.044444513474700534,0.029899356660937272,0.006206502911387303
0.878658178550338,0.07362276073457052,0.020411835228624876,0.022888406996569036,0.004418818489897617
0.8931011684950972,0.06856335120595419,0.01839826064763265,0.016642939875375472,0.0032942797759404675
0.8075042378102564,0.09337499811680579,0.05379313707721637,0.03715672028364866,0.008170906712072839
0.8931678369013059,0.0508377883149701,0.042434598572229,0.011922168876310353,0.001637607335184826
0.9527913715147347,0.029672513977196308,0.009056215366608953,0.007050302730279806,0.0014295964111803747
0.9020962085430474,0.04981587914622013,0.025164262648423582,0.018273820515186202,0.004649829147122863
0.9222941463588025,0.04085911019461895,0.021941172549778024,0.012725153063845297,0.002180417832955508
0.9151477437230525,0.039611428938583736,0.020083050785103706,0.023057916455739916,0.0020998600975201138
0.8086158067691946,0.12608624091029474,0.030624844335147172,0.027379397763339954,0.007293710222023367
0.9077414906535043,0.046527973386098195,0.015822935377148642,0.026573468335186378,0.003334132248062458
0.8826422283458573,0.06252340266706762,0.0267757914320983,0.02307267518073659,0.004985902374240032
0.8013075678642668,0.07924300346674923,0.05315795739541005,0.05856731308036764,0.007724158193206203
0.8199383970401822,0.08806775523271869,0.041152609717865864,0.044239692369743774,0.006601545639489291
0.7876457003753868,0.11277777496094485,0.056116469702504945,0.03816938024860546,0.0052906747125580685
0.9070895367843458,0.05259598927453243,0.016731346813951605,0.019101360901359506,0.004481766225810859
0.7878544912924293,0.13363365336595828,0.03542367570626735,0.03791349754958004,0.0051746820857650885
0.8252711152175237,0.08584662756462,0.05472390384708061,0.03014375809584796,0.004014595274928006
0.7201636657625822,0.13042511164499246,0.09697511793964565,0.043532199544478394,0.008903905108301274
0.7639596900855098,0.06635340173535957,0.08592644276918696,0.0607339363271298,0.02302652908281381
0.7554727695582477,0.0485742648885721,0.05276875086638949,0.09750299644743966,0.0456812182393512
0.9116951938654122,0.024203891339681437,0.037947672933522456,0.02390069297947861,0.002252548881905625
0.8390583480185786,0.048405669273717526,0.077123767241733,0.03189572952682832,0.003516485939142371
0.9278276080726562,0.020988295841115882,0.03301530632653945,0.016076512611522386,0.0020922771481660463
0.8655668319388405,0.036895074937519964,0.05976193466484183,0.03353825927315594,0.004237899185641779
0.8037771976127518,0.06543256964338726,0.09863353579793732,0.028041411958263037,0.004115284987660299
